0.2 	 2.477224784222442e-05 	 4.4493565491502795e-05
0.20316060369866926 	 2.2895066965123334e-05 	 4.1414685461698646e-05
0.20637115447603863 	 2.0988220963906114e-05 	 3.828714983384478e-05
0.20963244164671666 	 1.9051241040067664e-05 	 3.511018970262529e-05
0.212945266998865 	 1.7324906904563615e-05 	 3.246362905340551e-05
0.21631044499131857 	 1.571625757499194e-05 	 2.9958329164836894e-05
0.2197288029538203 	 1.4381160643064779e-05 	 2.7685122044380254e-05
0.22320118129042033 	 1.3635596618149035e-05 	 2.575562937927504e-05
0.22672843368608947 	 1.2925350269271965e-05 	 2.3823775306088117e-05
0.23031142731659815 	 1.2257986569490024e-05 	 2.190559921905543e-05
0.23395104306171124 	 1.2157453471838912e-05 	 2.0428847946440712e-05
0.23764817572175306 	 1.2055331647786427e-05 	 1.8928759546154785e-05
0.2414037342375939 	 1.2020123335323484e-05 	 1.753741117011953e-05
0.24521864191411336 	 1.2100984087891745e-05 	 1.634948268246425e-05
0.2490938366471953 	 1.2183122684428228e-05 	 1.5142781338949766e-05
0.2530302711543095 	 1.2125863993017574e-05 	 1.4230113846795997e-05
0.25702891320873733 	 1.2024962443793984e-05 	 1.3398132592507145e-05
0.2610907458774997 	 1.1922466345522002e-05 	 1.2553003523070626e-05
0.2652167677630433 	 1.1818350499513535e-05 	 1.1694518863320554e-05
0.26940799324874815 	 1.1712589308865145e-05 	 1.0822467554616193e-05
0.27366545274831333 	 1.1605156772165062e-05 	 9.936635202953234e-06
0.27799019295908484 	 1.149738898456242e-05 	 9.370458156924166e-06
0.2823832771193861 	 1.1388034181751346e-05 	 8.823750238325119e-06
0.28684578526991544 	 1.1276951242969107e-05 	 8.268402684377994e-06
0.2913788145192743 	 1.1164112858451002e-05 	 7.70427896276561e-06
0.29598347931369157 	 1.1049491286855597e-05 	 7.131240383548056e-06
0.3006609117110108 	 1.093441307365977e-05 	 6.587484107721148e-06
0.3054122616590061 	 1.082587937702795e-05 	 6.271806359180953e-06
0.31023869727809805 	 1.0715630520381103e-05 	 5.951139949342631e-06
0.31514140514853545 	 1.0603639399013796e-05 	 5.625406042299441e-06
0.32012159060211676 	 1.0489878479884433e-05 	 5.294524556299341e-06
0.3251804780185214 	 1.0374319794846246e-05 	 4.958414144056871e-06
0.3303193111263232 	 1.0256934933771335e-05 	 4.616992172753932e-06
0.3355393533087618 	 1.0137695037566019e-05 	 4.270174703724455e-06
0.3408418879143455 	 1.0016570791075824e-05 	 3.917876471818091e-06
0.34622821857236286 	 9.899549510639431e-06 	 3.6212591205362387e-06
0.35169966951338016 	 9.78934189657237e-06 	 3.408134904949838e-06
0.3572575858948038 	 9.6773926695421e-06 	 3.191642683443147e-06
0.36290333413158754 	 9.563674306806753e-06 	 2.9717292313563185e-06
0.368638302232166 	 9.456709522026263e-06 	 2.7949452964535003e-06
0.37446390013969655 	 9.353059786636576e-06 	 2.6426492976138942e-06
0.38038156007869467 	 9.247772072561692e-06 	 2.4879465622881624e-06
0.3863927369071461 	 9.140820494794166e-06 	 2.330799056775107e-06
0.3924989084741843 	 9.032178759265283e-06 	 2.1711681463262465e-06
0.39870157598342 	 8.921820156380688e-06 	 2.0090145856474513e-06
0.4050022643620122 	 8.819836057749405e-06 	 1.8950301334195062e-06
0.4114025226355721 	 8.718908240176025e-06 	 1.7926207494714354e-06
0.4179039243089912 	 8.616385458435036e-06 	 1.688592988134942e-06
0.42450806775328814 	 8.512242507278204e-06 	 1.5829212741622248e-06
0.4312165765985679 	 8.406453783138292e-06 	 1.4755796281393756e-06
0.4380311001331924 	 8.298993277834407e-06 	 1.3665416600993198e-06
0.44495331370925795 	 8.202432366400151e-06 	 1.2870808438000321e-06
0.45198491915448097 	 8.109432150495938e-06 	 1.2190025155951794e-06
0.45912764519059274 	 8.014962250459907e-06 	 1.1498483443107097e-06
0.46638324785834606 	 7.918999440846543e-06 	 1.0796013283785396e-06
0.4737535109492383 	 7.821520129178185e-06 	 1.008244197554491e-06
0.4812402464440568 	 7.722500350144812e-06 	 9.357594086723968e-07
0.48884529495835455 	 7.629015252447743e-06 	 8.736286513250426e-07
0.4965705261949666 	 7.546819020013327e-06 	 8.311943040922787e-07
0.5044178394036763 	 7.463323838997665e-06 	 7.880893660854418e-07
0.5123891638481463 	 7.378509182092309e-06 	 7.443032399461292e-07
0.5204864592802285 	 7.2923541975953714e-06 	 6.998251608456854e-07
0.5287117164217702 	 7.204837704285134e-06 	 6.546441938386681e-07
0.5370669574540322 	 7.11593818621264e-06 	 6.087492311744913e-07
0.5455542365148434 	 7.025633787411999e-06 	 5.621289895665814e-07
0.5541756402036107 	 6.944811458127665e-06 	 5.26934824526391e-07
0.5629332880943102 	 6.87451030958071e-06 	 5.043387617346627e-07
0.5718293332565847 	 6.8030981906831614e-06 	 4.813856129447599e-07
0.5808659627850762 	 6.730557544750028e-06 	 4.580697351200499e-07
0.590045398337124 	 6.656870537647693e-06 	 4.3438539604688723e-07
0.5993698966789593 	 6.582019053409402e-06 	 4.1032677292534865e-07
0.6088417502405318 	 6.505984689781438e-06 	 3.8588795093769623e-07
0.6184632876791041 	 6.428748753698931e-06 	 3.6106292179421725e-07
0.6282368744517526 	 6.3502922566901615e-06 	 3.358455822560858e-07
0.6381649133969155 	 6.270595910208239e-06 	 3.1022973263488055e-07
0.6482498453251315 	 6.189640120889011e-06 	 2.8420907526838854e-07
0.6584941496191133 	 6.1113039622198466e-06 	 2.605282507239151e-07
0.6689003448433043 	 6.045454906412786e-06 	 2.4615731157974764e-07
0.6794709893630686 	 5.978565236759037e-06 	 2.31559268218518e-07
0.6902086819736654 	 5.910618508418736e-06 	 2.1673053170808416e-07
0.701116062539163 	 5.842844494089226e-06 	 2.0226750190453705e-07
0.7121958126414515 	 5.785107718608068e-06 	 1.9292335738176848e-07
0.723450656239508 	 5.7264585277962365e-06 	 1.834315471703022e-07
0.7348833603390842 	 5.6668825027373855e-06 	 1.7378973770652886e-07
0.746496735672975 	 5.60636499665277e-06 	 1.639955585494901e-07
0.7582936373920374 	 5.544891131300328e-06 	 1.5404660179810564e-07
0.7702769657671305 	 5.482445793316863e-06 	 1.439404214991894e-07
0.7824496669021469 	 5.419013630502423e-06 	 1.3367453304611233e-07
0.7948147334583139 	 5.354579048045954e-06 	 1.2324641256796074e-07
0.8073752053899396 	 5.297376716754824e-06 	 1.1558020698806167e-07
0.820134170691786 	 5.245162750135107e-06 	 1.0988304458693077e-07
0.8330947661582531 	 5.192123645235286e-06 	 1.0409584982301538e-07
0.8462601781545619 	 5.138246362379863e-06 	 9.821719991322106e-08
0.8596336434001207 	 5.0835176558271055e-06 	 9.224564959018646e-08
0.8732184497642752 	 5.027924070512578e-06 	 8.6179730746963e-08
0.8870179370746311 	 4.971451938741214e-06 	 8.001795207608086e-08
0.9010354979381512 	 4.914913269272616e-06 	 7.395694425754877e-08
0.9152745785752289 	 4.8679989800602434e-06 	 7.032356703302259e-08
0.9297386796669428 	 4.8203433034678446e-06 	 6.663277148102387e-08
0.9444313572156985 	 4.771934523336943e-06 	 6.288365021866178e-08
0.9593562234194741 	 4.722760738358393e-06 	 5.907528152365676e-08
0.9745169475598787 	 4.672809859146438e-06 	 5.520672910773508e-08
0.9899172569042465 	 4.622069605266539e-06 	 5.127704188644217e-08
1.0055609376219867 	 4.575592595804205e-06 	 4.8064892043374975e-08
1.0214518357154134 	 4.5377099494499365e-06 	 4.6237910777823365e-08
1.0375938579652861 	 4.4992286429347555e-06 	 4.438205769354528e-08
1.053990972891294 	 4.460139215621067e-06 	 4.249687652865537e-08
1.070647211727715 	 4.420432057364645e-06 	 4.05819038109534e-08
1.0875666694144972 	 4.3800974061519805e-06 	 3.863666874397939e-08
1.1047535056040014 	 4.339125345700277e-06 	 3.666069309126802e-08
1.1222119456836501 	 4.297505803019547e-06 	 3.465349105877451e-08
1.1399462818147428 	 4.255228545936148e-06 	 3.261456917544157e-08
1.1579608739876823 	 4.212283180577212e-06 	 3.054342617187984e-08
1.1762601510938806 	 4.168659148815306e-06 	 2.8439552857130495e-08
1.1948486120146034 	 4.12434572567271e-06 	 2.6302431993480472e-08
1.213730826727019 	 4.079332016684691e-06 	 2.413153816929967e-08
1.2329114374277301 	 4.033606955221078e-06 	 2.192633766986829e-08
1.2523951596740583 	 3.989299626994942e-06 	 1.9862550354701703e-08
1.2721867835433647 	 3.9598038571295695e-06 	 1.904358533677285e-08
1.2922911748106907 	 3.92984196506754e-06 	 1.8211678199520276e-08
1.312713276145012 	 3.899406584671158e-06 	 1.7366624418392942e-08
1.3334581083243926 	 3.86849023339552e-06 	 1.6508216236734576e-08
1.354530771470345 	 3.837085310448927e-06 	 1.563624261470664e-08
1.3759364463016972 	 3.805184094924226e-06 	 1.4750489177404074e-08
1.3976803954082715 	 3.7727787439006283e-06 	 1.3850738162151286e-08
1.4197679645446957 	 3.7398612905155216e-06 	 1.2936768364965032e-08
1.442204583944656 	 3.7064236420058147e-06 	 1.2008355086171484e-08
1.4649957696559215 	 3.672457577718337e-06 	 1.1065270075163714e-08
1.488147124896468 	 3.6379547470887763e-06 	 1.0107281474286167e-08
1.5116643414320268 	 3.6070660841735748e-06 	 9.379173200908213e-09
1.5355532009754085 	 3.5799827271930813e-06 	 8.892473000235008e-09
1.5598195766079397 	 3.552471371421363e-06 	 8.39808146728984e-09
1.5844694342233583 	 3.5245252531856073e-06 	 7.895877055806584e-09
1.6095088339945314 	 3.4961375019265544e-06 	 7.385736298721226e-09
1.6349439318633507 	 3.4673011385093704e-06 	 6.867533777817436e-09
1.660780981054171 	 3.441334661066868e-06 	 6.452246934162192e-09
1.6870263336111675 	 3.419675544177882e-06 	 6.188011660508619e-09
1.7136864419599867 	 3.39767414786415e-06 	 5.919600671938905e-09
1.7407678604940764 	 3.375325063077593e-06 	 5.64694797955301e-09
1.7682772471860868 	 3.3526227952908437e-06 	 5.3699865516270784e-09
1.7962213652247319 	 3.32956176314642e-06 	 5.088648297133685e-09
1.8246070846775213 	 3.3061362970845426e-06 	 4.802864049001654e-09
1.8534413841797703 	 3.282340637949274e-06 	 4.512563547111283e-09
1.8827313526502965 	 3.2581689355726286e-06 	 4.217675421020908e-09
1.9124841910342312 	 3.2336152473363104e-06 	 3.918127172420464e-09
1.9427072140733772 	 3.2086735367107136e-06 	 3.613845157307733e-09
1.9734078521045357 	 3.1833376717708445e-06 	 3.3047545678829823e-09
2.0045936528862582 	 3.1586500260075163e-06 	 3.014958827061457e-09
2.036272283454463 	 3.139738411789026e-06 	 2.8627673618794406e-09
2.0684515320073817 	 3.120527936981301e-06 	 2.7081708121586186e-09
2.1011393098202844 	 3.1010138786849233e-06 	 2.5511311703035506e-09
2.134343653190471 	 3.0811914393644073e-06 	 2.391609828084058e-09
2.168072725412996 	 3.0610557456687263e-06 	 2.229567567143387e-09
2.202334818787617 	 3.041106609617643e-06 	 2.0718739649426813e-09
2.2371383566574568 	 3.027853623555967e-06 	 2.007663628740557e-09
2.2724918954798885 	 3.0143912003104657e-06 	 1.9424385754079644e-09
2.308404126930136 	 3.0007160301414505e-06 	 1.876182769351328e-09
2.3448838800381298 	 2.986824751005354e-06 	 1.8088799215662863e-09
2.3819401233591213 	 2.972713947728175e-06 	 1.7405134856330433e-09
2.4195819671786074 	 2.9583801511658503e-06 	 1.6710666536484251e-09
2.457818665752098 	 2.943819837351371e-06 	 1.600522352093647e-09
2.4966596195802695 	 2.929029426628412e-06 	 1.5288632376367994e-09
2.536114377720087 	 2.914005282771275e-06 	 1.4560716928689726e-09
2.5761926401324384 	 2.8987437120909163e-06 	 1.3821298219730215e-09
2.6169042600668737 	 2.8832409625268586e-06 	 1.307019446323868e-09
2.6582592464840253 	 2.8674932227247424e-06 	 1.230722100019292e-09
2.700267766516321 	 2.851496621099305e-06 	 1.1532190253400688e-09
2.7429401479675644 	 2.8352472248825505e-06 	 1.0744911681383991e-09
2.7862868818520377 	 2.818741039156876e-06 	 9.945191731534292e-10
2.830318624973713 	 2.8019740058729247e-06 	 9.132833792527628e-10
2.875046202546233 	 2.784942002851909e-06 	 8.307638145987647e-10
2.9204806108542956 	 2.7676408427721723e-06 	 7.469401917384741e-10
2.9666330199570847 	 2.75006627213974e-06 	 6.61791902615943e-10
3.013514776434438 	 2.734405897632732e-06 	 5.922934378324481e-10
3.061137406176403 	 2.723995269285159e-06 	 5.643202305350411e-10
3.1095126172168825 	 2.7134201215852817e-06 	 5.359049621253946e-10
3.1586523026120523 	 2.702677854630734e-06 	 5.070406467035782e-10
3.2085685433642808 	 2.691765827432843e-06 	 4.777201879713521e-10
3.2592736113922354 	 2.6806813572673435e-06 	 4.4793637748754716e-10
3.310779972547942 	 2.66942171901483e-06 	 4.1768189289586435e-10
3.3631002896815168 	 2.6579841444907835e-06 	 3.8694929612467276e-10
3.41624742575433 	 2.646681021946544e-06 	 3.606435874466516e-10
3.4702344470013715 	 2.6359264432691057e-06 	 3.4525544343566284e-10
3.525074626143581 	 2.6250019097859397e-06 	 3.296241203002901e-10
3.580781445650953 	 2.613904735698107e-06 	 3.137457750763336e-10
3.6373686010572057 	 2.6026321927629414e-06 	 2.976165040691592e-10
3.6948500043268293 	 2.591181509623304e-06 	 2.8123234189397415e-10
3.7532397872753442 	 2.57954987112625e-06 	 2.645892605009373e-10
3.812552305043619 	 2.5677344176309182e-06 	 2.4768316818485945e-10
3.8728021396270726 	 2.5557322443054926e-06 	 2.305099085792604e-10
3.93400410346067 	 2.5435404004130458e-06 	 2.1306525963452288e-10
3.9961732430605585 	 2.531155888586098e-06 	 1.9534493257990192e-10
4.059324842723259 	 2.522833729390311e-06 	 1.8773631802920234e-10
4.123474428283313 	 2.514659062601209e-06 	 1.8068837854273202e-10
4.188637770930313 	 2.5063552114016614e-06 	 1.7352906033821685e-10
4.254830891086253 	 2.497920134288041e-06 	 1.6625660329571597e-10
4.3220700623441495 	 2.489351757494801e-06 	 1.5886921948008036e-10
4.390371815468912 	 2.4806479744846403e-06 	 1.513650927013888e-10
4.459752942461431 	 2.471806645430608e-06 	 1.4374237806843744e-10
4.530230500686903 	 2.4628255966900287e-06 	 1.3599920153517184e-10
4.6018218170683785 	 2.453702620270112e-06 	 1.281336594399538e-10
4.674544492346594 	 2.4444354732851177e-06 	 1.2014381803754475e-10
4.7484164054071165 	 2.4350218774049385e-06 	 1.1202771302369455e-10
4.8234557176758734 	 2.425459518294976e-06 	 1.0378334905221653e-10
4.899680877584139 	 2.4157460450471586e-06 	 9.540869924443168e-11
4.977110625104095 	 2.405879069601972e-06 	 8.690170469085884e-11
5.055763996356045 	 2.4032139753999026e-06 	 8.223686210400169e-11
5.135660328288453 	 2.4035746425242226e-06 	 7.915636059492505e-11
5.2168192634319395 	 2.4039410092777785e-06 	 7.602717786353167e-11
5.299260754728396 	 2.404313165731916e-06 	 7.284854459956517e-11
5.383005070436432 	 2.404691203381381e-06 	 6.961967933534452e-11
5.4680727991143145 	 2.405075215166811e-06 	 6.633978825364084e-11
5.554484854681681 	 2.4054652954975883e-06 	 6.300806499251684e-11
5.642262481561227 	 2.405861540275047e-06 	 5.96236904470826e-11
5.731427259901652 	 2.406264046916051e-06 	 5.618583256811844e-11
5.822001110883143 	 2.406672914376947e-06 	 5.2693646157515654e-11
5.914006302106711 	 2.407863310431183e-06 	 4.8763554609030264e-11
6.007465453068669 	 2.4108476849316524e-06 	 4.419553446904443e-11
6.102401540721651 	 2.4170881407902524e-06 	 4.14896525720972e-11
6.198837905123499 	 2.4234272146881925e-06 	 3.87410095734917e-11
6.296798255175418 	 2.4296607545900533e-06 	 3.61110339776741e-11
6.396306674450824 	 2.435764356683695e-06 	 3.36195175850919e-11
6.497387627116283 	 2.441964414114098e-06 	 3.108862771288127e-11
6.60006596394604 	 2.448262451166733e-06 	 2.8517742141215457e-11
6.704366928431584 	 2.4545294866383892e-06 	 2.6005153462746166e-11
6.810316162987767 	 2.460661292164908e-06 	 2.3630403355028194e-11
6.917939715256993 	 2.4668899987275606e-06 	 2.1218125027440956e-11
7.0272640445130525 	 2.5316191614034176e-06 	 1.8999693189673306e-11
7.138316028166119 	 2.775929577458719e-06 	 1.745542164855699e-11
7.251122968370577 	 3.0255665920597656e-06 	 1.6103823583087438e-11
7.365712598737264 	 3.2792111173948324e-06 	 1.474012127027543e-11
7.482113091151778 	 3.536863991854498e-06 	 1.3354868344594664e-11
7.600353062700556 	 3.7985885594541207e-06 	 1.1947724241311367e-11
7.720461582706373 	 4.06509258629154e-06 	 1.0559888389037731e-11
7.84246817987505 	 4.337943125007672e-06 	 9.287972793837191e-12
7.966402849555094 	 4.615105525833056e-06 	 7.995957092963723e-12
8.092296061112059 	 5.413561692770819e-06 	 7.637836204499533e-12
8.22017876541944 	 6.417370562030713e-06 	 7.635414732170293e-12
8.350082402467974 	 7.445971308156146e-06 	 7.697867141266136e-12
8.48203890909514 	 8.499209930662315e-06 	 7.922958826112666e-12
8.616080726836852 	 9.575684890483666e-06 	 8.177582483300714e-12
8.752240809903217 	 1.068825642198065e-05 	 8.482749786343969e-12
8.890552633280336 	 1.1832792987243163e-05 	 8.825995275648551e-12
9.031050200960129 	 1.2957185633067342e-05 	 9.372403867978902e-12
9.173768054300238 	 1.3918004853190965e-05 	 1.066297783336763e-11
9.318741280516013 	 1.491083813831446e-05 	 1.2084349034578845e-11
9.466005521306716 	 1.59480173008073e-05 	 1.3564404559547686e-11
9.615596981618042 	 1.6204369417446143e-05 	 1.4115039979586441e-11
9.76755243854311 	 1.6226510044332785e-05 	 1.4223861680967096e-11
9.921909250364134 	 1.6256161563513295e-05 	 1.4129081511359609e-11
10.07870536573694 	 1.6341600745576438e-05 	 1.4067354653086629e-11
10.23797933302067 	 1.6529942654999655e-05 	 1.4151119109339817e-11
10.39977030975489 	 1.695123229651819e-05 	 1.455756109129407e-11
10.5641180722865 	 1.7927833841571812e-05 	 1.539198796031342e-11
10.731063025548728 	 1.9233507293781462e-05 	 1.657412470595614e-11
10.900646212994738 	 2.056979931570573e-05 	 1.7893076034590532e-11
11.072909326688118 	 2.1681267465822163e-05 	 1.9322925971350654e-11
11.247894717552914 	 2.2088533707922867e-05 	 2.0922421273768028e-11
11.425645405785612 	 2.197678012569973e-05 	 2.255248877587438e-11
11.606205091431653 	 2.2022601521151486e-05 	 2.454029928707958e-11
11.789618165129115 	 2.2119801275118297e-05 	 2.7567338728838114e-11
11.975929719022139 	 2.278464193333391e-05 	 3.342747856483364e-11
12.16518555784686 	 2.474607012462397e-05 	 4.488752862708832e-11
12.357432210192501 	 2.9499217613423114e-05 	 6.98702511797858e-11
12.552716939940444 	 4.272847872141042e-05 	 1.3798365722884808e-10
12.751087757884056 	 7.423315114534631e-05 	 3.065057804377126e-10
12.952593433532176 	 9.59575956687539e-05 	 4.4097742714627956e-10
13.157283507099079 	 5.615982355118078e-05 	 2.5050061020885586e-10
13.365208301683964 	 3.088948289955033e-05 	 1.1801643024481795e-10
13.576418935642899 	 2.1683183848580927e-05 	 6.791030672817708e-11
13.790967335156271 	 1.7415748163796312e-05 	 4.484632123488213e-11
14.008906246994878 	 1.5042427694218865e-05 	 3.2247407711919903e-11
14.23028925148769 	 1.386308689303056e-05 	 2.5143463010354775e-11
14.455170775694613 	 1.3040633123830883e-05 	 2.035419137727813e-11
14.683606106787392 	 1.248435413600868e-05 	 1.6857445772226674e-11
14.915651405641963 	 1.2149701512388252e-05 	 1.4370904761187464e-11
15.15136372064562 	 1.177979620718572e-05 	 1.2222048657110549e-11
15.390801001722396 	 1.1488031521489838e-05 	 1.0389409752012026e-11
15.634022114580025 	 1.1740022436733977e-05 	 8.879269365620042e-12
15.881086855182115 	 1.1848631561828347e-05 	 9.312562726411254e-12
16.132055964448995 	 1.100898095687708e-05 	 8.26039067297393e-12
16.386991143190876 	 1.0628468810077819e-05 	 7.350423260690608e-12
16.64595506727701 	 1.0413293763898803e-05 	 6.6706769993077955e-12
16.9090114030446 	 1.0451346420919359e-05 	 6.011204788244896e-12
17.176224822951113 	 1.0162264520161533e-05 	 5.509124778570859e-12
17.447661021474083 	 9.937552065647806e-06 	 5.13763925254878e-12
17.72338673126207 	 9.64693117291913e-06 	 4.780402419959117e-12
18.003469739540922 	 9.39737919568148e-06 	 4.426083902706764e-12
18.287978904779283 	 9.156441756739626e-06 	 4.0994991662134226e-12
18.576984173617433 	 8.930307446064258e-06 	 3.787601338139351e-12
18.870556598063708 	 8.759320077980119e-06 	 3.4750358698084216e-12
19.168768352962644 	 8.630122350996058e-06 	 3.1358435181411534e-12
19.47169275373918 	 8.790164041497754e-06 	 2.8382561939257037e-12
19.779404274423264 	 9.349586685493496e-06 	 2.67872067020095e-12
20.091978565959355 	 1.0559435959981477e-05 	 2.7455946871045532e-12
20.409492474805106 	 1.2774940785941604e-05 	 3.1498691813287707e-12
20.73202406182426 	 1.3056602731267123e-05 	 6.2471069775276554e-12
21.059652621477763 	 1.0103895784866034e-05 	 5.309168267023461e-12
21.39245870131842 	 7.036799321082198e-06 	 3.2880787748497334e-12
21.7305241217935 	 6.5195369851516145e-06 	 2.701931158798719e-12
22.073931996360308 	 6.259388440112895e-06 	 2.397619669974916e-12
22.422766751919653 	 6.065304637434672e-06 	 2.1564235454083865e-12
22.777114149572228 	 5.902900976731184e-06 	 1.956425043292472e-12
23.13706130570297 	 5.781105312438504e-06 	 1.820442826313428e-12
23.502696713398677 	 5.646921333759695e-06 	 1.6935687761664266e-12
23.874110264204024 	 5.497587434412973e-06 	 1.568692213628465e-12
24.251393270221424 	 5.330075020716794e-06 	 1.458873314102712e-12
24.634638486560117 	 5.172253996204481e-06 	 1.3580964100670003e-12
25.023940134140123 	 5.021417838082945e-06 	 1.2627651353139035e-12
25.419393922856326 	 4.907805816853859e-06 	 1.2041238299612168e-12
25.821097075108874 	 4.735561876776818e-06 	 1.1391254764506262e-12
26.229148349705305 	 4.485785766791694e-06 	 1.068228425049541e-12
26.64364806614042 	 4.321476001314932e-06 	 1.0045437487884739e-12
27.06469812925984 	 4.179519271399745e-06 	 9.425191072788913e-13
27.492402054313363 	 4.040424469702929e-06 	 8.864108979146287e-13
27.926864992404184 	 3.899375284383656e-06 	 8.303823086305862e-13
28.36819375634033 	 3.7578826780742036e-06 	 7.771542828705111e-13
28.8164968468946 	 3.6137330805424767e-06 	 7.250937214134137e-13
29.271884479479496 	 3.469945675241983e-06 	 6.74879150534416e-13
29.734468611243802 	 3.3256174105673624e-06 	 6.264999646265797e-13
30.204362968597106 	 3.205451248357783e-06 	 5.867714351124225e-13
30.681683075169587 	 3.1178270885702675e-06 	 5.596232460065643e-13
31.166546280213474 	 3.028623601582368e-06 	 5.32521795799197e-13
31.659071787453417 	 2.938337849125354e-06 	 5.063916494967394e-13
32.159380684392715 	 2.85146876020691e-06 	 4.812280034208402e-13
32.66759597208273 	 2.773651270809735e-06 	 4.591574441002171e-13
33.18384259536271 	 2.6946156780482067e-06 	 4.3701325958317626e-13
33.708247473577515 	 2.6141353139927224e-06 	 4.155822703144339e-13
34.240939531780754 	 2.5376542400861728e-06 	 3.9548848667845683e-13
34.78204973243099 	 2.4665305217000584e-06 	 3.771384145933368e-13
35.331711107589086 	 2.394270387125082e-06 	 3.589329630748997e-13
35.89005879162388 	 2.3209507698000145e-06 	 3.4073355807677965e-13
36.45723005443519 	 2.2544789237418718e-06 	 3.245862958108069e-13
37.033364335201604 	 2.1888676710859824e-06 	 3.0859669453125096e-13
37.61860327666162 	 2.122411450261253e-06 	 2.9309869637187076e-13
38.213090759936556 	 2.0572041354627276e-06 	 2.779280818205158e-13
38.81697293990374 	 1.9961646899696267e-06 	 2.63932981355221e-13
39.43039828112876 	 1.934885043652663e-06 	 2.499888340548622e-13
40.05351759436544 	 1.8734239816427896e-06 	 2.362289020923896e-13
40.68648407363276 	 1.819500132549708e-06 	 2.2662556621791637e-13
41.329453333877574 	 1.7647241238721803e-06 	 2.1687046864902157e-13
41.98258344923272 	 1.7090824889165264e-06 	 2.069612110928407e-13
42.6460349918794 	 1.6525615481746676e-06 	 1.9689535735624395e-13
43.31997107152395 	 1.5951474059610047e-06 	 1.8667043274689658e-13
44.004557375498464 	 1.5368259469961592e-06 	 1.7628392346485462e-13
44.69996220949498 	 1.4775828329367333e-06 	 1.6573327598454717e-13
45.4063565389435 	 1.4219421212674146e-06 	 1.5596963209369553e-13
46.12391403104389 	 1.368826218005057e-06 	 1.467670228119948e-13
46.85281109746198 	 1.3148709231411534e-06 	 1.3741898452562829e-13
47.59322693770043 	 1.2600629717547015e-06 	 1.2792321901734576e-13
48.34534358315493 	 1.2043888892989072e-06 	 1.182773917511274e-13
49.10934594186664 	 1.1478349882884682e-06 	 1.0847913129823811e-13
49.885421843982094 	 1.090387364934486e-06 	 9.852602875420847e-14
50.67376208793092 	 1.064758722933937e-06 	 9.533843927339322e-14
51.47456048733391 	 1.0443784573171425e-06 	 9.329635370538792e-14
52.28801391865211 	 1.0236761219859063e-06 	 9.122199702138645e-14
53.11432236958891 	 1.002646627266575e-06 	 8.911485924034589e-14
53.95368898825707 	 9.812848030532884e-07 	 8.69744223219835e-14
54.806320133122746 	 9.595853975369077e-07 	 8.480016003941642e-14
55.67242542373873 	 9.375430759138571e-07 	 8.259153784978853e-14
56.55221779227951 	 9.151524190745611e-07 	 8.034801276285314e-14
57.44591353589064 	 8.924079222711553e-07 	 7.806903320747863e-14
58.35373236986542 	 8.693039937641453e-07 	 7.575403889604473e-14
59.27589748166217 	 8.458349534476684e-07 	 7.340246068669511e-14
60.21263558577457 	 8.231010822717822e-07 	 7.118894448212521e-14
61.16417697946967 	 8.038339801244341e-07 	 6.954658015508891e-14
62.130755599406534 	 7.84262399605538e-07 	 6.787826151421959e-14
63.11260907914952 	 7.643815290377579e-07 	 6.618357840301586e-14
64.10997880759065 	 7.441864807047315e-07 	 6.44621141832654e-14
65.12310998829503 	 7.236722896494242e-07 	 6.27134456326146e-14
66.15225169978427 	 7.028339124534938e-07 	 6.093714284051911e-14
67.19765695677245 	 6.816662259973648e-07 	 5.913276910255037e-14
68.25958277236985 	 6.601640262007083e-07 	 5.72998808130316e-14
69.33829022126963 	 6.383220267430191e-07 	 5.5438027355977456e-14
70.43404450393335 	 6.210409415491728e-07 	 5.4085524740158007e-14
71.54711501179018 	 6.110843862450509e-07 	 5.3546000315395044e-14
72.67777539346706 	 6.009704873133281e-07 	 5.299794977616995e-14
73.82630362206527 	 5.906967582497472e-07 	 5.244123838413818e-14
74.99298206350015 	 5.802606732557792e-07 	 5.1875729271682675e-14
76.17809754592082 	 5.696596666176531e-07 	 5.130128340826489e-14
77.38194143022693 	 5.588911320755768e-07 	 5.0717759566244083e-14
78.60480968169983 	 5.479524221829858e-07 	 5.01250142861565e-14
79.8470029427657 	 5.368408476556687e-07 	 4.9522901841445864e-14
81.10882660690848 	 5.25789769325201e-07 	 4.905423927070373e-14
82.39059089375107 	 5.145971417098565e-07 	 4.8598208624372404e-14
83.69261092532264 	 5.032276367933183e-07 	 4.8134971317303604e-14
85.01520680353194 	 4.916784593803232e-07 	 4.766441346250436e-14
86.3587036888638 	 4.799467701030876e-07 	 4.7186419373223524e-14
87.7234318803203 	 4.6802968472324565e-07 	 4.6700871534510087e-14
89.10972689662479 	 4.559242734227593e-07 	 4.620765057432206e-14
90.51792955870918 	 4.438158570958027e-07 	 4.573902300727717e-14
91.94838607350486 	 4.3184487131155875e-07 	 4.531954108169524e-14
93.40144811905779 	 4.196847078175829e-07 	 4.4893430075485715e-14
94.87747293098857 	 4.0733237703502966e-07 	 4.446058522916485e-14
96.37682339031893 	 3.947848421406838e-07 	 4.402090012773281e-14
97.8998681126861 	 3.8203901832035663e-07 	 4.357426667451161e-14
99.44698153896691 	 3.690917720104849e-07 	 4.3120575064569433e-14
101.01854402733466 	 3.604014911417867e-07 	 4.288521782754402e-14
102.61494194676953 	 3.540345688928316e-07 	 4.277051354731761e-14
104.23656777204796 	 3.4756703005383075e-07 	 4.2653996593229516e-14
105.88382018023256 	 3.4099728457895066e-07 	 4.2535638319561176e-14
107.55710414868692 	 3.3432371729483436e-07 	 4.2415409627905213e-14
109.25683105463936 	 3.2754468750351073e-07 	 4.229328096001159e-14
110.98341877632024 	 3.2065852857902777e-07 	 4.2169222290520665e-14
112.73729179569719 	 3.1366354755771314e-07 	 4.2043203119581526e-14
114.51888130283436 	 3.06558024721958e-07 	 4.191519246535351e-14
116.32862530190036 	 2.9934021317742456e-07 	 4.1785158856389385e-14
118.16696871885169 	 2.9200833842357194e-07 	 4.165307032389805e-14
120.03436351081837 	 2.845605979173927e-07 	 4.151889439388499e-14
121.93126877721686 	 2.7699516063026067e-07 	 4.1382598079168574e-14
123.85815087262037 	 2.6931016659776993e-07 	 4.124414787127011e-14
125.81548352141205 	 2.621656763773444e-07 	 4.112422789963936e-14
127.80374793425021 	 2.558497986422874e-07 	 4.1031881082326697e-14
129.8234329263741 	 2.494341109745816e-07 	 4.093807490655224e-14
131.87503503777927 	 2.429170360760155e-07 	 4.084278631004723e-14
133.95905865529198 	 2.3629697172230477e-07 	 4.074599186608944e-14
136.07601613657278 	 2.2957229036918538e-07 	 4.064766777774374e-14
138.22642793607992 	 2.227413387522806e-07 	 4.054778987201156e-14
140.41082273302283 	 2.158024374806472e-07 	 4.044633359388803e-14
142.62973756133871 	 2.0875388062389435e-07 	 4.034327400032505e-14
144.88371794172167 	 2.0159393529278268e-07 	 4.0238585754099065e-14
147.17331801573943 	 1.9432084121319225e-07 	 4.013224311758194e-14
149.49910068206927 	 1.8693281029335813e-07 	 4.0024219946413304e-14
151.8616377348866 	 1.8215383730194286e-07 	 3.997865254014865e-14
154.26151000444088 	 1.7804434940552684e-07 	 3.994990175504509e-14
156.69930749985255 	 1.738699191958856e-07 	 3.9920696620752844e-14
159.17562955416724 	 1.6962952038844224e-07 	 3.989102995718328e-14
161.69108497170177 	 1.6532211048022563e-07 	 3.9860894470780674e-14
164.24629217771877 	 1.6094663049357107e-07 	 3.983028275272916e-14
166.84187937046661 	 1.5650200471577047e-07 	 3.979918727713116e-14
169.47848467562272 	 1.5198714043460694e-07 	 3.9767600399157225e-14
172.15675630317585 	 1.474009276697133e-07 	 3.973551435316651e-14
174.87735270678942 	 1.427422388996816e-07 	 3.970292125079764e-14
177.64094274568225 	 1.3890451369592033e-07 	 3.967878565138795e-14
180.4482058490677 	 1.3504834255986565e-07 	 3.9654691914414456e-14
183.29983218319165 	 1.311312322800344e-07 	 3.9630217423669995e-14
186.19652282100986 	 1.2715221983401048e-07 	 3.9605356162095686e-14
189.138989914547 	 1.2311032698071684e-07 	 3.958010201754494e-14
192.1279568699794 	 1.1900456001991441e-07 	 3.9554448781280835e-14
195.1641585254845 	 1.1483390954790106e-07 	 3.9528390146449644e-14
198.24834133190086 	 1.1059735020934952e-07 	 3.950191970653029e-14
201.3812635362441 	 1.0793246236026258e-07 	 3.9485545226837803e-14
204.56369536812076 	 1.0733632980842928e-07 	 3.9482456440687273e-14
207.7964192290904 	 1.0673077656285486e-07 	 3.947931884239209e-14
211.0802298850188 	 1.0611565374814192e-07 	 3.9476131660573014e-14
214.4159346614715 	 1.0549081013621241e-07 	 3.947289411166071e-14
217.80435364219485 	 1.0485609210912811e-07 	 3.9469605399703076e-14
221.24631987073374 	 1.0421134362132374e-07 	 3.9466264716169555e-14
224.74267955523572 	 1.0355640616124305e-07 	 3.946287123975237e-14
228.2942922764913 	 1.0289111871236871e-07 	 3.945942413616462e-14
231.90203119926204 	 1.0221531771363643e-07 	 3.945592255793511e-14
235.56678328694827 	 1.0152883701922339e-07 	 3.9452365644200087e-14
239.28944951964996 	 1.0083150785770118e-07 	 3.944875252049153e-14
243.0709451156716 	 1.0012315879054348e-07 	 3.944508229852219e-14
246.9121997565297 	 9.940361566997776e-08 	 3.9441354075967194e-14
250.8141578155149 	 9.867270159617094e-08 	 3.943756693624221e-14
254.77777858986653 	 9.793023687373874e-08 	 3.9433719948278115e-14
258.8040365366158 	 9.717603896756727e-08 	 3.942981216629209e-14
262.89392151215657 	 9.640992245793695e-08 	 3.9425842629555065e-14
267.0484390156015 	 9.563169899493686e-08 	 3.942181036215557e-14
271.2686104359843 	 9.484117725215904e-08 	 3.9417714372759805e-14
275.5554733033684 	 9.403816287966071e-08 	 3.9413553654367855e-14
279.910081543924 	 9.32224584561834e-08 	 3.9409327184066216e-14
284.33350573903664 	 9.239386344061674e-08 	 3.940503392277624e-14
288.8268333885086 	 9.155217412269558e-08 	 3.940067281499871e-14
293.39116917792177 	 9.069718357291766e-08 	 3.93962427885543e-14
298.02763525022493 	 8.982868159166995e-08 	 3.939174275432008e-14
302.73737148161246 	 8.932926737944149e-08 	 3.938954415269094e-14
307.52153576176335 	 8.910214880144647e-08 	 3.938904731843558e-14
312.3813042785087 	 8.887144106436323e-08 	 3.9388542632699295e-14
317.3178718069976 	 8.863708744864429e-08 	 3.9388029971404977e-14
322.33245200343276 	 8.839903033840216e-08 	 3.938750920851475e-14
327.42627770344865 	 8.815721120724438e-08 	 3.9386980215998936e-14
332.6006012252037 	 8.79115706038849e-08 	 3.9386442863804616e-14
337.8566946772633 	 8.766204813752783e-08 	 3.938589701982363e-14
343.1958502713489 	 8.740858246302037e-08 	 3.9385342549860117e-14
348.61938064002663 	 8.715111126577128e-08 	 3.9384779317597524e-14
354.1286191594199 	 8.688957124643052e-08 	 3.938420718456506e-14
359.7249202770193 	 8.662389810532739e-08 	 3.938362601010371e-14
365.4096598446745 	 8.635402652666223e-08 	 3.9383035651331584e-14
371.1842354568472 	 8.607989016244857e-08 	 3.9382435963108884e-14
377.0500667942103 	 8.580142161620156e-08 	 3.93818267980021e-14
383.0085959726766 	 8.55185524263684e-08 	 3.938120800624787e-14
389.0612878979433 	 8.52312130494971e-08 	 3.938057943571611e-14
395.2096306256396 	 8.493933284313922e-08 	 3.93799409318726e-14
401.45513572716465 	 8.464284004848246e-08 	 3.9379292337741046e-14
407.79933866130983 	 8.434166177270856e-08 	 3.9378633493864443e-14
414.2437991517488 	 8.403572397107284e-08 	 3.937796423826587e-14
420.7901015704979 	 8.372495142870004e-08 	 3.93772844064087e-14
427.4398553274334 	 8.34092677420929e-08 	 3.937659383115611e-14
434.19469526596606 	 8.308859530034826e-08 	 3.937589234273004e-14
441.0562820649669 	 8.276285526607642e-08 	 3.93751797686694e-14
448.02630264704607 	 8.243196755601896e-08 	 3.937445593378769e-14
455.10647059328284 	 8.209585082136025e-08 	 3.937372066012997e-14
462.2985265645099 	 8.175442242772779e-08 	 3.937297376692904e-14
469.60423872925554 	 8.140759843487661e-08 	 3.9372215070561045e-14
477.02540319844724 	 8.105529357605248e-08 	 3.937144438450031e-14
484.5638444669882 	 8.069742123702906e-08 	 3.9370661519273504e-14
492.2214158623069 	 8.033389343481378e-08 	 3.9369866282413036e-14
500.0 	 7.996462079601724e-08 	 3.9369058478409763e-14
