3.5233633633633636 	 1.2132549618631078e-06 	 8.914335480841153e-10
4.023843843843844 	 1.221126995350227e-06 	 5.010184554767525e-10
4.524324324324325 	 1.2275734973882742e-06 	 2.9662003146763625e-10
5.0248048048048055 	 1.2308266867480668e-06 	 1.8211671437496742e-10
5.525285285285285 	 1.2281441325727206e-06 	 1.1446620983077904e-10
6.025765765765766 	 1.2151637441464188e-06 	 7.275638528384341e-11
6.526246246246247 	 1.1847795374750128e-06 	 4.614169702320858e-11
7.026726726726727 	 1.1251012232334225e-06 	 2.8692043393940844e-11
7.527207207207208 	 1.0155400885798087e-06 	 1.7029888328902022e-11
8.027687687687688 	 8.188791074554015e-07 	 9.18207357934832e-12
8.528168168168168 	 4.640435346566227e-07 	 4.012778490310292e-12
9.02864864864865 	 1.9439555456283702e-07 	 9.666682553786221e-13
9.52912912912913 	 1.481871550104272e-06 	 6.264521379402516e-14
10.029609609609611 	 4.216333237466065e-06 	 2.299898623704521e-12
10.530090090090091 	 1.077038986441818e-05 	 1.1304932654537979e-11
11.030570570570571 	 2.888682238747957e-05 	 3.942842735703751e-11
11.531051051051053 	 7.567711151153463e-05 	 1.1251228312934446e-10
12.031531531531533 	 9.250147668415673e-05 	 1.315234581138832e-10
12.532012012012013 	 5.829085745103216e-05 	 6.834877637685733e-11
13.032492492492494 	 4.762985922147823e-05 	 5.0320844662688927e-11
13.532972972972974 	 3.723872460504242e-05 	 3.103249498356918e-11
14.033453453453454 	 3.567268983519424e-05 	 2.751500071791465e-11
14.533933933933936 	 3.254400887266236e-05 	 2.2926917082267586e-11
15.034414414414416 	 3.290307454250188e-05 	 2.0904489182364403e-11
15.534894894894897 	 3.40830287423512e-05 	 2.2446289405422522e-11
16.035375375375377 	 3.099080437241501e-05 	 2.212040087013472e-11
16.535855855855857 	 2.842124952822283e-05 	 2.159778200344713e-11
17.036336336336337 	 2.1190161695619502e-05 	 2.189548320997927e-11
17.53681681681682 	 1.1097620543701921e-05 	 1.576294284439242e-11
18.0372972972973 	 8.159085042741376e-06 	 1.1643696355811111e-11
18.53777777777778 	 6.273566645514739e-06 	 9.343989047271768e-12
19.03825825825826 	 4.7425689771072205e-06 	 7.471320092820285e-12
19.53873873873874 	 4.007652416362252e-06 	 6.016146687622005e-12
20.039219219219223 	 3.782386027737043e-06 	 4.956240324888024e-12
20.539699699699703 	 3.8078929976385285e-06 	 4.18305811426995e-12
21.040180180180183 	 3.942354872961414e-06 	 3.613236819147251e-12
21.540660660660663 	 4.065048569451714e-06 	 3.187342183202633e-12
22.041141141141143 	 4.063553144931449e-06 	 2.8474465963039038e-12
22.541621621621623 	 3.939214195778686e-06 	 2.54105232829195e-12
23.042102102102106 	 3.830839684682374e-06 	 2.25019149556891e-12
23.542582582582586 	 3.864908987217556e-06 	 1.985974686355551e-12
24.043063063063066 	 4.090453741539321e-06 	 1.7612059572618774e-12
24.543543543543546 	 4.523871851853184e-06 	 1.5834438845430456e-12
25.044024024024026 	 5.1772557868772245e-06 	 1.461299460678582e-12
25.54450450450451 	 6.022423328607755e-06 	 1.410429097291264e-12
26.04498498498499 	 6.83710104941627e-06 	 1.4479820807937235e-12
26.54546546546547 	 6.983690260675867e-06 	 1.5464675329420977e-12
27.04594594594595 	 5.9072915528647e-06 	 1.577772458485078e-12
27.54642642642643 	 4.3708159667697635e-06 	 1.4567671907591054e-12
28.04690690690691 	 3.4793527147476416e-06 	 1.2716591156755433e-12
28.547387387387392 	 3.3891420370979426e-06 	 1.1240414648415427e-12
29.047867867867872 	 3.6800633314099714e-06 	 1.0526685524768524e-12
29.548348348348352 	 3.6954384483211305e-06 	 1.0380426958963865e-12
30.04882882882883 	 3.09723920470906e-06 	 1.0135649174545033e-12
30.54930930930931 	 2.273948017103155e-06 	 9.456631970055275e-13
31.049789789789795 	 1.6427295286149287e-06 	 8.560367941669711e-13
31.550270270270275 	 1.2794078168320176e-06 	 7.688254229606725e-13
32.05075075075076 	 1.113247790339716e-06 	 6.935311979431577e-13
32.55123123123124 	 1.0629825832393775e-06 	 6.314238904682194e-13
33.05171171171172 	 1.0660503366783655e-06 	 5.807896235904141e-13
33.5521921921922 	 1.0794095027595937e-06 	 5.390215168004535e-13
34.05267267267268 	 1.0783948546705563e-06 	 5.034782059838259e-13
34.55315315315316 	 1.0548011171518196e-06 	 4.719859585048049e-13
35.053633633633645 	 1.0122597119715693e-06 	 4.430906429816364e-13
35.55411411411412 	 9.599928217933673e-07 	 4.160344466844916e-13
36.054594594594604 	 9.076086465875418e-07 	 3.905546665186293e-13
36.55507507507508 	 8.621846405170798e-07 	 3.666523483834895e-13
37.055555555555564 	 8.273733999275364e-07 	 3.4441852422439314e-13
37.55603603603605 	 8.035882677079969e-07 	 3.239296767910558e-13
38.056516516516524 	 7.887365001143428e-07 	 3.051942065711489e-13
38.55699699699701 	 7.792093217722841e-07 	 2.8813654204931287e-13
39.057477477477484 	 7.710148319828219e-07 	 2.7260567095030867e-13
39.55795795795797 	 7.607705539078553e-07 	 2.5840265321736807e-13
40.05843843843845 	 7.463401410578067e-07 	 2.453171834474049e-13
40.55891891891893 	 7.269725408511423e-07 	 2.3315932898391585e-13
41.05939939939941 	 7.030121342327733e-07 	 2.21776499930662e-13
41.55987987987989 	 6.754748757418058e-07 	 2.1105753221113768e-13
42.06036036036037 	 6.456052232541703e-07 	 2.0092657685526466e-13
42.56084084084085 	 6.145980142010881e-07 	 1.9133293793373287e-13
43.06132132132133 	 5.834428801004134e-07 	 1.8224173132667372e-13
43.56180180180181 	 5.52883381358603e-07 	 1.7362691392228567e-13
44.06228228228229 	 5.234296802379396e-07 	 1.6546661966523028e-13
44.56276276276277 	 4.953939452269842e-07 	 1.5774084700966043e-13
45.06324324324325 	 4.6894810034687377e-07 	 1.5042980225395906e-13
45.56372372372373 	 4.4415649653249777e-07 	 1.4351375486841653e-13
46.064204204204216 	 4.210162321255232e-07 	 1.3697280307406447e-13
46.56468468468469 	 3.994737833004857e-07 	 1.3078730208225455e-13
47.065165165165176 	 3.7945350566797255e-07 	 1.2493769266790425e-13
47.56564564564565 	 3.608598456413686e-07 	 1.1940511655395566e-13
48.066126126126136 	 3.435939078233269e-07 	 1.1417130209243656e-13
48.56660660660662 	 3.275566155547916e-07 	 1.0921857008729605e-13
49.067087087087096 	 3.1265138116414595e-07 	 1.0453017072374504e-13
49.56756756756758 	 2.9878572945718583e-07 	 1.0009026892714781e-13
50.068048048048055 	 2.858727022818245e-07 	 9.588392279047734e-14
50.56852852852854 	 2.738340794572762e-07 	 9.189693064388811e-14
51.06900900900902 	 2.6259457170825833e-07 	 8.811613272376805e-14
51.5694894894895 	 2.520881582748779e-07 	 8.452908060742813e-14
52.06996996996998 	 2.422545115529801e-07 	 8.11240886682734e-14
52.57045045045046 	 2.3303718262844066e-07 	 7.789031896048417e-14
53.07093093093094 	 2.2438538707161977e-07 	 7.481764989984485e-14
53.571411411411425 	 2.1625606200115047e-07 	 7.189643556943031e-14
54.0718918918919 	 2.086039522645912e-07 	 6.911798684326739e-14
54.572372372372385 	 2.0139431838319612e-07 	 6.647388761651023e-14
55.07285285285286 	 1.9459202835555865e-07 	 6.395640442336505e-14
55.573333333333345 	 1.8816618903927603e-07 	 6.155831327980974e-14
56.07381381381382 	 1.8208829811470706e-07 	 5.927283636216088e-14
56.574294294294305 	 1.763330933420796e-07 	 5.709368754662902e-14
57.07477477477479 	 1.7087748988586774e-07 	 5.501488587343152e-14
57.575255255255264 	 1.657000891259811e-07 	 5.303091289680948e-14
58.07573573573575 	 1.607812762052195e-07 	 5.113656967695985e-14
58.576216216216224 	 1.561038197862852e-07 	 4.932699263715919e-14
59.07669669669671 	 1.5165067830189076e-07 	 4.759767762235573e-14
59.57717717717719 	 1.4740740240976534e-07 	 4.594428981865554e-14
60.07765765765767 	 1.4336002179944878e-07 	 4.436287393615354e-14
60.57813813813815 	 1.3949707402967305e-07 	 4.284960029443159e-14
61.07861861861863 	 1.3580476980819672e-07 	 4.140103947938034e-14
61.57909909909911 	 1.3227486909493105e-07 	 4.0013779356192906e-14
62.079579579579594 	 1.2889616538225004e-07 	 3.868474360417966e-14
62.58006006006007 	 1.2566002392043212e-07 	 3.7410997955602e-14
63.080540540540554 	 1.2255787862040834e-07 	 3.618976556013278e-14
63.58102102102103 	 1.195825405926581e-07 	 3.5018421220283064e-14
64.0815015015015 	 1.1672544693048697e-07 	 3.389457482764032e-14
64.58198198198198 	 1.1398130707162464e-07 	 3.281585866270235e-14
65.08246246246247 	 1.113434562188305e-07 	 3.178012112705944e-14
65.58294294294295 	 1.0880622187892995e-07 	 3.078528791745427e-14
66.08342342342343 	 1.063639694063929e-07 	 2.9829442810764244e-14
66.5839039039039 	 1.0401190401397033e-07 	 2.891071760125534e-14
67.08438438438439 	 1.0174491327753681e-07 	 2.8027411536415445e-14
67.58486486486487 	 9.955939294317463e-08 	 2.717786677702268e-14
68.08534534534535 	 9.745099515997822e-08 	 2.6360521526542653e-14
68.58582582582584 	 9.541557481635401e-08 	 2.5573935146074037e-14
69.08630630630631 	 9.344950012505324e-08 	 2.481671193951514e-14
69.58678678678679 	 9.155008390961019e-08 	 2.40875283768176e-14
70.08726726726728 	 8.971374987573398e-08 	 2.338513091672738e-14
70.58774774774776 	 8.793778952393177e-08 	 2.2708342317404225e-14
71.08822822822823 	 8.621896008779544e-08 	 2.2056043820354705e-14
71.58870870870871 	 8.455513533420419e-08 	 2.142717294077904e-14
72.0891891891892 	 8.294321081651133e-08 	 2.082072134988804e-14
72.58966966966968 	 8.138177863194019e-08 	 2.0235728737057782e-14
73.09015015015015 	 7.986782089553286e-08 	 1.9671285098051102e-14
73.59063063063064 	 7.839944354217722e-08 	 1.912652048887888e-14
74.09111111111112 	 7.697579006016547e-08 	 1.8600590834525247e-14
74.5915915915916 	 7.559340201160288e-08 	 1.809275248981508e-14
75.09207207207209 	 7.425099901337132e-08 	 1.7602243408450236e-14
75.59255255255256 	 7.294781999726364e-08 	 1.712833871826403e-14
76.09303303303304 	 7.168130901802274e-08 	 1.6670394779009217e-14
76.59351351351351 	 7.045033137227094e-08 	 1.6227733558577354e-14
77.093993993994 	 6.925401880956098e-08 	 1.5799748045679023e-14
77.59447447447448 	 6.809009031947717e-08 	 1.5385885521485684e-14
78.09495495495496 	 6.695755516615293e-08 	 1.4985548492661566e-14
78.59543543543545 	 6.58556859128106e-08 	 1.459823621143895e-14
79.09591591591592 	 6.478261963018304e-08 	 1.4223424708742444e-14
79.5963963963964 	 6.373837831675323e-08 	 1.386061658934099e-14
80.09687687687689 	 6.272044833898978e-08 	 1.3509394637404331e-14
80.59735735735737 	 6.172919542319722e-08 	 1.316926128724262e-14
81.09783783783784 	 6.076260658050242e-08 	 1.2839841302925592e-14
81.59831831831832 	 5.982074171478998e-08 	 1.2520715636837519e-14
82.09879879879881 	 5.890182251072841e-08 	 1.2211483546106259e-14
82.59927927927929 	 5.800603804194801e-08 	 1.1911781956448757e-14
83.09975975975976 	 5.7131337553100155e-08 	 1.162127982574347e-14
83.60024024024025 	 5.627867946156869e-08 	 1.1339607513241641e-14
84.10072072072073 	 5.544567690352295e-08 	 1.1066480965669127e-14
84.6012012012012 	 5.463267901852014e-08 	 1.0801541982136435e-14
85.10168168168168 	 5.383796014140861e-08 	 1.054454865307102e-14
85.60216216216217 	 5.3062313132078125e-08 	 1.0295170529889043e-14
86.10264264264265 	 5.2304697740211105e-08 	 1.0053155319995657e-14
86.60312312312313 	 5.156398422532258e-08 	 9.818244916817686e-15
87.10360360360362 	 5.084004232145213e-08 	 9.5901907979231e-15
87.60408408408409 	 5.01321380710347e-08 	 9.3687562111058e-15
88.10456456456457 	 4.9439821682294823e-08 	 9.153685000695012e-15
88.60504504504506 	 4.876270443356607e-08 	 8.944787800076346e-15
89.10552552552554 	 4.810052908282083e-08 	 8.741838596392029e-15
89.60600600600601 	 4.7452600705050604e-08 	 8.544639137476185e-15
90.10648648648649 	 4.6818307159227336e-08 	 8.35299282031544e-15
90.60696696696698 	 4.6197430789169954e-08 	 8.166704011391718e-15
91.10744744744746 	 4.5589766085380734e-08 	 7.985604304211238e-15
91.60792792792793 	 4.4994498339185356e-08 	 7.809523572889513e-15
92.10840840840842 	 4.441161932001894e-08 	 7.638284201078553e-15
92.6088888888889 	 4.384065762831117e-08 	 7.471730152666105e-15
93.10936936936938 	 4.32813892470463e-08 	 7.309704971245213e-15
93.60984984984987 	 4.2733319703377094e-08 	 7.152066543225195e-15
94.11033033033034 	 4.2196200711783643e-08 	 6.998669314509936e-15
94.61081081081082 	 4.1669657808146044e-08 	 6.849382181025175e-15
95.1112912912913 	 4.115347312614026e-08 	 6.704067106516796e-15
95.61177177177179 	 4.06473996175806e-08 	 6.562597194189253e-15
96.11225225225226 	 4.015123335839579e-08 	 6.4248468904612336e-15
96.61273273273274 	 3.96643018005099e-08 	 6.290717974321576e-15
97.11321321321323 	 3.918689270024829e-08 	 6.1600718789678524e-15
97.6136936936937 	 3.8718442189773025e-08 	 6.0328157734853445e-15
98.11417417417418 	 3.825879346183444e-08 	 5.908837762293536e-15
98.61465465465466 	 3.7807664709741694e-08 	 5.788040210729868e-15
99.11513513513515 	 3.7364813924367956e-08 	 5.670327208883081e-15
99.61561561561562 	 3.6930194443617706e-08 	 5.555597613292595e-15
100.1160960960961 	 3.658340895601464e-08 	 5.444285319870057e-15
100.61657657657659 	 3.6401438124618025e-08 	 5.336768408443842e-15
101.11705705705707 	 3.622126862826383e-08 	 5.231892574706645e-15
101.61753753753754 	 3.6042873851476505e-08 	 5.1295803482545766e-15
102.11801801801803 	 3.586622770055041e-08 	 5.029756896938173e-15
102.61849849849851 	 3.569130459082613e-08 	 4.932349924679242e-15
103.11897897897899 	 3.551807943433741e-08 	 4.837289573718666e-15
103.61945945945946 	 3.5346527627816007e-08 	 4.7445083310826435e-15
104.11993993993995 	 3.517662504104261e-08 	 4.653940939066112e-15
104.62042042042043 	 3.5008348005532e-08 	 4.565524309542529e-15
105.1209009009009 	 3.4841673303541443e-08 	 4.479197441919122e-15
105.6213813813814 	 3.467657815739167e-08 	 4.394901344566172e-15
106.12186186186187 	 3.451304021908993e-08 	 4.312578959557568e-15
106.62234234234235 	 3.4351037560245395e-08 	 4.232175090568351e-15
107.12282282282284 	 3.4190548662267136e-08 	 4.153636333782769e-15
107.62330330330332 	 3.403155240683574e-08 	 4.076911011673853e-15
108.1237837837838 	 3.387402806663942e-08 	 4.001949109522446e-15
108.62426426426427 	 3.3717955296366326e-08 	 3.928702214550447e-15
109.12474474474476 	 3.356331412394464e-08 	 3.857123457549098e-15
109.62522522522524 	 3.34100849420227e-08 	 3.787167456889278e-15
110.12570570570571 	 3.3258248499681424e-08 	 3.7187902648061956e-15
110.6261861861862 	 3.310778589437162e-08 	 3.651949315856372e-15
111.12666666666668 	 3.295867856406933e-08 	 3.586603377449704e-15
111.62714714714716 	 3.2810908279641984e-08 	 3.5227125023641506e-15
112.12762762762763 	 3.266445713741921e-08 	 3.460237983155264e-15
112.62810810810812 	 3.251930755196157e-08 	 3.3991423083767832e-15
113.1285885885886 	 3.237544224902134e-08 	 3.3393891205328276e-15
113.62906906906908 	 3.223284425868923e-08 	 3.280943175685819e-15
114.12954954954957 	 3.209149690872148e-08 	 3.2237703046480973e-15
114.63003003003004 	 3.1951383818041775e-08 	 3.1678373756884676e-15
115.13051051051052 	 3.181248889041258e-08 	 3.113112258688299e-15
115.63099099099101 	 3.167479630827088e-08 	 3.0595637906848055e-15
116.13147147147149 	 3.153829052672328e-08 	 3.007161742742162e-15
116.63195195195196 	 3.1402956267695796e-08 	 2.9558767880937886e-15
117.13243243243244 	 3.126877851423345e-08 	 2.9056804715018786e-15
117.63291291291293 	 3.113574250494558e-08 	 2.8565451797826967e-15
118.1333933933934 	 3.1003833728592225e-08 	 2.808444113448578e-15
118.63387387387388 	 3.0873037918807584e-08 	 2.7613512594198014e-15
119.13435435435437 	 3.074334104895644e-08 	 2.7152413647617037e-15
119.63483483483485 	 3.061472932711974e-08 	 2.670089911404382e-15
120.13531531531532 	 3.048718919120549e-08 	 2.6258730918043363e-15
120.63579579579581 	 3.036070730418132e-08 	 2.582567785509192e-15
121.13627627627629 	 3.023527054942531e-08 	 2.5401515365884438e-15
121.63675675675677 	 3.0110866026191484e-08 	 2.498602531894784e-15
122.13723723723724 	 2.998748104518688e-08 	 2.4578995801222273e-15
122.63771771771773 	 2.9865103124256874e-08 	 2.4180220916286643e-15
123.13819819819821 	 2.974371998417577e-08 	 2.3789500589920193e-15
123.63867867867869 	 2.9623319544539528e-08 	 2.3406640382704455e-15
124.13915915915918 	 2.9503889919757954e-08 	 2.303145130938381e-15
124.63963963963965 	 2.9385419415143407e-08 	 2.2663749664714852e-15
125.14012012012013 	 2.926789652309332e-08 	 2.230335685554634e-15
125.64060060060062 	 2.9151309919364042e-08 	 2.1950099238883472e-15
126.1410810810811 	 2.903564845943331e-08 	 2.1603807965700005e-15
126.64156156156157 	 2.892090117494902e-08 	 2.1264318830272847e-15
127.14204204204205 	 2.8807057270261846e-08 	 2.0931472124822568e-15
127.64252252252254 	 2.869410611903945e-08 	 2.0605112499253503e-15
128.14300300300303 	 2.8582037260960024e-08 	 2.0285088825794995e-15
128.64348348348352 	 2.847084039848301e-08 	 1.9971254068354543e-15
129.14396396396398 	 2.8360505393694934e-08 	 1.966346515640112e-15
129.64444444444447 	 2.8251022265228227e-08 	 1.9361582863204796e-15
130.14492492492496 	 2.814238118525125e-08 	 1.9065471688266403e-15
130.64540540540543 	 2.8034572476527414e-08 	 1.877499974377714e-15
131.14588588588592 	 2.792758660954165e-08 	 1.8490038644955633e-15
131.6463663663664 	 2.782141419969248e-08 	 1.821046340411579e-15
132.14684684684687 	 2.7716046004547832e-08 	 1.793615232832473e-15
132.64732732732736 	 2.7611472921163004e-08 	 1.7666986920516463e-15
133.14780780780782 	 2.7507685983459127e-08 	 1.7402851783931868e-15
133.6482882882883 	 2.7404676359660488e-08 	 1.7143634529761165e-15
134.1487687687688 	 2.7302435349789305e-08 	 1.68892256878703e-15
134.64924924924927 	 2.7200954383216252e-08 	 1.663951862049687e-15
135.14972972972976 	 2.710022501626551e-08 	 1.6394409438806542e-15
135.65021021021025 	 2.7000238929872776e-08 	 1.6153796922204905e-15
136.1506906906907 	 2.6900987927294986e-08 	 1.5917582440304055e-15
136.6511711711712 	 2.6802463931870255e-08 	 1.568566987744702e-15
137.1516516516517 	 2.670465898482701e-08 	 1.5457965559697688e-15
137.65213213213215 	 2.6607565243140804e-08 	 1.523437818420647e-15
138.15261261261264 	 2.6511174977437733e-08 	 1.5014818750866516e-15
138.65309309309313 	 2.6415480569943323e-08 	 1.479920049617822e-15
139.1535735735736 	 2.632047451247562e-08 	 1.458743882924282e-15
139.6540540540541 	 2.6226149404481407e-08 	 1.4379451269809304e-15
140.15453453453458 	 2.6132497951114594e-08 	 1.4175157388301893e-15
140.65501501501504 	 2.6039512961355558e-08 	 1.3974478747757575e-15
141.15549549549553 	 2.594718734617047e-08 	 1.3777338847606743e-15
141.65597597597602 	 2.5855514116709746e-08 	 1.3583663069231966e-15
142.15645645645648 	 2.576448638254444e-08 	 1.3393378623242619e-15
142.65693693693697 	 2.5674097349939817e-08 	 1.320641449840549e-15
143.15741741741743 	 2.5584340320165145e-08 	 1.3022701412173965e-15
143.65789789789793 	 2.5495208687838787e-08 	 1.2842171762760002e-15
144.15837837837842 	 2.5406695939307803e-08 	 1.2664759582696097e-15
144.65885885885888 	 2.531879565106115e-08 	 1.2490400493835502e-15
145.15933933933937 	 2.5231501488175713e-08 	 1.2319031663741659e-15
145.65981981981986 	 2.5144807202794424e-08 	 1.2150591763419315e-15
146.16030030030032 	 2.5058706632635583e-08 	 1.1985020926341476e-15
146.6607807807808 	 2.4973193699532718e-08 	 1.1822260708728373e-15
147.1612612612613 	 2.4888262408004268e-08 	 1.1662254051035986e-15
147.66174174174176 	 2.4803906843852333e-08 	 1.1504945240613347e-15
148.16222222222225 	 2.472012117278981e-08 	 1.1350279875489366e-15
148.66270270270275 	 2.463689963909527e-08 	 1.119820482925133e-15
149.1631831831832 	 2.4554236564294963e-08 	 1.1048668216978676e-15
149.6636636636637 	 2.447212634587116e-08 	 1.0901619362196776e-15
150.1641441441442 	 2.4390563455996438e-08 	 1.0757008764817164e-15
150.66462462462465 	 2.430954244029312e-08 	 1.0614788070031335e-15
151.16510510510514 	 2.4229057916617372e-08 	 1.0474910038126866e-15
151.6655855855856 	 2.414910457386741e-08 	 1.0337328515195577e-15
152.1660660660661 	 2.4069677170815175e-08 	 1.0201998404704393e-15
152.66654654654658 	 2.3990770534961018e-08 	 1.0068875639900927e-15
153.16702702702705 	 2.3912379561410848e-08 	 9.937917157026615e-16
153.66750750750754 	 2.3834499211775175e-08 	 9.80908086931105e-16
154.16798798798803 	 2.3757124513089677e-08 	 9.6823256417226e-16
154.6684684684685 	 2.368025055675662e-08 	 9.55761126645064e-16
155.16894894894898 	 2.3603872497506873e-08 	 9.434898439096127e-16
155.66942942942947 	 2.3527985552381862e-08 	 9.314148735547764e-16
156.16990990990993 	 2.3452584999735158e-08 	 9.195324589521909e-16
156.67039039039042 	 2.3377666178253133e-08 	 9.078389270745048e-16
157.1708708708709 	 2.3303224485994407e-08 	 8.963306863758718e-16
157.67135135135138 	 2.3229255379447557e-08 	 8.850042247326856e-16
158.17183183183187 	 2.3155754372606654e-08 	 8.738561074426874e-16
158.67231231231236 	 2.3082717036064408e-08 	 8.628829752806078e-16
159.17279279279282 	 2.301013899612235e-08 	 8.520815426085652e-16
159.6732732732733 	 2.2938015933917737e-08 	 8.414485955395195e-16
160.1737537537538 	 2.2866343584566886e-08 	 8.309809901521359e-16
160.67423423423426 	 2.2795117736324465e-08 	 8.206756507554507e-16
161.17471471471475 	 2.2724334229758447e-08 	 8.105295682018111e-16
161.67519519519522 	 2.2653988956940453e-08 	 8.005397982466042e-16
162.1756756756757 	 2.2584077860650997e-08 	 7.907034599533238e-16
162.6761561561562 	 2.251459693359948e-08 	 7.810177341426018e-16
163.17663663663666 	 2.2445542217658474e-08 	 7.71479861883852e-16
163.67711711711715 	 2.2376909803112095e-08 	 7.620871430282325e-16
164.17759759759764 	 2.2308695827918107e-08 	 7.528369347816756e-16
164.6780780780781 	 2.2240896476983523e-08 	 7.437266503167721e-16
165.1785585585586 	 2.2173507981453267e-08 	 7.347537574223267e-16
165.67903903903908 	 2.2106526618011866e-08 	 7.259157771894757e-16
166.17951951951954 	 2.2039948708197674e-08 	 7.172102827332475e-16
166.68000000000004 	 2.1973770617729447e-08 	 7.086348979485137e-16
167.18048048048053 	 2.190798875584508e-08 	 7.001872962993196e-16
167.680960960961 	 2.1842599574652116e-08 	 6.918651996405777e-16
168.18144144144148 	 2.1777599568489898e-08 	 6.836663770711844e-16
168.68192192192197 	 2.171298527330304e-08 	 6.755886438176261e-16
169.18240240240243 	 2.164875326602606e-08 	 6.676298601471751e-16
169.68288288288292 	 2.1584900163978858e-08 	 6.597879303098058e-16
170.18336336336338 	 2.15214226242729e-08 	 6.520608015079964e-16
170.68384384384387 	 2.1458317343227823e-08 	 6.444464628935927e-16
171.18432432432436 	 2.139558105579829e-08 	 6.369429445909563e-16
171.68480480480483 	 2.1333210535010855e-08 	 6.295483167456254e-16
172.18528528528532 	 2.127120259141066e-08 	 6.222606885977542e-16
172.6857657657658 	 2.120955407251775e-08 	 6.150782075796202e-16
173.18624624624627 	 2.114826186229283e-08 	 6.079990584364967e-16
173.68672672672676 	 2.1087322880612207e-08 	 6.010214623702256e-16
174.18720720720725 	 2.1026734082751858e-08 	 5.941436762048479e-16
174.6876876876877 	 2.096649245888032e-08 	 5.873639915736474e-16
175.1881681681682 	 2.0906595033560256e-08 	 5.806807341270119e-16
175.6886486486487 	 2.0847038865258615e-08 	 5.740922627605169e-16
176.18912912912916 	 2.0787821045865044e-08 	 5.675969688626562e-16
176.68960960960965 	 2.0728938700218553e-08 	 5.611932755816705e-16
177.19009009009014 	 2.0670388985642183e-08 	 5.548796371109356e-16
177.6905705705706 	 2.0612169091485538e-08 	 5.486545379923877e-16
178.1910510510511 	 2.055427623867501e-08 	 5.425164924374809e-16
178.69153153153155 	 2.0496707679271594e-08 	 5.364640436651955e-16
179.19201201201204 	 2.043946069603608e-08 	 5.3049576325660785e-16
179.69249249249253 	 2.0382532602001533e-08 	 5.246102505255797e-16
180.192972972973 	 2.0325920740052905e-08 	 5.188061319051104e-16
180.6934534534535 	 2.0269622482513593e-08 	 5.130820603489184e-16
181.19393393393398 	 2.0213635230738903e-08 	 5.074367147478448e-16
181.69441441441444 	 2.0157956414716175e-08 	 5.018687993606578e-16
182.19489489489493 	 2.010258349267156e-08 	 4.963770432588753e-16
182.69537537537542 	 2.004751395068321e-08 	 4.909601997852185e-16
183.19585585585588 	 1.9992745302300838e-08 	 4.856170460253244e-16
183.69633633633637 	 1.9938275088171476e-08 	 4.803463822923599e-16
184.19681681681686 	 1.9884100875671356e-08 	 4.751470316241906e-16
184.69729729729733 	 1.9830220258543758e-08 	 4.700178392927576e-16
185.19777777777782 	 1.977663085654273e-08 	 4.649576723253409e-16
185.6982582582583 	 1.9723330315082605e-08 	 4.599654190373914e-16
186.19873873873877 	 1.9670316304893108e-08 	 4.550399885766127e-16
186.69921921921926 	 1.9617586521680046e-08 	 4.501803104780013e-16
187.19969969969975 	 1.956513868579149e-08 	 4.453853342295533e-16
187.7001801801802 	 1.951297054188916e-08 	 4.406540288483426e-16
188.2006606606607 	 1.9461079858625225e-08 	 4.3598538246671505e-16
188.70114114114116 	 1.9409464428324098e-08 	 4.31378401928313e-16
189.20162162162165 	 1.935812206666938e-08 	 4.2683211239368314e-16
189.70210210210215 	 1.930705061239571e-08 	 4.2234555695521025e-16
190.2025825825826 	 1.92562479269855e-08 	 4.179177962611351e-16
190.7030630630631 	 1.9205711894370426e-08 	 4.135479081484161e-16
191.2035435435436 	 1.9155440420637643e-08 	 4.0923498728420797e-16
191.70402402402405 	 1.910543143374056e-08 	 4.049781448157305e-16
192.20450450450454 	 1.905568288321415e-08 	 4.007765080283084e-16
192.70498498498503 	 1.9006192739894724e-08 	 3.966292200113788e-16
193.2054654654655 	 1.895695899564401e-08 	 3.9253543933224807e-16
193.70594594594598 	 1.8907979663077547e-08 	 3.8849433971741063e-16
194.20642642642648 	 1.8859252775297252e-08 	 3.845051097412272e-16
194.70690690690694 	 1.8810776385628154e-08 	 3.8056695252178045e-16
195.20738738738743 	 1.876254856735913e-08 	 3.766790854237195e-16
195.70786786786792 	 1.8714567413487637e-08 	 3.7284073976791675e-16
196.20834834834838 	 1.8666831036468355e-08 	 3.6905116054776745e-16
196.70882882882887 	 1.8619337567965685e-08 	 3.6530960615195804e-16
197.20930930930933 	 1.8572085158609957e-08 	 3.6161534809354294e-16
197.70978978978982 	 1.8525071977757416e-08 	 3.579676707451721e-16
198.2102702702703 	 1.8478296213253783e-08 	 3.543658710803091e-16
198.71075075075078 	 1.843175607120143e-08 	 3.508092584202987e-16
199.21123123123127 	 1.8385449775730034e-08 	 3.4729715418712386e-16
199.71171171171176 	 1.8339375568770703e-08 	 3.4382889166172644e-16
200.21219219219222 	 1.8293531709833486e-08 	 3.4040381574774017e-16
200.7126726726727 	 1.8247916475788182e-08 	 3.370212827405041e-16
201.2131531531532 	 1.820252816064847e-08 	 3.336806601012342e-16
201.71363363363366 	 1.815736507535922e-08 	 3.303813262362128e-16
202.21411411411415 	 1.8112425547586955e-08 	 3.271226702808805e-16
202.71459459459464 	 1.806770792151345e-08 	 3.239040918887089e-16
203.2150750750751 	 1.802321055763235e-08 	 3.207250010247344e-16
203.7155555555556 	 1.7978931832548812e-08 	 3.175848177636398e-16
204.2160360360361 	 1.793487013878206e-08 	 3.144829720922753e-16
204.71651651651655 	 1.789102388457087e-08 	 3.114189037165064e-16
205.21699699699704 	 1.784739149368188e-08 	 3.083920618722871e-16
205.71747747747753 	 1.7803971405220707e-08 	 3.0540190514085426e-16
206.217957957958 	 1.776076207344582e-08 	 3.0244790126794407e-16
206.71843843843848 	 1.771776196758509e-08 	 2.995295269869326e-16
207.21891891891894 	 1.7674969571655036e-08 	 2.966462678458089e-16
207.71939939939944 	 1.763238338428266e-08 	 2.9379761803788337e-16
208.21987987987993 	 1.759000191852986e-08 	 2.9098308023614865e-16
208.7203603603604 	 1.7547823701720348e-08 	 2.8820216543119954e-16
209.22084084084088 	 1.7505847275269104e-08 	 2.8545439277263056e-16
209.72132132132137 	 1.7464071194514197e-08 	 2.827392894138286e-16
210.22180180180183 	 1.74224940285511e-08 	 2.800563903600791e-16
210.72228228228232 	 1.7381114360069254e-08 	 2.7740523831990507e-16
211.2227627627628 	 1.7339930785191088e-08 	 2.7478538355956954e-16
211.72324324324327 	 1.7298941913313192e-08 	 2.721963837606576e-16
212.22372372372377 	 1.725814636694982e-08 	 2.6963780388067375e-16
212.72420420420426 	 1.721754278157858e-08 	 2.6710921601657976e-16
213.22468468468472 	 1.717712980548831e-08 	 2.6461019927120483e-16
213.7251651651652 	 1.7136906099629047e-08 	 2.6214033962246073e-16
214.2256456456457 	 1.7096870337464142e-08 	 2.5969922979529863e-16
214.72612612612616 	 1.7057021204824457e-08 	 2.5728646913634205e-16
215.22660660660665 	 1.701735739976452e-08 	 2.5490166349113244e-16
215.7270870870871 	 1.6977877632420774e-08 	 2.5254442508393253e-16
216.2275675675676 	 1.6938580624871735e-08 	 2.5021437240002167e-16
216.7280480480481 	 1.689946511100011e-08 	 2.479111300704306e-16
217.22852852852856 	 1.686052983635682e-08 	 2.456343287590574e-16
217.72900900900905 	 1.682177355802688e-08 	 2.433836050521111e-16
218.22948948948954 	 1.6783195044497153e-08 	 2.411586013498288e-16
218.72996996997 	 1.6744793075525913e-08 	 2.3895896576041644e-16
219.2304504504505 	 1.670656644201416e-08 	 2.3678435199615836e-16
219.73093093093098 	 1.6668513945878756e-08 	 2.34634419271653e-16
220.23141141141144 	 1.6630634399927226e-08 	 2.325088322041193e-16
220.73189189189193 	 1.6592926627734312e-08 	 2.3040726071573314e-16
221.23237237237242 	 1.655538946352017e-08 	 2.2832937993794393e-16
221.7328528528529 	 1.6518021752030244e-08 	 2.2627487011772984e-16
222.23333333333338 	 1.648082234841673e-08 	 2.24243416525744e-16
222.73381381381387 	 1.6443790118121673e-08 	 2.222347093663156e-16
223.23429429429433 	 1.6406923936761614e-08 	 2.202484436892579e-16
223.73477477477482 	 1.6370222690013793e-08 	 2.1828431930344717e-16
224.23525525525528 	 1.633368527350387e-08 	 2.1634204069213148e-16
224.73573573573577 	 1.629731059269515e-08 	 2.1442131692993112e-16
225.23621621621626 	 1.6261097562779295e-08 	 2.1252186160149353e-16
225.73669669669673 	 1.6225045108568477e-08 	 2.1064339272176659e-16
226.23717717717722 	 1.6189152164388947e-08 	 2.087856326578518e-16
226.7376576576577 	 1.6153417673976076e-08 	 2.0694830805240825e-16
227.23813813813817 	 1.611784059037069e-08 	 2.0513114974856642e-16
227.73861861861866 	 1.6082419875816843e-08 	 2.033338927163241e-16
228.23909909909915 	 1.6047154501660932e-08 	 2.0155627598038975e-16
228.7395795795796 	 1.6012043448252087e-08 	 1.997980425494425e-16
229.2400600600601 	 1.5977085704843907e-08 	 1.980589393467758e-16
229.7405405405406 	 1.5942280269497473e-08 	 1.9633871714229892e-16
230.24102102102106 	 1.590762614898563e-08 	 1.9463713048586305e-16
230.74150150150155 	 1.5873122358698487e-08 	 1.92953937641884e-16
231.24198198198204 	 1.5838767922550185e-08 	 1.9128890052523633e-16
231.7424624624625 	 1.5804561872886842e-08 	 1.8964178463838716e-16
232.242942942943 	 1.5770503250395694e-08 	 1.8801235900974682e-16
232.74342342342348 	 1.573659110401544e-08 	 1.8640039613320876e-16
233.24390390390394 	 1.5702824490847677e-08 	 1.848056719088521e-16
233.74438438438443 	 1.5669202476069532e-08 	 1.8322796558478399e-16
234.2448648648649 	 1.5635724132847393e-08 	 1.8166705970009748e-16
234.74534534534538 	 1.560238854225174e-08 	 1.8012274002891864e-16
235.24582582582588 	 1.5569194793173058e-08 	 1.7859479552552305e-16
235.74630630630634 	 1.5536141982238847e-08 	 1.7708301827049714e-16
236.24678678678683 	 1.5503229213731645e-08 	 1.7558720341792217e-16
236.74726726726732 	 1.5470455599508137e-08 	 1.741071491435614e-16
237.24774774774778 	 1.543782025891925e-08 	 1.7264265659402589e-16
237.74822822822827 	 1.5405322318731286e-08 	 1.711935298369021e-16
238.24870870870876 	 1.5372960913048027e-08 	 1.6975957581181826e-16
238.74918918918922 	 1.5340735183233826e-08 	 1.683406042824317e-16
239.24966966966971 	 1.5308644277837683e-08 	 1.669364277893167e-16
239.7501501501502 	 1.5276687352518223e-08 	 1.6554686160373509e-16
240.25063063063067 	 1.5244863569969686e-08 	 1.6417172368227136e-16
240.75111111111116 	 1.5213172099848757e-08 	 1.628108346223122e-16
241.25159159159165 	 1.518161211870238e-08 	 1.614640176183568e-16
241.7520720720721 	 1.515018280989641e-08 	 1.6013109841913712e-16
242.2525525525526 	 1.511888336354519e-08 	 1.5881190528553312e-16
242.75303303303306 	 1.5087712976441992e-08 	 1.5750626894926804e-16
243.25351351351355 	 1.5056670851990285e-08 	 1.5621402257236331e-16
243.75399399399404 	 1.50257562001359e-08 	 1.549350017073436e-16
244.2544744744745 	 1.4994968237299982e-08 	 1.5366904425817065e-16
244.754954954955 	 1.4964306186312804e-08 	 1.5241599044189567e-16
245.2554354354355 	 1.4933769276348356e-08 	 1.511756827510132e-16
245.75591591591595 	 1.4903356742859772e-08 	 1.4994796591650316e-16
246.25639639639644 	 1.4873067827515487e-08 	 1.4873268687154579e-16
246.75687687687693 	 1.4842901778136253e-08 	 1.4752969471589895e-16
247.2573573573574 	 1.4812857848632834e-08 	 1.4633884068092034e-16
247.75783783783788 	 1.4782935298944516e-08 	 1.4515997809522472e-16
248.25831831831837 	 1.4753133394978335e-08 	 1.4399296235096242e-16
248.75879879879884 	 1.4723451408549051e-08 	 1.428376508707064e-16
249.25927927927933 	 1.4693888617319819e-08 	 1.4169390307493536e-16
249.75975975975982 	 1.466444430474362e-08 	 1.4056158035010265e-16
250.26024024024028 	 1.4635117760005344e-08 	 1.394405460172772e-16
250.76072072072077 	 1.46059082779646e-08 	 1.3833066530134637e-16
251.26120120120126 	 1.4576815159099199e-08 	 1.3723180530076933e-16
251.76168168168172 	 1.4547837709449318e-08 	 1.3614383495787042e-16
252.2621621621622 	 1.45189752405623e-08 	 1.350666250296597e-16
252.76264264264267 	 1.449022706943816e-08 	 1.340000480591742e-16
253.26312312312317 	 1.4461592518475686e-08 	 1.3294397834732582e-16
253.76360360360366 	 1.4433070915419223e-08 	 1.3189829192524787e-16
254.26408408408412 	 1.4404661593306043e-08 	 1.3086286652713036e-16
254.7645645645646 	 1.437636389041436e-08 	 1.2983758156353323e-16
255.2650450450451 	 1.4348177150211967e-08 	 1.2882231809517055e-16
255.76552552552556 	 1.4320100721305445e-08 	 1.2781695880715384e-16
256.266006006006 	 1.4292133957389986e-08 	 1.2682138798368691e-16
256.7664864864865 	 1.4264276217199806e-08 	 1.2583549148320423e-16
257.266966966967 	 1.4236526864459128e-08 	 1.24859156713942e-16
257.76744744744747 	 1.4208885267833743e-08 	 1.238922726099364e-16
258.26792792792793 	 1.418135080088312e-08 	 1.2293472960743742e-16
258.76840840840845 	 1.4153922842013091e-08 	 1.2198641962173347e-16
259.2688888888889 	 1.412660077442908e-08 	 1.2104723602437722e-16
259.7693693693694 	 1.4099383986089846e-08 	 1.2011707362080445e-16
260.2698498498499 	 1.4072271869661805e-08 	 1.1919582862833986e-16
260.77033033033035 	 1.4045263822473853e-08 	 1.182833986545818e-16
261.2708108108108 	 1.4018359246472682e-08 	 1.1737968267615738e-16
261.77129129129133 	 1.399155754817867e-08 	 1.1648458101784394e-16
262.2717717717718 	 1.396485813864223e-08 	 1.1559799533204655e-16
262.77225225225226 	 1.3938260433400659e-08 	 1.1471982857862677e-16
263.2727327327328 	 1.3911763852435502e-08 	 1.138499850050757e-16
263.77321321321324 	 1.3885367820130394e-08 	 1.1298837012702486e-16
264.2736936936937 	 1.3859071765229367e-08 	 1.1213489070908746e-16
264.7741741741742 	 1.3832875120795634e-08 	 1.1128945474602525e-16
265.2746546546547 	 1.380677732417087e-08 	 1.1045197144423478e-16
265.77513513513514 	 1.3780777816934897e-08 	 1.0962235120354508e-16
266.2756156156156 	 1.3754876044865874e-08 	 1.0880050559932383e-16
266.7760960960961 	 1.3729071457900914e-08 	 1.0798634736488402e-16
267.2765765765766 	 1.3703363510097144e-08 	 1.0717979037418675e-16
267.77705705705705 	 1.3677751659593199e-08 	 1.0638074962483334e-16
268.27753753753757 	 1.365223536857115e-08 	 1.0558914122134312e-16
268.77801801801803 	 1.3626814103218875e-08 	 1.0480488235871068e-16
269.2784984984985 	 1.3601487333692809e-08 	 1.0402789130623614e-16
269.778978978979 	 1.357625453408114e-08 	 1.0325808739162608e-16
270.2794594594595 	 1.3551115182367433e-08 	 1.0249539098535854e-16
270.77993993993994 	 1.352606876039459e-08 	 1.0173972348530616e-16
271.28042042042046 	 1.3501114753829266e-08 	 1.0099100730161503e-16
271.7809009009009 	 1.3476252652126683e-08 	 1.0024916584183392e-16
272.2813813813814 	 1.3451481948495773e-08 	 9.951412349628684e-17
272.7818618618619 	 1.3426802139864775e-08 	 9.878580562368877e-17
273.28234234234236 	 1.3402212726847166e-08 	 9.806413853699644e-17
273.7828228228228 	 1.3377713213707968e-08 	 9.734904948949146e-17
274.28330330330334 	 1.3353303108330451e-08 	 9.66404666610917e-17
274.7837837837838 	 1.3328981922183175e-08 	 9.593831914488645e-17
275.28426426426427 	 1.330474917028739e-08 	 9.52425369338905e-17
275.7847447447448 	 1.328060437118481e-08 	 9.455305090801517e-17
276.28522522522525 	 1.3256547046905734e-08 	 9.386979282125057e-17
276.7857057057057 	 1.323257672293748e-08 	 9.319269528905536e-17
277.2861861861862 	 1.3208692928193214e-08 	 9.252169177595203e-17
277.7866666666667 	 1.318489519498108e-08 	 9.185671658332168e-17
278.28714714714715 	 1.3161183058973666e-08 	 9.119770483739626e-17
278.78762762762767 	 1.3137556059177802e-08 	 9.054459247744435e-17
279.28810810810813 	 1.3114013737904706e-08 	 8.989731624414719e-17
279.7885885885886 	 1.3090555640740404e-08 	 8.925581366816026e-17
280.2890690690691 	 1.3067181316516508e-08 	 8.862002305885973e-17
280.7895495495496 	 1.3043890317281291e-08 	 8.798988349326788e-17
281.29003003003004 	 1.3020682198271061e-08 	 8.736533480515555e-17
281.79051051051056 	 1.2997556517881866e-08 	 8.674631757431877e-17
282.290990990991 	 1.2974512837641468e-08 	 8.61327731160256e-17
282.7914714714715 	 1.2951550722181639e-08 	 8.552464347063056e-17
283.291951951952 	 1.292866973921074e-08 	 8.492187139335411e-17
283.79243243243246 	 1.29058694594866e-08 	 8.432440034422403e-17
284.2929129129129 	 1.2883149456789661e-08 	 8.373217447817482e-17
284.7933933933934 	 1.2860509307896427e-08 	 8.314513863530444e-17
285.2938738738739 	 1.2837948592553183e-08 	 8.256323833128375e-17
285.79435435435437 	 1.2815466893449996e-08 	 8.198641974791711e-17
286.29483483483483 	 1.2793063796194972e-08 	 8.141462972385053e-17
286.79531531531535 	 1.2770738889288812e-08 	 8.084781574542612e-17
287.2957957957958 	 1.2748491764099604e-08 	 8.028592593767901e-17
287.7962762762763 	 1.2726322014837899e-08 	 7.972890905547499e-17
288.2967567567568 	 1.2704229238532024e-08 	 7.917671447478626e-17
288.79723723723725 	 1.2682213035003695e-08 	 7.862929218410295e-17
289.2977177177177 	 1.266027300684382e-08 	 7.808659277597785e-17
289.79819819819824 	 1.2638408759388608e-08 	 7.754856743870221e-17
290.2986786786787 	 1.2616619900695908e-08 	 7.701516794811093e-17
290.79915915915916 	 1.2594906041521771e-08 	 7.648634665951334e-17
291.2996396396397 	 1.2573266795297278e-08 	 7.596205649974919e-17
291.80012012012014 	 1.2551701778105617e-08 	 7.544225095936713e-17
292.3006006006006 	 1.2530210608659348e-08 	 7.492688408492225e-17
292.8010810810811 	 1.2508792908277949e-08 	 7.441591047139326e-17
293.3015615615616 	 1.2487448300865584e-08 	 7.390928525471502e-17
293.80204204204205 	 1.2466176412889061e-08 	 7.34069641044251e-17
294.30252252252257 	 1.2444976873356062e-08 	 7.290890321642311e-17
294.803003003003 	 1.2423849313793575e-08 	 7.241505930584026e-17
295.3034834834835 	 1.240279336822654e-08 	 7.192538960001706e-17
295.803963963964 	 1.238180867315671e-08 	 7.143985183158802e-17
296.30444444444447 	 1.2360894867541754e-08 	 7.095840423167131e-17
296.80492492492493 	 1.234005159277453e-08 	 7.048100552316097e-17
297.30540540540545 	 1.2319278492662594e-08 	 7.000761491412097e-17
297.8058858858859 	 1.2298575213407924e-08 	 6.953819209127911e-17
298.3063663663664 	 1.2277941403586806e-08 	 6.907269721361795e-17
298.8068468468469 	 1.2257376714129981e-08 	 6.861109090606343e-17
299.30732732732736 	 1.2236880798302939e-08 	 6.815333425326711e-17
299.8078078078078 	 1.2216453311686436e-08 	 6.76993887934823e-17
300.30828828828834 	 1.2196093912157208e-08 	 6.724921651253143e-17
300.8087687687688 	 1.2175802259868859e-08 	 6.680277983786357e-17
301.30924924924926 	 1.2155578017232972e-08 	 6.636004163270102e-17
301.8097297297298 	 1.2135420848900358e-08 	 6.592096519027212e-17
302.31021021021024 	 1.2115330421742546e-08 	 6.548551422813082e-17
302.8106906906907 	 1.2095306404833425e-08 	 6.505365288255983e-17
303.31117117117117 	 1.2075348469431063e-08 	 6.462534570305683e-17
303.8116516516517 	 1.2055456288959722e-08 	 6.420055764690224e-17
304.31213213213215 	 1.2035629538992062e-08 	 6.377925407380779e-17
304.8126126126126 	 1.2015867897231472e-08 	 6.336140074064256e-17
305.31309309309313 	 1.1996171043494633e-08 	 6.294696379623817e-17
305.8135735735736 	 1.1976538659694214e-08 	 6.253590977626946e-17
306.31405405405405 	 1.1956970429821747e-08 	 6.212820559821025e-17
306.8145345345346 	 1.1937466039930678e-08 	 6.172381855636344e-17
307.31501501501504 	 1.1918025178119577e-08 	 6.132271631696335e-17
307.8154954954955 	 1.18986475345155e-08 	 6.09248669133497e-17
308.315975975976 	 1.1879332801257545e-08 	 6.053023874121188e-17
308.8164564564565 	 1.186008067248053e-08 	 6.013880055390266e-17
309.31693693693694 	 1.1840890844298862e-08 	 5.975052145781959e-17
309.81741741741746 	 1.1821763014790529e-08 	 5.936537090785352e-17
310.3178978978979 	 1.1802696883981293e-08 	 5.898331870290341e-17
310.8183783783784 	 1.1783692153828981e-08 	 5.860433498145525e-17
311.3188588588589 	 1.1764748528207968e-08 	 5.822839021722535e-17
311.81933933933936 	 1.1745865712893805e-08 	 5.785545521486659e-17
312.3198198198198 	 1.1727043415547965e-08 	 5.748550110573543e-17
312.82030030030035 	 1.170828134570277e-08 	 5.711849934372092e-17
313.3207807807808 	 1.1689579214746452e-08 	 5.675442170113299e-17
313.82126126126127 	 1.1670936735908344e-08 	 5.639324026464931e-17
314.3217417417418 	 1.1652353624244233e-08 	 5.603492743132085e-17
314.82222222222225 	 1.1633829596621831e-08 	 5.567945590463375e-17
315.3227027027027 	 1.1615364371706407e-08 	 5.53267986906276e-17
315.82318318318323 	 1.1596957669946531e-08 	 5.497692909406903e-17
316.3236636636637 	 1.157860921355998e-08 	 5.462982071467961e-17
316.82414414414416 	 1.1560318726519757e-08 	 5.4285447443417075e-17
317.3246246246247 	 1.154208593454025e-08 	 5.394378345880942e-17
317.82510510510514 	 1.152391056506352e-08 	 5.360480322334077e-17
318.3255855855856 	 1.1505792347245725e-08 	 5.326848147988817e-17
318.8260660660661 	 1.1487731011943658e-08 	 5.293479324820876e-17
319.3265465465466 	 1.1469726291701426e-08 	 5.260371382147632e-17
319.82702702702704 	 1.1451777920737253e-08 	 5.227521876286642e-17
320.32750750750756 	 1.143388563493038e-08 	 5.194928390218934e-17
320.827987987988 	 1.1416049171808148e-08 	 5.1625885332570866e-17
321.3284684684685 	 1.1398268270533115e-08 	 5.1304999407178224e-17
321.82894894894895 	 1.1380542671890382e-08 	 5.0986602735993064e-17
322.32942942942947 	 1.1362872118274975e-08 	 5.067067218262861e-17
322.82990990990993 	 1.1345256353679372e-08 	 5.035718486119141e-17
323.3303903903904 	 1.132769512368114e-08 	 5.004611813318657e-17
323.8308708708709 	 1.1310188175430683e-08 	 4.9737449604466096e-17
324.3313513513514 	 1.1292735257639112e-08 	 4.943115712221943e-17
324.83183183183183 	 1.1275336120566218e-08 	 4.912721877200553e-17
325.33231231231235 	 1.125799051600855e-08 	 4.882561287482603e-17
325.8327927927928 	 1.1240698197287643e-08 	 4.852631798423912e-17
326.3332732732733 	 1.1223458919238287e-08 	 4.822931288351232e-17
326.8337537537538 	 1.1206272438196964e-08 	 4.793457658281518e-17
327.33423423423426 	 1.1189138511990361e-08 	 4.764208831645035e-17
327.8347147147147 	 1.1172056899924001e-08 	 4.7351827540122346e-17
328.33519519519524 	 1.1155027362770953e-08 	 4.7063773928243774e-17
328.8356756756757 	 1.1138049662760694e-08 	 4.677790737127884e-17
329.33615615615616 	 1.1121123563568017e-08 	 4.649420797312229e-17
329.8366366366367 	 1.1104248830302079e-08 	 4.6212656048514774e-17
330.33711711711715 	 1.1087425229495532e-08 	 4.593323212049307e-17
330.8375975975976 	 1.1070652529093752e-08 	 4.565591691787484e-17
331.3380780780781 	 1.1053930498444173e-08 	 4.5380691372777685e-17
331.8385585585586 	 1.1037258908285724e-08 	 4.510753661817202e-17
332.33903903903905 	 1.102063753073833e-08 	 4.483643398546629e-17
332.83951951951957 	 1.1004066139292542e-08 	 4.456736500212563e-17
333.34000000000003 	 1.0987544508799259e-08 	 4.4300311389322265e-17
333.8404804804805 	 1.0971072415459499e-08 	 4.403525505961725e-17
334.340960960961 	 1.0954649636814329e-08 	 4.377217811467401e-17
334.8414414414415 	 1.0938275951734827e-08 	 4.3511062843002105e-17
335.34192192192194 	 1.0921951140412171e-08 	 4.3251891717731345e-17
335.84240240240246 	 1.090567498434779e-08 	 4.299464739441559e-17
336.3428828828829 	 1.0889447266343628e-08 	 4.2739312708866356e-17
336.8433633633634 	 1.0873267770492474e-08 	 4.24858706750146e-17
337.3438438438439 	 1.0857136282168386e-08 	 4.2234304482801485e-17
337.84432432432436 	 1.0841052588017218e-08 	 4.198459749609736e-17
338.3448048048048 	 1.0825016475947179e-08 	 4.1736733250647674e-17
338.8452852852853 	 1.080902773511955e-08 	 4.14906954520469e-17
339.3457657657658 	 1.0793086155939408e-08 	 4.124646797373879e-17
339.84624624624627 	 1.0777191530046506e-08 	 4.1004034855043494e-17
340.34672672672673 	 1.0761343650306155e-08 	 4.076338029921012e-17
340.84720720720725 	 1.0745542310800248e-08 	 4.0524488671495616e-17
341.3476876876877 	 1.0729787306818348e-08 	 4.028734449726872e-17
341.8481681681682 	 1.0714078434848822e-08 	 4.00519324601385e-17
342.3486486486487 	 1.0698415492570111e-08 	 3.981823740010808e-17
342.84912912912915 	 1.0682798278842014e-08 	 3.958624431175206e-17
343.3496096096096 	 1.0667226593697099e-08 	 3.9355938342418e-17
343.85009009009013 	 1.065170023833215e-08 	 3.912730479045142e-17
344.3505705705706 	 1.0636219015099731e-08 	 3.890032910344398e-17
344.85105105105106 	 1.062078272749977e-08 	 3.8674996876504353e-17
345.3515315315316 	 1.0605391180171268e-08 	 3.845129385055175e-17
345.85201201201204 	 1.059004417888405e-08 	 3.822920591063166e-17
346.3524924924925 	 1.0574741530530589e-08 	 3.8008719084253157e-17
346.852972972973 	 1.0559483043117913e-08 	 3.778981953974811e-17
347.3534534534535 	 1.054426852575958e-08 	 3.757249358465149e-17
347.85393393393394 	 1.0529097788667703e-08 	 3.735672766410241e-17
348.35441441441446 	 1.0513970643145067e-08 	 3.714250835926608e-17
348.8548948948949 	 1.049888690157732e-08 	 3.692982238577614e-17
349.3553753753754 	 1.0483846377425184e-08 	 3.6718656592196475e-17
349.8558558558559 	 1.0468848885216793e-08 	 3.650899795850358e-17
350.35633633633637 	 1.0453894240540064e-08 	 3.630083359458782e-17
350.85681681681683 	 1.0438982260035125e-08 	 3.6094150738774096e-17
351.35729729729735 	 1.0424112761386834e-08 	 3.5888936756361375e-17
351.8577777777778 	 1.0409285563317343e-08 	 3.568517913818101e-17
352.3582582582583 	 1.039450048557874e-08 	 3.548286549917337e-17
352.8587387387388 	 1.0379757348945729e-08 	 3.5281983576982365e-17
353.35921921921926 	 1.0365055975208403e-08 	 3.5082521230568375e-17
353.8596996996997 	 1.035039618716506e-08 	 3.4884466438838315e-17
354.36018018018024 	 1.0335777808615069e-08 	 3.4687807299293204e-17
354.8606606606607 	 1.032120066435184e-08 	 3.4492532026693133e-17
355.36114114114116 	 1.0306664580155796e-08 	 3.429862895173869e-17
355.8616216216217 	 1.0292169382787443e-08 	 3.410608651976931e-17
356.36210210210214 	 1.0277714899980491e-08 	 3.3914893289478034e-17
356.8625825825826 	 1.0263300960435029e-08 	 3.3725037931642403e-17
357.36306306306307 	 1.0248927393810748e-08 	 3.3536509227871215e-17
357.8635435435436 	 1.023459403072024e-08 	 3.3349296069367215e-17
358.36402402402405 	 1.0220300702722359e-08 	 3.3163387455705324e-17
358.8645045045045 	 1.0206047242315578e-08 	 3.297877249362572e-17
359.364984984985 	 1.0191833482931495e-08 	 3.279544039584275e-17
359.8654654654655 	 1.0177659258928321e-08 	 3.261338047986811e-17
360.36594594594595 	 1.016352440558444e-08 	 3.243258216684889e-17
360.8664264264265 	 1.014942875909204e-08 	 3.225303498042027e-17
361.36690690690693 	 1.0135372156550787e-08 	 3.2074728545572263e-17
361.8673873873874 	 1.0121354435961535e-08 	 3.189765258753053e-17
362.3678678678679 	 1.0107375436220114e-08 	 3.172179693065132e-17
362.8683483483484 	 1.0093434997111164e-08 	 3.154715149732989e-17
363.36882882882884 	 1.0079532959301993e-08 	 3.1373706306922314e-17
363.86930930930936 	 1.0065669164336526e-08 	 3.120145147468104e-17
364.3697897897898 	 1.005184345462928e-08 	 3.103037721070313e-17
364.8702702702703 	 1.0038055673459384e-08 	 3.0860473818891647e-17
365.3707507507508 	 1.0024305664964667e-08 	 3.0691731695929864e-17
365.87123123123126 	 1.0010593274135792e-08 	 3.052414133026812e-17
366.3717117117117 	 9.996918346810408e-09 	 3.0357693301122785e-17
366.87219219219224 	 9.983280729667393e-09 	 3.019237827748787e-17
367.3726726726727 	 9.969680270221114e-09 	 3.002818701715856e-17
367.87315315315317 	 9.95611681681575e-09 	 2.986511036576667e-17
368.3736336336337 	 9.942590218619649e-09 	 2.9703139255827864e-17
368.87411411411415 	 9.929100325619744e-09 	 2.9542264705800674e-17
369.3745945945946 	 9.915646988615992e-09 	 2.938247781915652e-17
369.87507507507513 	 9.902230059215895e-09 	 2.9223769783461647e-17
370.3755555555556 	 9.888849389829032e-09 	 2.906613186946973e-17
370.87603603603606 	 9.875504833661645e-09 	 2.890955543022554e-17
371.3765165165166 	 9.862196244711277e-09 	 2.8754031900179756e-17
371.87699699699704 	 9.848923477761441e-09 	 2.859955279431412e-17
372.3774774774775 	 9.835686388376348e-09 	 2.844610970727734e-17
372.877957957958 	 9.82248483289565e-09 	 2.829369431253136e-17
373.3784384384385 	 9.809318668429273e-09 	 2.814229836150803e-17
373.87891891891894 	 9.796187752852228e-09 	 2.7991913682775665e-17
374.37939939939946 	 9.783091944799513e-09 	 2.7842532181215786e-17
374.8798798798799 	 9.77003110366105e-09 	 2.7694145837209792e-17
375.3803603603604 	 9.757005089576629e-09 	 2.7546746705835203e-17
375.88084084084085 	 9.744013763430933e-09 	 2.740032691607153e-17
376.38132132132137 	 9.731056986848579e-09 	 2.725487867001584e-17
376.8818018018018 	 9.718134622189217e-09 	 2.711039424210749e-17
377.3822822822823 	 9.705246532542631e-09 	 2.6966865978362078e-17
377.8827627627628 	 9.692392581723927e-09 	 2.682428629561456e-17
378.38324324324327 	 9.679572634268727e-09 	 2.668264768077145e-17
378.88372372372373 	 9.66678655542841e-09 	 2.6541942690071734e-17
379.38420420420425 	 9.65403421116539e-09 	 2.640216394835665e-17
379.8846846846847 	 9.641315468148442e-09 	 2.626330414834809e-17
380.3851651651652 	 9.628630193748041e-09 	 2.612535604993548e-17
380.8856456456457 	 9.615978256031755e-09 	 2.598831247947109e-17
381.38612612612616 	 9.603359523759682e-09 	 2.5852166329073712e-17
381.8866066066066 	 9.590773866379903e-09 	 2.571691055594054e-17
382.38708708708714 	 9.57822115402397e-09 	 2.558253818166694e-17
382.8875675675676 	 9.565701257502473e-09 	 2.544904229157459e-17
383.38804804804806 	 9.553214048300567e-09 	 2.5316416034047043e-17
383.8885285285286 	 9.54075939857359e-09 	 2.5184652619873378e-17
384.38900900900904 	 9.52833718114272e-09 	 2.5053745321599565e-17
384.8894894894895 	 9.515947269490615e-09 	 2.4923687472887068e-17
385.38996996997 	 9.503589537757139e-09 	 2.4794472467879356e-17
385.8904504504505 	 9.491263860735086e-09 	 2.4666093760575413e-17
386.39093093093095 	 9.478970113865971e-09 	 2.453854486421089e-17
386.89141141141147 	 9.466708173235803e-09 	 2.4411819350646028e-17
387.39189189189193 	 9.454477915570959e-09 	 2.4285910849761234e-17
387.8923723723724 	 9.442279218234023e-09 	 2.4160813048859068e-17
388.3928528528529 	 9.430111959219698e-09 	 2.4036519692073584e-17
388.8933333333334 	 9.417976017150747e-09 	 2.3913024579786357e-17
389.39381381381384 	 9.40587127127394e-09 	 2.3790321568049175e-17
389.89429429429435 	 9.393797601456058e-09 	 2.3668404568013475e-17
390.3947747747748 	 9.381754888179925e-09 	 2.3547267545366458e-17
390.8952552552553 	 9.369743012540451e-09 	 2.3426904519773358e-17
391.3957357357358 	 9.357761856240728e-09 	 2.3307309564326476e-17
391.89621621621626 	 9.345811301588141e-09 	 2.3188476805000314e-17
392.3966966966967 	 9.333891231490524e-09 	 2.3070400420113117e-17
392.89717717717724 	 9.322001529452318e-09 	 2.2953074639794284e-17
393.3976576576577 	 9.310142079570794e-09 	 2.2836493745458307e-17
393.89813813813817 	 9.298312766532276e-09 	 2.272065206928427e-17
394.3986186186186 	 9.286513475608412e-09 	 2.2605543993701586e-17
394.89909909909915 	 9.274744092652452e-09 	 2.2491163950881417e-17
395.3995795795796 	 9.263004504095581e-09 	 2.2377506422234025e-17
395.90006006006007 	 9.251294596943256e-09 	 2.2264565937911654e-17
396.4005405405406 	 9.239614258771591e-09 	 2.2152337076317243e-17
396.90102102102105 	 9.227963377723745e-09 	 2.2040814463618494e-17
397.4015015015015 	 9.216341842506366e-09 	 2.192999277326766e-17
397.90198198198203 	 9.204749542386032e-09 	 2.181986672552651e-17
398.4024624624625 	 9.193186367185755e-09 	 2.1710431086997007e-17
398.90294294294296 	 9.181652207281467e-09 	 2.160168067015681e-17
399.4034234234235 	 9.170146953598567e-09 	 2.149361033290039e-17
399.90390390390394 	 9.158670497608487e-09 	 2.1386214978085202e-17
400.4043843843844 	 9.147222731325277e-09 	 2.1279489553082857e-17
400.9048648648649 	 9.135803547302206e-09 	 2.1173429049335347e-17
401.4053453453454 	 9.12441283862842e-09 	 2.1068028501916437e-17
401.90582582582584 	 9.113050498925593e-09 	 2.0963282989097675e-17
402.40630630630636 	 9.101716422344613e-09 	 2.0859187631919366e-17
402.9067867867868 	 9.090410503562305e-09 	 2.0755737593766504e-17
403.4072672672673 	 9.079132637778163e-09 	 2.065292807994915e-17
403.9077477477478 	 9.067882720711111e-09 	 2.0550754337287653e-17
404.40822822822827 	 9.056660648596296e-09 	 2.0449211653702473e-17
404.90870870870873 	 9.045466318181885e-09 	 2.0348295357808432e-17
405.40918918918925 	 9.034299626725906e-09 	 2.0248000818513668e-17
405.9096696696697 	 9.023160471993111e-09 	 2.0148323444622876e-17
406.4101501501502 	 9.012048752251842e-09 	 2.004925868444494e-17
406.9106306306307 	 9.000964366270944e-09 	 1.9950802025405006e-17
407.41111111111115 	 8.989907213316688e-09 	 1.9852948993660787e-17
407.9115915915916 	 8.978877193149718e-09 	 1.9755695153722984e-17
408.41207207207214 	 8.967874206022026e-09 	 1.9659036108080105e-17
408.9125525525526 	 8.956898152673943e-09 	 1.9562967496827223e-17
409.41303303303306 	 8.945948934331147e-09 	 1.9467484997298877e-17
409.9135135135136 	 8.935026452701712e-09 	 1.9372584323706034e-17
410.41399399399404 	 8.924130609973166e-09 	 1.927826122677699e-17
410.9144744744745 	 8.913261308809554e-09 	 1.918451149340214e-17
411.414954954955 	 8.902418452348564e-09 	 1.9091330946282783e-17
411.9154354354355 	 8.891601944198632e-09 	 1.8998715443583646e-17
412.41591591591595 	 8.880811688436096e-09 	 1.89066608785892e-17
412.9163963963964 	 8.870047589602351e-09 	 1.8815163179363726e-17
413.4168768768769 	 8.85930955270104e-09 	 1.872421830841514e-17
413.9173573573574 	 8.848597483195258e-09 	 1.8633822262362422e-17
414.41783783783785 	 8.837911287004782e-09 	 1.8543971071606586e-17
414.91831831831837 	 8.827250870503308e-09 	 1.8454660800005358e-17
415.41879879879883 	 8.816616140515725e-09 	 1.8365887544551284e-17
415.9192792792793 	 8.806007004315396e-09 	 1.8277647435053288e-17
416.4197597597598 	 8.795423369621457e-09 	 1.818993663382175e-17
416.9202402402403 	 8.784865144596163e-09 	 1.8102751335356976e-17
417.42072072072074 	 8.774332237842199e-09 	 1.801608776604091e-17
417.92120120120126 	 8.76382455840007e-09 	 1.7929942183832297e-17
418.4216816816817 	 8.75334201574548e-09 	 1.7844310877965118e-17
418.9221621621622 	 8.742884519786707e-09 	 1.7759190168650082e-17
419.4226426426427 	 8.732451980862058e-09 	 1.7674576406779567e-17
419.92312312312316 	 8.722044309737283e-09 	 1.7590465973635585e-17
420.4236036036036 	 8.71166141760303e-09 	 1.7506855280600775e-17
420.92408408408414 	 8.70130321607234e-09 	 1.742374076887278e-17
421.4245645645646 	 8.690969617178106e-09 	 1.7341118909181324e-17
421.92504504504507 	 8.680660533370623e-09 	 1.7258986201508584e-17
422.4255255255256 	 8.670375877515074e-09 	 1.7177339174812307e-17
422.92600600600605 	 8.660115562889106e-09 	 1.7096174386752112e-17
423.4264864864865 	 8.649879503180381e-09 	 1.7015488423418474e-17
423.92696696696703 	 8.639667612484152e-09 	 1.693527789906471e-17
424.4274474474475 	 8.629479805300871e-09 	 1.6855539455841803e-17
424.92792792792795 	 8.619315996533786e-09 	 1.677626976353596e-17
425.4284084084085 	 8.609176101486585e-09 	 1.6697465519308982e-17
425.92888888888893 	 8.599060035861045e-09 	 1.661912344744146e-17
426.4293693693694 	 8.588967715754688e-09 	 1.6541240299078513e-17
426.9298498498499 	 8.578899057658459e-09 	 1.6463812851978292e-17
427.4303303303304 	 8.568853978454435e-09 	 1.6386837910263198e-17
427.93081081081084 	 8.558832395413527e-09 	 1.631031230417357e-17
428.43129129129136 	 8.548834226193211e-09 	 1.6234232889824053e-17
428.9317717717718 	 8.538859388835278e-09 	 1.6158596548962546e-17
429.4322522522523 	 8.52890780176359e-09 	 1.608340018873154e-17
429.9327327327328 	 8.518979383781854e-09 	 1.6008640741432103e-17
430.43321321321326 	 8.509074054071421e-09 	 1.5934315164290256e-17
430.9336936936937 	 8.499191732189084e-09 	 1.586042043922576e-17
431.4341741741742 	 8.489332338064907e-09 	 1.5786953572623396e-17
431.9346546546547 	 8.479495792000062e-09 	 1.5713911595106547e-17
432.43513513513517 	 8.46968201466468e-09 	 1.5641291561313197e-17
432.93561561561563 	 8.459890927095715e-09 	 1.556909054967419e-17
433.43609609609615 	 8.450122450694831e-09 	 1.5497305662193837e-17
433.9365765765766 	 8.440376507226302e-09 	 1.5425934024232808e-17
434.4370570570571 	 8.430653018814913e-09 	 1.5354972784293234e-17
434.9375375375376 	 8.420951907943891e-09 	 1.528441911380601e-17
435.43801801801806 	 8.41127309745285e-09 	 1.5214270206920388e-17
435.9384984984985 	 8.40161651053574e-09 	 1.5144523280295648e-17
436.43897897897904 	 8.391982070738811e-09 	 1.507517557289494e-17
436.9394594594595 	 8.382369701958609e-09 	 1.5006224345781296e-17
437.43993993993996 	 8.372779328439954e-09 	 1.4937666881915642e-17
437.9404204204205 	 8.363210874773969e-09 	 1.4869500485956988e-17
438.44090090090094 	 8.35366426589609e-09 	 1.4801722484064624e-17
438.9413813813814 	 8.344139427084103e-09 	 1.4734330223702286e-17
439.4418618618619 	 8.334636283956205e-09 	 1.466732107344441e-17
439.9423423423424 	 8.325154762469058e-09 	 1.4600692422784376e-17
440.44282282282285 	 8.315694788915873e-09 	 1.4534441681944595e-17
440.94330330330337 	 8.306256289924488e-09 	 1.4468566281688638e-17
441.44378378378383 	 8.296839192455489e-09 	 1.4403063673135274e-17
441.9442642642643 	 8.287443423800313e-09 	 1.4337931327574337e-17
442.4447447447448 	 8.278068911579377e-09 	 1.427316673628449e-17
442.9452252252253 	 8.268715583740226e-09 	 1.4208767410352904e-17
443.44570570570573 	 8.259383368555685e-09 	 1.4144730880496663e-17
443.94618618618625 	 8.250072194622017e-09 	 1.4081054696886027e-17
444.4466666666667 	 8.24078199085712e-09 	 1.4017736428969535e-17
444.9471471471472 	 8.231512686498698e-09 	 1.395477366530074e-17
445.4476276276277 	 8.222264211102473e-09 	 1.389216401336683e-17
445.94810810810816 	 8.21303649454041e-09 	 1.382990509941894e-17
446.4485885885886 	 8.203829466998928e-09 	 1.37679945683041e-17
446.94906906906914 	 8.194643058977146e-09 	 1.3706430083298956e-17
447.4495495495496 	 8.185477201285141e-09 	 1.364520932594515e-17
447.95003003003006 	 8.176331825042201e-09 	 1.3584329995886331e-17
448.4505105105105 	 8.167206861675104e-09 	 1.3523789810706784e-17
448.95099099099104 	 8.1581022429164e-09 	 1.3463586505771728e-17
449.4514714714715 	 8.14901790080272e-09 	 1.3403717834069168e-17
449.95195195195197 	 8.139953767673073e-09 	 1.3344181566053363e-17
450.4524324324325 	 8.130909776167164e-09 	 1.3284975489489784e-17
450.95291291291295 	 8.121885859223744e-09 	 1.3226097409301751e-17
451.4533933933934 	 8.112881950078932e-09 	 1.3167545147418443e-17
451.95387387387393 	 8.103897982264574e-09 	 1.3109316542624516e-17
452.4543543543544 	 8.094933889606617e-09 	 1.3051409450411227e-17
452.95483483483486 	 8.085989606223472e-09 	 1.2993821742828952e-17
453.4553153153154 	 8.077065066524409e-09 	 1.293655130834125e-17
453.95579579579584 	 8.068160205207947e-09 	 1.2879596051680342e-17
454.4562762762763 	 8.059274957260262e-09 	 1.2822953893703977e-17
454.9567567567568 	 8.050409257953611e-09 	 1.2766622771253807e-17
455.4572372372373 	 8.04156304284476e-09 	 1.2710600637015092e-17
455.95771771771774 	 8.032736247773403e-09 	 1.2654885459377755e-17
456.45819819819826 	 8.023928808860645e-09 	 1.259947522229893e-17
456.9586786786787 	 8.01514066250743e-09 	 1.2544367925166737e-17
457.4591591591592 	 8.006371745393028e-09 	 1.2489561582665458e-17
457.9596396396397 	 7.997621994473509e-09 	 1.2435054224642034e-17
458.46012012012017 	 7.988891346980229e-09 	 1.2380843895973861e-17
458.9606006006006 	 7.980179740418336e-09 	 1.2326928656437865e-17
459.46108108108115 	 7.97148711256527e-09 	 1.2273306580580893e-17
459.9615615615616 	 7.962813401469291e-09 	 1.2219975757591352e-17
460.46204204204207 	 7.954158545447998e-09 	 1.2166934291172108e-17
460.9625225225226 	 7.945522483086878e-09 	 1.2114180299414602e-17
461.46300300300305 	 7.936905153237842e-09 	 1.2061711914674257e-17
461.9634834834835 	 7.928306495017787e-09 	 1.2009527283446978e-17
462.46396396396403 	 7.919726447807163e-09 	 1.1957624566247009e-17
462.9644444444445 	 7.911164951248547e-09 	 1.1906001937485846e-17
463.46492492492496 	 7.90262194524523e-09 	 1.1854657585352372e-17
463.9654054054055 	 7.894097369959802e-09 	 1.1803589711694185e-17
464.46588588588594 	 7.88559116581277e-09 	 1.1752796531900033e-17
464.9663663663664 	 7.877103273481158e-09 	 1.1702276274783385e-17
465.4668468468469 	 7.868633633897132e-09 	 1.1652027182467153e-17
465.9673273273274 	 7.860182188246628e-09 	 1.1602047510269517e-17
466.46780780780784 	 7.851748877967992e-09 	 1.1552335526590848e-17
466.9682882882883 	 7.843333644750633e-09 	 1.1502889512801712e-17
467.4687687687688 	 7.834936430533665e-09 	 1.1453707763131952e-17
467.9692492492493 	 7.826557177504586e-09 	 1.1404788584560889e-17
468.46972972972975 	 7.818195828097944e-09 	 1.1356130296708458e-17
468.97021021021027 	 7.80985232499402e-09 	 1.1307731231727514e-17
469.47069069069073 	 7.801526611117516e-09 	 1.1259589734197124e-17
469.9711711711712 	 7.793218629636264e-09 	 1.1211704161016827e-17
470.4716516516517 	 7.784928323959914e-09 	 1.1164072881301982e-17
470.9721321321322 	 7.776655637738665e-09 	 1.1116694276280086e-17
471.47261261261264 	 7.768400514861985e-09 	 1.1069566739188064e-17
471.97309309309315 	 7.760162899457335e-09 	 1.1022688675170554e-17
472.4735735735736 	 7.751942735888924e-09 	 1.097605850117919e-17
472.9740540540541 	 7.743739968756435e-09 	 1.0929674645872759e-17
473.4745345345346 	 7.735554542893797e-09 	 1.0883535549518386e-17
473.97501501501506 	 7.727386403367943e-09 	 1.0837639663893648e-17
474.4754954954955 	 7.719235495477585e-09 	 1.0791985452189573e-17
474.97597597597604 	 7.711101764751983e-09 	 1.0746571388914569e-17
475.4764564564565 	 7.702985156949742e-09 	 1.0701395959799326e-17
475.97693693693697 	 7.694885618057598e-09 	 1.0656457661702488e-17
476.4774174174175 	 7.686803094289227e-09 	 1.061175500251737e-17
476.97789789789795 	 7.678737532084054e-09 	 1.0567286501079426e-17
477.4783783783784 	 7.670688878106061e-09 	 1.0523050687074654e-17
477.9788588588589 	 7.662657079242621e-09 	 1.0479046100948858e-17
478.4793393393394 	 7.654642082603326e-09 	 1.043527129381773e-17
478.97981981981985 	 7.646643835518829e-09 	 1.0391724827377835e-17
479.48030030030037 	 7.638662285539681e-09 	 1.0348405273818337e-17
479.98078078078083 	 7.630697380435197e-09 	 1.0305311215733675e-17
480.4812612612613 	 7.622749068192309e-09 	 1.0262441246036959e-17
480.9817417417418 	 7.614817297014434e-09 	 1.0219793967874191e-17
481.4822222222223 	 7.606902015320353e-09 	 1.0177367994539347e-17
481.98270270270274 	 7.599003171743089e-09 	 1.0135161949390183e-17
482.48318318318326 	 7.591120715128798e-09 	 1.0093174465764844e-17
482.9836636636637 	 7.583254594535662e-09 	 1.0051404186899274e-17
483.4841441441442 	 7.575404759232796e-09 	 1.000984976584537e-17
483.9846246246247 	 7.567571158699151e-09 	 9.968509865389908e-18
484.48510510510516 	 7.55975374262244e-09 	 9.927383157974209e-18
484.9855855855856 	 7.55195246089805e-09 	 9.88646832561458e-18
485.4860660660661 	 7.544167263627977e-09 	 9.84576405982343e-18
485.9865465465466 	 7.536398101119763e-09 	 9.80526906153119e-18
486.48702702702707 	 7.528644923885437e-09 	 9.764982041008928e-18
486.98750750750753 	 7.520907682640465e-09 	 9.724901717791632e-18
487.48798798798805 	 7.513186328302705e-09 	 9.685026820602272e-18
487.9884684684685 	 7.505480811991367e-09 	 9.645356087276535e-18
488.488948948949 	 7.49779108502599e-09 	 9.605888264688233e-18
488.9894294294295 	 7.490117098925399e-09 	 9.566622108675385e-18
489.48990990990995 	 7.482458805406713e-09 	 9.527556383967086e-18
489.9903903903904 	 7.474816156384308e-09 	 9.488689864110886e-18
490.49087087087094 	 7.46718910396882e-09 	 9.450021331400943e-18
490.9913513513514 	 7.459577600466146e-09 	 9.411549576806833e-18
491.49183183183186 	 7.451981598376452e-09 	 9.373273399902956e-18
491.9923123123124 	 7.444401050393174e-09 	 9.335191608798602e-18
492.49279279279284 	 7.43683590940205e-09 	 9.297303020068725e-18
492.9932732732733 	 7.429286128480133e-09 	 9.259606458685247e-18
493.4937537537538 	 7.421751660894825e-09 	 9.22210075794903e-18
493.9942342342343 	 7.41423246010292e-09 	 9.18478475942253e-18
494.49471471471475 	 7.406728479749628e-09 	 9.147657312862936e-18
494.99519519519527 	 7.399239673667637e-09 	 9.110717276156015e-18
495.4956756756757 	 7.3917659958761655e-09 	 9.073963515250559e-18
495.9961561561562 	 7.384307400580015e-09 	 9.037394904093345e-18
496.4966366366367 	 7.376863842168635e-09 	 9.001010324564758e-18
496.99711711711717 	 7.3694352752152025e-09 	 8.964808666414986e-18
497.49759759759763 	 7.362021654475686e-09 	 8.928788827200759e-18
497.99807807807815 	 7.354622934887932e-09 	 8.892949712222682e-18
498.4985585585586 	 7.347239071570757e-09 	 8.857290234463158e-18
498.9990390390391 	 7.33987001982303e-09 	 8.821809314524803e-18
499.4995195195196 	 7.332515735122778e-09 	 8.786505880569488e-18
500.0 	 7.32517617312629e-09 	 8.751378868257894e-18
