3.5233633633633636 	 1.3403455711311158e-06 	 1.6748333654588998e-09
4.023843843843844 	 1.3341210029366745e-06 	 9.406660266554825e-10
4.524324324324325 	 1.3252566215098102e-06 	 5.570019672166298e-10
5.0248048048048055 	 1.3121733321148684e-06 	 3.4253558022537554e-10
5.525285285285285 	 1.2921563779970466e-06 	 2.161598486030046e-10
6.025765765765766 	 1.2606207041567002e-06 	 1.3848193820370242e-10
6.526246246246247 	 1.2096501178708776e-06 	 8.909049782010277e-11
7.026726726726727 	 1.1253734728979273e-06 	 5.682164457583025e-11
7.527207207207208 	 9.829020091462073e-07 	 3.529689622715264e-11
8.027687687687688 	 7.359504807854235e-07 	 2.0757013307873528e-11
8.528168168168168 	 2.9431252935668103e-07 	 1.094700934804246e-11
9.02864864864865 	 5.298921272565334e-07 	 4.564323347225438e-12
9.52912912912913 	 2.16667475669367e-06 	 1.0420253148190243e-12
10.029609609609611 	 5.735045518499643e-06 	 7.587761959020341e-13
10.530090090090091 	 1.4222568644802995e-05 	 6.267791804081778e-12
11.030570570570571 	 2.8567128378102602e-05 	 2.0568854912088503e-11
11.531051051051053 	 3.907342061051593e-05 	 3.4348567667513554e-11
12.031531531531533 	 4.3550957348843844e-05 	 4.0826960691941267e-11
12.532012012012013 	 4.475588698432504e-05 	 4.2092911974701606e-11
13.032492492492494 	 4.5405265850065984e-05 	 4.3059547613056466e-11
13.532972972972974 	 4.587520356211133e-05 	 4.471733636521242e-11
14.033453453453454 	 4.407313104300099e-05 	 4.034010109224469e-11
14.533933933933936 	 4.3371600810928815e-05 	 3.783483894158298e-11
15.034414414414416 	 4.460019175807119e-05 	 4.0700792507482444e-11
15.534894894894897 	 4.6440075341737314e-05 	 4.7770207545337046e-11
16.035375375375377 	 4.7011041596768904e-05 	 5.436589938542266e-11
16.535855855855857 	 4.511409861986472e-05 	 5.434553704751864e-11
17.036336336336337 	 4.127450828204292e-05 	 4.764990657206355e-11
17.53681681681682 	 3.708532081692985e-05 	 3.919933704242158e-11
18.0372972972973 	 3.362028792283195e-05 	 3.218535128677947e-11
18.53777777777778 	 3.102983283818027e-05 	 2.709702638909944e-11
19.03825825825826 	 2.9067348316010696e-05 	 2.346138804766087e-11
19.53873873873874 	 2.7454391384165703e-05 	 2.074859798026681e-11
20.039219219219223 	 2.5978968097150595e-05 	 1.8557392305888504e-11
20.539699699699703 	 2.451161813173342e-05 	 1.661144713525699e-11
21.040180180180183 	 2.3018959107151307e-05 	 1.474989798024862e-11
21.540660660660663 	 2.157948382547177e-05 	 1.2939931632565964e-11
22.041141141141143 	 2.0352596703183854e-05 	 1.1266525002450633e-11
22.541621621621623 	 1.9477933437748988e-05 	 9.856345945936888e-12
23.042102102102106 	 1.8978262020621942e-05 	 8.779980725034921e-12
23.542582582582586 	 1.8760454269986065e-05 	 8.018213773020616e-12
24.043063063063066 	 1.869010510412624e-05 	 7.49678601188558e-12
24.543543543543546 	 1.8655973561507328e-05 	 7.132964227683365e-12
25.044024024024026 	 1.8590680343727813e-05 	 6.860566203814217e-12
25.54450450450451 	 1.8463630095658276e-05 	 6.6351269219085454e-12
26.04498498498499 	 1.826658446271374e-05 	 6.429823561584398e-12
26.54546546546547 	 1.8003223230597493e-05 	 6.2300320979920625e-12
27.04594594594595 	 1.7681721528537613e-05 	 6.028443765392626e-12
27.54642642642643 	 1.7311850057342852e-05 	 5.822294229683736e-12
28.04690690690691 	 1.6903062920541025e-05 	 5.611019209096755e-12
28.547387387387392 	 1.6464072286159202e-05 	 5.395528571986906e-12
29.047867867867872 	 1.6002471142179642e-05 	 5.177204026335748e-12
29.548348348348352 	 1.5524873385824765e-05 	 4.957637189057582e-12
30.04882882882883 	 1.5037030425336008e-05 	 4.738523954261353e-12
30.54930930930931 	 1.4543761100522848e-05 	 4.521340637870564e-12
31.049789789789795 	 1.4049307934093672e-05 	 4.307520417744327e-12
31.550270270270275 	 1.355724732802003e-05 	 4.098204647627201e-12
32.05075075075076 	 1.3070449988732935e-05 	 3.894347823410292e-12
32.55123123123124 	 1.2591488149563101e-05 	 3.696799145623411e-12
33.05171171171172 	 1.212245234108743e-05 	 3.506143089210108e-12
33.5521921921922 	 1.1664932738222588e-05 	 3.322839398874634e-12
34.05267267267268 	 1.1220227582033623e-05 	 3.1471948368532425e-12
34.55315315315316 	 1.0789354601414575e-05 	 2.979388165707814e-12
35.053633633633645 	 1.0373038954107034e-05 	 2.8194938240966997e-12
35.55411411411412 	 9.971783615126338e-06 	 2.6675045484478815e-12
36.054594594594604 	 9.58580925201988e-06 	 2.523296591987523e-12
36.55507507507508 	 9.215294812976988e-06 	 2.386731659976551e-12
37.055555555555564 	 8.86008224899452e-06 	 2.2575774233490334e-12
37.55603603603605 	 8.520076899211055e-06 	 2.135612224848333e-12
38.056516516516524 	 8.19497056685938e-06 	 2.0205335648236716e-12
38.55699699699701 	 7.884407708688378e-06 	 1.9120641960121217e-12
39.057477477477484 	 7.5879666760618265e-06 	 1.8098903202199147e-12
39.55795795795797 	 7.305196714258861e-06 	 1.713709237561531e-12
40.05843843843845 	 7.035571817105517e-06 	 1.6232013514706449e-12
40.55891891891893 	 6.778573438748311e-06 	 1.5380529775077456e-12
41.05939939939941 	 6.533697704075273e-06 	 1.4579713880409078e-12
41.55987987987989 	 6.30039967877068e-06 	 1.3826543355652078e-12
42.06036036036037 	 6.078116952155278e-06 	 1.3118272597409994e-12
42.56084084084085 	 5.866366762814625e-06 	 1.2452092401048304e-12
43.06132132132133 	 5.6645906223256825e-06 	 1.1825472567579487e-12
43.56180180180181 	 5.472307316312406e-06 	 1.1235893333788788e-12
44.06228228228229 	 5.289034897759229e-06 	 1.0681089140966817e-12
44.56276276276277 	 5.114286670971614e-06 	 1.0158804813811994e-12
45.06324324324325 	 4.947624872913257e-06 	 9.667017580496018e-13
45.56372372372373 	 4.788633697643504e-06 	 9.203728819958985e-13
46.064204204204216 	 4.636885075494336e-06 	 8.767123239454849e-13
46.56468468468469 	 4.492033472893001e-06 	 8.355523927136056e-13
47.065165165165176 	 4.353663198180312e-06 	 7.967288457248137e-13
47.56564564564565 	 4.221435643001229e-06 	 7.600942696881079e-13
48.066126126126136 	 4.0950534274182646e-06 	 7.255119923028851e-13
48.56660660660662 	 3.9741613799236985e-06 	 6.928441886516091e-13
49.067087087087096 	 3.858503949840187e-06 	 6.619759605391985e-13
49.56756756756758 	 3.747793078654234e-06 	 6.327927134550874e-13
50.068048048048055 	 3.641739650300354e-06 	 6.051863531764424e-13
50.56852852852854 	 3.5401418183427397e-06 	 5.790602880502146e-13
51.06900900900902 	 3.442723291875468e-06 	 5.54322849156404e-13
51.5694894894895 	 3.3493033618820655e-06 	 5.308865551955502e-13
52.06996996996998 	 3.259672116375921e-06 	 5.086744917083175e-13
52.57045045045046 	 3.1736043495241736e-06 	 4.87608902948266e-13
53.07093093093094 	 3.0909493263706984e-06 	 4.676218767445004e-13
53.571411411411425 	 3.0115285715977684e-06 	 4.486500929628098e-13
54.0718918918919 	 2.9351678947362293e-06 	 4.306314759507481e-13
54.572372372372385 	 2.861722623576655e-06 	 4.1351048845918357e-13
55.07285285285286 	 2.7910570830769073e-06 	 3.972350701464625e-13
55.573333333333345 	 2.723027398151369e-06 	 3.817540598098584e-13
56.07381381381382 	 2.6575058117058126e-06 	 3.6702274189522267e-13
56.574294294294305 	 2.59437015541236e-06 	 3.5299940639093223e-13
57.07477477477479 	 2.533515093776889e-06 	 3.396421603180359e-13
57.575255255255264 	 2.4748269543732994e-06 	 3.269141259963078e-13
58.07573573573575 	 2.4182069329734384e-06 	 3.147803096706541e-13
58.576216216216224 	 2.3635595016969104e-06 	 3.0320804470047986e-13
59.07669669669671 	 2.310795172151478e-06 	 2.9216537473384647e-13
59.57717717717719 	 2.259827280984503e-06 	 2.816246804285369e-13
60.07765765765767 	 2.2105773067596193e-06 	 2.7155785791397006e-13
60.57813813813815 	 2.16296384685043e-06 	 2.619407925898061e-13
61.07861861861863 	 2.116922225430345e-06 	 2.5274841158994714e-13
61.57909909909911 	 2.0723788372103162e-06 	 2.4395891487706023e-13
62.079579579579594 	 2.029270413876979e-06 	 2.355512661264828e-13
62.58006006006007 	 1.987536302582178e-06 	 2.275054725096244e-13
63.080540540540554 	 1.9471185005536895e-06 	 2.198030370890958e-13
63.58102102102103 	 1.9079591954265756e-06 	 2.1242675605201677e-13
64.0815015015015 	 1.870009832708453e-06 	 2.0535969065935141e-13
64.58198198198198 	 1.8332176580297884e-06 	 1.985866666438363e-13
65.08246246246247 	 1.7975393823789582e-06 	 1.920929074954545e-13
65.58294294294295 	 1.762926135032556e-06 	 1.858644309956616e-13
66.08342342342343 	 1.7293394144017189e-06 	 1.7988817056026903e-13
66.5839039039039 	 1.696733847527446e-06 	 1.7415313115892664e-13
67.08438438438439 	 1.66507430977802e-06 	 1.6864650173005294e-13
67.58486486486487 	 1.6343242540111699e-06 	 1.633572786399223e-13
68.08534534534535 	 1.6044470663771746e-06 	 1.582759203889131e-13
68.58582582582584 	 1.575409831907257e-06 	 1.5339251525890064e-13
69.08630630630631 	 1.5471818242575792e-06 	 1.486973677167427e-13
69.58678678678679 	 1.5197332037286102e-06 	 1.441821262635147e-13
70.08726726726728 	 1.4930336707743055e-06 	 1.3983829059353415e-13
70.58774774774776 	 1.4670555023358535e-06 	 1.3565868389020572e-13
71.08822822822823 	 1.4417743790728669e-06 	 1.316350704211847e-13
71.58870870870871 	 1.4171636945610843e-06 	 1.277608748254799e-13
72.0891891891892 	 1.3932008587542032e-06 	 1.240294858578069e-13
72.58966966966968 	 1.3698604989248599e-06 	 1.204343764312148e-13
73.09015015015015 	 1.347122976136554e-06 	 1.1696991123058816e-13
73.59063063063064 	 1.3249674809186494e-06 	 1.1363006501245201e-13
74.09111111111112 	 1.3033748381128918e-06 	 1.1040944826701557e-13
74.5915915915916 	 1.2823215334780201e-06 	 1.0730317196842108e-13
75.09207207207209 	 1.2617918396820242e-06 	 1.0430665368192299e-13
75.59255255255256 	 1.241769238510011e-06 	 1.0141459769659286e-13
76.09303303303304 	 1.2222370109188443e-06 	 9.862285321112341e-14
76.59351351351351 	 1.2031772964877853e-06 	 9.592743954654265e-14
77.093993993994 	 1.1845770041679119e-06 	 9.332412314926024e-14
77.59447447447448 	 1.1664176708495822e-06 	 9.080949753497264e-14
78.09495495495496 	 1.1486866529020227e-06 	 8.837947922778076e-14
78.59543543543545 	 1.131370788286423e-06 	 8.603117012879967e-14
79.09591591591592 	 1.1144597594093377e-06 	 8.376043312752885e-14
79.5963963963964 	 1.0979346711921981e-06 	 8.156533821759792e-14
80.09687687687689 	 1.0817886612402427e-06 	 7.94417908762994e-14
80.59735735735737 	 1.0660073361704798e-06 	 7.738771402568002e-14
81.09783783783784 	 1.050580884461562e-06 	 7.540002710388262e-14
81.59831831831832 	 1.0354990890003622e-06 	 7.347616582875726e-14
82.09879879879881 	 1.0207505124757514e-06 	 7.16136752176779e-14
82.59927927927929 	 1.006323983361627e-06 	 6.981054694010156e-14
83.09975975975976 	 9.922119808274422e-07 	 6.806420684471211e-14
83.60024024024025 	 9.784037569947634e-07 	 6.637250389464991e-14
84.10072072072073 	 9.648923156368144e-07 	 6.473340152436364e-14
84.6012012012012 	 9.51667252045082e-07 	 6.314493904715689e-14
85.10168168168168 	 9.387218501102415e-07 	 6.160526220593515e-14
85.60216216216217 	 9.260479279861145e-07 	 6.011256311613381e-14
86.10264264264265 	 9.136357760923184e-07 	 5.866514525687422e-14
86.60312312312313 	 9.014808860690395e-07 	 5.72613495141448e-14
87.10360360360362 	 8.895738669215151e-07 	 5.5899610840800335e-14
87.60408408408409 	 8.77907331429777e-07 	 5.4578422966697877e-14
88.10456456456457 	 8.664771037557652e-07 	 5.3296350728185964e-14
88.60504504504506 	 8.552760470533158e-07 	 5.205200927281292e-14
89.10552552552554 	 8.442968721529864e-07 	 5.0843847051439615e-14
89.60600600600601 	 8.33534656129554e-07 	 4.967101893742725e-14
90.10648648648649 	 8.229822132318041e-07 	 4.853188885432548e-14
90.60696696696698 	 8.126374175723997e-07 	 4.742531587663279e-14
91.10744744744746 	 8.024899177135768e-07 	 4.6350572868482035e-14
91.60792792792793 	 7.925388191858687e-07 	 4.5306159330043564e-14
92.10840840840842 	 7.827765494112054e-07 	 4.429126622772929e-14
92.6088888888889 	 7.731996700922677e-07 	 4.330472506867116e-14
93.10936936936938 	 7.63802766526292e-07 	 4.234572568276954e-14
93.60984984984987 	 7.545795820280231e-07 	 4.141338126457516e-14
94.11033033033034 	 7.455284656672019e-07 	 4.050661320810285e-14
94.61081081081082 	 7.366428812505454e-07 	 3.962477541567811e-14
95.1112912912913 	 7.279213168325085e-07 	 3.876686344315656e-14
95.61177177177179 	 7.193580188171384e-07 	 3.7932286855913616e-14
96.11225225225226 	 7.109475405099659e-07 	 3.712014660413226e-14
96.61273273273274 	 7.026896675354264e-07 	 3.632977714721356e-14
97.11321321321323 	 6.945781009420213e-07 	 3.556043058119864e-14
97.6136936936937 	 6.866106352423343e-07 	 3.481144695686653e-14
98.11417417417418 	 6.787830207703181e-07 	 3.4082259762807564e-14
98.61465465465466 	 6.710925457682761e-07 	 3.3372123997370774e-14
99.11513513513515 	 6.635352936463315e-07 	 3.2680493594843354e-14
99.61561561561562 	 6.561087396034941e-07 	 3.200680874857284e-14
100.1160960960961 	 6.501378203437712e-07 	 3.135748077910985e-14
100.61657657657659 	 6.469039467637397e-07 	 3.07382150196222e-14
101.11705705705707 	 6.437020854010387e-07 	 3.013416109015514e-14
101.61753753753754 	 6.405317632618234e-07 	 2.954487278398767e-14
102.11801801801803 	 6.373925166248221e-07 	 2.8969919089967596e-14
102.61849849849851 	 6.3428389081522e-07 	 2.8408883603966728e-14
103.11897897897899 	 6.312054399851267e-07 	 2.786136396585694e-14
103.61945945945946 	 6.281567269004068e-07 	 2.732697132078329e-14
104.11993993993995 	 6.251373227336592e-07 	 2.6805329803574874e-14
104.62042042042043 	 6.221468068631365e-07 	 2.6296076045194402e-14
105.1209009009009 	 6.191847666774099e-07 	 2.5798858700184585e-14
105.6213813813814 	 6.162507973855868e-07 	 2.5313337994123905e-14
106.12186186186187 	 6.133445018328995e-07 	 2.4839185290154422e-14
106.62234234234235 	 6.104654903214869e-07 	 2.437608267369279e-14
107.12282282282284 	 6.076133804361995e-07 	 2.392372255448106e-14
107.62330330330332 	 6.04787796875267e-07 	 2.3481807285176484e-14
108.1237837837838 	 6.019883712856654e-07 	 2.3050048795719812e-14
108.62426426426427 	 5.992147421030388e-07 	 2.2628168242760697e-14
109.12474474474476 	 5.964665543960233e-07 	 2.2215895673453855e-14
109.62522522522524 	 5.93743459714837e-07 	 2.1812969702974762e-14
110.12570570570571 	 5.910451159439982e-07 	 2.1419137205135373e-14
110.6261861861862 	 5.883711871590407e-07 	 2.1034153015511463e-14
111.12666666666668 	 5.857213434871028e-07 	 2.065777964652188e-14
111.62714714714716 	 5.830952609712639e-07 	 2.028978701392717e-14
112.12762762762763 	 5.80492621438517e-07 	 1.9929952174241807e-14
112.62810810810812 	 5.779131123712594e-07 	 1.957805907257779e-14
113.1285885885886 	 5.75356426782196e-07 	 1.9233898300461587e-14
113.62906906906908 	 5.728222630925467e-07 	 1.88972668631877e-14
114.12954954954957 	 5.703103250134605e-07 	 1.8567967956293767e-14
114.63003003003004 	 5.678203214305343e-07 	 1.8245810750761276e-14
115.13051051051052 	 5.653519662913448e-07 	 1.7930610186565222e-14
115.63099099099101 	 5.629049784959004e-07 	 1.7622186774213572e-14
116.13147147147149 	 5.60479081789927e-07 	 1.7320366403934623e-14
116.63195195195196 	 5.580740046608996e-07 	 1.7024980162185952e-14
117.13243243243244 	 5.556894802367401e-07 	 1.673586415517431e-14
117.63291291291293 	 5.533252461871018e-07 	 1.6452859339090025e-14
118.1333933933934 	 5.509810446271626e-07 	 1.6175811356773253e-14
118.63387387387388 	 5.486566220238528e-07 	 1.5904570380542412e-14
119.13435435435437 	 5.463517291044474e-07 	 1.5638990960927683e-14
119.63483483483485 	 5.440661207674522e-07 	 1.537893188106394e-14
120.13531531531532 	 5.417995559957182e-07 	 1.5124256016508975e-14
120.63579579579581 	 5.395517977717177e-07 	 1.4874830200263207e-14
121.13627627627629 	 5.373226129949211e-07 	 1.4630525092777388e-14
121.63675675675677 	 5.35111772401214e-07 	 1.4391215056744293e-14
122.13723723723724 	 5.329190504842942e-07 	 1.415677803647963e-14
122.63771771771773 	 5.30744225418995e-07 	 1.3927095441705938e-14
123.13819819819821 	 5.28587078986477e-07 	 1.3702052035561748e-14
123.63867867867869 	 5.264473965012375e-07 	 1.3481535826665849e-14
124.13915915915918 	 5.243249667398852e-07 	 1.3265437965074257e-14
124.63963963963965 	 5.222195818716316e-07 	 1.3053652641974605e-14
125.14012012012013 	 5.201310373904487e-07 	 1.284607699296911e-14
125.64060060060062 	 5.180591320488506e-07 	 1.2642611004804394e-14
126.1410810810811 	 5.16003667793249e-07 	 1.2443157425411846e-14
126.64156156156157 	 5.139644497008432e-07 	 1.2247621677128765e-14
127.14204204204205 	 5.119412859180002e-07 	 1.205591177297561e-14
127.64252252252254 	 5.09933987600084e-07 	 1.1867938235870403e-14
128.14300300300303 	 5.079423688526957e-07 	 1.168361402066607e-14
128.64348348348352 	 5.059662466742843e-07 	 1.1502854438901707e-14
129.14396396396398 	 5.040054409000935e-07 	 1.1325577086163093e-14
129.64444444444447 	 5.02059774147404e-07 	 1.1151701771952279e-14
130.14492492492496 	 5.001290717620427e-07 	 1.0981150451970542e-14
130.64540540540543 	 4.98213161766119e-07 	 1.0813847162722466e-14
131.14588588588592 	 4.963118748069583e-07 	 1.0649717958353312e-14
131.6463663663664 	 4.94425044107201e-07 	 1.0488690849635215e-14
132.14684684684687 	 4.925525054160347e-07 	 1.0330695745021184e-14
132.64732732732736 	 4.906940969615305e-07 	 1.0175664393689463e-14
133.14780780780782 	 4.888496594040552e-07 	 1.00235303305038e-14
133.6482882882883 	 4.870190357907282e-07 	 9.874228822818206e-15
134.1487687687688 	 4.852020715109009e-07 	 9.727696819058002e-15
134.64924924924927 	 4.833986142526253e-07 	 9.583872899011187e-15
135.14972972972976 	 4.816085139600938e-07 	 9.442697225767427e-15
135.65021021021025 	 4.798316227920172e-07 	 9.304111499244019e-15
136.1506906906907 	 4.780677950809245e-07 	 9.168058911240971e-15
136.6511711711712 	 4.763168872933531e-07 	 9.03448410196927e-15
137.1516516516517 	 4.745787579909147e-07 	 8.90333311799925e-15
137.65213213213215 	 4.728532677922078e-07 	 8.774553371577274e-15
138.15261261261264 	 4.71140279335558e-07 	 8.648093601261743e-15
138.65309309309313 	 4.6943965724256755e-07 	 8.523903833830987e-15
139.1535735735736 	 4.677512680824493e-07 	 8.401935347417465e-15
139.6540540540541 	 4.660749803371279e-07 	 8.282140635824613e-15
140.15453453453458 	 4.644106643670899e-07 	 8.16447337398442e-15
140.65501501501504 	 4.6275819237796193e-07 	 8.0488883845152e-15
141.15549549549553 	 4.611174383877994e-07 	 7.93534160534083e-15
141.65597597597602 	 4.5948827819507025e-07 	 7.823790058334269e-15
142.15645645645648 	 4.578705893473136e-07 	 7.714191818949252e-15
142.65693693693697 	 4.562642511104585e-07 	 7.606505986805845e-15
143.15741741741743 	 4.546691444387868e-07 	 7.500692657196708e-15
143.65789789789793 	 4.530851519455226e-07 	 7.396712893481958e-15
144.15837837837842 	 4.5151215787403624e-07 	 7.294528700342228e-15
144.65885885885888 	 4.4995004806964436e-07 	 7.194102997860131e-15
145.15933933933937 	 4.483987099519936e-07 	 7.09539959640184e-15
145.65981981981986 	 4.4685803248801483e-07 	 6.9983831722714604e-15
146.16030030030032 	 4.4532790616543163e-07 	 6.903019244111772e-15
146.6607807807808 	 4.4380822296681157e-07 	 6.809274150026063e-15
147.1612612612613 	 4.422988763441479e-07 	 6.7171150253966715e-15
147.66174174174176 	 4.407997611939565e-07 	 6.626509781376687e-15
148.16222222222225 	 4.393107738328791e-07 	 6.537427084032214e-15
148.66270270270275 	 4.378318119737783e-07 	 6.44983633411345e-15
149.1631831831832 	 4.3636277470231454e-07 	 6.363707647433508e-15
149.6636636636637 	 4.349035624539922e-07 	 6.279011835834795e-15
150.1641441441442 	 4.334540769916657e-07 	 6.195720388723515e-15
150.66462462462465 	 4.320142213834929e-07 	 6.1138054551534136e-15
151.16510510510514 	 4.305838999813275e-07 	 6.0332398264407584e-15
151.6655855855856 	 4.2916301839953846e-07 	 5.953996919293097e-15
152.1660660660661 	 4.2775148349424757e-07 	 5.8760507594349e-15
152.66654654654658 	 4.263492033429757e-07 	 5.7993759657140184e-15
153.16702702702705 	 4.24956087224688e-07 	 5.723947734673205e-15
153.66750750750754 	 4.2357204560022854e-07 	 5.6497418255716384e-15
154.16798798798803 	 4.221969900931371e-07 	 5.576734545842013e-15
154.6684684684685 	 4.208308334708369e-07 	 5.5049027369690255e-15
155.16894894894898 	 4.1947348962618805e-07 	 5.434223760775853e-15
155.66942942942947 	 4.181248735593956e-07 	 5.3646754861055e-15
156.16990990990993 	 4.167849013602661e-07 	 5.2962362758844426e-15
156.67039039039042 	 4.154534901908037e-07 	 5.2288849745563925e-15
157.1708708708709 	 4.1413055826813953e-07 	 5.162600895874533e-15
157.67135135135138 	 4.128160248477859e-07 	 5.097363811040778e-15
158.17183183183187 	 4.115098102072074e-07 	 5.033153937181205e-15
158.67231231231236 	 4.102118356297048e-07 	 4.969951926147138e-15
159.17279279279282 	 4.0892202338860153e-07 	 4.9077388536315864e-15
159.6732732732733 	 4.0764029673172813e-07 	 4.846496208591291e-15
160.1737537537538 	 4.063665798661975e-07 	 4.786205882964855e-15
160.67423423423426 	 4.051007979434647e-07 	 4.726850161677737e-15
161.17471471471475 	 4.038428770446647e-07 	 4.668411712925274e-15
161.67519519519522 	 4.0259274416622334e-07 	 4.610873578725208e-15
162.1756756756757 	 4.0135032720573403e-07 	 4.554219165731341e-15
162.6761561561562 	 4.001155549480953e-07 	 4.498432236300409e-15
163.17663663663666 	 3.9888835705190355e-07 	 4.443496899804399e-15
163.67711711711715 	 3.9766866403609516e-07 	 4.389397604180838e-15
164.17759759759764 	 3.964564072668333e-07 	 4.336119127713867e-15
164.6780780780781 	 3.952515189446343e-07 	 4.283646571039109e-15
165.1785585585586 	 3.9405393209172613e-07 	 4.2319653493654995e-15
165.67903903903908 	 3.9286358053963855e-07 	 4.1810611849077135e-15
166.17951951951954 	 3.9168039891701596e-07 	 4.130920099522728e-15
166.68000000000004 	 3.9050432263764965e-07 	 4.0815284075444726e-15
167.18048048048053 	 3.893352878887262e-07 	 4.032872708810722e-15
167.680960960961 	 3.881732316192853e-07 	 3.9849398818764016e-15
168.18144144144148 	 3.870180915288841e-07 	 3.937717077407876e-15
168.68192192192197 	 3.85869806056463e-07 	 3.891191711752853e-15
169.18240240240243 	 3.847283143694097e-07 	 3.845351460680704e-15
169.68288288288292 	 3.8359355635281616e-07 	 3.800184253288217e-15
170.18336336336338 	 3.8246547259892556e-07 	 3.755678266065963e-15
170.68384384384387 	 3.813440043967644e-07 	 3.711821917120516e-15
171.18432432432436 	 3.802290937219572e-07 	 3.6686038605480814e-15
171.68480480480483 	 3.7912068322671876e-07 	 3.6260129809550615e-15
172.18528528528532 	 3.7801871623002084e-07 	 3.584038388121337e-15
172.6857657657658 	 3.769231367079307e-07 	 3.542669411802175e-15
173.18624624624627 	 3.758338892841165e-07 	 3.5018955966647205e-15
173.68672672672676 	 3.7475091922051623e-07 	 3.4617066973552115e-15
174.18720720720725 	 3.736741724081692e-07 	 3.4220926736932774e-15
174.6876876876877 	 3.7260359535820373e-07 	 3.38304368598953e-15
175.1881681681682 	 3.7153913519297935e-07 	 3.3445500904830916e-15
175.6886486486487 	 3.7048073963738176e-07 	 3.3066024348955794e-15
176.18912912912916 	 3.6942835701026415e-07 	 3.2691914540982503e-15
176.68960960960965 	 3.6838193621603565e-07 	 3.2323080658891585e-15
177.19009009009014 	 3.6734142673639154e-07 	 3.1959433668771977e-15
177.6905705705706 	 3.6630677862218335e-07 	 3.1600886284700294e-15
178.1910510510511 	 3.6527794248542606e-07 	 3.124735292963014e-15
178.69153153153155 	 3.642548694914394e-07 	 3.0898749697263143e-15
179.19201201201204 	 3.6323751135112114e-07 	 3.0554994314874234e-15
179.69249249249253 	 3.622258203133492e-07 	 3.021600610706513e-15
180.192972972973 	 3.612197491575109e-07 	 2.9881705960420005e-15
180.6934534534535 	 3.602192511861554e-07 	 2.9552016289038455e-15
181.19393393393398 	 3.592242802177692e-07 	 2.9226861000921915e-15
181.69441441441444 	 3.5823479057966955e-07 	 2.8906165465189795e-15
182.19489489489493 	 3.5725073710101654e-07 	 2.8589856480102817e-15
182.69537537537542 	 3.562720751059389e-07 	 2.8277862241871574e-15
183.19585585585588 	 3.552987604067729e-07 	 2.797011231422871e-15
183.69633633633637 	 3.5433074929741184e-07 	 2.7666537598744246e-15
184.19681681681686 	 3.533679985467637e-07 	 2.736707030586389e-15
184.69729729729733 	 3.5241046539231576e-07 	 2.707164392665071e-15
185.19777777777782 	 3.5145810753380224e-07 	 2.6780193205211217e-15
185.6982582582583 	 3.505108831269764e-07 	 2.649265411178792e-15
186.19873873873877 	 3.4956875077748095e-07 	 2.6208963816499723e-15
186.69921921921926 	 3.486316695348183e-07 	 2.592906066371363e-15
187.19969969969975 	 3.4769959888641775e-07 	 2.565288414703065e-15
187.7001801801802 	 3.467724987517961e-07 	 2.5380374884869224e-15
188.2006606606607 	 3.458503294768134e-07 	 2.511147459663113e-15
188.70114114114116 	 3.4493305182801834e-07 	 2.484612607943379e-15
189.20162162162165 	 3.440206269870848e-07 	 2.458427318539438e-15
189.70210210210215 	 3.4311301654533526e-07 	 2.4325860799451164e-15
190.2025825825826 	 3.422101824983519e-07 	 2.4070834817708024e-15
190.7030630630631 	 3.4131208724067137e-07 	 2.38191421262884e-15
191.2035435435436 	 3.4041869356056365e-07 	 2.357073058068547e-15
191.70402402402405 	 3.395299646348925e-07 	 2.332554898559566e-15
192.20450450450454 	 3.3864586402405575e-07 	 2.3083547075222716e-15
192.70498498498503 	 3.3776635566700573e-07 	 2.2844675494040774e-15
193.2054654654655 	 3.368914038763454e-07 	 2.2608885778003633e-15
193.70594594594598 	 3.360209733335018e-07 	 2.237613033618972e-15
194.20642642642648 	 3.3515502908397316e-07 	 2.2146362432870855e-15
194.70690690690694 	 3.3429353653265034e-07 	 2.1919536169994423e-15
195.20738738738743 	 3.334364614392096e-07 	 2.1695606470068097e-15
195.70786786786792 	 3.325837699135757e-07 	 2.147452905943693e-15
196.20834834834838 	 3.317354284114555e-07 	 2.1256260451943044e-15
196.70882882882887 	 3.308914037299389e-07 	 2.1040757932957895e-15
197.20930930930933 	 3.300516630031668e-07 	 2.0827979543777905e-15
197.70978978978982 	 3.2921617369806544e-07 	 2.0617884066374333e-15
198.2102702702703 	 3.283849036101447e-07 	 2.0410431008488234e-15
198.71075075075078 	 3.275578208593605e-07 	 2.0205580589062244e-15
199.21123123123127 	 3.267348938860387e-07 	 2.0003293724000147e-15
199.71171171171176 	 3.259160914468613e-07 	 1.9803532012246854e-15
200.21219219219222 	 3.251013826109126e-07 	 1.9606257722180107e-15
200.7126726726727 	 3.2429073675578354e-07 	 1.9411433778306353e-15
201.2131531531532 	 3.2348412356373553e-07 	 1.921902374825365e-15
201.71363363363366 	 3.2268151301792074e-07 	 1.9028991830053703e-15
202.21411411411415 	 3.218828753986582e-07 	 1.8841302839706103e-15
202.71459459459464 	 3.210881812797659e-07 	 1.86559221990181e-15
203.2150750750751 	 3.2029740152494636e-07 	 1.847281592371271e-15
203.7155555555556 	 3.195105072842258e-07 	 1.8291950611798806e-15
204.2160360360361 	 3.187274699904456e-07 	 1.8113293432196955e-15
204.71651651651655 	 3.1794826135580535e-07 	 1.793681211361436e-15
205.21699699699704 	 3.1717285336845616e-07 	 1.7762474933663299e-15
205.71747747747753 	 3.164012182891441e-07 	 1.7590250708216807e-15
206.217957957958 	 3.1563332864790225e-07 	 1.7420108780996123e-15
206.71843843843848 	 3.1486915724079095e-07 	 1.7252019013384072e-15
207.21891891891894 	 3.141086771266851e-07 	 1.7085951774459248e-15
207.71939939939944 	 3.13351861624108e-07 	 1.692187793124529e-15
208.21987987987993 	 3.125986843081114e-07 	 1.6759768839170595e-15
208.7203603603604 	 3.118491190071988e-07 	 1.659959633273293e-15
209.22084084084088 	 3.1110313980029534e-07 	 1.6441332716364463e-15
209.72132132132137 	 3.103607210137586e-07 	 1.6284950755492214e-15
210.22180180180183 	 3.096218372184344e-07 	 1.613042366778945e-15
210.72228228228232 	 3.08886463226752e-07 	 1.5977725114613258e-15
211.2227627627628 	 3.081545740898635e-07 	 1.5826829192624288e-15
211.72324324324327 	 3.0742614509482135e-07 	 1.5677710425583917e-15
212.22372372372377 	 3.0670115176179693e-07 	 1.5530343756325068e-15
212.72420420420426 	 3.059795698413384e-07 	 1.5384704538892373e-15
213.22468468468472 	 3.052613753116673e-07 	 1.5240768530847817e-15
213.7251651651652 	 3.0454654437601187e-07 	 1.509851188573789e-15
214.2256456456457 	 3.038350534599798e-07 	 1.495791114571871e-15
214.72612612612616 	 3.0312687920896604e-07 	 1.48189432343352e-15
215.22660660660665 	 3.0242199848559734e-07 	 1.468158544945085e-15
215.7270870870871 	 3.0172038836721277e-07 	 1.4545815456324712e-15
216.2275675675676 	 3.010220261433784e-07 	 1.4411611280831955e-15
216.7280480480481 	 3.0032688931343727e-07 	 1.4278951302824947e-15
217.22852852852856 	 2.996349555840926e-07 	 1.4147814249631446e-15
217.72900900900905 	 2.9894620286702467e-07 	 1.4018179189686903e-15
218.22948948948954 	 2.9826060927654007e-07 	 1.3890025526297659e-15
218.72996996997 	 2.975781531272542e-07 	 1.3763332991532245e-15
219.2304504504505 	 2.968988129318041e-07 	 1.3638081640237646e-15
219.73093093093098 	 2.962225673985938e-07 	 1.35142518441779e-15
220.23141141141144 	 2.9554939542956953e-07 	 1.3391824286292115e-15
220.73189189189193 	 2.9487927611802597e-07 	 1.3270779955069284e-15
221.23237237237242 	 2.9421218874644147e-07 	 1.3151100139037231e-15
221.7328528528529 	 2.935481127843433e-07 	 1.3032766421363163e-15
222.23333333333338 	 2.9288702788620117e-07 	 1.2915760674563195e-15
222.73381381381387 	 2.922289138893497e-07 	 1.2800065055318647e-15
223.23429429429433 	 2.9157375081193816e-07 	 1.2685661999396465e-15
223.73477477477482 	 2.9092151885090867e-07 	 1.257253421667161e-15
224.23525525525528 	 2.902721983800002e-07 	 1.2460664686249084e-15
224.73573573573577 	 2.896257699477807e-07 	 1.2350036651683448e-15
225.23621621621626 	 2.889822142757042e-07 	 1.2240633616293524e-15
225.73669669669673 	 2.8834151225619457e-07 	 1.2132439338570398e-15
226.23717717717722 	 2.8770364495075414e-07 	 1.2025437827676413e-15
226.7376576576577 	 2.8706859358809807e-07 	 1.1919613339033416e-15
227.23813813813817 	 2.8643633956231264e-07 	 1.181495036999806e-15
227.73861861861866 	 2.8580686443103823e-07 	 1.1711433655622402e-15
228.23909909909915 	 2.85180149913676e-07 	 1.1609048164497892e-15
228.7395795795796 	 2.845561778896187e-07 	 1.1507779094680968e-15
229.2400600600601 	 2.8393493039650355e-07 	 1.140761186969833e-15
229.7405405405406 	 2.833163896284889e-07 	 1.1308532134630426e-15
230.24102102102106 	 2.827005379345533e-07 	 1.1210525752271224e-15
230.74150150150155 	 2.82087357816816e-07 	 1.1113578799362689e-15
231.24198198198204 	 2.8147683192888e-07 	 1.1017677562902453e-15
231.7424624624625 	 2.808689430741963e-07 	 1.0922808536522932e-15
232.242942942943 	 2.8026367420444917e-07 	 1.0828958416940483e-15
232.74342342342348 	 2.7966100841796254e-07 	 1.0736114100473088e-15
233.24390390390394 	 2.790609289581266e-07 	 1.0644262679624996e-15
233.74438438438443 	 2.784634192118449e-07 	 1.0553391439737027e-15
234.2448648648649 	 2.7786846270800103e-07 	 1.0463487855701091e-15
234.74534534534538 	 2.772760431159453e-07 	 1.0374539588737472e-15
235.24582582582588 	 2.766861442440004e-07 	 1.028653448323371e-15
235.74630630630634 	 2.760987500379864e-07 	 1.0199460563643652e-15
236.24678678678683 	 2.7551384457976407e-07 	 1.011330603144539e-15
236.74726726726732 	 2.7493141208579727e-07 	 1.0028059262157009e-15
237.24774774774778 	 2.7435143690573285e-07 	 9.943708802408687e-16
237.74822822822827 	 2.7377390352099913e-07 	 9.860243367070173e-16
238.24870870870876 	 2.731987965434216e-07 	 9.777651836432381e-16
238.74918918918922 	 2.7262610071385635e-07 	 9.695923253441976e-16
239.24966966966971 	 2.720558009008402e-07 	 9.615046820987878e-16
239.7501501501502 	 2.714878820992583e-07 	 9.535011899238562e-16
240.25063063063067 	 2.70922329429028e-07 	 9.455808003029176e-16
240.75111111111116 	 2.703591281337993e-07 	 9.377424799297329e-16
241.25159159159165 	 2.697982635796713e-07 	 9.299852104566633e-16
241.7520720720721 	 2.692397212539249e-07 	 9.223079882476999e-16
242.2525525525526 	 2.686834867637708e-07 	 9.147098241360684e-16
242.75303303303306 	 2.681295458351135e-07 	 9.071897431863217e-16
243.25351351351355 	 2.675778843113299e-07 	 8.99746784460817e-16
243.75399399399404 	 2.670284881520637e-07 	 8.92380000790505e-16
244.2544744744745 	 2.664813434320341e-07 	 8.850884585499236e-16
244.754954954955 	 2.65936436339859e-07 	 8.778712374363227e-16
245.2554354354355 	 2.653937531768933e-07 	 8.707274302528378e-16
245.75591591591595 	 2.648532803560806e-07 	 8.636561426956206e-16
246.25639639639644 	 2.643150044008194e-07 	 8.566564931448479e-16
246.75687687687693 	 2.637789119438431e-07 	 8.497276124595469e-16
247.2573573573574 	 2.6324498972611324e-07 	 8.428686437761315e-16
247.75783783783788 	 2.6271322459572637e-07 	 8.360787423105991e-16
248.25831831831837 	 2.621836035068343e-07 	 8.293570751643046e-16
248.75879879879884 	 2.6165611351857735e-07 	 8.227028211332396e-16
249.25927927927933 	 2.611307417940298e-07 	 8.161151705207448e-16
249.75975975975982 	 2.6060747559915913e-07 	 8.095933249535955e-16
250.26024024024028 	 2.600863023017969e-07 	 8.031364972013837e-16
250.76072072072077 	 2.595672093706222e-07 	 7.967439109991347e-16
251.26120120120126 	 2.590501843741574e-07 	 7.904148008730972e-16
251.76168168168172 	 2.5853521497977576e-07 	 7.841484119696391e-16
252.2621621621622 	 2.580222889527205e-07 	 7.779439998871842e-16
252.76264264264267 	 2.575113941551365e-07 	 7.71800830511146e-16
253.26312312312317 	 2.5700251854511204e-07 	 7.657181798517798e-16
253.76360360360366 	 2.564956501757336e-07 	 7.596953338849069e-16
254.26408408408412 	 2.559907771941502e-07 	 7.537315883954532e-16
254.7645645645646 	 2.5548788784064974e-07 	 7.478262488237436e-16
255.2650450450451 	 2.5498697044774596e-07 	 7.419786301145033e-16
255.76552552552556 	 2.544880134392761e-07 	 7.361880565685091e-16
256.266006006006 	 2.5399100532950895e-07 	 7.304538616968391e-16
256.7664864864865 	 2.53495934722264e-07 	 7.247753880776764e-16
257.266966966967 	 2.5300279031003964e-07 	 7.191519872156054e-16
257.76744744744747 	 2.5251156087315324e-07 	 7.135830194033703e-16
258.26792792792793 	 2.520222352788892e-07 	 7.080678535860227e-16
258.76840840840845 	 2.515348024806587e-07 	 7.026058672274423e-16
259.2688888888889 	 2.510492515171684e-07 	 6.971964461791611e-16
259.7693693693694 	 2.5056557151159803e-07 	 6.918389845514556e-16
260.2698498498499 	 2.500837516707892e-07 	 6.865328845866674e-16
260.77033033033035 	 2.49603781284442e-07 	 6.812775565347048e-16
261.2708108108108 	 2.4912564972432117e-07 	 6.760724185306783e-16
261.77129129129133 	 2.4864934644347247e-07 	 6.709168964746479e-16
262.2717717717718 	 2.481748609754463e-07 	 6.658104239134177e-16
262.77225225225226 	 2.477021829335314e-07 	 6.607524419243563e-16
263.2727327327328 	 2.472313020099969e-07 	 6.557423990011997e-16
263.77321321321324 	 2.467622079753431e-07 	 6.507797509417994e-16
264.2736936936937 	 2.462948906775607e-07 	 6.45863960737774e-16
264.7741741741742 	 2.458293400413981e-07 	 6.409944984660344e-16
265.2746546546547 	 2.453655460676381e-07 	 6.361708411821531e-16
265.77513513513514 	 2.4490349883238093e-07 	 6.313924728155207e-16
266.2756156156156 	 2.444431884863374e-07 	 6.266588840662855e-16
266.7760960960961 	 2.439846052541285e-07 	 6.219695723040192e-16
267.2765765765766 	 2.4352773943359353e-07 	 6.1732404146809125e-16
267.77705705705705 	 2.4307258139510605e-07 	 6.127218019697078e-16
268.27753753753757 	 2.4261912158089686e-07 	 6.08162370595597e-16
268.77801801801803 	 2.4216735050438565e-07 	 6.036452704133033e-16
269.2784984984985 	 2.417172587495188e-07 	 5.991700306780553e-16
269.778978978979 	 2.412688369701153e-07 	 5.947361867411904e-16
270.2794594594595 	 2.408220758892205e-07 	 5.903432799601031e-16
270.77993993993994 	 2.403769662984655e-07 	 5.859908576096786e-16
271.28042042042046 	 2.3993349905743476e-07 	 5.816784727951988e-16
271.7809009009009 	 2.3949166509304073e-07 	 5.774056843666914e-16
272.2813813813814 	 2.390514553989047e-07 	 5.731720568346807e-16
272.7818618618619 	 2.3861286103474497e-07 	 5.68977160287337e-16
273.28234234234236 	 2.3817587312577173e-07 	 5.648205703089832e-16
273.7828228228228 	 2.3774048286208823e-07 	 5.60701867899936e-16
274.28330330330334 	 2.3730668149809884e-07 	 5.566206393976644e-16
274.7837837837838 	 2.3687446035192364e-07 	 5.525764763992358e-16
275.28426426426427 	 2.3644381080481883e-07 	 5.485689756850241e-16
275.7847447447448 	 2.3601472430060423e-07 	 5.445977391436654e-16
276.28522522522525 	 2.3558719234509653e-07 	 5.406623736982327e-16
276.7857057057057 	 2.3516120650554857e-07 	 5.367624912336046e-16
277.2861861861862 	 2.3473675841009515e-07 	 5.328977085250166e-16
277.7866666666667 	 2.343138397472045e-07 	 5.290676471677641e-16
278.28714714714715 	 2.3389244226513577e-07 	 5.252719335080405e-16
278.78762762762767 	 2.3347255777140214e-07 	 5.215101985748905e-16
279.28810810810813 	 2.3305417813224045e-07 	 5.177820780132601e-16
279.7885885885886 	 2.326372952720852e-07 	 5.140872120181142e-16
280.2890690690691 	 2.3222190117304964e-07 	 5.104252452696198e-16
280.7895495495496 	 2.318079878744115e-07 	 5.067958268693597e-16
281.29003003003004 	 2.3139554747210426e-07 	 5.03198610277565e-16
281.79051051051056 	 2.309845721182143e-07 	 4.996332532513528e-16
282.290990990991 	 2.3057505402048308e-07 	 4.960994177839427e-16
282.7914714714715 	 2.3016698544181442e-07 	 4.925967700448384e-16
283.291951951952 	 2.2976035869978748e-07 	 4.891249803209612e-16
283.79243243243246 	 2.293551661661747e-07 	 4.856837229587151e-16
284.2929129129129 	 2.2895140026646449e-07 	 4.822726763069623e-16
284.7933933933934 	 2.285490534793894e-07 	 4.788915226609047e-16
285.2938738738739 	 2.2814811833645924e-07 	 4.755399482068454e-16
285.79435435435437 	 2.2774858742149873e-07 	 4.722176429678201e-16
286.29483483483483 	 2.273504533701903e-07 	 4.689243007500793e-16
286.79531531531535 	 2.2695370886962176e-07 	 4.656596190904121e-16
287.2957957957958 	 2.2655834665783837e-07 	 4.624232992042919e-16
287.7962762762763 	 2.2616435952339983e-07 	 4.592150459348308e-16
288.2967567567568 	 2.2577174030494174e-07 	 4.560345677025312e-16
288.79723723723725 	 2.2538048189074193e-07 	 4.528815764558182e-16
289.2977177177177 	 2.2499057721829077e-07 	 4.497557876223404e-16
289.79819819819824 	 2.2460201927386632e-07 	 4.466569200610243e-16
290.2986786786787 	 2.2421480109211398e-07 	 4.4358469601487487e-16
290.79915915915916 	 2.2382891575562993e-07 	 4.4053884106449933e-16
291.2996396396397 	 2.2344435639454937e-07 	 4.375190840823518e-16
291.80012012012014 	 2.2306111618613905e-07 	 4.345251571876837e-16
292.3006006006006 	 2.226791883543934e-07 	 4.315567957021801e-16
292.8010810810811 	 2.2229856616963525e-07 	 4.286137381062843e-16
293.3015615615616 	 2.21919242948121e-07 	 4.2569572599618817e-16
293.80204204204205 	 2.2154121205164872e-07 	 4.228025040414775e-16
294.30252252252257 	 2.2116446688717138e-07 	 4.1993381994342926e-16
294.803003003003 	 2.2078900090641348e-07 	 4.170894243939411e-16
295.3034834834835 	 2.2041480760549152e-07 	 4.142690710350856e-16
295.803963963964 	 2.2004188052453846e-07 	 4.114725164192799e-16
296.30444444444447 	 2.196702132473323e-07 	 4.0869951997006046e-16
296.80492492492493 	 2.1929979940092772e-07 	 4.0594984394344807e-16
297.30540540540545 	 2.1893063265529188e-07 	 4.0322325338989913e-16
297.8058858858859 	 2.1856270672294417e-07 	 4.0051951611683297e-16
298.3063663663664 	 2.181960153585987e-07 	 3.9783840265171754e-16
298.8068468468469 	 2.1783055235881152e-07 	 3.9517968620571725e-16
299.30732732732736 	 2.1746631156163037e-07 	 3.9254314263788075e-16
299.8078078078078 	 2.1710328684624853e-07 	 3.899285504198693e-16
300.30828828828834 	 2.1674147213266197e-07 	 3.873356906012104e-16
300.8087687687688 	 2.1638086138132977e-07 	 3.847643467750714e-16
301.30924924924926 	 2.1602144859283848e-07 	 3.822143050445448e-16
301.8097297297298 	 2.156632278075687e-07 	 3.796853539894313e-16
302.31021021021024 	 2.1530619310536642e-07 	 3.771772846335225e-16
302.8106906906907 	 2.149503386052165e-07 	 3.7468989041236397e-16
303.31117117117117 	 2.1459565846491974e-07 	 3.7222296714149814e-16
303.8116516516517 	 2.1424214688077318e-07 	 3.697763129851762e-16
304.31213213213215 	 2.1388979808725384e-07 	 3.673497284255347e-16
304.8126126126126 	 2.1353860635670486e-07 	 3.6494301623222003e-16
305.31309309309313 	 2.1318856599902536e-07 	 3.6255598143246703e-16
305.8135735735736 	 2.1283967136136317e-07 	 3.6018843128161407e-16
306.31405405405405 	 2.124919168278103e-07 	 3.5784017523404905e-16
306.8145345345346 	 2.1214529681910197e-07 	 3.5551102491458436e-16
307.31501501501504 	 2.1179980579231794e-07 	 3.5320079409024794e-16
307.8154954954955 	 2.1145543824058704e-07 	 3.5090929864248663e-16
308.315975975976 	 2.1111218869279485e-07 	 3.486363565397752e-16
308.8164564564565 	 2.1077005171329372e-07 	 3.4638178781062354e-16
309.31693693693694 	 2.1042902190161592e-07 	 3.441454145169759e-16
309.81741741741746 	 2.100890938921894e-07 	 3.4192706072799546e-16
310.3178978978979 	 2.0975026235405665e-07 	 3.3972655249423055e-16
310.8183783783784 	 2.094125219905957e-07 	 3.37543717822151e-16
311.3188588588589 	 2.090758675392442e-07 	 3.353783866490547e-16
311.81933933933936 	 2.0874029377122644e-07 	 3.332303908183361e-16
312.3198198198198 	 2.0840579549128214e-07 	 3.3109956405510726e-16
312.82030030030035 	 2.0807236753739848e-07 	 3.2898574194217217e-16
313.3207807807808 	 2.0774000478054488e-07 	 3.2688876189634544e-16
313.82126126126127 	 2.0740870212440956e-07 	 3.2480846314510765e-16
314.3217417417418 	 2.070784545051394e-07 	 3.2274468670359787e-16
314.82222222222225 	 2.0674925689108175e-07 	 3.206972753519316e-16
315.3227027027027 	 2.0642110428252887e-07 	 3.1866607361284344e-16
315.82318318318323 	 2.06093991711465e-07 	 3.166509277296475e-16
316.3236636636637 	 2.057679142413154e-07 	 3.1465168564451153e-16
316.82414414414416 	 2.054428669666983e-07 	 3.1266819697703826e-16
317.3246246246247 	 2.0511884501317858e-07 	 3.1070031300314973e-16
317.82510510510514 	 2.0479584353702444e-07 	 3.0874788663427236e-16
318.3255855855856 	 2.044738577249658e-07 	 3.0681077239681286e-16
318.8260660660661 	 2.0415288279395533e-07 	 3.0488882641192615e-16
319.3265465465466 	 2.0383291399093164e-07 	 3.029819063755661e-16
319.82702702702704 	 2.0351394659258448e-07 	 3.0108987153881756e-16
320.32750750750756 	 2.0319597590512247e-07 	 2.9921258268850306e-16
320.827987987988 	 2.0287899726404305e-07 	 2.9734990212806447e-16
321.3284684684685 	 2.0256300603390382e-07 	 2.955016936587062e-16
321.82894894894895 	 2.0224799760809717e-07 	 2.93667822560808e-16
322.32942942942947 	 2.019339674086261e-07 	 2.918481555755928e-16
322.82990990990993 	 2.0162091088588258e-07 	 2.9004256088705127e-16
323.3303903903904 	 2.0130882351842775e-07 	 2.882509081041172e-16
323.8308708708709 	 2.0099770081277428e-07 	 2.864730682430904e-16
324.3313513513514 	 2.0068753830317072e-07 	 2.847089137103032e-16
324.83183183183183 	 2.0037833155138783e-07 	 2.829583182850263e-16
325.33231231231235 	 2.0007007614650674e-07 	 2.812211571026109e-16
325.8327927927928 	 1.997627677047096e-07 	 2.7949730663786535e-16
326.3332732732733 	 1.9945640186907127e-07 	 2.777866446886565e-16
326.8337537537538 	 1.9915097430935368e-07 	 2.7608905035973964e-16
327.33423423423426 	 1.988464807218019e-07 	 2.744044040468111e-16
327.8347147147147 	 1.9854291682894177e-07 	 2.727325874207765e-16
328.33519519519524 	 1.9824027837937963e-07 	 2.7107348341223584e-16
328.8356756756757 	 1.9793856114760413e-07 	 2.6942697619618275e-16
329.33615615615616 	 1.9763776093378915e-07 	 2.677929511769077e-16
329.8366366366367 	 1.973378735635993e-07 	 2.66171294973112e-16
330.33711711711715 	 1.9703889488799658e-07 	 2.645618954032208e-16
330.8375975975976 	 1.9674082078304907e-07 	 2.6296464147089677e-16
331.3380780780781 	 1.964436471497414e-07 	 2.613794233507505e-16
331.8385585585586 	 1.9614736991378698e-07 	 2.5980613237424574e-16
332.33903903903905 	 1.9585198502544137e-07 	 2.5824466101579033e-16
332.83951951951957 	 1.9555748845931815e-07 	 2.566949028790216e-16
333.34000000000003 	 1.9526387621420608e-07 	 2.5515675268327224e-16
333.8404804804805 	 1.9497114431288748e-07 	 2.536301062502185e-16
334.340960960961 	 1.9467928880195907e-07 	 2.521148604907105e-16
334.8414414414415 	 1.9438830575165394e-07 	 2.5061091339177725e-16
335.34192192192194 	 1.940981912556649e-07 	 2.491181640038057e-16
335.84240240240246 	 1.9380894143096992e-07 	 2.476365124278921e-16
336.3428828828829 	 1.935205524176589e-07 	 2.4616585980336337e-16
336.8433633633634 	 1.9323302037876178e-07 	 2.4470610829546214e-16
337.3438438438439 	 1.9294634150007846e-07 	 2.43257161083198e-16
337.84432432432436 	 1.926605119900104e-07 	 2.418189223473613e-16
338.3448048048048 	 1.923755280793929e-07 	 2.4039129725869254e-16
338.8452852852853 	 1.9209138602133008e-07 	 2.3897419196621273e-16
339.3457657657658 	 1.9180808209103e-07 	 2.37567513585705e-16
339.84624624624627 	 1.9152561258564256e-07 	 2.3617117018835177e-16
340.34672672672673 	 1.9124397382409767e-07 	 2.347850707895182e-16
340.84720720720725 	 1.909631621469455e-07 	 2.3340912533768674e-16
341.3476876876877 	 1.906831739161982e-07 	 2.3204324470353673e-16
341.8481681681682 	 1.9040400551517233e-07 	 2.3068734066916516e-16
342.3486486486487 	 1.9012565334833365e-07 	 2.293413259174527e-16
342.84912912912915 	 1.898481138411424e-07 	 2.280051140215662e-16
343.3496096096096 	 1.895713834399005e-07 	 2.2667861943460004e-16
343.85009009009013 	 1.892954586115996e-07 	 2.2536175747935216e-16
344.3505705705706 	 1.890203358437711e-07 	 2.2405444433823435e-16
344.85105105105106 	 1.8874601164433675e-07 	 2.2275659704331296e-16
345.3515315315316 	 1.8847248254146112e-07 	 2.2146813346648025e-16
345.85201201201204 	 1.8819974508340517e-07 	 2.2018897230975335e-16
346.3524924924925 	 1.879277958383808e-07 	 2.1891903309569766e-16
346.852972972973 	 1.876566313944071e-07 	 2.1765823615797639e-16
347.3534534534535 	 1.8738624835916779e-07 	 2.1640650263202175e-16
347.85393393393394 	 1.8711664335986933e-07 	 2.1516375444582533e-16
348.35441441441446 	 1.8684781304310102e-07 	 2.139299143108487e-16
348.8548948948949 	 1.8657975407469613e-07 	 2.1270490571305237e-16
349.3553753753754 	 1.8631246313959343e-07 	 2.114886529040358e-16
349.8558558558559 	 1.860459369417011e-07 	 2.1028108089229626e-16
350.35633633633637 	 1.857801722037612e-07 	 2.0908211543459686e-16
350.85681681681683 	 1.8551516566721494e-07 	 2.0789168302744582e-16
351.35729729729735 	 1.852509140920698e-07 	 2.0670971089868433e-16
351.8577777777778 	 1.8498741425676756e-07 	 2.055361269991835e-16
352.3582582582583 	 1.847246629580533e-07 	 2.0437085999464575e-16
352.8587387387388 	 1.8446265701084533e-07 	 2.032138392575097e-16
353.35921921921926 	 1.8420139324810698e-07 	 2.0206499485896115e-16
353.8596996996997 	 1.8394086852071866e-07 	 2.0092425756104264e-16
354.36018018018024 	 1.8368107969735128e-07 	 1.9979155880886387e-16
354.8606606606607 	 1.8342202366434114e-07 	 1.9866683072291222e-16
355.36114114114116 	 1.8316369732556524e-07 	 1.975500060914582e-16
355.8616216216217 	 1.829060976023179e-07 	 1.9644101836305846e-16
356.36210210210214 	 1.8264922143318868e-07 	 1.9533980163915287e-16
356.8625825825826 	 1.8239306577394103e-07 	 1.942462906667551e-16
357.36306306306307 	 1.8213762759739189e-07 	 1.9316042083123431e-16
357.8635435435436 	 1.8188290389329252e-07 	 1.9208212814918847e-16
358.36402402402405 	 1.8162889166821055e-07 	 1.9101134926140736e-16
358.8645045045045 	 1.81375587945412e-07 	 1.8994802142592103e-16
359.364984984985 	 1.8112298976474575e-07 	 1.8889208251113974e-16
359.8654654654655 	 1.8087109418252793e-07 	 1.8784347098907548e-16
360.36594594594595 	 1.8061989827142735e-07 	 1.8680212592864958e-16
360.8664264264265 	 1.8036939912035254e-07 	 1.8576798698908477e-16
361.36690690690693 	 1.8011959383433897e-07 	 1.847409944133776e-16
361.8673873873874 	 1.7987047953443755e-07 	 1.8372108902185254e-16
362.3678678678679 	 1.7962205335760423e-07 	 1.827082122057971e-16
362.8683483483484 	 1.793743124565902e-07 	 1.8170230592117445e-16
363.36882882882884 	 1.7912725399983296e-07 	 1.8070331268241373e-16
363.86930930930936 	 1.7888087517134875e-07 	 1.7971117555627875e-16
364.3697897897898 	 1.7863517317062537e-07 	 1.7872583815581062e-16
364.8702702702703 	 1.7839014521251596e-07 	 1.7774724463434515e-16
365.3707507507508 	 1.7814578852713403e-07 	 1.7677533967960512e-16
365.87123123123126 	 1.7790210035974905e-07 	 1.7581006850786435e-16
366.3717117117117 	 1.776590779706826e-07 	 1.7485137685818237e-16
366.87219219219224 	 1.7741671863520617e-07 	 1.7389921098671153e-16
367.3726726726727 	 1.7717501964343893e-07 	 1.7295351766107279e-16
367.87315315315317 	 1.7693397830024702e-07 	 1.7201424415480019e-16
368.3736336336337 	 1.7669359192514313e-07 	 1.7108133824185322e-16
368.87411411411415 	 1.7645385785218742e-07 	 1.701547481911969e-16
369.3745945945946 	 1.7621477342988864e-07 	 1.692344227614457e-16
369.87507507507513 	 1.759763360211066e-07 	 1.6832031119557516e-16
370.3755555555556 	 1.7573854300295526e-07 	 1.6741236321569626e-16
370.87603603603606 	 1.755013917667063e-07 	 1.6651052901789223e-16
371.3765165165166 	 1.7526487971769394e-07 	 1.6561475926712056e-16
371.87699699699704 	 1.7502900427522023e-07 	 1.6472500509217377e-16
372.3774774774775 	 1.747937628724612e-07 	 1.6384121808070282e-16
372.877957957958 	 1.7455915295637364e-07 	 1.6296335027429964e-16
373.3784384384385 	 1.7432517198760305e-07 	 1.620913541636398e-16
373.87891891891894 	 1.7409181744039172e-07 	 1.6122518268368236e-16
374.37939939939946 	 1.7385908680248784e-07 	 1.6036478920892773e-16
374.8798798798799 	 1.736269775750556e-07 	 1.5951012754873364e-16
375.3803603603604 	 1.733954872725856e-07 	 1.5866115194268541e-16
375.88084084084085 	 1.7316461342280595e-07 	 1.5781781705602202e-16
376.38132132132137 	 1.7293435356659462e-07 	 1.5698007797511813e-16
376.8818018018018 	 1.72704705257892e-07 	 1.5614789020301862e-16
377.3822822822823 	 1.7247566606361405e-07 	 1.5532120965502647e-16
377.8827627627628 	 1.7224723356356667e-07 	 1.5449999265434332e-16
378.38324324324327 	 1.7201940535036034e-07 	 1.5368419592776242e-16
378.88372372372373 	 1.717921790293255e-07 	 1.528737766014115e-16
379.38420420420425 	 1.7156555221842879e-07 	 1.5206869219654726e-16
379.8846846846847 	 1.7133952254818965e-07 	 1.5126890062539879e-16
380.3851651651652 	 1.7111408766159785e-07 	 1.504743601870605e-16
380.8856456456457 	 1.7088924521403152e-07 	 1.4968502956343324e-16
381.38612612612616 	 1.7066499287317582e-07 	 1.4890086781521366e-16
381.8866066066066 	 1.7044132831894246e-07 	 1.4812183437793078e-16
382.38708708708714 	 1.7021824924338938e-07 	 1.4734788905802817e-16
382.8875675675676 	 1.6999575335064187e-07 	 1.4657899202899427e-16
383.38804804804806 	 1.6977383835681323e-07 	 1.4581510382753523e-16
383.8885285285286 	 1.695525019899269e-07 	 1.4505618534979479e-16
384.38900900900904 	 1.693317419898391e-07 	 1.4430219784761806e-16
384.8894894894895 	 1.6911155610816152e-07 	 1.4355310292485748e-16
385.38996996997 	 1.6889194210818533e-07 	 1.4280886253372408e-16
385.8904504504505 	 1.6867289776480517e-07 	 1.4206943897117903e-16
386.39093093093095 	 1.6845442086444426e-07 	 1.4133479487536904e-16
386.89141141141147 	 1.6823650920497956e-07 	 1.4060489322210162e-16
387.39189189189193 	 1.6801916059566802e-07 	 1.3987969732136294e-16
387.8923723723724 	 1.6780237285707305e-07 	 1.3915917081387409e-16
388.3928528528529 	 1.6758614382099165e-07 	 1.3844327766768887e-16
388.8933333333334 	 1.6737047133038222e-07 	 1.377319821748301e-16
389.39381381381384 	 1.671553532392928e-07 	 1.3702524894796474e-16
389.89429429429435 	 1.6694078741278968e-07 	 1.3632304291711744e-16
390.3947747747748 	 1.6672677172688728e-07 	 1.356253293264228e-16
390.8952552552553 	 1.665133040684775e-07 	 1.3493207373091317e-16
391.3957357357358 	 1.6630038233526052e-07 	 1.3424324199334476e-16
391.89621621621626 	 1.6608800443567567e-07 	 1.3355880028105999e-16
392.3966966966967 	 1.6587616828883307e-07 	 1.328787150628857e-16
392.89717717717724 	 1.656648718244453e-07 	 1.3220295310606563e-16
393.3976576576577 	 1.6545411298276053e-07 	 1.3153148147323084e-16
393.89813813813817 	 1.6524388971449507e-07 	 1.308642675194012e-16
394.3986186186186 	 1.6503419998076725e-07 	 1.3020127888902383e-16
394.89909909909915 	 1.648250417530313e-07 	 1.2954248351304362e-16
395.3995795795796 	 1.6461641301301219e-07 	 1.2888784960600826e-16
395.90006006006007 	 1.6440831175264046e-07 	 1.2823734566320483e-16
396.4005405405406 	 1.6420073597398807e-07 	 1.2759094045783034e-16
396.90102102102105 	 1.6399368368920405e-07 	 1.2694860303819256e-16
397.4015015015015 	 1.6378715292045147e-07 	 1.2631030272494455e-16
397.90198198198203 	 1.6358114169984416e-07 	 1.2567600910834823e-16
398.4024624624625 	 1.6337564806938453e-07 	 1.2504569204557161e-16
398.90294294294296 	 1.6317067008090112e-07 	 1.2441932165801302e-16
399.4034234234235 	 1.6296620579598726e-07 	 1.237968683286583e-16
399.90390390390394 	 1.6276225328594006e-07 	 1.2317830269946688e-16
400.4043843843844 	 1.6255881063169975e-07 	 1.2256359566878664e-16
400.9048648648649 	 1.6235587592378909e-07 	 1.2195271838879782e-16
401.4053453453454 	 1.6215344726225433e-07 	 1.2134564226298687e-16
401.90582582582584 	 1.6195152275660522e-07 	 1.207423389436467e-16
402.40630630630636 	 1.617501005257566e-07 	 1.2014278032940581e-16
402.9067867867868 	 1.6154917869796984e-07 	 1.1954693856278548e-16
403.4072672672673 	 1.6134875541079484e-07 	 1.1895478602778313e-16
403.9077477477478 	 1.6114882881101255e-07 	 1.183662953474831e-16
404.40822822822827 	 1.6094939705457786e-07 	 1.1778143938169445e-16
404.90870870870873 	 1.6075045830656277e-07 	 1.172001912246137e-16
405.40918918918925 	 1.6055201074110026e-07 	 1.16622524202515e-16
405.9096696696697 	 1.6035405254132837e-07 	 1.1604841187146484e-16
406.4101501501502 	 1.6015658189933473e-07 	 1.1547782801506237e-16
406.9106306306307 	 1.599595970161016e-07 	 1.1491074664220482e-16
407.41111111111115 	 1.5976309610145118e-07 	 1.143471419848776e-16
407.9115915915916 	 1.5956707737399133e-07 	 1.1378698849596807e-16
408.41207207207214 	 1.5937153906106187e-07 	 1.132302608471045e-16
408.9125525525526 	 1.59176479398681e-07 	 1.1267693392651798e-16
409.41303303303306 	 1.589818966314924e-07 	 1.1212698283692795e-16
409.9135135135136 	 1.5878778901271246e-07 	 1.1158038289345124e-16
410.41399399399404 	 1.5859415480407808e-07 	 1.1103710962153365e-16
410.9144744744745 	 1.5840099227579466e-07 	 1.1049713875490416e-16
411.414954954955 	 1.5820829970648475e-07 	 1.0996044623355189e-16
411.9154354354355 	 1.5801607538313694e-07 	 1.0942700820172496e-16
412.41591591591595 	 1.5782431760105485e-07 	 1.088968010059508e-16
412.9163963963964 	 1.5763302466380696e-07 	 1.0836980119307838e-16
413.4168768768769 	 1.5744219488317653e-07 	 1.0784598550834182e-16
413.9173573573574 	 1.5725182657911191e-07 	 1.0732533089344497e-16
414.41783783783785 	 1.5706191807967724e-07 	 1.0680781448466619e-16
414.91831831831837 	 1.5687246772100347e-07 	 1.0629341361098464e-16
415.41879879879883 	 1.5668347384724e-07 	 1.0578210579222645e-16
415.9192792792793 	 1.56494934810506e-07 	 1.052738687372302e-16
416.4197597597598 	 1.5630684897084288e-07 	 1.0476868034203349e-16
416.9202402402403 	 1.5611921469616667e-07 	 1.0426651868807823e-16
417.42072072072074 	 1.5593203036222067e-07 	 1.0376736204043539e-16
417.92120120120126 	 1.5574529435252866e-07 	 1.0327118884604881e-16
418.4216816816817 	 1.555590050583486e-07 	 1.0277797773199862e-16
418.9221621621622 	 1.5537316087862595e-07 	 1.0228770750378179e-16
419.4226426426427 	 1.5518776021994817e-07 	 1.0180035714361252e-16
419.92312312312316 	 1.550028014964992e-07 	 1.0131590580874053e-16
420.4236036036036 	 1.5481828313001392e-07 	 1.0083433282978622e-16
420.92408408408414 	 1.5463420354973362e-07 	 1.003556177090956e-16
421.4245645645646 	 1.544505611923612e-07 	 9.987974011911088e-17
421.92504504504507 	 1.54267354502017e-07 	 9.940667990075963e-17
422.4255255255256 	 1.5408458193019484e-07 	 9.89364170618603e-17
422.92600600600605 	 1.5390224193571843e-07 	 9.846893177554565e-17
423.4264864864865 	 1.5372033298469805e-07 	 9.800420437870179e-17
423.92696696696703 	 1.5353885355048738e-07 	 9.754221537042447e-17
424.4274474474475 	 1.5335780211364108e-07 	 9.708294541049184e-17
424.92792792792795 	 1.5317717716187215e-07 	 9.66263753178528e-17
425.4284084084085 	 1.5299697719000982e-07 	 9.617248606913161e-17
425.92888888888893 	 1.52817200699958e-07 	 9.572125879714873e-17
426.4293693693694 	 1.5263784620065347e-07 	 9.52726747894564e-17
426.9298498498499 	 1.5245891220802475e-07 	 9.48267154868902e-17
427.4303303303304 	 1.5228039724495128e-07 	 9.438336248213589e-17
427.93081081081084 	 1.5210229984122259e-07 	 9.394259751831091e-17
428.43129129129136 	 1.519246185334981e-07 	 9.350440248756118e-17
428.9317717717718 	 1.51747351865267e-07 	 9.306875942967246e-17
429.4322522522523 	 1.515704983868083e-07 	 9.263565053069597e-17
429.9327327327328 	 1.513940566551515e-07 	 9.220505812158892e-17
430.43321321321326 	 1.5121802523403733e-07 	 9.177696467686892e-17
430.9336936936937 	 1.5104240269387868e-07 	 9.135135281328224e-17
431.4341741741742 	 1.5086718761172191e-07 	 9.092820528848644e-17
431.9346546546547 	 1.5069237857120853e-07 	 9.050750499974634e-17
432.43513513513517 	 1.5051797416253698e-07 	 9.00892349826438e-17
432.93561561561563 	 1.5034397298242454e-07 	 8.967337840980045e-17
433.43609609609615 	 1.5017037363407005e-07 	 8.925991858961426e-17
433.9365765765766 	 1.499971747271163e-07 	 8.884883896500894e-17
434.4370570570571 	 1.4982437487761297e-07 	 8.844012311219613e-17
434.9375375375376 	 1.4965197270797965e-07 	 8.803375473945042e-17
435.43801801801806 	 1.4947996684696952e-07 	 8.762971768589756e-17
435.9384984984985 	 1.4930835592963268e-07 	 8.72279959203143e-17
436.43897897897904 	 1.491371385972802e-07 	 8.682857353994113e-17
436.9394594594595 	 1.4896631349744832e-07 	 8.643143476930748e-17
437.43993993993996 	 1.4879587928386267e-07 	 8.603656395906804e-17
437.9404204204205 	 1.4862583461640308e-07 	 8.564394558485221e-17
438.44090090090094 	 1.4845617816106832e-07 	 8.52535642461245e-17
438.9413813813814 	 1.4828690858994126e-07 	 8.4865404665057e-17
439.4418618618619 	 1.4811802458115424e-07 	 8.447945168541304e-17
439.9423423423424 	 1.479495248188547e-07 	 8.40956902714429e-17
440.44282282282285 	 1.4778140799317087e-07 	 8.371410550679013e-17
440.94330330330337 	 1.4761367280017796e-07 	 8.333468259340915e-17
441.44378378378383 	 1.4744631794186445e-07 	 8.295740685049444e-17
441.9442642642643 	 1.4727934212609848e-07 	 8.258226371341982e-17
442.4447447447448 	 1.4711274406659468e-07 	 8.220923873268885e-17
442.9452252252253 	 1.4694652248288124e-07 	 8.183831757289639e-17
443.44570570570573 	 1.4678067610026685e-07 	 8.146948601169968e-17
443.94618618618625 	 1.4661520364980838e-07 	 8.110272993880063e-17
444.4466666666667 	 1.464501038682784e-07 	 8.073803535493825e-17
444.9471471471472 	 1.4628537549813298e-07 	 8.037538837089097e-17
445.4476276276277 	 1.461210172874798e-07 	 8.001477520648922e-17
445.94810810810816 	 1.4595702799004655e-07 	 7.965618218963832e-17
446.4485885885886 	 1.457934063651493e-07 	 7.929959575535048e-17
446.94906906906914 	 1.4563015117766114e-07 	 7.894500244478705e-17
447.4495495495496 	 1.454672611979814e-07 	 7.85923889043104e-17
447.95003003003006 	 1.4530473520200442e-07 	 7.824174188454507e-17
448.4505105105105 	 1.4514257197108915e-07 	 7.789304823944846e-17
448.95099099099104 	 1.4498077029202856e-07 	 7.75462949253909e-17
449.4514714714715 	 1.448193289570194e-07 	 7.720146900024475e-17
449.95195195195197 	 1.4465824676363222e-07 	 7.685855762248285e-17
450.4524324324325 	 1.4449752251478138e-07 	 7.651754805028555e-17
450.95291291291295 	 1.443371550186956e-07 	 7.617842764065734e-17
451.4533933933934 	 1.441771430888883e-07 	 7.58411838485515e-17
451.95387387387393 	 1.4401748554412835e-07 	 7.550580422600377e-17
452.4543543543544 	 1.438581812084113e-07 	 7.51722764212752e-17
452.95483483483486 	 1.4369922891093004e-07 	 7.484058817800229e-17
453.4553153153154 	 1.4354062748604654e-07 	 7.451072733435677e-17
453.95579579579584 	 1.4338237577326304e-07 	 7.418268182221297e-17
454.4562762762763 	 1.4322447261719392e-07 	 7.385643966632361e-17
454.9567567567568 	 1.4306691686753758e-07 	 7.353198898350395e-17
455.4572372372373 	 1.429097073790485e-07 	 7.320931798182375e-17
455.95771771771774 	 1.4275284301150935e-07 	 7.288841495980706e-17
456.45819819819826 	 1.4259632262970358e-07 	 7.256926830564039e-17
456.9586786786787 	 1.4244014510338801e-07 	 7.225186649638829e-17
457.4591591591592 	 1.422843093072656e-07 	 7.193619809721664e-17
457.9596396396397 	 1.421288141209584e-07 	 7.162225176062374e-17
458.46012012012017 	 1.419736584289808e-07 	 7.131001622567902e-17
458.9606006006006 	 1.418188411207127e-07 	 7.099948031726864e-17
459.46108108108115 	 1.4166436109037307e-07 	 7.069063294534927e-17
459.9615615615616 	 1.4151021723699375e-07 	 7.038346310420866e-17
460.46204204204207 	 1.413564084643931e-07 	 7.007795987173353e-17
460.9625225225226 	 1.412029336811502e-07 	 6.977411240868455e-17
461.46300300300305 	 1.4104979180057882e-07 	 6.947190995797877e-17
461.9634834834835 	 1.4089698174070197e-07 	 6.917134184397821e-17
462.46396396396403 	 1.4074450242422631e-07 	 6.887239747178639e-17
462.9644444444445 	 1.4059235277851695e-07 	 6.857506632655097e-17
463.46492492492496 	 1.4044053173557207e-07 	 6.827933797277327e-17
463.9654054054055 	 1.4028903823199817e-07 	 6.79852020536248e-17
464.46588588588594 	 1.401378712089851e-07 	 6.769264829027006e-17
464.9663663663664 	 1.3998702961228147e-07 	 6.7401666481196e-17
465.4668468468469 	 1.398365123921701e-07 	 6.711224650154813e-17
465.9673273273274 	 1.3968631850344368e-07 	 6.682437830247276e-17
466.46780780780784 	 1.3953644690538056e-07 	 6.653805191046572e-17
466.9682882882883 	 1.3938689656172077e-07 	 6.62532574267274e-17
467.4687687687688 	 1.3923766644064202e-07 	 6.596998502652386e-17
467.9692492492493 	 1.3908875551473615e-07 	 6.568822495855437e-17
468.46972972972975 	 1.389401627609853e-07 	 6.540796754432438e-17
468.97021021021027 	 1.3879188716073877e-07 	 6.512920317752536e-17
469.47069069069073 	 1.3864392769968956e-07 	 6.485192232342001e-17
469.9711711711712 	 1.3849628336785126e-07 	 6.457611551823337e-17
470.4716516516517 	 1.3834895315953506e-07 	 6.430177336855004e-17
470.9721321321322 	 1.3820193607332702e-07 	 6.402888655071688e-17
471.47261261261264 	 1.3805523111206526e-07 	 6.375744581025157e-17
471.97309309309315 	 1.3790883728281748e-07 	 6.348744196125675e-17
472.4735735735736 	 1.3776275359685858e-07 	 6.32188658858398e-17
472.9740540540541 	 1.3761697906964827e-07 	 6.295170853353793e-17
473.4745345345346 	 1.3747151272080913e-07 	 6.268596092074893e-17
473.97501501501506 	 1.373263535741045e-07 	 6.242161413016736e-17
474.4754954954955 	 1.3718150065741674e-07 	 6.215865931022599e-17
474.97597597597604 	 1.3703695300272538e-07 	 6.189708767454229e-17
475.4764564564565 	 1.368927096460858e-07 	 6.163689050137077e-17
475.97693693693697 	 1.3674876962760749e-07 	 6.137805913305978e-17
476.4774174174175 	 1.3660513199143303e-07 	 6.112058497551398e-17
476.97789789789795 	 1.3646179578571686e-07 	 6.086445949766165e-17
477.4783783783784 	 1.363187600626041e-07 	 6.060967423092697e-17
477.9788588588589 	 1.3617602387820981e-07 	 6.035622076870736e-17
478.4793393393394 	 1.360335862925983e-07 	 6.010409076585581e-17
478.97981981981985 	 1.358914463697623e-07 	 5.985327593816786e-17
479.48030030030037 	 1.357496031776025e-07 	 5.960376806187345e-17
479.98078078078083 	 1.3560805578790734e-07 	 5.935555897313381e-17
480.4812612612613 	 1.3546680327633262e-07 	 5.910864056754261e-17
480.9817417417418 	 1.353258447223813e-07 	 5.886300479963208e-17
481.4822222222223 	 1.3518517920938376e-07 	 5.86186436823837e-17
481.98270270270274 	 1.350448058244777e-07 	 5.837554928674341e-17
482.48318318318326 	 1.3490472365858845e-07 	 5.813371374114121e-17
482.9836636636637 	 1.3476493180640948e-07 	 5.789312923101556e-17
483.4841441441442 	 1.3462542936638264e-07 	 5.765378799834189e-17
483.9846246246247 	 1.3448621544067905e-07 	 5.74156823411657e-17
484.48510510510516 	 1.3434728913517962e-07 	 5.717880461313975e-17
484.9855855855856 	 1.3420864955945608e-07 	 5.694314722306597e-17
485.4860660660661 	 1.3407029582675182e-07 	 5.670870263444103e-17
485.9865465465466 	 1.3393222705396303e-07 	 5.647546336500659e-17
486.48702702702707 	 1.3379444236162002e-07 	 5.624342198630373e-17
486.98750750750753 	 1.3365694087386836e-07 	 5.601257112323089e-17
487.48798798798805 	 1.335197217184504e-07 	 5.578290345360659e-17
487.9884684684685 	 1.333827840266869e-07 	 5.555441170773594e-17
488.488948948949 	 1.3324612693345866e-07 	 5.532708866798102e-17
488.9894294294295 	 1.331097495771881e-07 	 5.510092716833504e-17
489.48990990990995 	 1.3297365109982155e-07 	 5.487592009400124e-17
489.9903903903904 	 1.3283783064681094e-07 	 5.4652060380974504e-17
490.49087087087094 	 1.3270228736709593e-07 	 5.442934101562769e-17
490.9913513513514 	 1.3256702041308634e-07 	 5.420775503430146e-17
491.49183183183186 	 1.3243202894064433e-07 	 5.398729552289771e-17
491.9923123123124 	 1.3229731210906677e-07 	 5.3767955616476846e-17
492.49279279279284 	 1.3216286908106803e-07 	 5.354972849885894e-17
492.9932732732733 	 1.3202869902276239e-07 	 5.333260740222817e-17
493.4937537537538 	 1.3189480110364687e-07 	 5.3116585606740963e-17
493.9942342342343 	 1.3176117449658424e-07 	 5.2901656440138076e-17
494.49471471471475 	 1.3162781837778577e-07 	 5.268781327735953e-17
494.99519519519527 	 1.3149473192679436e-07 	 5.2475049540163514e-17
495.4956756756757 	 1.3136191432646793e-07 	 5.226335869674896e-17
495.9961561561562 	 1.3122936476296235e-07 	 5.205273426138073e-17
496.4966366366367 	 1.3109708242571503e-07 	 5.184316979401905e-17
496.99711711711717 	 1.3096506650742844e-07 	 5.163465889995178e-17
497.49759759759763 	 1.308333162040535e-07 	 5.142719522943024e-17
497.99807807807815 	 1.3070183071477335e-07 	 5.122077247730817e-17
498.4985585585586 	 1.3057060924198725e-07 	 5.101538438268421e-17
498.9990390390391 	 1.304396509912942e-07 	 5.081102472854714e-17
499.4995195195196 	 1.3030895517147714e-07 	 5.060768734142491e-17
500.0 	 1.3017852099448693e-07 	 5.040536609103632e-17
