3.5233633633633636 	 3.3076975838875655e-06 	 1.0449485855155356e-09
4.023843843843844 	 3.352261155237221e-06 	 5.832699212599418e-10
4.524324324324325 	 3.402828663530423e-06 	 3.426358312515286e-10
5.0248048048048055 	 3.4588670688953172e-06 	 2.085518913485177e-10
5.525285285285285 	 3.5191920239070144e-06 	 1.2984731734451803e-10
6.025765765765766 	 3.5814340629751897e-06 	 8.170915708447294e-11
6.526246246246247 	 3.6410252035935884e-06 	 5.1291448287842155e-11
7.026726726726727 	 3.68929312637671e-06 	 3.159024661530542e-11
7.527207207207208 	 3.7096641925859816e-06 	 1.8616508041733895e-11
8.027687687687688 	 3.669597197079723e-06 	 1.003664571526487e-11
8.528168168168168 	 3.5021504438363684e-06 	 4.481134475940774e-12
9.02864864864865 	 3.0587936117176813e-06 	 1.218549315286463e-12
9.52912912912913 	 1.965986251193237e-06 	 1.0278809367393332e-13
10.029609609609611 	 9.541632522064353e-07 	 2.0853469355044066e-12
10.530090090090091 	 1.0988739178309841e-05 	 1.2701810471482396e-11
11.030570570570571 	 3.026572500494703e-05 	 3.313872243313447e-11
11.531051051051053 	 4.0517355776694216e-05 	 4.173377417948871e-11
12.031531531531533 	 4.313611093625844e-05 	 4.0373264120876086e-11
12.532012012012013 	 4.1955635715081997e-05 	 3.481350233270779e-11
13.032492492492494 	 4.178285308454758e-05 	 3.329328710585543e-11
13.532972972972974 	 4.0715042590799186e-05 	 3.107279814898138e-11
14.033453453453454 	 3.813685707627215e-05 	 2.5944062457999965e-11
14.533933933933936 	 3.6620025592772955e-05 	 2.2629664219449488e-11
15.034414414414416 	 3.631643951459828e-05 	 2.1279964528640342e-11
15.534894894894897 	 3.69098776625755e-05 	 2.1516171116133063e-11
16.035375375375377 	 3.796329339545983e-05 	 2.2928877453498413e-11
16.535855855855857 	 3.9022870665997585e-05 	 2.5039631256389748e-11
17.036336336336337 	 3.9708965346806236e-05 	 2.728788352778744e-11
17.53681681681682 	 3.976065121773573e-05 	 2.909353776922013e-11
18.0372972972973 	 3.902437556295921e-05 	 2.995560644178786e-11
18.53777777777778 	 3.7425111161395615e-05 	 2.954024425280866e-11
19.03825825825826 	 3.4969565625468944e-05 	 2.7755734121570915e-11
19.53873873873874 	 3.1795005302957254e-05 	 2.480122822331569e-11
20.039219219219223 	 2.8221430059241263e-05 	 2.1153268828670457e-11
20.539699699699703 	 2.469891216267237e-05 	 1.741308627725676e-11
21.040180180180183 	 2.1625209913697814e-05 	 1.4060909876155751e-11
21.540660660660663 	 1.920030990666722e-05 	 1.1316011203182473e-11
22.041141141141143 	 1.7438642290370986e-05 	 9.18494166139248e-12
22.541621621621623 	 1.626086573087608e-05 	 7.577732228650695e-12
23.042102102102106 	 1.5565758049389188e-05 	 6.387842244739378e-12
23.542582582582586 	 1.5260774724035053e-05 	 5.524490670049159e-12
24.043063063063066 	 1.5267584519334645e-05 	 4.919496664083726e-12
24.543543543543546 	 1.5516863122875826e-05 	 4.52401882029487e-12
25.044024024024026 	 1.594099487600153e-05 	 4.304080014047831e-12
25.54450450450451 	 1.646600480280397e-05 	 4.235515746360752e-12
26.04498498498499 	 1.7000947429814984e-05 	 4.2988722963676374e-12
26.54546546546547 	 1.7417054910917924e-05 	 4.468264220474531e-12
27.04594594594595 	 1.7516845341774394e-05 	 4.682372473039824e-12
27.54642642642643 	 1.7069193136759764e-05 	 4.800416355207043e-12
28.04690690690691 	 1.6100683789897912e-05 	 4.667401882439351e-12
28.547387387387392 	 1.5096702401637726e-05 	 4.349450242334836e-12
29.047867867867872 	 1.4399470897058557e-05 	 4.049390655024427e-12
29.548348348348352 	 1.3917491595339356e-05 	 3.8374245316426014e-12
30.04882882882883 	 1.3477316821343088e-05 	 3.684311571272106e-12
30.54930930930931 	 1.299021619626855e-05 	 3.552506040916098e-12
31.049789789789795 	 1.24337467654308e-05 	 3.4198016296311376e-12
31.550270270270275 	 1.181628949316886e-05 	 3.276864099910019e-12
32.05075075075076 	 1.115730082147209e-05 	 3.121899155179765e-12
32.55123123123124 	 1.0478334731917686e-05 	 2.957112880928723e-12
33.05171171171172 	 9.79895115472506e-06 	 2.7863787726078565e-12
33.5521921921922 	 9.135183132754146e-06 	 2.613892022971557e-12
34.05267267267268 	 8.49891249182495e-06 	 2.4434522789655977e-12
34.55315315315316 	 7.897973519384231e-06 	 2.278090229344378e-12
35.053633633633645 	 7.337019144734295e-06 	 2.1200297916631448e-12
35.55411411411412 	 6.81783221179847e-06 	 1.9707052340288e-12
36.054594594594604 	 6.340370773385986e-06 	 1.8308787990647064e-12
36.55507507507508 	 5.903302186056535e-06 	 1.7008395468941317e-12
37.055555555555564 	 5.50427967641379e-06 	 1.5804867528383576e-12
37.55603603603605 	 5.140679544237018e-06 	 1.4694988316042743e-12
38.056516516516524 	 4.8094830415788836e-06 	 1.367370023043771e-12
38.55699699699701 	 4.507910506378992e-06 	 1.2735349305501135e-12
39.057477477477484 	 4.233044845334095e-06 	 1.1873805695981762e-12
39.55795795795797 	 3.982322502829877e-06 	 1.1082878906535737e-12
40.05843843843845 	 3.753299972963946e-06 	 1.0356624216492602e-12
40.55891891891893 	 3.5437687261938237e-06 	 9.689387512961328e-13
41.05939939939941 	 3.3517452035203165e-06 	 9.075884373094506e-13
41.55987987987989 	 3.1754384424523847e-06 	 8.51126170617582e-13
42.06036036036037 	 3.0132550246960577e-06 	 7.991091775697464e-13
42.56084084084085 	 2.8637833805566784e-06 	 7.511277963252161e-13
43.06132132132133 	 2.7257601353030283e-06 	 7.068175480402847e-13
43.56180180180181 	 2.598066422222317e-06 	 6.658450814614707e-13
44.06228228228229 	 2.479709359275376e-06 	 6.279126801192038e-13
44.56276276276277 	 2.3698009015336184e-06 	 5.927489094734942e-13
45.06324324324325 	 2.267552164772773e-06 	 5.601144681599385e-13
45.56372372372373 	 2.1722720602558863e-06 	 5.297851379335178e-13
46.064204204204216 	 2.0833240480765637e-06 	 5.015677432758716e-13
46.56468468468469 	 2.0001567824373672e-06 	 4.752806737380592e-13
47.065165165165176 	 1.922269312183007e-06 	 4.5076610948612224e-13
47.56564564564565 	 1.8492124542439502e-06 	 4.2787775130979966e-13
48.066126126126136 	 1.7805879472337097e-06 	 4.064834447755579e-13
48.56660660660662 	 1.7160361548986738e-06 	 3.864621282408399e-13
49.067087087087096 	 1.6552264675972394e-06 	 3.6770987736515296e-13
49.56756756756758 	 1.5978680793212e-06 	 3.5012652489578535e-13
50.068048048048055 	 1.5436999088334154e-06 	 3.3362138193377043e-13
50.56852852852854 	 1.4924761486252266e-06 	 3.181157152809023e-13
51.06900900900902 	 1.443982185498548e-06 	 3.035354123133945e-13
51.5694894894895 	 1.3980171501920139e-06 	 2.89811508145454e-13
52.06996996996998 	 1.3544055763823507e-06 	 2.7688357425688654e-13
52.57045045045046 	 1.3129789950121466e-06 	 2.646931492628077e-13
53.07093093093094 	 1.2735908551859971e-06 	 2.531909159320017e-13
53.571411411411425 	 1.2361016257726552e-06 	 2.42328397905932e-13
54.0718918918919 	 1.2003866850972198e-06 	 2.3206166082885007e-13
54.572372372372385 	 1.1663295455156886e-06 	 2.2235163286372465e-13
55.07285285285286 	 1.1338274315683133e-06 	 2.1315998246036354e-13
55.573333333333345 	 1.102778268722772e-06 	 2.0445428684133507e-13
56.07381381381382 	 1.0730989929654434e-06 	 1.9620180610490043e-13
56.574294294294305 	 1.0447009742418741e-06 	 1.8837487122994194e-13
57.07477477477479 	 1.0175105575620827e-06 	 1.8094595748221915e-13
57.575255255255264 	 9.914558120267554e-07 	 1.738907495936704e-13
58.07573573573575 	 9.664717592638469e-07 	 1.671855520969928e-13
58.576216216216224 	 9.424982775625733e-07 	 1.608100358482665e-13
59.07669669669671 	 9.194774368723203e-07 	 1.5474409481806392e-13
59.57717717717719 	 8.973583380324235e-07 	 1.4896871397663226e-13
60.07765765765767 	 8.760921352538427e-07 	 1.4346801066712203e-13
60.57813813813815 	 8.556319225106669e-07 	 1.3822524095388476e-13
61.07861861861863 	 8.359370123801297e-07 	 1.3322632337832092e-13
61.57909909909911 	 8.169687313665164e-07 	 1.2845664263571077e-13
62.079579579579594 	 7.986886300873613e-07 	 1.239037074082072e-13
62.58006006006007 	 7.810601861630639e-07 	 1.1955622895737997e-13
63.080540540540554 	 7.640543657327521e-07 	 1.1540168655480353e-13
63.58102102102103 	 7.476403761707868e-07 	 1.1143030707905578e-13
64.0815015015015 	 7.317866113953019e-07 	 1.0763231741760746e-13
64.58198198198198 	 7.164726085799189e-07 	 1.0399815638213755e-13
65.08246246246247 	 7.016658700455693e-07 	 1.0051994042364153e-13
65.58294294294295 	 6.873468317687507e-07 	 9.718898751561996e-14
66.08342342342343 	 6.734950431558726e-07 	 9.399733092086395e-14
66.5839039039039 	 6.600867643970801e-07 	 9.093873193794695e-14
67.08438438438439 	 6.471026670257126e-07 	 8.800608204006295e-14
67.58486486486487 	 6.345238850295463e-07 	 8.519309612653456e-14
68.08534534534535 	 6.223345183179781e-07 	 8.249348337432996e-14
68.58582582582584 	 6.105150554523264e-07 	 7.9902403903813e-14
69.08630630630631 	 5.990533252037511e-07 	 7.741383386759424e-14
69.58678678678679 	 5.879336003200201e-07 	 7.502359913161004e-14
70.08726726726728 	 5.771403335466998e-07 	 7.272618052223222e-14
70.58774774774776 	 5.666605137866432e-07 	 7.051791465520754e-14
71.08822822822823 	 5.564818334679366e-07 	 6.839439120320297e-14
71.58870870870871 	 5.465912823949372e-07 	 6.63513304494475e-14
72.0891891891892 	 5.369805908298824e-07 	 6.438524297753736e-14
72.58966966966968 	 5.2763614487024e-07 	 6.2492947706321e-14
73.09015015015015 	 5.185487543304651e-07 	 6.067086598958773e-14
73.59063063063064 	 5.097078641613834e-07 	 5.891560156897324e-14
74.09111111111112 	 5.01105306367317e-07 	 5.722411893398171e-14
74.5915915915916 	 4.927328019688719e-07 	 5.5594207308096814e-14
75.09207207207209 	 4.845788350375853e-07 	 5.4022724580260247e-14
75.59255255255256 	 4.766380022688446e-07 	 5.2507269690050606e-14
76.09303303303304 	 4.6890227401531966e-07 	 5.1045487795448366e-14
76.59351351351351 	 4.613635329199471e-07 	 4.963484026965848e-14
77.093993993994 	 4.5401810667643294e-07 	 4.827317224407561e-14
77.59447447447448 	 4.4685283244449193e-07 	 4.695875752779776e-14
78.09495495495496 	 4.398677800987045e-07 	 4.568911309958426e-14
78.59543543543545 	 4.3305355662127036e-07 	 4.446298401563965e-14
79.09591591591592 	 4.2640428136562476e-07 	 4.3278071313226013e-14
79.5963963963964 	 4.1991583710767626e-07 	 4.2133002795797935e-14
80.09687687687689 	 4.1358335486331977e-07 	 4.102618021235178e-14
80.59735735735737 	 4.0739803974960784e-07 	 3.995583821906174e-14
81.09783783783784 	 4.013594909309751e-07 	 3.8920573060903575e-14
81.59831831831832 	 3.954606042623653e-07 	 3.791900846075701e-14
82.09879879879881 	 3.896990252383432e-07 	 3.694984457794327e-14
82.59927927927929 	 3.8406778786585666e-07 	 3.601185531650369e-14
83.09975975975976 	 3.7856244492964883e-07 	 3.510384765857886e-14
83.60024024024025 	 3.7318088943170215e-07 	 3.422469220239347e-14
84.10072072072073 	 3.6791959430520306e-07 	 3.3373077136946274e-14
84.6012012012012 	 3.627757302589779e-07 	 3.254820438534652e-14
85.10168168168168 	 3.577415247758157e-07 	 3.174885807122501e-14
85.60216216216217 	 3.528164963610884e-07 	 3.0974322344044e-14
86.10264264264265 	 3.4799759067621577e-07 	 3.022347633868882e-14
86.60312312312313 	 3.4328356775032133e-07 	 2.949527146471797e-14
87.10360360360362 	 3.3866698739854973e-07 	 2.878929021257451e-14
87.60408408408409 	 3.3414708458823317e-07 	 2.8104519848872415e-14
88.10456456456457 	 3.297222638656866e-07 	 2.7440219269858486e-14
88.60504504504506 	 3.2538692235228003e-07 	 2.679566260466839e-14
89.10552552552554 	 3.2114199461133926e-07 	 2.6169994833197647e-14
89.60600600600601 	 3.169826961119407e-07 	 2.5562858028092956e-14
90.10648648648649 	 3.129078011118661e-07 	 2.4973159319222835e-14
90.60696696696698 	 3.0891184609841904e-07 	 2.440075535425503e-14
91.10744744744746 	 3.049969695489621e-07 	 2.384473418550237e-14
91.60792792792793 	 3.01159716666636e-07 	 2.3304565693010277e-14
92.10840840840842 	 2.9739808616219166e-07 	 2.2779825465773946e-14
92.6088888888889 	 2.9370801466616997e-07 	 2.226985745100883e-14
93.10936936936938 	 2.9008795875980976e-07 	 2.1774197927311582e-14
93.60984984984987 	 2.865386206959314e-07 	 2.129243826839645e-14
94.11033033033034 	 2.83056752075846e-07 	 2.082405189472136e-14
94.61081081081082 	 2.7964015354940167e-07 	 2.036849045453177e-14
95.1112912912913 	 2.762875930991207e-07 	 1.992550000790773e-14
95.61177177177179 	 2.7299758544837255e-07 	 1.9494589046765834e-14
96.11225225225226 	 2.697681260353934e-07 	 1.907536699609051e-14
96.61273273273274 	 2.6659736557211627e-07 	 1.866745789378185e-14
97.11321321321323 	 2.634834521410217e-07 	 1.827049970126376e-14
97.6136936936937 	 2.604264975697004e-07 	 1.788414457401618e-14
98.11417417417418 	 2.5742533307320377e-07 	 1.7507933147491843e-14
98.61465465465466 	 2.544773330583817e-07 	 1.7141705646977224e-14
99.11513513513515 	 2.5158199577985775e-07 	 1.6785079876916456e-14
99.61561561561562 	 2.4873630408444027e-07 	 1.6437789542994192e-14
100.1160960960961 	 2.464528167419117e-07 	 1.610341542736333e-14
100.61657657657659 	 2.452269270492238e-07 	 1.5785395818096287e-14
101.11705705705707 	 2.440131724775585e-07 	 1.547518813798126e-14
101.61753753753754 	 2.428113737254482e-07 	 1.5172563240670506e-14
102.11801801801803 	 2.416213550064519e-07 	 1.4877299783394613e-14
102.61849849849851 	 2.404429439634396e-07 	 1.4589183924719398e-14
103.11897897897899 	 2.3927597158537246e-07 	 1.4308009035408924e-14
103.61945945945946 	 2.381202721264949e-07 	 1.4033575421766037e-14
104.11993993993995 	 2.369756830278577e-07 	 1.3765690060855178e-14
104.62042042042043 	 2.3584204484109297e-07 	 1.3504166347043001e-14
105.1209009009009 	 2.3471920115436655e-07 	 1.3248823849321755e-14
105.6213813813814 	 2.3360699852043623e-07 	 1.2999488078908384e-14
106.12186186186187 	 2.3250528638674503e-07 	 1.2755990266637859e-14
106.62234234234235 	 2.3141391702748386e-07 	 1.2518167149694462e-14
107.12282282282284 	 2.3033274547755797e-07 	 1.2285860767247727e-14
107.62330330330332 	 2.2926162946839666e-07 	 1.2058918264581903e-14
108.1237837837838 	 2.282004293655448e-07 	 1.1837191705328341e-14
108.62426426426427 	 2.271490081079806e-07 	 1.1620537891430372e-14
109.12474474474476 	 2.2610723114910235e-07 	 1.1408818190488154e-14
109.62522522522524 	 2.2507496639933218e-07 	 1.1201898370149112e-14
110.12570570570571 	 2.2405208417028484e-07 	 1.0999648439225806e-14
110.6261861861862 	 2.2303845712045166e-07 	 1.0801942495239045e-14
111.12666666666668 	 2.2203396020235278e-07 	 1.0608658578098822e-14
111.62714714714716 	 2.2103847061111048e-07 	 1.0419678529649601e-14
112.12762762762763 	 2.2005186773440018e-07 	 1.0234887858820189e-14
112.62810810810812 	 2.190740331037356e-07 	 1.0054175612130585e-14
113.1285885885886 	 2.1810485034704726e-07 	 9.877434249320552e-15
113.62906906906908 	 2.171442051425137e-07 	 9.704559523875667e-15
114.12954954954957 	 2.1619198517360812e-07 	 9.53545036823768e-15
114.63003003003004 	 2.1524808008532215e-07 	 9.370008783495826e-15
115.13051051051052 	 2.143123814415316e-07 	 9.208139733365695e-15
115.63099099099101 	 2.1338478268346912e-07 	 9.049751042271213e-15
116.13147147147149 	 2.1246517908927132e-07 	 8.894753297354138e-15
116.63195195195196 	 2.115534677345666e-07 	 8.743059754243514e-15
117.13243243243244 	 2.10649547454074e-07 	 8.594586246425546e-15
117.63291291291293 	 2.097533188041819e-07 	 8.449251098061654e-15
118.1333933933934 	 2.0886468402647846e-07 	 8.306975040109578e-15
118.63387387387388 	 2.0798354701220452e-07 	 8.167681129609002e-15
119.13435435435437 	 2.071098132676031e-07 	 8.031294671999717e-15
119.63483483483485 	 2.062433898801383e-07 	 7.897743146346114e-15
120.13531531531532 	 2.0538418548555858e-07 	 7.766956133347809e-15
120.63579579579581 	 2.0453211023578033e-07 	 7.638865246021472e-15
121.13627627627629 	 2.0368707576756677e-07 	 7.513404062944171e-15
121.63675675675677 	 2.028489951719811e-07 	 7.39050806395354e-15
122.13723723723724 	 2.0201778296458967e-07 	 7.27011456820467e-15
122.63771771771773 	 2.0119335505639554e-07 	 7.152162674488147e-15
123.13819819819821 	 2.0037562872548046e-07 	 7.0365932037179366e-15
123.63867867867869 	 1.995645225893357e-07 	 6.923348643501747e-15
124.13915915915918 	 1.9875995657786212e-07 	 6.8123730947104495e-15
124.63963963963965 	 1.9796185190702085e-07 	 6.703612219966833e-15
125.14012012012013 	 1.971701310531162e-07 	 6.5970131939772565e-15
125.64060060060062 	 1.9638471772769318e-07 	 6.49252465563338e-15
126.1410810810811 	 1.956055368530327e-07 	 6.3900966618140386e-15
126.64156156156157 	 1.9483251453822762e-07 	 6.289680642820558e-15
127.14204204204205 	 1.940655780558242e-07 	 6.191229359381522e-15
127.64252252252254 	 1.9330465581901266e-07 	 6.094696861165891e-15
128.14300300300303 	 1.9254967735935265e-07 	 6.000038446745829e-15
128.64348348348352 	 1.9180057330501828e-07 	 5.907210624953235e-15
129.14396396396398 	 1.9105727535954943e-07 	 5.816171077576235e-15
129.64444444444447 	 1.9031971628109453e-07 	 5.726878623344215e-15
130.14492492492496 	 1.8958782986213335e-07 	 5.639293183152197e-15
130.64540540540543 	 1.8886155090966494e-07 	 5.553375746477217e-15
131.14588588588592 	 1.8814081522584938e-07 	 5.469088338941599e-15
131.6463663663664 	 1.8742555958909163e-07 	 5.386393990979751e-15
132.14684684684687 	 1.8671572173555445e-07 	 5.305256707566843e-15
132.64732732732736 	 1.8601124034109051e-07 	 5.2256414389696475e-15
133.14780780780782 	 1.853120550035816e-07 	 5.147514052481266e-15
133.6482882882883 	 1.8461810622567457e-07 	 5.070841305103086e-15
134.1487687687688 	 1.8392933539790437e-07 	 4.9955908171389335e-15
134.64924924924927 	 1.832456847821924e-07 	 4.921731046667555e-15
135.14972972972976 	 1.825670974957127e-07 	 4.849231264861215e-15
135.65021021021025 	 1.8189351749511415e-07 	 4.778061532119288e-15
136.1506906906907 	 1.812248895610918e-07 	 4.708192674987097e-15
136.6511711711712 	 1.80561159283296e-07 	 4.639596263831327e-15
137.1516516516517 	 1.7990227304557326e-07 	 4.572244591244678e-15
137.65213213213215 	 1.7924817801152796e-07 	 4.506110651153256e-15
138.15261261261264 	 1.7859882211039842e-07 	 4.441168118601451e-15
138.65309309309313 	 1.77954154023239e-07 	 4.3773913301900095e-15
139.1535735735736 	 1.7731412316940002e-07 	 4.314755265143863e-15
139.6540540540541 	 1.766786796932983e-07 	 4.25323552698728e-15
140.15453453453458 	 1.7604777445147202e-07 	 4.1928083258048676e-15
140.65501501501504 	 1.7542135899991077e-07 	 4.133450461067522e-15
141.15549549549553 	 1.7479938558165572e-07 	 4.0751393050035415e-15
141.65597597597602 	 1.7418180711466301e-07 	 4.0178527864957015e-15
142.15645645645648 	 1.7356857717992273e-07 	 3.961569375485838e-15
142.65693693693697 	 1.729596500098285e-07 	 3.906268067869257e-15
143.15741741741743 	 1.7235498047679095e-07 	 3.851928370861976e-15
143.65789789789793 	 1.71754524082089e-07 	 3.798530288824301e-15
144.15837837837842 	 1.7115823694495375e-07 	 3.7460543095251225e-15
144.65885885885888 	 1.7056607579187858e-07 	 3.694481390831622e-15
145.15933933933937 	 1.699779979461505e-07 	 3.643792947809899e-15
145.65981981981986 	 1.6939396131759752e-07 	 3.593970840222431e-15
146.16030030030032 	 1.688139243925465e-07 	 3.5449973604088432e-15
146.6607807807808 	 1.6823784622398645e-07 	 3.496855221536988e-15
147.1612612612613 	 1.6766568642193299e-07 	 3.449527546211809e-15
147.66174174174176 	 1.6709740514398829e-07 	 3.402997855429907e-15
148.16222222222225 	 1.6653296308609266e-07 	 3.3572500578681912e-15
148.66270270270275 	 1.659723214734627e-07 	 3.3122684394954603e-15
149.1631831831832 	 1.6541544205171233e-07 	 3.2680376534960858e-15
149.6636636636637 	 1.648622870781512e-07 	 3.224542710495422e-15
150.1641441441442 	 1.64312819313258e-07 	 3.181768969076987e-15
150.66462462462465 	 1.63767002012323e-07 	 3.1397021265816868e-15
151.16510510510514 	 1.6322479891725692e-07 	 3.0983282101798657e-15
151.6655855855856 	 1.626861742485621e-07 	 3.057633568207195e-15
152.1660660660661 	 1.6215109269746188e-07 	 3.0176048617557376e-15
152.66654654654658 	 1.6161951941818476e-07 	 2.9782290565119277e-15
153.16702702702705 	 1.610914200204001e-07 	 2.9394934148333856e-15
153.66750750750754 	 1.6056676056180145e-07 	 2.9013854880568266e-15
154.16798798798803 	 1.6004550754083434e-07 	 2.8638931090296474e-15
154.6684684684685 	 1.5952762788956522e-07 	 2.8270043848579246e-15
155.16894894894898 	 1.5901308896668863e-07 	 2.7907076898639297e-15
155.66942942942947 	 1.5850185855066908e-07 	 2.754991658746431e-15
156.16990990990993 	 1.5799390483301474e-07 	 2.719845179937313e-15
156.67039039039042 	 1.5748919641168007e-07 	 2.6852573891482746e-15
157.1708708708709 	 1.5698770228459487e-07 	 2.6512176631016245e-15
157.67135135135138 	 1.564893918433161e-07 	 2.6177156134392685e-15
158.17183183183187 	 1.5599423486680012e-07 	 2.584741080804358e-15
158.67231231231236 	 1.5550220151529358e-07 	 2.552284129090163e-15
159.17279279279282 	 1.5501326232433864e-07 	 2.520335039850889e-15
159.6732732732733 	 1.5452738819889148e-07 	 2.4888843068694484e-15
160.1737537537538 	 1.54044550407551e-07 	 2.4579226308772786e-15
160.67423423423426 	 1.535647205768952e-07 	 2.4274409144214704e-15
161.17471471471475 	 1.5308787068592308e-07 	 2.3974302568746916e-15
161.67519519519522 	 1.5261397306060013e-07 	 2.367881949583491e-15
162.1756756756757 	 1.5214300036850448e-07 	 2.3387874711507263e-15
162.6761561561562 	 1.5167492561357185e-07 	 2.3101384828480127e-15
163.17663663663666 	 1.5120972213093754e-07 	 2.2819268241542253e-15
163.67711711711715 	 1.5074736358187255e-07 	 2.2541445084162102e-15
164.17759759759764 	 1.5028782394881282e-07 	 2.2267837186280143e-15
164.6780780780781 	 1.4983107753047898e-07 	 2.1998368033250338e-15
165.1785585585586 	 1.493770989370844e-07 	 2.173296272589599e-15
165.67903903903908 	 1.4892586308563066e-07 	 2.147154794164691e-15
166.17951951951954 	 1.4847734519528794e-07 	 2.121405189672508e-15
166.68000000000004 	 1.480315207828581e-07 	 2.096040430934743e-15
167.18048048048053 	 1.4758836565832003e-07 	 2.071053636391599e-15
167.680960960961 	 1.4714785592045418e-07 	 2.0464380676165236e-15
168.18144144144148 	 1.4670996795254555e-07 	 2.0221871259238985e-15
168.68192192192197 	 1.4627467841816288e-07 	 1.9982943490669026e-15
169.18240240240243 	 1.4584196425701316e-07 	 1.9747534080229e-15
169.68288288288292 	 1.454118026808691e-07 	 1.9515581038637844e-15
170.18336336336338 	 1.4498417116956875e-07 	 1.9287023647087963e-15
170.68384384384387 	 1.4455904746708523e-07 	 1.9061802427573912e-15
171.18432432432436 	 1.4413640957766577e-07 	 1.883985911399853e-15
171.68480480480483 	 1.4371623576203792e-07 	 1.8621136624033672e-15
172.18528528528532 	 1.4329850453368205e-07 	 1.8405579031713885e-15
172.6857657657658 	 1.4288319465516875e-07 	 1.819313154074196e-15
173.18624624624627 	 1.4247028513455982e-07 	 1.7983740458485644e-15
173.68672672672676 	 1.4205975522187094e-07 	 1.777735317064566e-15
174.18720720720725 	 1.416515844055962e-07 	 1.7573918116576354e-15
174.6876876876877 	 1.412457524092916e-07 	 1.737338476523955e-15
175.1881681681682 	 1.4084223918821734e-07 	 1.717570359177423e-15
175.6886486486487 	 1.4044102492603795e-07 	 1.6980826054664386e-15
176.18912912912916 	 1.400420900315778e-07 	 1.6788704573487922e-15
176.68960960960965 	 1.3964541513563258e-07 	 1.6599292507230546e-15
177.19009009009014 	 1.392509810878343e-07 	 1.6412544133148547e-15
177.6905705705706 	 1.3885876895356946e-07 	 1.6228414626165091e-15
178.1910510510511 	 1.3846876001094922e-07 	 1.6046860038785198e-15
178.69153153153155 	 1.3808093574783025e-07 	 1.5867837281514875e-15
179.19201201201204 	 1.3769527785888576e-07 	 1.5691304103770294e-15
179.69249249249253 	 1.3731176824272532e-07 	 1.5517219075263668e-15
180.192972972973 	 1.3693038899906274e-07 	 1.534554156785238e-15
180.6934534534535 	 1.3655112242593098e-07 	 1.5176231737838711e-15
181.19393393393398 	 1.3617395101694335e-07 	 1.50092505087078e-15
181.69441441441444 	 1.357988574585996e-07 	 1.484455955429173e-15
182.19489489489493 	 1.3542582462763697e-07 	 1.4682121282348131e-15
182.69537537537542 	 1.350548355884243e-07 	 1.4521898818542028e-15
183.19585585585588 	 1.3468587359039915e-07 	 1.436385599081986e-15
183.69633633633637 	 1.3431892206554654e-07 	 1.4207957314165113e-15
184.19681681681686 	 1.339539646259191e-07 	 1.4054167975725244e-15
184.69729729729733 	 1.3359098506119746e-07 	 1.3902453820299818e-15
185.19777777777782 	 1.3322996733628976e-07 	 1.3752781336180124e-15
185.6982582582583 	 1.328708955889709e-07 	 1.360511764133103e-15
186.19873873873877 	 1.3251375412755885e-07 	 1.3459430469905556e-15
186.69921921921926 	 1.321585274286289e-07 	 1.3315688159083635e-15
187.19969969969975 	 1.318052001347648e-07 	 1.317385963622631e-15
187.7001801801802 	 1.31453757052345e-07 	 1.3033914406336758e-15
188.2006606606607 	 1.3110418314936522e-07 	 1.2895822539820475e-15
188.70114114114116 	 1.3075646355329494e-07 	 1.2759554660536298e-15
189.20162162162165 	 1.304105835489684e-07 	 1.262508193413083e-15
189.70210210210215 	 1.3006652857650844e-07 	 1.2492376056648733e-15
190.2025825825826 	 1.297242842292839e-07 	 1.2361409243411722e-15
190.7030630630631 	 1.293838362518983e-07 	 1.2232154218159133e-15
191.2035435435436 	 1.2904517053821078e-07 	 1.210458420244338e-15
191.70402402402405 	 1.2870827312938772e-07 	 1.1978672905273578e-15
192.20450450450454 	 1.2837313021198485e-07 	 1.1854394513000843e-15
192.70498498498503 	 1.280397281160594e-07 	 1.1731723679439282e-15
193.2054654654655 	 1.277080533133113e-07 	 1.1610635516216183e-15
193.70594594594598 	 1.2737809241525344e-07 	 1.1491105583345874e-15
194.20642642642648 	 1.2704983217141013e-07 	 1.13731098800213e-15
194.70690690690694 	 1.2672325946754342e-07 	 1.1256624835617833e-15
195.20738738738743 	 1.2639836132390654e-07 	 1.1141627300903858e-15
195.70786786786792 	 1.2607512489352428e-07 	 1.1028094539452843e-15
196.20834834834838 	 1.2575353746049964e-07 	 1.0916004219251878e-15
196.70882882882887 	 1.254335864383464e-07 	 1.0805334404501542e-15
197.20930930930933 	 1.2511525936834692e-07 	 1.0696063547602438e-15
197.70978978978982 	 1.2479854391793505e-07 	 1.0588170481323533e-15
198.2102702702703 	 1.2448342787910342e-07 	 1.0481634411147824e-15
198.71075075075078 	 1.2416989916683493e-07 	 1.0376434907790909e-15
199.21123123123127 	 1.2385794581755767e-07 	 1.0272551899887926e-15
199.71171171171176 	 1.2354755598762328e-07 	 1.0169965666845012e-15
200.21219219219222 	 1.232387179518082e-07 	 1.0068656831850866e-15
200.7126726726727 	 1.2293142010183683e-07 	 9.968606355044498e-16
201.2131531531532 	 1.2262565094492743e-07 	 9.86979552683555e-16
201.71363363363366 	 1.2232139910235932e-07 	 9.772205961373032e-16
202.21411411411415 	 1.2201865330806108e-07 	 9.67581959015908e-16
202.71459459459464 	 1.2171740240722025e-07 	 9.580618655804094e-16
203.2150750750751 	 1.2141763535491327e-07 	 9.486585705919797e-16
203.7155555555556 	 1.2111934121475536e-07 	 9.393703587146737e-16
204.2160360360361 	 1.2082250915757085e-07 	 9.301955439313177e-16
204.71651651651655 	 1.2052712846008248e-07 	 9.211324689721915e-16
205.21699699699704 	 1.2023318850362015e-07 	 9.121795047562103e-16
205.71747747747753 	 1.1994067877284832e-07 	 9.033350498442953e-16
206.217957957958 	 1.1964958885451236e-07 	 8.945975299046443e-16
206.71843843843848 	 1.1935990843620255e-07 	 8.859653971896047e-16
207.21891891891894 	 1.1907162730513639e-07 	 8.774371300238853e-16
207.71939939939944 	 1.187847353469583e-07 	 8.690112323038152e-16
208.21987987987993 	 1.1849922254455688e-07 	 8.606862330074091e-16
208.7203603603604 	 1.1821507897689884e-07 	 8.524606857149557e-16
209.22084084084088 	 1.1793229481787999e-07 	 8.443331681398955e-16
209.72132132132137 	 1.1765086033519241e-07 	 8.363022816697386e-16
210.22180180180183 	 1.1737076588920813e-07 	 8.283666509167862e-16
210.72228228228232 	 1.1709200193187823e-07 	 8.205249232784115e-16
211.2227627627628 	 1.1681455900564822e-07 	 8.127757685066983e-16
211.72324324324327 	 1.1653842774238823e-07 	 8.051178782871911e-16
212.22372372372377 	 1.1626359886233862e-07 	 7.975499658265605e-16
212.72420420420426 	 1.1599006317307047e-07 	 7.900707654489677e-16
213.22468468468472 	 1.1571781156846069e-07 	 7.826790322009259e-16
213.7251651651652 	 1.1544683502768143e-07 	 7.753735414644562e-16
214.2256456456457 	 1.1517712461420376e-07 	 7.681530885783559e-16
214.72612612612616 	 1.1490867147481534e-07 	 7.610164884673785e-16
215.22660660660665 	 1.1464146683865151e-07 	 7.53962575279146e-16
215.7270870870871 	 1.1437550201624036e-07 	 7.469902020286233e-16
216.2275675675676 	 1.1411076839856047e-07 	 7.400982402499641e-16
216.7280480480481 	 1.1384725745611223e-07 	 7.332855796555743e-16
217.22852852852856 	 1.1358496073800167e-07 	 7.265511278022163e-16
217.72900900900905 	 1.1332386987103704e-07 	 7.198938097639992e-16
218.22948948948954 	 1.1306397655883783e-07 	 7.133125678120936e-16
218.72996996997 	 1.1280527258095603e-07 	 7.068063611010231e-16
219.2304504504505 	 1.1254774979200928e-07 	 7.003741653613726e-16
219.73093093093098 	 1.1229140012082618e-07 	 6.940149725987825e-16
220.23141141141144 	 1.1203621556960288e-07 	 6.877277907990708e-16
220.73189189189193 	 1.117821882130714e-07 	 6.815116436393561e-16
221.23237237237242 	 1.1152931019767918e-07 	 6.753655702050436e-16
221.7328528528529 	 1.1127757374077972e-07 	 6.692886247125367e-16
222.23333333333338 	 1.1102697112983405e-07 	 6.632798762375507e-16
222.73381381381387 	 1.107774947216233e-07 	 6.573384084489069e-16
223.23429429429433 	 1.1052913694147142e-07 	 6.514633193476738e-16
223.73477477477482 	 1.1028189028247866e-07 	 6.456537210115454e-16
224.23525525525528 	 1.100357473047652e-07 	 6.399087393443381e-16
224.73573573573577 	 1.097907006347248e-07 	 6.342275138304888e-16
225.23621621621626 	 1.0954674296428867e-07 	 6.286091972944482e-16
225.73669669669673 	 1.0930386705019882e-07 	 6.230529556648602e-16
226.23717717717722 	 1.0906206571329114e-07 	 6.1755796774341535e-16
226.7376576576577 	 1.0882133183778822e-07 	 6.121234249782909e-16
227.23813813813817 	 1.0858165837060116e-07 	 6.067485312420554e-16
227.73861861861866 	 1.0834303832064076e-07 	 6.014325026139602e-16
228.23909909909915 	 1.0810546475813784e-07 	 5.961745671665088e-16
228.7395795795796 	 1.0786893081397233e-07 	 5.909739647562188e-16
229.2400600600601 	 1.0763342967901125e-07 	 5.8582994681847615e-16
229.7405405405406 	 1.0739895460345526e-07 	 5.807417761664049e-16
230.24102102102106 	 1.071654988961939e-07 	 5.757087267936546e-16
230.74150150150155 	 1.06933055924169e-07 	 5.707300836810254e-16
231.24198198198204 	 1.067016191117465e-07 	 5.658051426068504e-16
231.7424624624625 	 1.0647118194009635e-07 	 5.609332099610472e-16
232.242942942943 	 1.0624173794658047e-07 	 5.56113602562768e-16
232.74342342342348 	 1.0601328072414866e-07 	 5.513456474815674e-16
233.24390390390394 	 1.0578580392074209e-07 	 5.466286818620087e-16
233.74438438438443 	 1.0555930123870458e-07 	 5.419620527516422e-16
234.2448648648649 	 1.0533376643420158e-07 	 5.373451169322824e-16
234.74534534534538 	 1.0510919331664625e-07 	 5.327772407545079e-16
235.24582582582588 	 1.0488557574813313e-07 	 5.282577999753235e-16
235.74630630630634 	 1.0466290764287894e-07 	 5.237861795989135e-16
236.24678678678683 	 1.0444118296667048e-07 	 5.193617737204189e-16
236.74726726726732 	 1.0422039573631947e-07 	 5.149839853726829e-16
237.24774774774778 	 1.0400054001912447e-07 	 5.106522263758913e-16
237.74822822822827 	 1.037816099323394e-07 	 5.063659171900549e-16
238.24870870870876 	 1.0356359964264889e-07 	 5.021244867702738e-16
238.74918918918922 	 1.0334650336565016e-07 	 4.979273724247204e-16
239.24966966966971 	 1.031303153653414e-07 	 4.937740196752893e-16
239.7501501501502 	 1.0291502995361663e-07 	 4.896638821208581e-16
240.25063063063067 	 1.0270064148976682e-07 	 4.855964213031027e-16
240.75111111111116 	 1.024871443799872e-07 	 4.815711065748145e-16
241.25159159159165 	 1.022745330768908e-07 	 4.775874149706706e-16
241.7520720720721 	 1.0206280207902794e-07 	 4.736448310804024e-16
242.2525525525526 	 1.0185194593041164e-07 	 4.697428469243154e-16
242.75303303303306 	 1.0164195922004917e-07 	 4.658809618311148e-16
243.25351351351355 	 1.0143283658147891e-07 	 4.620586823179796e-16
243.75399399399404 	 1.0122457269231346e-07 	 4.582755219728546e-16
244.2544744744745 	 1.0101716227378796e-07 	 4.545310013388986e-16
244.754954954955 	 1.0081060009031402e-07 	 4.508246478010572e-16
245.2554354354355 	 1.0060488094903933e-07 	 4.471559954747108e-16
245.75591591591595 	 1.0039999969941246e-07 	 4.435245850963595e-16
246.25639639639644 	 1.0019595123275284e-07 	 4.39929963916295e-16
246.75687687687693 	 9.999273048182647e-08 	 4.363716855932364e-16
247.2573573573574 	 9.979033242042615e-08 	 4.328493100908684e-16
247.75783783783788 	 9.95887520629572e-08 	 4.2936240357626167e-16
248.25831831831837 	 9.938798446402819e-08 	 4.2591053832012963e-16
248.75879879879884 	 9.918802471804641e-08 	 4.2249329259888424e-16
249.25927927927933 	 9.898886795881828e-08 	 4.1911025059845653e-16
249.75975975975982 	 9.879050935915475e-08 	 4.157610023198487e-16
250.26024024024028 	 9.859294413048111e-08 	 4.1244514348637813e-16
250.76072072072077 	 9.83961675224518e-08 	 4.0916227545258435e-16
251.26120120120126 	 9.820017482256957e-08 	 4.0591200511476403e-16
251.76168168168172 	 9.800496135580936e-08 	 4.02693944823102e-16
252.2621621621622 	 9.781052248424646e-08 	 3.9950771229536384e-16
252.76264264264267 	 9.761685360668939e-08 	 3.9635293053212655e-16
253.26312312312317 	 9.742395015831676e-08 	 3.93229227733509e-16
253.76360360360366 	 9.72318076103188e-08 	 3.9013623721737717e-16
254.26408408408412 	 9.70404214695428e-08 	 3.8707359733899407e-16
254.7645645645646 	 9.684978727814293e-08 	 3.840409514120852e-16
255.2650450450451 	 9.665990061323413e-08 	 3.8103794763129505e-16
255.76552552552556 	 9.647075708655005e-08 	 3.78064238996003e-16
256.266006006006 	 9.628235234410497e-08 	 3.751194832354741e-16
256.7664864864865 	 9.609468206585975e-08 	 3.7220334273532214e-16
257.266966966967 	 9.590774196539159e-08 	 3.693154844652519e-16
257.76744744744747 	 9.572152778956778e-08 	 3.6645557990806615e-16
258.26792792792793 	 9.553603531822298e-08 	 3.6362330498990034e-16
258.76840840840845 	 9.53512603638406e-08 	 3.6081834001167397e-16
259.2688888888889 	 9.516719877123755e-08 	 3.58040369581727e-16
259.7693693693694 	 9.498384641725278e-08 	 3.552890825496203e-16
260.2698498498499 	 9.480119921043947e-08 	 3.525641719410797e-16
260.77033033033035 	 9.461925309076069e-08 	 3.498653348940613e-16
261.2708108108108 	 9.443800402928836e-08 	 3.471922725959116e-16
261.77129129129133 	 9.425744802790621e-08 	 3.4454469022161244e-16
262.2717717717718 	 9.407758111901555e-08 	 3.419222968730784e-16
262.77225225225226 	 9.389839936524466e-08 	 3.393248055194924e-16
263.2727327327328 	 9.371989885916157e-08 	 3.367519329386613e-16
263.77321321321324 	 9.354207572299004e-08 	 3.3420339965936924e-16
264.2736936936937 	 9.336492610832866e-08 	 3.3167892990470954e-16
264.7741741741742 	 9.31884461958732e-08 	 3.2917825153637803e-16
265.2746546546547 	 9.301263219514231e-08 	 3.2670109599991296e-16
265.77513513513514 	 9.283748034420597e-08 	 3.2424719827085447e-16
266.2756156156156 	 9.266298690941719e-08 	 3.2181629680181777e-16
266.7760960960961 	 9.248914818514679e-08 	 3.19408133470454e-16
267.2765765765766 	 9.231596049352104e-08 	 3.1702245352828815e-16
267.77705705705705 	 9.214342018416223e-08 	 3.146590055504116e-16
268.27753753753757 	 9.197152363393228e-08 	 3.123175413860208e-16
268.77801801801803 	 9.180026724667913e-08 	 3.099978161097813e-16
269.2784984984985 	 9.162964745298585e-08 	 3.0769958797400095e-16
269.778978978979 	 9.145966070992272e-08 	 3.0542261836160154e-16
270.2794594594595 	 9.12903035008021e-08 	 3.031666717398737e-16
270.77993993993994 	 9.112157233493575e-08 	 3.0093151561499395e-16
271.28042042042046 	 9.095346374739502e-08 	 2.9871692048729843e-16
271.7809009009009 	 9.078597429877385e-08 	 2.965226598072975e-16
272.2813813813814 	 9.061910057495395e-08 	 2.9434850993240987e-16
272.7818618618619 	 9.045283918687299e-08 	 2.9219425008441575e-16
273.28234234234236 	 9.028718677029512e-08 	 2.900596623076056e-16
273.7828228228228 	 9.012213998558404e-08 	 2.8794453142761615e-16
274.28330330330334 	 8.995769551747859e-08 	 2.8584864501094145e-16
274.7837837837838 	 8.979385007487078e-08 	 2.837717933251053e-16
275.28426426426427 	 8.963060039058617e-08 	 2.817137692994827e-16
275.7847447447448 	 8.946794322116676e-08 	 2.79674368486761e-16
276.28522522522525 	 8.930587534665619e-08 	 2.776533890250272e-16
276.7857057057057 	 8.914439357038719e-08 	 2.756506316004692e-16
277.2861861861862 	 8.89834947187715e-08 	 2.736658994106836e-16
277.7866666666667 	 8.882317564109193e-08 	 2.7169899812857496e-16
278.28714714714715 	 8.866343320929665e-08 	 2.697497358668384e-16
278.78762762762767 	 8.85042643177958e-08 	 2.6781792314301483e-16
279.28810810810813 	 8.834566588326027e-08 	 2.659033728451087e-16
279.7885885885886 	 8.818763484442245e-08 	 2.6400590019775527e-16
280.2890690690691 	 8.803016816187943e-08 	 2.6212532272893383e-16
280.7895495495496 	 8.78732628178981e-08 	 2.602614602372108e-16
281.29003003003004 	 8.771691581622231e-08 	 2.584141347595065e-16
281.79051051051056 	 8.756112418188218e-08 	 2.5658317053937654e-16
282.290990990991 	 8.740588496100548e-08 	 2.547683939957976e-16
282.7914714714715 	 8.725119522063076e-08 	 2.5296963369244803e-16
283.291951951952 	 8.709705204852283e-08 	 2.51186720307477e-16
283.79243243243246 	 8.694345255298993e-08 	 2.49419486603753e-16
284.2929129129129 	 8.679039386270285e-08 	 2.476677673995787e-16
284.7933933933934 	 8.663787312651606e-08 	 2.4593139953987225e-16
285.2938738738739 	 8.648588751329066e-08 	 2.4421022186779946e-16
285.79435435435437 	 8.633443421171928e-08 	 2.425040751968535e-16
286.29483483483483 	 8.618351043015256e-08 	 2.4081280228337106e-16
286.79531531531535 	 8.60331133964278e-08 	 2.39136247799481e-16
287.2957957957958 	 8.588324035769917e-08 	 2.3747425830647456e-16
287.7962762762763 	 8.573388858026972e-08 	 2.3582668222859185e-16
288.2967567567568 	 8.558505534942516e-08 	 2.3419336982721654e-16
288.79723723723725 	 8.543673796926947e-08 	 2.3257417317547264e-16
289.2977177177177 	 8.528893376256203e-08 	 2.3096894613321484e-16
289.79819819819824 	 8.514164007055651e-08 	 2.293775443224068e-16
290.2986786786787 	 8.49948542528416e-08 	 2.27799825102882e-16
290.79915915915916 	 8.484857368718307e-08 	 2.2623564754847644e-16
291.2996396396397 	 8.470279576936765e-08 	 2.246848724235309e-16
291.80012012012014 	 8.45575179130486e-08 	 2.2314736215975627e-16
292.3006006006006 	 8.441273754959262e-08 	 2.2162298083345107e-16
292.8010810810811 	 8.426845212792848e-08 	 2.2011159414307189e-16
293.3015615615616 	 8.412465911439733e-08 	 2.1861306938714634e-16
293.80204204204205 	 8.398135599260418e-08 	 2.1712727544252204e-16
294.30252252252257 	 8.383854026327122e-08 	 2.1565408274295044e-16
294.803003003003 	 8.369620944409256e-08 	 2.1419336325799531e-16
295.3034834834835 	 8.355436106959036e-08 	 2.1274499047226228e-16
295.803963963964 	 8.34129926909724e-08 	 2.1130883936494403e-16
296.30444444444447 	 8.327210187599132e-08 	 2.0988478638967657e-16
296.80492492492493 	 8.313168620880502e-08 	 2.0847270945469844e-16
297.30540540540545 	 8.299174328983857e-08 	 2.070724879033111e-16
297.8058858858859 	 8.28522707356476e-08 	 2.0568400249463517e-16
298.3063663663664 	 8.271326617878289e-08 	 2.043071353846531e-16
298.8068468468469 	 8.257472726765652e-08 	 2.0294177010754097e-16
299.30732732732736 	 8.243665166640916e-08 	 2.0158779155727756e-16
299.8078078078078 	 8.229903705477885e-08 	 2.0024508596953026e-16
300.30828828828834 	 8.2161881127971e-08 	 1.9891354090381183e-16
300.8087687687688 	 8.202518159652976e-08 	 1.9759304522590375e-16
301.30924924924926 	 8.188893618621059e-08 	 1.9628348909054163e-16
301.8097297297298 	 8.17531426378541e-08 	 1.9498476392435763e-16
302.31021021021024 	 8.161779870726129e-08 	 1.9369676240907815e-16
302.8106906906907 	 8.148290216506989e-08 	 1.924193784649693e-16
303.31117117117117 	 8.134845079663183e-08 	 1.911525072345276e-16
303.8116516516517 	 8.121444240189216e-08 	 1.8989604506641283e-16
304.31213213213215 	 8.10808747952691e-08 	 1.8864988949961854e-16
304.8126126126126 	 8.094774580553505e-08 	 1.87413939247873e-16
305.31309309309313 	 8.081505327569908e-08 	 1.8618809418427328e-16
305.8135735735736 	 8.06827950628904e-08 	 1.8497225532614341e-16
306.31405405405405 	 8.055096903824297e-08 	 1.8376632482011405e-16
306.8145345345346 	 8.04195730867813e-08 	 1.8257020592742214e-16
307.31501501501504 	 8.028860510730742e-08 	 1.8138380300942456e-16
307.8154954954955 	 8.015806301228867e-08 	 1.8020702151332314e-16
308.315975975976 	 8.002794472774705e-08 	 1.7903976795809842e-16
308.8164564564565 	 7.989824819314914e-08 	 1.7788194992064756e-16
309.31693693693694 	 7.976897136129751e-08 	 1.7673347602212383e-16
309.81741741741746 	 7.964011219822293e-08 	 1.7559425591447355e-16
310.3178978978979 	 7.95116686830777e-08 	 1.7446420026716985e-16
310.8183783783784 	 7.938363880803001e-08 	 1.7334322075413555e-16
311.3188588588589 	 7.925602057815929e-08 	 1.7223123004085667e-16
311.81933933933936 	 7.912881201135273e-08 	 1.7112814177168207e-16
312.3198198198198 	 7.900201113820246e-08 	 1.7003387055730323e-16
312.82030030030035 	 7.887561600190403e-08 	 1.6894833196241653e-16
313.3207807807808 	 7.874962465815577e-08 	 1.6787144249356178e-16
313.82126126126127 	 7.862403517505901e-08 	 1.668031195871335e-16
314.3217417417418 	 7.849884563301945e-08 	 1.6574328159756589e-16
314.82222222222225 	 7.837405412464922e-08 	 1.6469184778568433e-16
315.3227027027027 	 7.824965875467014e-08 	 1.6364873830722424e-16
315.82318318318323 	 7.812565763981767e-08 	 1.6261387420151254e-16
316.3236636636637 	 7.800204890874593e-08 	 1.6158717738031064e-16
316.82414414414416 	 7.787883070193354e-08 	 1.6056857061681483e-16
317.3246246246247 	 7.775600117159037e-08 	 1.595579775348129e-16
317.82510510510514 	 7.763355848156522e-08 	 1.5855532259799424e-16
318.3255855855856 	 7.751150080725423e-08 	 1.5756053109941024e-16
318.8260660660661 	 7.738982633551032e-08 	 1.5657352915108398e-16
319.3265465465466 	 7.726853326455339e-08 	 1.5559424367376572e-16
319.82702702702704 	 7.714761980388144e-08 	 1.546226023868323e-16
320.32750750750756 	 7.702708417418227e-08 	 1.5365853379832785e-16
320.827987987988 	 7.690692460724654e-08 	 1.5270196719514585e-16
321.3284684684685 	 7.678713934588091e-08 	 1.5175283263334538e-16
321.82894894894895 	 7.666772664382271e-08 	 1.5081106092860553e-16
322.32942942942947 	 7.654868476565488e-08 	 1.4987658364681128e-16
322.82990990990993 	 7.643001198672198e-08 	 1.4894933309477095e-16
323.3303903903904 	 7.631170659304692e-08 	 1.4802924231106232e-16
323.8308708708709 	 7.61937668812484e-08 	 1.4711624505700632e-16
324.3313513513514 	 7.607619115845917e-08 	 1.4621027580776533e-16
324.83183183183183 	 7.595897774224503e-08 	 1.4531126974356467e-16
325.33231231231235 	 7.584212496052453e-08 	 1.4441916274103528e-16
325.8327927927928 	 7.572563115148967e-08 	 1.43533891364677e-16
326.3332732732733 	 7.560949466352681e-08 	 1.4265539285843717e-16
326.8337537537538 	 7.549371385513882e-08 	 1.4178360513740646e-16
327.33423423423426 	 7.537828709486773e-08 	 1.4091846677962941e-16
327.8347147147147 	 7.526321276121805e-08 	 1.4005991701802536e-16
328.33519519519524 	 7.514848924258079e-08 	 1.392078957324209e-16
328.8356756756757 	 7.503411493715839e-08 	 1.383623434416923e-16
329.33615615615616 	 7.492008825289002e-08 	 1.3752320129601266e-16
329.8366366366367 	 7.480640760737776e-08 	 1.3669041106920712e-16
330.33711711711715 	 7.46930714278134e-08 	 1.3586391515121097e-16
330.8375975975976 	 7.458007815090592e-08 	 1.3504365654062965e-16
331.3380780780781 	 7.446742622280954e-08 	 1.3422957883740085e-16
331.8385585585586 	 7.435511409905266e-08 	 1.3342162623555606e-16
332.33903903903905 	 7.424314024446707e-08 	 1.3261974351607794e-16
332.83951951951957 	 7.41315031331181e-08 	 1.3182387603985676e-16
333.34000000000003 	 7.402020124823542e-08 	 1.3103396974074065e-16
333.8404804804805 	 7.390923308214405e-08 	 1.3024997111867835e-16
334.340960960961 	 7.379859713619659e-08 	 1.294718272329564e-16
334.8414414414415 	 7.368829192070561e-08 	 1.2869948569552542e-16
335.34192192192194 	 7.357831595487678e-08 	 1.2793289466441612e-16
335.84240240240246 	 7.346866776674263e-08 	 1.271720028372436e-16
336.3428828828829 	 7.335934589309691e-08 	 1.2641675944479909e-16
336.8433633633634 	 7.325034887942945e-08 	 1.2566711424472564e-16
337.3438438438439 	 7.314167527986166e-08 	 1.249230175152794e-16
337.84432432432436 	 7.303332365708268e-08 	 1.2418442004917386e-16
338.3448048048048 	 7.292529258228586e-08 	 1.2345127314750456e-16
338.8452852852853 	 7.281758063510611e-08 	 1.2272352861375616e-16
339.3457657657658 	 7.271018640355749e-08 	 1.220011387478873e-16
339.84624624624627 	 7.260310848397173e-08 	 1.2128405634049517e-16
340.34672672672673 	 7.249634548093687e-08 	 1.2057223466705563e-16
340.84720720720725 	 7.23898960072367e-08 	 1.1986562748224016e-16
341.3476876876877 	 7.228375868379077e-08 	 1.1916418901430808e-16
341.8481681681682 	 7.217793213959467e-08 	 1.1846787395957093e-16
342.3486486486487 	 7.20724150116612e-08 	 1.1777663747693154e-16
342.84912912912915 	 7.196720594496166e-08 	 1.1709043518249273e-16
343.3496096096096 	 7.186230359236798e-08 	 1.1640922314423824e-16
343.85009009009013 	 7.175770661459513e-08 	 1.1573295787678175e-16
344.3505705705706 	 7.165341368014423e-08 	 1.1506159633618576e-16
344.85105105105106 	 7.154942346524592e-08 	 1.1439509591484704e-16
345.3515315315316 	 7.144573465380446e-08 	 1.1373341443644882e-16
345.85201201201204 	 7.13423459373422e-08 	 1.1307651015097951e-16
346.3524924924925 	 7.123925601494442e-08 	 1.1242434172981406e-16
346.852972972973 	 7.113646359320493e-08 	 1.1177686826086116e-16
347.3534534534535 	 7.10339673861719e-08 	 1.1113404924377245e-16
347.85393393393394 	 7.093176611529418e-08 	 1.1049584458521277e-16
348.35441441441446 	 7.082985850936821e-08 	 1.098622145941926e-16
348.8548948948949 	 7.072824330448536e-08 	 1.0923311997746088e-16
349.3553753753754 	 7.062691924397953e-08 	 1.0860852183495515e-16
349.8558558558559 	 7.052588507837547e-08 	 1.079883816553125e-16
350.35633633633637 	 7.042513956533742e-08 	 1.0737266131143669e-16
350.85681681681683 	 7.03246814696181e-08 	 1.0676132305612249e-16
351.35729729729735 	 7.022450956300827e-08 	 1.061543295177356e-16
351.8577777777778 	 7.012462262428667e-08 	 1.0555164369594864e-16
352.3582582582583 	 7.00250194391705e-08 	 1.0495322895753088e-16
352.8587387387388 	 6.992569880026599e-08 	 1.0435904903219107e-16
353.35921921921926 	 6.98266595070198e-08 	 1.0376906800847466e-16
353.8596996996997 	 6.972790036567063e-08 	 1.0318325032971176e-16
354.36018018018024 	 6.962942018920112e-08 	 1.0260156079001692e-16
354.8606606606607 	 6.953121779729048e-08 	 1.0202396453034009e-16
355.36114114114116 	 6.943329201626719e-08 	 1.014504270345666e-16
355.8616216216217 	 6.933564167906225e-08 	 1.0088091412566714e-16
356.36210210210214 	 6.923826562516296e-08 	 1.003153919618961e-16
356.8625825825826 	 6.914116270056678e-08 	 9.975382703303763e-17
357.36306306306307 	 6.904433175773581e-08 	 9.919618615669902e-17
357.8635435435436 	 6.89477716555516e-08 	 9.864243647465065e-17
358.36402402402405 	 6.885148125927034e-08 	 9.809254544921224e-17
358.8645045045045 	 6.875545944047828e-08 	 9.754648085968305e-17
359.364984984985 	 6.865970507704782e-08 	 9.70042107988186e-17
359.8654654654655 	 6.856421705309377e-08 	 9.646570366935018e-17
360.36594594594595 	 6.846899425892983e-08 	 9.593092818054742e-17
360.8664264264265 	 6.837403559102585e-08 	 9.539985334482532e-17
361.36690690690693 	 6.827933995196501e-08 	 9.48724484743917e-17
361.8673873873874 	 6.818490625040167e-08 	 9.434868317793725e-17
362.3678678678679 	 6.809073340101933e-08 	 9.382852735736661e-17
362.8683483483484 	 6.799682032448917e-08 	 9.331195120456974e-17
363.36882882882884 	 6.790316594742873e-08 	 9.27989251982329e-17
363.86930930930936 	 6.780976920236105e-08 	 9.228942010068993e-17
364.3697897897898 	 6.771662902767412e-08 	 9.178340695481161e-17
364.8702702702703 	 6.762374436758058e-08 	 9.128085708093327e-17
365.3707507507508 	 6.753111417207796e-08 	 9.078174207382089e-17
365.87123123123126 	 6.743873739690905e-08 	 9.028603379967423e-17
366.3717117117117 	 6.734661300352257e-08 	 8.979370439316596e-17
366.87219219219224 	 6.725473995903443e-08 	 8.93047262545182e-17
367.3726726726727 	 6.716311723618896e-08 	 8.881907204661413e-17
367.87315315315317 	 6.707174381332073e-08 	 8.833671469214515e-17
368.3736336336337 	 6.698061867431651e-08 	 8.785762737079257e-17
368.87411411411415 	 6.688974080857766e-08 	 8.738178351644438e-17
369.3745945945946 	 6.679910921098273e-08 	 8.690915681444468e-17
369.87507507507513 	 6.670872288185038e-08 	 8.643972119887772e-17
370.3755555555556 	 6.661858082690275e-08 	 8.597345084988445e-17
370.87603603603606 	 6.652868205722884e-08 	 8.551032019101097e-17
371.3765165165166 	 6.643902558924845e-08 	 8.505030388659049e-17
371.87699699699704 	 6.634961044467625e-08 	 8.459337683915547e-17
372.3774774774775 	 6.626043565048626e-08 	 8.413951418688189e-17
372.877957957958 	 6.617150023887648e-08 	 8.368869130106396e-17
373.3784384384385 	 6.608280324723397e-08 	 8.324088378361967e-17
373.87891891891894 	 6.599434371810004e-08 	 8.279606746462566e-17
374.37939939939946 	 6.590612069913581e-08 	 8.235421839988202e-17
374.8798798798799 	 6.581813324308809e-08 	 8.191531286850673e-17
375.3803603603604 	 6.573038040775541e-08 	 8.14793273705582e-17
375.88084084084085 	 6.56428612559544e-08 	 8.104623862468625e-17
376.38132132132137 	 6.555557485548648e-08 	 8.061602356581199e-17
376.8818018018018 	 6.546852027910472e-08 	 8.018865934283465e-17
377.3822822822823 	 6.538169660448102e-08 	 7.976412331636578e-17
377.8827627627628 	 6.529510291417347e-08 	 7.934239305649031e-17
378.38324324324327 	 6.520873829559414e-08 	 7.89234463405549e-17
378.88372372372373 	 6.5122601840977e-08 	 7.850726115098168e-17
379.38420420420425 	 6.503669264734601e-08 	 7.80938156731084e-17
379.8846846846847 	 6.495100981648375e-08 	 7.76830882930541e-17
380.3851651651652 	 6.486555245489993e-08 	 7.727505759560967e-17
380.8856456456457 	 6.478031967380041e-08 	 7.686970236215363e-17
381.38612612612616 	 6.469531058905646e-08 	 7.646700156859243e-17
381.8866066066066 	 6.461052432117408e-08 	 7.606693438332509e-17
382.38708708708714 	 6.452595999526368e-08 	 7.56694801652312e-17
382.8875675675676 	 6.444161674101008e-08 	 7.527461846168368e-17
383.38804804804806 	 6.435749369264256e-08 	 7.488232900658334e-17
383.8885285285286 	 6.427358998890522e-08 	 7.449259171841767e-17
384.38900900900904 	 6.418990477302775e-08 	 7.41053866983422e-17
384.8894894894895 	 6.410643719269601e-08 	 7.372069422828324e-17
385.38996996997 	 6.402318640002336e-08 	 7.333849476906429e-17
385.8904504504505 	 6.394015155152173e-08 	 7.295876895855284e-17
386.39093093093095 	 6.38573318080733e-08 	 7.258149760982993e-17
386.89141141141147 	 6.377472633490212e-08 	 7.220666170937981e-17
387.39189189189193 	 6.369233430154612e-08 	 7.183424241530198e-17
387.8923723723724 	 6.361015488182925e-08 	 7.146422105554243e-17
388.3928528528529 	 6.35281872538339e-08 	 7.109657912614665e-17
388.8933333333334 	 6.344643059987347e-08 	 7.073129828953218e-17
389.39381381381384 	 6.336488410646519e-08 	 7.036836037278104e-17
389.89429429429435 	 6.32835469643031e-08 	 7.000774736595215e-17
390.3947747747748 	 6.320241836823141e-08 	 6.964944142041337e-17
390.8952552552553 	 6.312149751721775e-08 	 6.929342484719191e-17
391.3957357357358 	 6.304078361432689e-08 	 6.893968011534452e-17
391.89621621621626 	 6.296027586669464e-08 	 6.858818985034591e-17
392.3966966966967 	 6.287997348550183e-08 	 6.823893683249617e-17
392.89717717717724 	 6.279987568594845e-08 	 6.789190399534521e-17
393.3976576576577 	 6.271998168722828e-08 	 6.754707442413704e-17
393.89813813813817 	 6.264029071250338e-08 	 6.720443135426994e-17
394.3986186186186 	 6.256080198887897e-08 	 6.686395816977555e-17
394.89909909909915 	 6.248151474737837e-08 	 6.652563840181438e-17
395.3995795795796 	 6.240242822291832e-08 	 6.618945572718922e-17
395.90006006006007 	 6.232354165428425e-08 	 6.58553939668746e-17
396.4005405405406 	 6.224485428410598e-08 	 6.552343708456376e-17
396.90102102102105 	 6.216636535883335e-08 	 6.519356918523113e-17
397.4015015015015 	 6.208807412871229e-08 	 6.486577451371222e-17
397.90198198198203 	 6.20099798477608e-08 	 6.454003745329824e-17
398.4024624624625 	 6.193208177374548e-08 	 6.421634252434816e-17
398.90294294294296 	 6.185437916815776e-08 	 6.389467438291459e-17
399.4034234234235 	 6.177687129619071e-08 	 6.357501781938663e-17
399.90390390390394 	 6.169955742671589e-08 	 6.325735775714742e-17
400.4043843843844 	 6.162243683226028e-08 	 6.294167925124652e-17
400.9048648648649 	 6.15455087889835e-08 	 6.262796748708748e-17
401.4053453453454 	 6.146877257665524e-08 	 6.231620777913032e-17
401.90582582582584 	 6.13922274786326e-08 	 6.200638556960787e-17
402.40630630630636 	 6.131587278183795e-08 	 6.169848642725687e-17
402.9067867867868 	 6.123970777673672e-08 	 6.139249604606357e-17
403.4072672672673 	 6.116373175731544e-08 	 6.108840024402255e-17
403.9077477477478 	 6.108794402105988e-08 	 6.078618496190985e-17
404.40822822822827 	 6.101234386893348e-08 	 6.048583626206975e-17
404.90870870870873 	 6.093693060535576e-08 	 6.018734032721466e-17
405.40918918918925 	 6.086170353818106e-08 	 5.98906834592388e-17
405.9096696696697 	 6.078666197867734e-08 	 5.95958520780447e-17
406.4101501501502 	 6.071180524150518e-08 	 5.930283272038262e-17
406.9106306306307 	 6.063713264469683e-08 	 5.90116120387031e-17
407.41111111111115 	 6.056264350963568e-08 	 5.87221768000221e-17
407.9115915915916 	 6.048833716103545e-08 	 5.843451388479816e-17
408.41207207207214 	 6.041421292692007e-08 	 5.814861028582275e-17
408.9125525525526 	 6.034027013860317e-08 	 5.786445310712222e-17
409.41303303303306 	 6.026650813066814e-08 	 5.758202956287185e-17
409.9135135135136 	 6.019292624094806e-08 	 5.730132697632214e-17
410.41399399399404 	 6.0119523810506e-08 	 5.702233277873659e-17
410.9144744744745 	 6.004630018361522e-08 	 5.674503450834106e-17
411.414954954955 	 5.997325470773974e-08 	 5.646941980928488e-17
411.9154354354355 	 5.990038673351494e-08 	 5.619547643061311e-17
412.41591591591595 	 5.982769561472828e-08 	 5.592319222525002e-17
412.9163963963964 	 5.975518070830021e-08 	 5.565255514899353e-17
413.4168768768769 	 5.968284137426525e-08 	 5.5383553259520926e-17
413.9173573573574 	 5.96106769757531e-08 	 5.511617471540509e-17
414.41783783783785 	 5.9538686878969994e-08 	 5.4850407775141403e-17
414.91831831831837 	 5.946687045318012e-08 	 5.4586240796185284e-17
415.41879879879883 	 5.9395227070687235e-08 	 5.4323662234000276e-17
415.9192792792793 	 5.932375610681633e-08 	 5.406266064111606e-17
416.4197597597598 	 5.9252456939895485e-08 	 5.3803224666196946e-17
416.9202402402403 	 5.918132895123791e-08 	 5.354534305312041e-17
417.42072072072074 	 5.911037152512392e-08 	 5.328900464006529e-17
417.92120120120126 	 5.903958404878328e-08 	 5.3034198358610074e-17
418.4216816816817 	 5.8968965912377584e-08 	 5.2780913232840854e-17
418.9221621621622 	 5.889851650898259e-08 	 5.252913837846851e-17
419.4226426426427 	 5.882823523457099e-08 	 5.227886300195583e-17
419.92312312312316 	 5.87581214879951e-08 	 5.203007639965383e-17
420.4236036036036 	 5.868817467096964e-08 	 5.1782767956946916e-17
420.92408408408414 	 5.861839418805486e-08 	 5.153692714740787e-17
421.4245645645646 	 5.854877944663952e-08 	 5.129254353196125e-17
421.92504504504507 	 5.84793298569242e-08 	 5.1049606758056106e-17
422.4255255255256 	 5.841004483190456e-08 	 5.080810655884712e-17
422.92600600600605 	 5.834092378735488e-08 	 5.0568032752384976e-17
423.4264864864865 	 5.827196614181161e-08 	 5.0329375240814735e-17
423.92696696696703 	 5.820317131655702e-08 	 5.0092124009583115e-17
424.4274474474475 	 5.813453873560312e-08 	 4.9856269126654185e-17
424.92792792792795 	 5.806606782567545e-08 	 4.962180074173295e-17
425.4284084084085 	 5.7997758016197205e-08 	 4.93887090854976e-17
425.92888888888893 	 5.7929608739273406e-08 	 4.915698446883972e-17
426.4293693693694 	 5.786161942967507e-08 	 4.892661728211234e-17
426.9298498498499 	 5.779378952482366e-08 	 4.8697597994386114e-17
427.4303303303304 	 5.772611846477554e-08 	 4.8469917152713254e-17
427.93081081081084 	 5.765860569220657e-08 	 4.824356538139911e-17
428.43129129129136 	 5.7591250652396816e-08 	 4.801853338128162e-17
428.9317717717718 	 5.752405279321533e-08 	 4.7794811929018057e-17
429.4322522522523 	 5.745701156510511e-08 	 4.7572391876379357e-17
429.9327327327328 	 5.739012642106804e-08 	 4.735126414955192e-17
430.43321321321326 	 5.732339681665013e-08 	 4.7131419748446535e-17
430.9336936936937 	 5.7256822209926605e-08 	 4.691284974601454e-17
431.4341741741742 	 5.7190402061487366e-08 	 4.669554528757136e-17
431.9346546546547 	 5.712413583442232e-08 	 4.647949759012666e-17
432.43513513513517 	 5.705802299430699e-08 	 4.6264697941721854e-17
432.93561561561563 	 5.6992063009188066e-08 	 4.605113770077428e-17
433.43609609609615 	 5.692625534956922e-08 	 4.583880829542815e-17
433.9365765765766 	 5.68605994883969e-08 	 4.562770122291249e-17
434.4370570570571 	 5.679509490104623e-08 	 4.5417808048905387e-17
434.9375375375376 	 5.672974106530709e-08 	 4.520912040690498e-17
435.43801801801806 	 5.6664537461370237e-08 	 4.5001629997607046e-17
435.9384984984985 	 5.659948357181346e-08 	 4.479532858828877e-17
436.43897897897904 	 5.653457888158794e-08 	 4.459020801219898e-17
436.9394594594595 	 5.64698228780047e-08 	 4.438626016795486e-17
437.43993993993996 	 5.6405215050721e-08 	 4.418347701894431e-17
437.9404204204205 	 5.6340754891727014e-08 	 4.398185059273517e-17
438.44090090090094 	 5.627644189533251e-08 	 4.378137298048993e-17
438.9413813813814 	 5.621227555815357e-08 	 4.3582036336386624e-17
439.4418618618619 	 5.614825537909951e-08 	 4.338383287704572e-17
439.9423423423424 	 5.608438085935982e-08 	 4.318675488096288e-17
440.44282282282285 	 5.60206515023912e-08 	 4.299079468794731e-17
440.94330330330337 	 5.59570668139047e-08 	 4.2795944698566e-17
441.44378378378383 	 5.589362630185296e-08 	 4.260219737359369e-17
441.9442642642643 	 5.5830329476417486e-08 	 4.240954523346829e-17
442.4447447447448 	 5.576717584999603e-08 	 4.22179808577517e-17
442.9452252252253 	 5.570416493719016e-08 	 4.202749688459667e-17
443.44570570570573 	 5.56412962547927e-08 	 4.183808601021832e-17
443.94618618618625 	 5.5578569321775464e-08 	 4.1649740988371526e-17
444.4466666666667 	 5.551598365927698e-08 	 4.1462454629833524e-17
444.9471471471472 	 5.5453538790590245e-08 	 4.1276219801891455e-17
445.4476276276277 	 5.539123424115069e-08 	 4.109102942783546e-17
445.94810810810816 	 5.532906953852413e-08 	 4.090687648645668e-17
446.4485885885886 	 5.526704421239482e-08 	 4.0723754011550316e-17
446.94906906906914 	 5.520515779455359e-08 	 4.05416550914237e-17
447.4495495495496 	 5.514340981888609e-08 	 4.036057286840942e-17
447.95003003003006 	 5.508179982136106e-08 	 4.0180500538383155e-17
448.4505105105105 	 5.502032734001871e-08 	 4.0001431350286486e-17
448.95099099099104 	 5.495899191495919e-08 	 3.9823358605654396e-17
449.4514714714715 	 5.48977930883311e-08 	 3.964627565814757e-17
449.95195195195197 	 5.483673040432013e-08 	 3.947017591308935e-17
450.4524324324325 	 5.477580340913767e-08 	 3.929505282700717e-17
450.95291291291295 	 5.4715011651009695e-08 	 3.9120899907178897e-17
451.4533933933934 	 5.4654354680165466e-08 	 3.8947710711183346e-17
451.95387387387393 	 5.4593832048826505e-08 	 3.877547884645536e-17
452.4543543543544 	 5.4533443311195605e-08 	 3.860419796984557e-17
452.95483483483486 	 5.447318802344579e-08 	 3.843386178718402e-17
453.4553153153154 	 5.4413065743709536e-08 	 3.826446405284872e-17
453.95579579579584 	 5.435307603206793e-08 	 3.8095998569337897e-17
454.4562762762763 	 5.429321845053992e-08 	 3.792845918684692e-17
454.9567567567568 	 5.42334925630717e-08 	 3.776183980284916e-17
455.4572372372373 	 5.417389793552611e-08 	 3.759613436168115e-17
455.95771771771774 	 5.411443413567206e-08 	 3.7431336854131577e-17
456.45819819819826 	 5.4055100733174185e-08 	 3.726744131703464e-17
456.9586786786787 	 5.3995897299582364e-08 	 3.710444183286727e-17
457.4591591591592 	 5.3936823408321465e-08 	 3.694233252935019e-17
457.9596396396397 	 5.387787863468108e-08 	 3.6781107579053096e-17
458.46012012012017 	 5.381906255580537e-08 	 3.662076119900366e-17
458.9606006006006 	 5.376037475068291e-08 	 3.646128765030017e-17
459.46108108108115 	 5.370181480013666e-08 	 3.6302681237728274e-17
459.9615615615616 	 5.364338228681403e-08 	 3.6144936309381226e-17
460.46204204204207 	 5.3585076795176886e-08 	 3.5988047256283994e-17
460.9625225225226 	 5.3526897911491774e-08 	 3.5832008512020846e-17
461.46300300300305 	 5.3468845223820086e-08 	 3.567681455236689e-17
461.9634834834835 	 5.341091832200835e-08 	 3.5522459894922775e-17
462.46396396396403 	 5.335311679767858e-08 	 3.536893909875332e-17
462.9644444444445 	 5.329544024421868e-08 	 3.52162467640295e-17
463.46492492492496 	 5.323788825677289e-08 	 3.506437753167379e-17
463.9654054054055 	 5.3180460432232315e-08 	 3.4913326083009174e-17
464.46588588588594 	 5.3123156369225555e-08 	 3.4763087139411436e-17
464.9663663663664 	 5.3065975668109296e-08 	 3.4613655461964734e-17
465.4668468468469 	 5.300891793095905e-08 	 3.4465025851120684e-17
465.9673273273274 	 5.295198276155993e-08 	 3.431719314636061e-17
466.46780780780784 	 5.289516976539746e-08 	 3.4170152225861054e-17
466.9682882882883 	 5.283847854964849e-08 	 3.402389800616256e-17
467.4687687687688 	 5.278190872317208e-08 	 3.3878425441841543e-17
467.9692492492493 	 5.272545989650061e-08 	 3.3733729525185584e-17
468.46972972972975 	 5.266913168183074e-08 	 3.358980528587135e-17
468.97021021021027 	 5.261292369301456e-08 	 3.3446647790646124e-17
469.47069069069073 	 5.255683554555082e-08 	 3.330425214301211e-17
469.9711711711712 	 5.2500866856576095e-08 	 3.3162613482913715e-17
470.4716516516517 	 5.2445017244856075e-08 	 3.3021726986428004e-17
470.9721321321322 	 5.238928633077696e-08 	 3.2881587865457984e-17
471.47261261261264 	 5.233367373633683e-08 	 3.274219136742886e-17
471.97309309309315 	 5.227817908513707e-08 	 3.26035327749871e-17
472.4735735735736 	 5.222280200237394e-08 	 3.2465607405702614e-17
472.9740540540541 	 5.2167542114830093e-08 	 3.2328410611773375e-17
473.4745345345346 	 5.2112399050866196e-08 	 3.219193777973317e-17
473.97501501501506 	 5.205737244041259e-08 	 3.205618433016202e-17
474.4754954954955 	 5.2002461914961075e-08 	 3.192114571739934e-17
474.97597597597604 	 5.194766710755657e-08 	 3.1786817429259694e-17
475.4764564564565 	 5.189298765278906e-08 	 3.165319498675157e-17
475.97693693693697 	 5.183842318678537e-08 	 3.152027394379834e-17
476.4774174174175 	 5.1783973347201165e-08 	 3.138804988696236e-17
476.97789789789795 	 5.172963777321291e-08 	 3.125651843517125e-17
477.4783783783784 	 5.167541610550987e-08 	 3.112567523944701e-17
477.9788588588589 	 5.1621307986286234e-08 	 3.099551598263756e-17
478.4793393393394 	 5.1567313059233204e-08 	 3.0866036379150855e-17
478.97981981981985 	 5.151343096953122e-08 	 3.073723217469153e-17
479.48030030030037 	 5.145966136384214e-08 	 3.060909914599987e-17
479.98078078078083 	 5.140600389030155e-08 	 3.048163310059343e-17
480.4812612612613 	 5.135245819851107e-08 	 3.0354829876510896e-17
480.9817417417418 	 5.129902393953072e-08 	 3.0228685342058436e-17
481.4822222222223 	 5.124570076587138e-08 	 3.0103195395558434e-17
481.98270270270274 	 5.1192488331487233e-08 	 2.997835596510051e-17
482.48318318318326 	 5.113938629176825e-08 	 2.985416300829482e-17
482.9836636636637 	 5.10863943035328e-08 	 2.9730612512027817e-17
483.4841441441442 	 5.103351202502022e-08 	 2.9607700492220125e-17
483.9846246246247 	 5.0980739115883495e-08 	 2.948542299358675e-17
484.48510510510516 	 5.0928075237181936e-08 	 2.9363776089399434e-17
484.9855855855856 	 5.087552005137394e-08 	 2.9242755881251393e-17
485.4860660660661 	 5.0823073222309764e-08 	 2.912235849882391e-17
485.9865465465466 	 5.0770734415224365e-08 	 2.9002580099655455e-17
486.48702702702707 	 5.0718503296730295e-08 	 2.888341686891277e-17
486.98750750750753 	 5.0666379534810585e-08 	 2.8764865019163925e-17
487.48798798798805 	 5.0614362798811714e-08 	 2.864692079015372e-17
487.9884684684685 	 5.056245275943667e-08 	 2.852958044858107e-17
488.488948948949 	 5.051064908873796e-08 	 2.8412840287878384e-17
488.9894294294295 	 5.045895146011066e-08 	 2.82966966279929e-17
489.48990990990995 	 5.040735954828567e-08 	 2.818114581517037e-17
489.9903903903904 	 5.0355873029322766e-08 	 2.8066184221740284e-17
490.49087087087094 	 5.030449158060388e-08 	 2.7951808245903353e-17
490.9913513513514 	 5.025321488082639e-08 	 2.783801431152093e-17
491.49183183183186 	 5.020204260999637e-08 	 2.772479886790618e-17
491.9923123123124 	 5.0150974449421926e-08 	 2.7612158389617258e-17
492.49279279279284 	 5.010001008170666e-08 	 2.7500089376252563e-17
492.9932732732733 	 5.004914919074301e-08 	 2.7388588352247498e-17
493.4937537537538 	 4.999839146170572e-08 	 2.727765186667329e-17
493.9942342342343 	 4.9947736581045445e-08 	 2.7167276493037756e-17
494.49471471471475 	 4.9897184236482135e-08 	 2.705745882908758e-17
494.99519519519527 	 4.984673411699874e-08 	 2.6948195496612598e-17
495.4956756756757 	 4.9796385912834826e-08 	 2.683948314125194e-17
495.9961561561562 	 4.974613931548015e-08 	 2.67313184323016e-17
496.4966366366367 	 4.969599401766843e-08 	 2.6623698062524082e-17
496.99711711711717 	 4.964594971337107e-08 	 2.651661874795959e-17
497.49759759759763 	 4.959600609779093e-08 	 2.641007722773901e-17
497.99807807807815 	 4.9546162867356124e-08 	 2.630407026389848e-17
498.4985585585586 	 4.9496419719713896e-08 	 2.6198594641195787e-17
498.9990390390391 	 4.9446776353724473e-08 	 2.6093647166928226e-17
499.4995195195196 	 4.939723246945502e-08 	 2.598922467075227e-17
500.0 	 4.934778776817359e-08 	 2.5885324004504824e-17
