3.5233633633633636 	 1.6049475406495963e-06 	 8.970033084307596e-10
4.023843843843844 	 1.6235671246817262e-06 	 5.053045154888519e-10
4.524324324324325 	 1.6435593261623714e-06 	 3.0001540948002976e-10
5.0248048048048055 	 1.6639715262550102e-06 	 1.848673752297509e-10
5.525285285285285 	 1.6832221891185824e-06 	 1.1672788339160712e-10
6.025765765765766 	 1.6986361849585183e-06 	 7.463340497211385e-11
6.526246246246247 	 1.7056120778142124e-06 	 4.77056713354456e-11
7.026726726726727 	 1.6961751282552963e-06 	 2.9985446493932465e-11
7.527207207207208 	 1.655883241327491e-06 	 1.8076205306606518e-11
8.027687687687688 	 1.5575871789760043e-06 	 9.98650146385607e-12
8.528168168168168 	 1.34716526072278e-06 	 4.562139594449346e-12
9.02864864864865 	 9.083823799260676e-07 	 1.2279267708618232e-12
9.52912912912913 	 7.226869211601636e-08 	 4.765485113243745e-16
10.029609609609611 	 2.2459254264856837e-06 	 2.0019231354074546e-12
10.530090090090091 	 8.2834954870186e-06 	 1.1863777324158271e-11
11.030570570570571 	 2.8957622382208444e-05 	 4.990359642484439e-11
11.531051051051053 	 9.846802766307817e-05 	 1.7653678763630112e-10
12.031531531531533 	 8.624632545832057e-05 	 1.4158862176470115e-10
12.532012012012013 	 4.484727141878542e-05 	 5.662533192161229e-11
13.032492492492494 	 3.455739847246984e-05 	 3.7485925744380445e-11
13.532972972972974 	 2.9458778767477624e-05 	 2.2588255495528602e-11
14.033453453453454 	 2.948121989643942e-05 	 2.046033438631096e-11
14.533933933933936 	 2.745183055541944e-05 	 1.6916488404412195e-11
15.034414414414416 	 2.926935789410412e-05 	 1.5404831135802642e-11
15.534894894894897 	 3.3547496822412985e-05 	 1.8629796297192523e-11
16.035375375375377 	 3.1406359326960565e-05 	 1.9914614243521087e-11
16.535855855855857 	 2.910289561329257e-05 	 1.9757330365882808e-11
17.036336336336337 	 2.229422432201551e-05 	 2.147562363818353e-11
17.53681681681682 	 1.0664497547398582e-05 	 1.4880324445719857e-11
18.0372972972973 	 7.931185716198363e-06 	 1.0825353188867937e-11
18.53777777777778 	 6.107847125505186e-06 	 8.767449933825983e-12
19.03825825825826 	 4.336341989861199e-06 	 7.031837771687264e-12
19.53873873873874 	 3.3926226863810787e-06 	 5.61039657225995e-12
20.039219219219223 	 3.068892528568954e-06 	 4.55936495117668e-12
20.539699699699703 	 3.073835692721278e-06 	 3.790418127189608e-12
21.040180180180183 	 3.2623962905315587e-06 	 3.2265534538762324e-12
21.540660660660663 	 3.511385724684748e-06 	 2.820284862206059e-12
22.041141141141143 	 3.62537077493859e-06 	 2.521221464941159e-12
22.541621621621623 	 3.4846117688970676e-06 	 2.254827163048355e-12
23.042102102102106 	 3.268389696225018e-06 	 1.9784660590418437e-12
23.542582582582586 	 3.2173854766381785e-06 	 1.70743811314588e-12
24.043063063063066 	 3.4357458851696966e-06 	 1.4644430429551016e-12
24.543543543543546 	 3.9866695879087785e-06 	 1.2616811135089022e-12
25.044024024024026 	 4.990301024318958e-06 	 1.1145417190260822e-12
25.54450450450451 	 6.631333786115218e-06 	 1.0639136075366763e-12
26.04498498498499 	 8.834026337615505e-06 	 1.1957735860829898e-12
26.54546546546547 	 1.0050811476257709e-05 	 1.5256241908381446e-12
27.04594594594595 	 8.24541525961922e-06 	 1.7061785534608137e-12
27.54642642642643 	 5.573227258789979e-06 	 1.5557206038141341e-12
28.04690690690691 	 4.155171980788015e-06 	 1.3192798476980922e-12
28.547387387387392 	 3.901840600478609e-06 	 1.1476541736724588e-12
29.047867867867872 	 4.101169745751012e-06 	 1.0774023752207284e-12
29.548348348348352 	 3.850735879457837e-06 	 1.0611898685055473e-12
30.04882882882883 	 3.0230901876764426e-06 	 1.0139922843893499e-12
30.54930930930931 	 2.1885527340462513e-06 	 9.281967301681717e-13
31.049789789789795 	 1.60884113925327e-06 	 8.339633504647956e-13
31.550270270270275 	 1.2636440793174057e-06 	 7.475177181584886e-13
32.05075075075076 	 1.0833309368314802e-06 	 6.731000683599509e-13
32.55123123123124 	 1.0110662556259174e-06 	 6.107094118827686e-13
33.05171171171172 	 1.0025224819680175e-06 	 5.591409947020488e-13
33.5521921921922 	 1.0200540067769217e-06 	 5.166680753545079e-13
34.05267267267268 	 1.033772496435228e-06 	 4.811767924718237e-13
34.55315315315316 	 1.0265976311199041e-06 	 4.504918883670186e-13
35.053633633633645 	 9.958265449358272e-07 	 4.228543313536943e-13
35.55411411411412 	 9.485942699000021e-07 	 3.9718585892112905e-13
36.054594594594604 	 8.951453168713926e-07 	 3.730149014125049e-13
36.55507507507508 	 8.442072562429543e-07 	 3.502430452977316e-13
37.055555555555564 	 8.011812741081365e-07 	 3.289255764833336e-13
37.55603603603605 	 7.681510154247854e-07 	 3.0914174772291347e-13
38.056516516516524 	 7.444920087031432e-07 	 2.9092618647000163e-13
38.55699699699701 	 7.278305123361087e-07 	 2.7424561887907543e-13
39.057477477477484 	 7.150100997381205e-07 	 2.589989739859208e-13
39.55795795795797 	 7.03062242726287e-07 	 2.450363829447873e-13
40.05843843843845 	 6.898206961951699e-07 	 2.321893823794303e-13
40.55891891891893 	 6.741719371726173e-07 	 2.2029657830837961e-13
41.05939939939941 	 6.558994259953561e-07 	 2.092212205163588e-13
41.55987987987989 	 6.353857274399899e-07 	 1.9885583594162888e-13
42.06036036036037 	 6.132787272693073e-07 	 1.891203499886764e-13
42.56084084084085 	 5.902795645857217e-07 	 1.7995499769564378e-13
43.06132132132133 	 5.670084928724695e-07 	 1.7131428347852837e-13
43.56180180180181 	 5.439533915826976e-07 	 1.6316185833432674e-13
44.06228228228229 	 5.214665596128445e-07 	 1.55466927299852e-13
44.56276276276277 	 4.997902476256602e-07 	 1.48201756587544e-13
45.06324324324325 	 4.790592181932241e-07 	 1.4134148269172333e-13
45.56372372372373 	 4.5935431782248983e-07 	 1.3486209316141095e-13
46.064204204204216 	 4.406973040160407e-07 	 1.2874127484990382e-13
46.56468468468469 	 4.2307930191634026e-07 	 1.2295765793405826e-13
47.065165165165176 	 4.064714226019984e-07 	 1.1749089576366033e-13
47.56564564564565 	 3.908291661455661e-07 	 1.1232183070984127e-13
48.066126126126136 	 3.761009250692005e-07 	 1.0743233965218085e-13
48.56660660660662 	 3.622330496713778e-07 	 1.0280525148832089e-13
49.067087087087096 	 3.4916861268982886e-07 	 9.842459349775654e-14
49.56756756756758 	 3.368570859383581e-07 	 9.427507717344778e-14
50.068048048048055 	 3.252426871493266e-07 	 9.034270659656917e-14
50.56852852852854 	 3.142778556888406e-07 	 8.661422564150748e-14
51.06900900900902 	 3.039157229040907e-07 	 8.307725296479037e-14
51.5694894894895 	 2.9411640994257534e-07 	 7.972009875161336e-14
52.06996996996998 	 2.8483628188052596e-07 	 7.653211709412362e-14
52.57045045045046 	 2.7603925793312414e-07 	 7.350324794197308e-14
53.07093093093094 	 2.676931183099763e-07 	 7.062392405956559e-14
53.571411411411425 	 2.5976562735791183e-07 	 6.788550650318575e-14
54.0718918918919 	 2.522271017281256e-07 	 6.527976950980295e-14
54.572372372372385 	 2.4505371947474146e-07 	 6.279896451641806e-14
55.07285285285286 	 2.3821865538701136e-07 	 6.043604665218724e-14
55.573333333333345 	 2.317008220298089e-07 	 5.818428678298583e-14
56.07381381381382 	 2.2548027453089309e-07 	 5.603739760657145e-14
56.574294294294305 	 2.1953629264602206e-07 	 5.3989642891415335e-14
57.07477477477479 	 2.13854371759212e-07 	 5.203540386532888e-14
57.575255255255264 	 2.084154651107063e-07 	 5.0169664105590016e-14
58.07573573573575 	 2.0320612042550664e-07 	 4.838761044281562e-14
58.576216216216224 	 1.9821277039071405e-07 	 4.668472973454002e-14
59.07669669669671 	 1.9342349538848517e-07 	 4.5056757319216834e-14
59.57717717717719 	 1.8882562632982454e-07 	 4.349979445889637e-14
60.07765765765767 	 1.8440803843977815e-07 	 4.201014901579143e-14
60.57813813813815 	 1.8016034865119566e-07 	 4.0584314520479516e-14
61.07861861861863 	 1.7607461084432433e-07 	 3.9218998438231235e-14
61.57909909909911 	 1.7214165684540678e-07 	 3.7911101290075966e-14
62.079579579579594 	 1.6835378082233307e-07 	 3.665770825989306e-14
62.58006006006007 	 1.647015990812055e-07 	 3.5456195367032043e-14
63.080540540540554 	 1.6118029934702277e-07 	 3.4303874033404176e-14
63.58102102102103 	 1.577817658776103e-07 	 3.319841113867148e-14
64.0815015015015 	 1.5450078722662968e-07 	 3.213747471333619e-14
64.58198198198198 	 1.5133169107899195e-07 	 3.111888323136838e-14
65.08246246246247 	 1.4826842207328228e-07 	 3.014067754494631e-14
65.58294294294295 	 1.453055086827131e-07 	 2.9200928341751673e-14
66.08342342342343 	 1.424401232894066e-07 	 2.8297768266660328e-14
66.5839039039039 	 1.39666068549133e-07 	 2.7429526978404446e-14
67.08438438438439 	 1.369802782820731e-07 	 2.659454548682191e-14
67.58486486486487 	 1.3437784579136283e-07 	 2.5791362670416038e-14
68.08534534534535 	 1.318550327842477e-07 	 2.501848819476543e-14
68.58582582582584 	 1.2940915021329585e-07 	 2.4274552304966733e-14
69.08630630630631 	 1.2703732726642026e-07 	 2.3558217674297522e-14
69.58678678678679 	 1.247349441832045e-07 	 2.2868312976315315e-14
70.08726726726728 	 1.224993630918095e-07 	 2.2203674459862534e-14
70.58774774774776 	 1.2032928393119916e-07 	 2.156311975843446e-14
71.08822822822823 	 1.1822031589520219e-07 	 2.0945691528703112e-14
71.58870870870871 	 1.161712209927722e-07 	 2.0350317373222488e-14
72.0891891891892 	 1.1417936437493022e-07 	 1.9776063132211214e-14
72.58966966966968 	 1.1224087244239495e-07 	 1.9222096135631248e-14
73.09015015015015 	 1.103564950861433e-07 	 1.868747322077279e-14
73.59063063063064 	 1.0852232762423172e-07 	 1.8171426760457453e-14
74.09111111111112 	 1.0673668542030447e-07 	 1.76731591694425e-14
74.5915915915916 	 1.0499863043482655e-07 	 1.7191950623479813e-14
75.09207207207209 	 1.033048625174869e-07 	 1.6727128720399083e-14
75.59255255255256 	 1.0165479721570717e-07 	 1.6277976923909666e-14
76.09303303303304 	 1.000464252387051e-07 	 1.5843898697915192e-14
76.59351351351351 	 9.847882562822551e-08 	 1.542426551980475e-14
77.093993993994 	 9.695118752587439e-08 	 1.5018482628435287e-14
77.59447447447448 	 9.545983811641928e-08 	 1.462605541110499e-14
78.09495495495496 	 9.400567437291751e-08 	 1.4246415732930277e-14
78.59543543543545 	 9.25855767574537e-08 	 1.387908932622112e-14
79.09591591591592 	 9.120061832171111e-08 	 1.3523556733610655e-14
79.5963963963964 	 8.98481268546313e-08 	 1.3179414130378759e-14
80.09687687687689 	 8.852703313900386e-08 	 1.2846206246854343e-14
80.59735735735737 	 8.723691461349769e-08 	 1.2523498219530077e-14
81.09783783783784 	 8.597566864146607e-08 	 1.2210917723924854e-14
81.59831831831832 	 8.474396597267737e-08 	 1.190806664821704e-14
82.09879879879881 	 8.354031093555389e-08 	 1.1614585782673847e-14
82.59927927927929 	 8.236316941888544e-08 	 1.1330129731466612e-14
83.09975975975976 	 8.121167466635888e-08 	 1.10543904063976e-14
83.60024024024025 	 8.008596778740997e-08 	 1.0787009452763442e-14
84.10072072072073 	 7.898512082804112e-08 	 1.0527685860908858e-14
84.6012012012012 	 7.790773095639738e-08 	 1.0276151175556875e-14
85.10168168168168 	 7.685294530378342e-08 	 1.0032126873799566e-14
85.60216216216217 	 7.582094464831052e-08 	 9.795327980905762e-15
86.10264264264265 	 7.481087841802057e-08 	 9.565500251866875e-15
86.60312312312313 	 7.38213374558609e-08 	 9.342400748683219e-15
87.10360360360362 	 7.285305291905887e-08 	 9.125777082701353e-15
87.60408408408409 	 7.1904262110731e-08 	 8.915439220050058e-15
88.10456456456457 	 7.097418411002287e-08 	 8.711154277711666e-15
88.60504504504506 	 7.006345948890302e-08 	 8.51269873952878e-15
89.10552552552554 	 6.917127480681239e-08 	 8.31987657881128e-15
89.60600600600601 	 6.829643065480563e-08 	 8.132512157441037e-15
90.10648648648649 	 6.743882563801191e-08 	 7.950417868274295e-15
90.60696696696698 	 6.659827606679192e-08 	 7.773394359715629e-15
91.10744744744746 	 6.57739408976237e-08 	 7.60130022885105e-15
91.60792792792793 	 6.49654177220155e-08 	 7.433955130110711e-15
92.10840840840842 	 6.417216114747671e-08 	 7.271205194467166e-15
92.6088888888889 	 6.339416217225668e-08 	 7.112900448293792e-15
93.10936936936938 	 6.263088527668344e-08 	 6.958899065229554e-15
93.60984984984987 	 6.188156835432632e-08 	 6.809056840980673e-15
94.11033033033034 	 6.114698807939549e-08 	 6.663229410941556e-15
94.61081081081082 	 6.042521673886152e-08 	 6.521314632852588e-15
95.1112912912913 	 5.971697001339437e-08 	 6.383152279081548e-15
95.61177177177179 	 5.902127252167994e-08 	 6.2486533242137176e-15
96.11225225225226 	 5.833799443039405e-08 	 6.117688981600351e-15
96.61273273273274 	 5.766764834979325e-08 	 5.990140337743249e-15
97.11321321321323 	 5.700881417333939e-08 	 5.865915770453874e-15
97.6136936936937 	 5.636174262914562e-08 	 5.744900688858195e-15
98.11417417417418 	 5.5726286176960354e-08 	 5.626999639067723e-15
98.61465465465466 	 5.5101617093880155e-08 	 5.512110917985149e-15
99.11513513513515 	 5.4487801840701373e-08 	 5.400156899141329e-15
99.61561561561562 	 5.388460715222097e-08 	 5.291037635818192e-15
100.1160960960961 	 5.339845538279615e-08 	 5.1851192167797005e-15
100.61657657657659 	 5.3132844232862427e-08 	 5.082720468218488e-15
101.11705705705707 	 5.286986237614213e-08 	 4.9828370732571965e-15
101.61753753753754 	 5.2609470963732894e-08 	 4.885395249341033e-15
102.11801801801803 	 5.235163190832635e-08 	 4.7903237265799324e-15
102.61849849849851 	 5.209630786563634e-08 	 4.697553650429668e-15
103.11897897897899 	 5.184346221636777e-08 	 4.607018488592986e-15
103.61945945945946 	 5.159305904870821e-08 	 4.5186539419383624e-15
104.11993993993995 	 5.1345063141324375e-08 	 4.432397859244712e-15
104.62042042042043 	 5.109943994684662e-08 	 4.348190155590311e-15
105.1209009009009 	 5.0856155575825195e-08 	 4.265972734213651e-15
105.6213813813814 	 5.0615176781142754e-08 	 4.185689411682945e-15
106.12186186186187 	 5.0376470942867835e-08 	 4.10728584621929e-15
106.62234234234235 	 5.014000605353493e-08 	 4.030709469026519e-15
107.12282282282284 	 4.99057507038372e-08 	 3.9559094184882744e-15
107.62330330330332 	 4.9673674068718454e-08 	 3.882836477099882e-15
108.1237837837838 	 4.9443745893851235e-08 	 3.811443011009296e-15
108.62426426426427 	 4.9215936482488894e-08 	 3.7416829120477985e-15
109.12474474474476 	 4.899021668267934e-08 	 3.673511542136982e-15
109.62522522522524 	 4.876655787482908e-08 	 3.606885679964323e-15
110.12570570570571 	 4.854493195960637e-08 	 3.5417634698249233e-15
110.6261861861862 	 4.832531134617271e-08 	 3.478104372532098e-15
111.12666666666668 	 4.8107668940732364e-08 	 3.415869118304273e-15
111.62714714714716 	 4.789197813538987e-08 	 3.3550196615401522e-15
112.12762762762763 	 4.767821279730601e-08 	 3.2955191373984812e-15
112.62810810810812 	 4.746634725814289e-08 	 3.2373318201027043e-15
113.1285885885886 	 4.725635630378916e-08 	 3.180423082894762e-15
113.62906906906908 	 4.7048215164356775e-08 	 3.124759359565819e-15
114.12954954954957 	 4.684189950444099e-08 	 3.070308107495284e-15
114.63003003003004 	 4.6637385413635467e-08 	 3.017037772132649e-15
115.13051051051052 	 4.643464939729479e-08 	 2.9649177528598772e-15
115.63099099099101 	 4.623366836753684e-08 	 2.9139183701749426e-15
116.13147147147149 	 4.6034419634477916e-08 	 2.8640108341399843e-15
116.63195195195196 	 4.583688089769338e-08 	 2.815167214040128e-15
117.13243243243244 	 4.5641030237897364e-08 	 2.7673604092016037e-15
117.63291291291293 	 4.5446846108834794e-08 	 2.7205641209201355e-15
118.1333933933934 	 4.525430732937953e-08 	 2.674752825452875e-15
118.63387387387388 	 4.506339307583254e-08 	 2.6299017480292847e-15
119.13435435435437 	 4.487408287441414e-08 	 2.5859868378384468e-15
119.63483483483485 	 4.46863565939448e-08 	 2.542984743952197e-15
120.13531531531532 	 4.450019443870876e-08 	 2.5008727921453524e-15
120.63579579579581 	 4.431557694149542e-08 	 2.4596289625760315e-15
121.13627627627629 	 4.41324849568131e-08 	 2.419231868290764e-15
121.63675675675677 	 4.395089965427044e-08 	 2.3796607345206652e-15
122.13723723723724 	 4.377080251212048e-08 	 2.34089537873645e-15
122.63771771771773 	 4.359217531096279e-08 	 2.3029161914315102e-15
123.13819819819821 	 4.341500012759927e-08 	 2.265704117603654e-15
123.63867867867869 	 4.323925932903905e-08 	 2.229240638907391e-15
124.13915915915918 	 4.306493556664855e-08 	 2.1935077564498814e-15
124.63963963963965 	 4.289201177044237e-08 	 2.1584879742048902e-15
125.14012012012013 	 4.2720471143511207e-08 	 2.1241642830201404e-15
125.64060060060062 	 4.255029715658301e-08 	 2.090520145194606e-15
126.1410810810811 	 4.2381473542713514e-08 	 2.05753947960323e-15
126.64156156156157 	 4.221398429210271e-08 	 2.0252066473476034e-15
127.14204204204205 	 4.204781364703379e-08 	 1.993506437911974e-15
127.64252252252254 	 4.188294609693105e-08 	 1.9624240558049396e-15
128.14300300300303 	 4.171936637353375e-08 	 1.9319451076679282e-15
128.64348348348352 	 4.155705944618248e-08 	 1.9020555898324313e-15
129.14396396396398 	 4.1396010517215244e-08 	 1.8727418763086976e-15
129.64444444444447 	 4.1236205017470056e-08 	 1.8439907071893108e-15
130.14492492492496 	 4.1077628601891494e-08 	 1.815789177451833e-15
130.64540540540543 	 4.092026714523806e-08 	 1.7881247261452547e-15
131.14588588588592 	 4.076410673788789e-08 	 1.7609851259457314e-15
131.6463663663664 	 4.0609133681740194e-08 	 1.7343584730676441e-15
132.14684684684687 	 4.0455334486209724e-08 	 1.7082331775165716e-15
132.64732732732736 	 4.0302695864312015e-08 	 1.6825979536713903e-15
133.14780780780782 	 4.015120472883689e-08 	 1.6574418111831752e-15
133.6482882882883 	 4.000084818860786e-08 	 1.6327540461790909e-15
134.1487687687688 	 3.985161354482541e-08 	 1.6085242327600085e-15
134.64924924924927 	 3.9703488287491696e-08 	 1.5847422147809333e-15
135.14972972972976 	 3.955646009191475e-08 	 1.5613980979038625e-15
135.65021021021025 	 3.941051681529003e-08 	 1.5384822419130773e-15
136.1506906906907 	 3.9265646493357485e-08 	 1.5159852532832642e-15
136.6511711711712 	 3.9121837337131834e-08 	 1.4938979779912458e-15
137.1516516516517 	 3.897907772970474e-08 	 1.4722114945625272e-15
137.65213213213215 	 3.883735622311651e-08 	 1.450917107344105e-15
138.15261261261264 	 3.869666153529587e-08 	 1.4300063399954268e-15
138.65309309309313 	 3.855698254706607e-08 	 1.4094709291896707e-15
139.1535735735736 	 3.841830829921551e-08 	 1.3893028185177956e-15
139.6540540540541 	 3.8280627989631395e-08 	 1.3694941525881496e-15
140.15453453453458 	 3.8143930970494813e-08 	 1.3500372713147066e-15
140.65501501501504 	 3.8008206745535694e-08 	 1.3309247043872186e-15
141.15549549549553 	 3.787344496734609e-08 	 1.3121491659168997e-15
141.65597597597602 	 3.7739635434750564e-08 	 1.2937035492514645e-15
142.15645645645648 	 3.760676809023198e-08 	 1.275580921953577e-15
142.65693693693697 	 3.747483301741152e-08 	 1.2577745209370239e-15
143.15741741741743 	 3.734382043858166e-08 	 1.2402777477551268e-15
143.65789789789793 	 3.721372071229051e-08 	 1.2230841640360946e-15
144.15837837837842 	 3.708452433097669e-08 	 1.20618748706028e-15
144.65885885885888 	 3.6956221918653194e-08 	 1.189581585474416e-15
145.15933933933937 	 3.6828804228639096e-08 	 1.1732604751381589e-15
145.65981981981986 	 3.6702262141338205e-08 	 1.1572183150984147e-15
146.16030030030032 	 3.657658666206321e-08 	 1.1414494036870804e-15
146.6607807807808 	 3.645176891890441e-08 	 1.1259481747380238e-15
147.1612612612613 	 3.632780016064194e-08 	 1.1107091939192647e-15
147.66174174174176 	 3.62046717547005e-08 	 1.095727155176471e-15
148.16222222222225 	 3.608237518514546e-08 	 1.0809968772840229e-15
148.66270270270275 	 3.596090205071945e-08 	 1.0665133005000582e-15
149.1631831831832 	 3.584024406291858e-08 	 1.0522714833220124e-15
149.6636636636637 	 3.572039304410711e-08 	 1.0382665993393107e-15
150.1641441441442 	 3.560134092566993e-08 	 1.0244939341800034e-15
150.66462462462465 	 3.5483079746201824e-08 	 1.0109488825482242e-15
151.16510510510514 	 3.536560164973267e-08 	 9.976269453494864e-16
151.6655855855856 	 3.524889888398789e-08 	 9.84523726900938e-16
152.1660660660661 	 3.513296379868309e-08 	 9.716349322237788e-16
152.66654654654658 	 3.5017788843852314e-08 	 9.589563644151805e-16
153.16702702702705 	 3.490336656820912e-08 	 9.46483922097111e-16
153.66750750750754 	 3.478968961753957e-08 	 9.342135969395664e-16
154.16798798798803 	 3.4676750733126617e-08 	 9.221414712558257e-16
154.6684684684685 	 3.4564542750205036e-08 	 9.102637156673888e-16
155.16894894894898 	 3.4453058596446266e-08 	 8.985765868363736e-16
155.66942942942947 	 3.434229129047249e-08 	 8.870764252632104e-16
156.16990990990993 	 3.4232233940399295e-08 	 8.75759653147549e-16
156.67039039039042 	 3.4122879742406165e-08 	 8.646227723103663e-16
157.1708708708709 	 3.4014221979334475e-08 	 8.53662362175353e-16
157.67135135135138 	 3.390625401931204e-08 	 8.428750778076768e-16
158.17183183183187 	 3.379896931440377e-08 	 8.322576480083394e-16
158.67231231231236 	 3.369236139928798e-08 	 8.218068734623757e-16
159.17279279279282 	 3.3586423889957546e-08 	 8.115196249392036e-16
159.6732732732733 	 3.348115048244557e-08 	 8.013928415435042e-16
160.1737537537538 	 3.337653495157492e-08 	 7.91423529015063e-16
160.67423423423426 	 3.3272571149731095e-08 	 7.816087580760437e-16
161.17471471471475 	 3.316925300565798e-08 	 7.719456628242385e-16
161.67519519519522 	 3.3066574523276015e-08 	 7.624314391708778e-16
162.1756756756757 	 3.296452978052218e-08 	 7.530633433216229e-16
162.6761561561562 	 3.286311292821143e-08 	 7.438386902994273e-16
163.17663663663666 	 3.2762318188919067e-08 	 7.347548525079843e-16
163.67711711711715 	 3.26621398558836e-08 	 7.258092583345248e-16
164.17759759759764 	 3.256257229192971e-08 	 7.169993907907751e-16
164.6780780780781 	 3.246360992841088e-08 	 7.083227861909213e-16
165.1785585585586 	 3.236524726417113e-08 	 6.997770328654499e-16
165.67903903903908 	 3.226747886452568e-08 	 6.913597699098102e-16
166.17951951951954 	 3.2170299360260035e-08 	 6.830686859668336e-16
166.68000000000004 	 3.207370344664698e-08 	 6.749015180419049e-16
167.18048048048053 	 3.19776858824814e-08 	 6.668560503499248e-16
167.680960960961 	 3.1882241489132266e-08 	 6.58930113193095e-16
168.18144144144148 	 3.178736514961159e-08 	 6.511215818686304e-16
168.68192192192197 	 3.169305180765992e-08 	 6.434283756055087e-16
169.18240240240243 	 3.1599296466848164e-08 	 6.358484565294026e-16
169.68288288288292 	 3.150609418969514e-08 	 6.283798286549632e-16
170.18336336336338 	 3.141344009680091e-08 	 6.210205369046642e-16
170.68384384384387 	 3.1321329365995156e-08 	 6.137686661534167e-16
171.18432432432436 	 3.122975723150063e-08 	 6.066223402982195e-16
171.68480480480483 	 3.1138718983111213e-08 	 5.99579721352107e-16
172.18528528528532 	 3.1048209965384214e-08 	 5.926390085616955e-16
172.6857657657658 	 3.095822557684687e-08 	 5.857984375476525e-16
173.18624624624627 	 3.086876126921651e-08 	 5.790562794674191e-16
173.68672672672676 	 3.0779812546634137e-08 	 5.724108401995497e-16
174.18720720720725 	 3.069137496491142e-08 	 5.658604595490636e-16
174.6876876876877 	 3.060344413079044e-08 	 5.594035104731872e-16
175.1881681681682 	 3.051601570121616e-08 	 5.530383983269222e-16
175.6886486486487 	 3.0429085382621496e-08 	 5.467635601278784e-16
176.18912912912916 	 3.0342648930224284e-08 	 5.405774638398105e-16
176.68960960960965 	 3.025670214733647e-08 	 5.344786076743524e-16
177.19009009009014 	 3.0171240884684855e-08 	 5.284655194104208e-16
177.6905705705706 	 3.008626103974332e-08 	 5.225367557307993e-16
178.1910510510511 	 3.0001758556076404e-08 	 5.166909015754231e-16
178.69153153153155 	 2.9917729422693806e-08 	 5.109265695108977e-16
179.19201201201204 	 2.983416967341574e-08 	 5.052423991157949e-16
179.69249249249253 	 2.975107538624895e-08 	 4.996370563812992e-16
180.192972972973 	 2.9668442682773026e-08 	 4.941092331267709e-16
180.6934534534535 	 2.958626772753699e-08 	 4.886576464298157e-16
181.19393393393398 	 2.9504546727465872e-08 	 4.832810380704675e-16
181.69441441441444 	 2.9423275931277054e-08 	 4.779781739890907e-16
182.19489489489493 	 2.9342451628906284e-08 	 4.72747843757629e-16
182.69537537537542 	 2.92620701509431e-08 	 4.675888600638396e-16
183.19585585585588 	 2.9182127868075522e-08 	 4.625000582081541e-16
183.69633633633637 	 2.9102621190543768e-08 	 4.574802956128261e-16
184.19681681681686 	 2.9023546567602972e-08 	 4.5252845134303595e-16
184.69729729729733 	 2.8944900486994552e-08 	 4.476434256396242e-16
185.19777777777782 	 2.886667947442617e-08 	 4.4282413946314353e-16
185.6982582582583 	 2.878888009306017e-08 	 4.380695340489298e-16
186.19873873873877 	 2.8711498943010143e-08 	 4.3337857047288687e-16
186.69921921921926 	 2.8634532660845663e-08 	 4.287502292277087e-16
187.19969969969975 	 2.8557977919105038e-08 	 4.24183509809259e-16
187.7001801801802 	 2.848183142581566e-08 	 4.1967743031283144e-16
188.2006606606607 	 2.8406089924022222e-08 	 4.152310270390398e-16
188.70114114114116 	 2.8330750191322284e-08 	 4.1084335410907496e-16
189.20162162162165 	 2.825580903940932e-08 	 4.065134830890865e-16
189.70210210210215 	 2.8181263313622913e-08 	 4.02240502623447e-16
190.2025825825826 	 2.8107109892506113e-08 	 3.9802351807666734e-16
190.7030630630631 	 2.8033345687369736e-08 	 3.9386165118373652e-16
191.2035435435436 	 2.7959967641863508e-08 	 3.8975403970866616e-16
191.70402402402405 	 2.7886972731553936e-08 	 3.8569983711102695e-16
192.20450450450454 	 2.7814357963508747e-08 	 3.8169821222026706e-16
192.70498498498503 	 2.7742120375887867e-08 	 3.7774834891761867e-16
193.2054654654655 	 2.7670257037540674e-08 	 3.738494458253853e-16
193.70594594594598 	 2.7598765047609554e-08 	 3.700007160034304e-16
194.20642642642648 	 2.7527641535139546e-08 	 3.6620138665267623e-16
194.70690690690694 	 2.7456883658694058e-08 	 3.6245069882543717e-16
195.20738738738743 	 2.738648860597646e-08 	 3.5874790714241004e-16
195.70786786786792 	 2.7316453593457465e-08 	 3.550922795161524e-16
196.20834834834838 	 2.724677586600825e-08 	 3.514830968808872e-16
196.70882882882887 	 2.717745269653918e-08 	 3.479196529284675e-16
197.20930930930933 	 2.7108481385643984e-08 	 3.444012538503516e-16
197.70978978978982 	 2.7039859261249393e-08 	 3.4092721808543286e-16
198.2102702702703 	 2.697158367827005e-08 	 3.374968760735786e-16
198.71075075075078 	 2.6903652018268673e-08 	 3.341095700147363e-16
199.21123123123127 	 2.683606168912125e-08 	 3.3076465363346136e-16
199.71171171171176 	 2.6768810124687388e-08 	 3.27461491948742e-16
200.21219219219222 	 2.6701894784485565e-08 	 3.241994610489795e-16
200.7126726726727 	 2.6635313153373153e-08 	 3.209779478719975e-16
201.2131531531532 	 2.6569062741231343e-08 	 3.177963499899634e-16
201.71363363363366 	 2.650314108265472e-08 	 3.1465407539908966e-16
202.21411411411415 	 2.6437545736645372e-08 	 3.115505423140032e-16
202.71459459459464 	 2.6372274286311652e-08 	 3.084851789666687e-16
203.2150750750751 	 2.6307324338571307e-08 	 3.054574234097509e-16
203.7155555555556 	 2.6242693523859008e-08 	 3.0246672332430784e-16
204.2160360360361 	 2.617837949583818e-08 	 2.995125358317131e-16
204.71651651651655 	 2.611437993111708e-08 	 2.9659432730969807e-16
205.21699699699704 	 2.6050692528968973e-08 	 2.937115732124185e-16
205.71747747747753 	 2.5987315011056448e-08 	 2.908637578944466e-16
206.217957957958 	 2.5924245121159748e-08 	 2.8805037443859313e-16
206.71843843843848 	 2.5861480624908992e-08 	 2.852709244874673e-16
207.21891891891894 	 2.579901930952034e-08 	 2.825249180786862e-16
207.71939939939944 	 2.5736858983535915e-08 	 2.798118734836422e-16
208.21987987987993 	 2.567499747656757e-08 	 2.7713131704974905e-16
208.7203603603604 	 2.5613432639044184e-08 	 2.7448278304607695e-16
209.22084084084088 	 2.5552162341962763e-08 	 2.7186581351230017e-16
209.72132132132137 	 2.5491184476642965e-08 	 2.692799581108784e-16
210.22180180180183 	 2.5430496954485234e-08 	 2.6672477398239335e-16
210.72228228228232 	 2.537009770673226e-08 	 2.641998256039643e-16
211.2227627627628 	 2.5309984684234003e-08 	 2.6170468465067714e-16
211.72324324324327 	 2.525015585721587e-08 	 2.5923892985994597e-16
212.22372372372377 	 2.5190609215050275e-08 	 2.5680214689874605e-16
212.72420420420426 	 2.513134276603142e-08 	 2.543939282336481e-16
213.22468468468472 	 2.5072354537153218e-08 	 2.5201387300358777e-16
213.7251651651652 	 2.5013642573890332e-08 	 2.496615868953062e-16
214.2256456456457 	 2.4955204939982316e-08 	 2.473366820214025e-16
214.72612612612616 	 2.4897039717220768e-08 	 2.450387768009346e-16
215.22660660660665 	 2.48391450052394e-08 	 2.427674958425083e-16
215.7270870870871 	 2.4781518921307124e-08 	 2.4052246982980204e-16
216.2275675675676 	 2.4724159600123916e-08 	 2.383033354094657e-16
216.7280480480481 	 2.4667065193619578e-08 	 2.3610973508134246e-16
217.22852852852856 	 2.461023387075526e-08 	 2.339413170909584e-16
217.72900900900905 	 2.4553663817327685e-08 	 2.317977353242284e-16
218.22948948948954 	 2.4497353235776125e-08 	 2.296786492043288e-16
218.72996996997 	 2.4441300344992006e-08 	 2.275837235906861e-16
219.2304504504505 	 2.4385503380131073e-08 	 2.255126286800327e-16
219.73093093093098 	 2.4329960592428224e-08 	 2.234650399094863e-16
220.23141141141144 	 2.427467024901476e-08 	 2.2144063786160278e-16
220.73189189189193 	 2.4219630632738183e-08 	 2.1943910817136095e-16
221.23237237237242 	 2.416484004198445e-08 	 2.1746014143503483e-16
221.7328528528529 	 2.4110296790502578e-08 	 2.155034331209104e-16
222.23333333333338 	 2.405599920723167e-08 	 2.1356868348180566e-16
222.73381381381387 	 2.4001945636130258e-08 	 2.1165559746935475e-16
223.23429429429433 	 2.394813443600793e-08 	 2.09763884650015e-16
223.73477477477482 	 2.3894563980359228e-08 	 2.078932591227592e-16
224.23525525525528 	 2.384123265719977e-08 	 2.0604343943841657e-16
224.73573573573577 	 2.3788138868904558e-08 	 2.0421414852062386e-16
225.23621621621626 	 2.373528103204844e-08 	 2.0240511358835265e-16
225.73669669669673 	 2.3682657577248713e-08 	 2.0061606607997786e-16
226.23717717717722 	 2.363026694900977e-08 	 1.9884674157885115e-16
226.7376576576577 	 2.3578107605569883e-08 	 1.9709687974035103e-16
227.23813813813817 	 2.3526178018749897e-08 	 1.953662242203706e-16
227.73861861861866 	 2.3474476673804044e-08 	 1.9365452260521824e-16
228.23909909909915 	 2.3423002069272622e-08 	 1.9196152634289482e-16
228.7395795795796 	 2.3371752716836674e-08 	 1.902869906757217e-16
229.2400600600601 	 2.3320727141174515e-08 	 1.886306745742861e-16
229.7405405405406 	 2.3269923879820168e-08 	 1.8699234067267918e-16
230.24102102102106 	 2.321934148302367e-08 	 1.853717552049961e-16
230.74150150150155 	 2.316897851361312e-08 	 1.8376868794307126e-16
231.24198198198204 	 2.3118833546858602e-08 	 1.8218291213542357e-16
231.7424624624625 	 2.306890517033782e-08 	 1.8061420444738336e-16
232.242942942943 	 2.3019191983803464e-08 	 1.7906234490237735e-16
232.74342342342348 	 2.2969692599052353e-08 	 1.77527116824347e-16
233.24390390390394 	 2.2920405639796182e-08 	 1.7600830678127355e-16
233.74438438438443 	 2.2871329741533964e-08 	 1.7450570452978911e-16
234.2448648648649 	 2.282246355142613e-08 	 1.7301910296084977e-16
234.74534534534538 	 2.2773805728170203e-08 	 1.7154829804644618e-16
235.24582582582588 	 2.2725354941878066e-08 	 1.7009308878733285e-16
235.74630630630634 	 2.2677109873954828e-08 	 1.686532771617525e-16
236.24678678678683 	 2.262906921697917e-08 	 1.6722866807513396e-16
236.74726726726732 	 2.258123167458526e-08 	 1.6581906931074587e-16
237.24774774774778 	 2.2533595961346147e-08 	 1.644242914812826e-16
237.74822822822827 	 2.2486160802658603e-08 	 1.6304414798136556e-16
238.24870870870876 	 2.243892493462947e-08 	 1.6167845494093942e-16
238.74918918918922 	 2.2391887103963378e-08 	 1.603270311795446e-16
239.24966966966971 	 2.23450460678519e-08 	 1.5898969816144796e-16
239.7501501501502 	 2.229840059386411e-08 	 1.5766627995161427e-16
240.25063063063067 	 2.225194945983849e-08 	 1.563566031725004e-16
240.75111111111116 	 2.220569145377617e-08 	 1.5506049696165475e-16
241.25159159159165 	 2.2159625373735544e-08 	 1.5377779293010677e-16
241.7520720720721 	 2.2113750027728138e-08 	 1.525083251215288e-16
242.2525525525526 	 2.2068064233615803e-08 	 1.512519299721546e-16
242.75303303303306 	 2.2022566819009205e-08 	 1.500084462714408e-16
243.25351351351355 	 2.197725662116748e-08 	 1.4877771512345192e-16
243.75399399399404 	 2.1932132486899238e-08 	 1.4755957990895983e-16
244.2544744744745 	 2.1887193272464696e-08 	 1.463538862482373e-16
244.754954954955 	 2.1842437843479047e-08 	 1.4516048196453575e-16
245.2554354354355 	 2.1797865074817015e-08 	 1.439792170482312e-16
245.75591591591595 	 2.1753473850518575e-08 	 1.428099436216258e-16
246.25639639639644 	 2.170926306369579e-08 	 1.4165251590438987e-16
246.75687687687693 	 2.1665231616440863e-08 	 1.4050679017963517e-16
247.2573573573574 	 2.162137841973519e-08 	 1.3937262476060187e-16
247.75783783783788 	 2.157770239335962e-08 	 1.3824987995795093e-16
248.25831831831837 	 2.1534202465805743e-08 	 1.3713841804764766e-16
248.75879879879884 	 2.1490877574188273e-08 	 1.3603810323942507e-16
249.25927927927933 	 2.1447726664158454e-08 	 1.349488016458151e-16
249.75975975975982 	 2.1404748689818568e-08 	 1.338703812517373e-16
250.26024024024028 	 2.1361942613637387e-08 	 1.328027118846326e-16
250.76072072072077 	 2.131930740636672e-08 	 1.3174566518513233e-16
251.26120120120126 	 2.12768420469589e-08 	 1.306991145782515e-16
251.76168168168172 	 2.123454552248528e-08 	 1.2966293524509591e-16
252.2621621621622 	 2.119241682805569e-08 	 1.286370040950723e-16
252.76264264264267 	 2.1150454966738853e-08 	 1.2762119973859319e-16
253.26312312312317 	 2.110865894948375e-08 	 1.2661540246026563e-16
253.76360360360366 	 2.1067027795041924e-08 	 1.2561949419255358e-16
254.26408408408412 	 2.1025560529890657e-08 	 1.2463335848990652e-16
254.7645645645646 	 2.098425618815712e-08 	 1.2365688050334327e-16
255.2650450450451 	 2.094311381154335e-08 	 1.2268994695548372e-16
255.76552552552556 	 2.090213244925216e-08 	 1.2173244611601857e-16
256.266006006006 	 2.086131115791388e-08 	 1.2078426777760871e-16
256.7664864864865 	 2.0820649001513984e-08 	 1.1984530323220706e-16
257.266966966967 	 2.078014505132153e-08 	 1.1891544524779255e-16
257.76744744744747 	 2.0739798385818476e-08 	 1.1799458804551103e-16
258.26792792792793 	 2.0699608090629753e-08 	 1.1708262727721147e-16
258.76840840840845 	 2.0659573258454234e-08 	 1.1617946000337452e-16
259.2688888888889 	 2.0619692988996437e-08 	 1.1528498467142177e-16
259.7693693693694 	 2.057996638889903e-08 	 1.1439910109440045e-16
260.2698498498499 	 2.054039257167613e-08 	 1.1352171043003604e-16
260.77033033033035 	 2.0500970657647388e-08 	 1.12652715160146e-16
261.2708108108108 	 2.046169977387275e-08 	 1.1179201907040633e-16
261.77129129129133 	 2.042257905408809e-08 	 1.109395272304667e-16
262.2717717717718 	 2.0383607638641467e-08 	 1.1009514597440507e-16
262.77225225225226 	 2.0344784674430167e-08 	 1.0925878288151657e-16
263.2727327327328 	 2.030610931483845e-08 	 1.0843034675743047e-16
263.77321321321324 	 2.0267580719676043e-08 	 1.0760974761554872e-16
264.2736936936937 	 2.0229198055117243e-08 	 1.0679689665879933e-16
264.7741741741742 	 2.0190960493640795e-08 	 1.0599170626169957e-16
265.2746546546547 	 2.015286721397043e-08 	 1.0519408995272377e-16
265.77513513513514 	 2.0114917401016038e-08 	 1.0440396239696735e-16
266.2756156156156 	 2.007711024581555e-08 	 1.0362123937910478e-16
266.7760960960961 	 2.0039444945477447e-08 	 1.0284583778663385e-16
267.2765765765766 	 2.0001920703123942e-08 	 1.0207767559340183e-16
267.77705705705705 	 1.9964536727834757e-08 	 1.0131667184340705e-16
268.27753753753757 	 1.9927292234591562e-08 	 1.0056274663487311e-16
268.77801801801803 	 1.9890186444223042e-08 	 9.981582110458836e-17
269.2784984984985 	 1.9853218583350534e-08 	 9.90758174125064e-17
269.778978978979 	 1.9816387884334304e-08 	 9.834265872660341e-17
270.2794594594595 	 1.977969358522044e-08 	 9.761626920798776e-17
270.77993993993994 	 1.9743134929688265e-08 	 9.6896573996255e-17
271.28042042042046 	 1.9706711166998395e-08 	 9.618349919508653e-17
271.7809009009009 	 1.9670421551941358e-08 	 9.54769718580867e-17
272.2813813813814 	 1.9634265344786744e-08 	 9.477691997485181e-17
272.7818618618619 	 1.9598241811232976e-08 	 9.408327245727052e-17
273.28234234234236 	 1.956235022235757e-08 	 9.339595912604797e-17
273.7828228228228 	 1.952658985456799e-08 	 9.271491069745178e-17
274.28330330330334 	 1.949095998955301e-08 	 9.20400587702748e-17
274.7837837837838 	 1.945545991423462e-08 	 9.137133581301127e-17
275.28426426426427 	 1.942008892072045e-08 	 9.070867515124148e-17
275.7847447447448 	 1.938484630625672e-08 	 9.005201095522307e-17
276.28522522522525 	 1.9349731373181724e-08 	 8.94012782276834e-17
276.7857057057057 	 1.9314743428879733e-08 	 8.875641279180959e-17
277.2861861861862 	 1.927988178573552e-08 	 8.811735127943428e-17
277.7866666666667 	 1.924514576108927e-08 	 8.748403111941157e-17
278.28714714714715 	 1.9210534677192058e-08 	 8.685639052618068e-17
278.78762762762767 	 1.9176047861161716e-08 	 8.623436848851427e-17
279.28810810810813 	 1.9141684644939296e-08 	 8.561790475844768e-17
279.7885885885886 	 1.910744436524586e-08 	 8.500693984038515e-17
280.2890690690691 	 1.9073326363539854e-08 	 8.440141498038182e-17
280.7895495495496 	 1.9039329985974883e-08 	 8.380127215559662e-17
281.29003003003004 	 1.900545458335791e-08 	 8.32064540639131e-17
281.79051051051056 	 1.897169951110797e-08 	 8.261690411372676e-17
282.290990990991 	 1.8938064129215274e-08 	 8.203256641389428e-17
282.7914714714715 	 1.8904547802200738e-08 	 8.145338576384222e-17
283.291951951952 	 1.887114989907599e-08 	 8.087930764383309e-17
283.79243243243246 	 1.8837869793303766e-08 	 8.031027820538555e-17
284.2929129129129 	 1.8804706862758714e-08 	 7.974624426184508e-17
284.7933933933934 	 1.8771660489688648e-08 	 7.918715327910459e-17
285.2938738738739 	 1.873873006067618e-08 	 7.863295336647042e-17
285.79435435435437 	 1.8705914966600765e-08 	 7.808359326767211e-17
286.29483483483483 	 1.867321460260114e-08 	 7.753902235201309e-17
286.79531531531535 	 1.864062836803817e-08 	 7.699919060566039e-17
287.2957957957958 	 1.860815566645807e-08 	 7.646404862307014e-17
287.7962762762763 	 1.857579590555601e-08 	 7.593354759854713e-17
288.2967567567568 	 1.8543548497140086e-08 	 7.540763931793571e-17
288.79723723723725 	 1.8511412857095727e-08 	 7.488627615044043e-17
289.2977177177177 	 1.8479388405350377e-08 	 7.436941104057297e-17
289.79819819819824 	 1.844747456583861e-08 	 7.385699750022441e-17
290.2986786786787 	 1.8415670766467615e-08 	 7.334898960086043e-17
290.79915915915916 	 1.8383976439082964e-08 	 7.284534196583623e-17
291.2996396396397 	 1.8352391019434807e-08 	 7.234600976283066e-17
291.80012012012014 	 1.8320913947144394e-08 	 7.185094869639706e-17
292.3006006006006 	 1.8289544665670915e-08 	 7.13601150006275e-17
292.8010810810811 	 1.8258282622278695e-08 	 7.08734654319308e-17
293.3015615615616 	 1.822712726800477e-08 	 7.039095726192068e-17
293.80204204204205 	 1.81960780576267e-08 	 6.991254827041224e-17
294.30252252252257 	 1.81651344496308e-08 	 6.943819673852613e-17
294.803003003003 	 1.8134295906180646e-08 	 6.896786144189736e-17
295.3034834834835 	 1.810356189308592e-08 	 6.85015016439874e-17
295.803963963964 	 1.8072931879771545e-08 	 6.803907708949806e-17
296.30444444444447 	 1.8042405339247194e-08 	 6.758054799788531e-17
296.80492492492493 	 1.8011981748077023e-08 	 6.712587505697085e-17
297.30540540540545 	 1.798166058634977e-08 	 6.667501941665055e-17
297.8058858858859 	 1.7951441337649155e-08 	 6.622794268269821e-17
298.3063663663664 	 1.792132348902453e-08 	 6.578460691066136e-17
298.8068468468469 	 1.7891306530961884e-08 	 6.534497459985059e-17
299.30732732732736 	 1.7861389957355093e-08 	 6.490900868741757e-17
299.8078078078078 	 1.7831573265477487e-08 	 6.447667254252273e-17
300.30828828828834 	 1.7801855955953678e-08 	 6.404792996058993e-17
300.8087687687688 	 1.777223753273168e-08 	 6.36227451576467e-17
301.30924924924926 	 1.774271750305534e-08 	 6.320108276474963e-17
301.8097297297298 	 1.7713295377436954e-08 	 6.278290782249152e-17
302.31021021021024 	 1.7683970669630266e-08 	 6.236818577559153e-17
302.8106906906907 	 1.7654742896603657e-08 	 6.19568824675647e-17
303.31117117117117 	 1.7625611578513613e-08 	 6.15489641354706e-17
303.8116516516517 	 1.7596576238678485e-08 	 6.11443974047398e-17
304.31213213213215 	 1.7567636403552488e-08 	 6.074314928407698e-17
304.8126126126126 	 1.753879160269994e-08 	 6.03451871604383e-17
305.31309309309313 	 1.751004136876978e-08 	 5.99504787940836e-17
305.8135735735736 	 1.7481385237470342e-08 	 5.955899231370104e-17
306.31405405405405 	 1.7452822747544332e-08 	 5.917069621160282e-17
306.8145345345346 	 1.7424353440744106e-08 	 5.878555933899184e-17
307.31501501501504 	 1.7395976861807152e-08 	 5.840355090129732e-17
307.8154954954955 	 1.7367692558431813e-08 	 5.80246404535784e-17
308.315975975976 	 1.7339500081253274e-08 	 5.764879789599487e-17
308.8164564564565 	 1.731139898381976e-08 	 5.727599346934391e-17
309.31693693693694 	 1.7283388822568946e-08 	 5.690619775066136e-17
309.81741741741746 	 1.725546915680465e-08 	 5.653938164888695e-17
310.3178978978979 	 1.722763954867372e-08 	 5.617551640059259e-17
310.8183783783784 	 1.7199899563143108e-08 	 5.581457356577173e-17
311.3188588588589 	 1.7172248767977234e-08 	 5.545652502369005e-17
311.81933933933936 	 1.7144686733715548e-08 	 5.510134296879613e-17
312.3198198198198 	 1.7117213033650255e-08 	 5.474899990668998e-17
312.82030030030035 	 1.7089827243804313e-08 	 5.4399468650150526e-17
313.3207807807808 	 1.7062528942909643e-08 	 5.405272231521973e-17
313.82126126126127 	 1.7035317712385488e-08 	 5.3708734317342293e-17
314.3217417417418 	 1.700819313631707e-08 	 5.336747836756146e-17
314.82222222222225 	 1.6981154801434342e-08 	 5.3028928468768244e-17
315.3227027027027 	 1.6954202297091045e-08 	 5.2693058912004663e-17
315.82318318318323 	 1.692733521524389e-08 	 5.235984427281927e-17
316.3236636636637 	 1.6900553150431983e-08 	 5.202925940767478e-17
316.82414414414416 	 1.6873855699756426e-08 	 5.170127945040626e-17
317.3246246246247 	 1.68472424628601e-08 	 5.137587980872969e-17
317.82510510510514 	 1.6820713041907673e-08 	 5.105303616079999e-17
318.3255855855856 	 1.6794267041565753e-08 	 5.0732724451817293e-17
318.8260660660661 	 1.676790406898327e-08 	 5.0414920890681485e-17
319.3265465465466 	 1.6741623733772017e-08 	 5.009960194669349e-17
319.82702702702704 	 1.6715425647987376e-08 	 4.978674434630306e-17
320.32750750750756 	 1.6689309426109222e-08 	 4.947632506990198e-17
320.827987987988 	 1.666327468502305e-08 	 4.916832134866279e-17
321.3284684684685 	 1.6637321044001176e-08 	 4.88627106614207e-17
321.82894894894895 	 1.6611448124684242e-08 	 4.855947073160007e-17
322.32942942942947 	 1.6585655551062794e-08 	 4.825857952418316e-17
322.82990990990993 	 1.655994294945907e-08 	 4.796001524272122e-17
323.3303903903904 	 1.6534309948508964e-08 	 4.766375632638706e-17
323.8308708708709 	 1.650875617914414e-08 	 4.736978144706868e-17
324.3313513513514 	 1.6483281274574332e-08 	 4.7078069506503034e-17
324.83183183183183 	 1.645788487026977e-08 	 4.6788599633449424e-17
325.33231231231235 	 1.64325666039438e-08 	 4.650135118090197e-17
325.8327927927928 	 1.640732611553569e-08 	 4.621630372334086e-17
326.3332732732733 	 1.638216304719351e-08 	 4.593343705402074e-17
326.8337537537538 	 1.6357077043257248e-08 	 4.565273118229692e-17
327.33423423423426 	 1.6332067750242064e-08 	 4.5374166330988386e-17
327.8347147147147 	 1.6307134816821656e-08 	 4.509772293377649e-17
328.33519519519524 	 1.6282277893811826e-08 	 4.482338163263945e-17
328.8356756756757 	 1.6257496634154196e-08 	 4.455112327532234e-17
329.33615615615616 	 1.6232790692900016e-08 	 4.428092891284071e-17
329.8366366366367 	 1.620815972719419e-08 	 4.40127797970191e-17
330.33711711711715 	 1.618360339625941e-08 	 4.3746657378062565e-17
330.8375975975976 	 1.615912136138042e-08 	 4.348254330216118e-17
331.3380780780781 	 1.613471328588847e-08 	 4.322041940912723e-17
331.8385585585586 	 1.611037883514588e-08 	 4.296026773006454e-17
332.33903903903905 	 1.6086117676530718e-08 	 4.270207048506864e-17
332.83951951951957 	 1.6061929479421676e-08 	 4.2445810080958823e-17
333.34000000000003 	 1.6037813915183055e-08 	 4.219146910904036e-17
333.8404804804805 	 1.601377065714983e-08 	 4.19390303428966e-17
334.340960960961 	 1.598979938061297e-08 	 4.168847673621137e-17
334.8414414414415 	 1.5965899762804775e-08 	 4.1439791420620145e-17
335.34192192192194 	 1.5942071482884402e-08 	 4.119295770359005e-17
335.84240240240246 	 1.59183142219235e-08 	 4.094795906632835e-17
336.3428828828829 	 1.5894627662892012e-08 	 4.0704779161719076e-17
336.8433633633634 	 1.587101149064402e-08 	 4.0463401812286587e-17
337.3438438438439 	 1.5847465391903807e-08 	 4.0223811008186795e-17
337.84432432432436 	 1.582398905525201e-08 	 3.998599090522521e-17
338.3448048048048 	 1.580058217111185e-08 	 3.9749925822900605e-17
338.8452852852853 	 1.5777244431735573e-08 	 3.951560024247539e-17
339.3457657657658 	 1.5753975531190913e-08 	 3.928299880507107e-17
339.84624624624627 	 1.5730775165347784e-08 	 3.905210630978928e-17
340.34672672672673 	 1.5707643031864965e-08 	 3.882290771185705e-17
340.84720720720725 	 1.5684578830177007e-08 	 3.859538812079715e-17
341.3476876876877 	 1.5661582261481216e-08 	 3.836953279862227e-17
341.8481681681682 	 1.5638653028724714e-08 	 3.814532715805267e-17
342.3486486486487 	 1.56157908365917e-08 	 3.7922756760757784e-17
342.84912912912915 	 1.559299539149072e-08 	 3.770180731562039e-17
343.3496096096096 	 1.557026640154215e-08 	 3.748246467702378e-17
343.85009009009013 	 1.5547603576565686e-08 	 3.726471484316114e-17
344.3505705705706 	 1.552500662806804e-08 	 3.7048543954367214e-17
344.85105105105106 	 1.5502475269230658e-08 	 3.6833938291471436e-17
345.3515315315316 	 1.5480009214897632e-08 	 3.6620884274172747e-17
345.85201201201204 	 1.5457608181563626e-08 	 3.6409368459435454e-17
346.3524924924925 	 1.5435271887361975e-08 	 3.619937753990568e-17
346.852972972973 	 1.541300005205285e-08 	 3.599089834234874e-17
347.3534534534535 	 1.5390792397011557e-08 	 3.578391782610656e-17
347.85393393393394 	 1.5368648645216892e-08 	 3.5578423081574715e-17
348.35441441441446 	 1.5346568521239634e-08 	 3.5374401328699616e-17
348.8548948948949 	 1.5324551751231144e-08 	 3.517183991549496e-17
349.3553753753754 	 1.5302598062912015e-08 	 3.49707263165768e-17
349.8558558558559 	 1.528070718556085e-08 	 3.477104813171804e-17
350.35633633633637 	 1.5258878850003166e-08 	 3.45727930844212e-17
350.85681681681683 	 1.523711278860032e-08 	 3.4375949020509396e-17
351.35729729729735 	 1.521540873523859e-08 	 3.418050390673539e-17
351.8577777777778 	 1.519376642531833e-08 	 3.398644582940864e-17
352.3582582582583 	 1.517218559574323e-08 	 3.379376299303955e-17
352.8587387387388 	 1.515066598490962e-08 	 3.360244371900101e-17
353.35921921921926 	 1.5129207332695926e-08 	 3.3412476444207295e-17
353.8596996996997 	 1.510780938045219e-08 	 3.3223849719809355e-17
354.36018018018024 	 1.5086471870989664e-08 	 3.3036552209906806e-17
354.8606606606607 	 1.5065194548570517e-08 	 3.285057269027636e-17
355.36114114114116 	 1.5043977158897612e-08 	 3.26659000471161e-17
355.8616216216217 	 1.502281944910437e-08 	 3.248252327580578e-17
356.36210210210214 	 1.5001721167744742e-08 	 3.230043147968274e-17
356.8625825825826 	 1.498068206478323e-08 	 3.2119613868833194e-17
357.36306306306307 	 1.4959701891585014e-08 	 3.194005975889873e-17
357.8635435435436 	 1.493878040090616e-08 	 3.176175856989781e-17
358.36402402402405 	 1.4917917346883935e-08 	 3.15846998250622e-17
358.8645045045045 	 1.4897112485027102e-08 	 3.140887314968751e-17
359.364984984985 	 1.487636557220645e-08 	 3.123426826999878e-17
359.8654654654655 	 1.485567636664528e-08 	 3.106087501202972e-17
360.36594594594595 	 1.4835044627910021e-08 	 3.0888683300516015e-17
360.8664264264265 	 1.4814470116900918e-08 	 3.071768315780271e-17
361.36690690690693 	 1.47939525958428e-08 	 3.05478647027648e-17
361.8673873873874 	 1.4773491828275904e-08 	 3.0379218149741413e-17
362.3678678678679 	 1.4753087579046812e-08 	 3.0211733807483337e-17
362.8683483483484 	 1.4732739614299435e-08 	 3.0045402078113316e-17
363.36882882882884 	 1.4712447701466064e-08 	 2.9880213456099334e-17
363.86930930930936 	 1.4692211609258533e-08 	 2.971615852724069e-17
364.3697897897898 	 1.467203110765942e-08 	 2.955322796766645e-17
364.8702702702703 	 1.4651905967913321e-08 	 2.9391412542846123e-17
365.3707507507508 	 1.4631835962518225e-08 	 2.9230703106612865e-17
365.87123123123126 	 1.4611820865216946e-08 	 2.907109060019842e-17
366.3717117117117 	 1.4591860450988587e-08 	 2.8912566051279816e-17
366.87219219219224 	 1.4571954496040143e-08 	 2.8755120573038005e-17
367.3726726726727 	 1.4552102777798117e-08 	 2.8598745363227894e-17
367.87315315315317 	 1.4532305074900234e-08 	 2.84434317032597e-17
368.3736336336337 	 1.4512561167187206e-08 	 2.8289170957291504e-17
368.87411411411415 	 1.449287083569458e-08 	 2.8135954571333114e-17
369.3745945945946 	 1.4473233862644631e-08 	 2.7983774072360335e-17
369.87507507507513 	 1.4453650031438342e-08 	 2.7832621067440586e-17
370.3755555555556 	 1.4434119126647447e-08 	 2.7682487242868726e-17
370.87603603603606 	 1.4414640934006508e-08 	 2.7533364363313364e-17
371.3765165165166 	 1.439521524040511e-08 	 2.738524427097385e-17
371.87699699699704 	 1.4375841833880059e-08 	 2.7238118884747032e-17
372.3774774774775 	 1.4356520503607699e-08 	 2.7091980199404325e-17
372.877957957958 	 1.4337251039896238e-08 	 2.6946820284778607e-17
373.3784384384385 	 1.4318033234178193e-08 	 2.6802631284961003e-17
373.87891891891894 	 1.4298866879002841e-08 	 2.66594054175072e-17
374.37939939939946 	 1.4279751768028758e-08 	 2.6517134972653282e-17
374.8798798798799 	 1.4260687696016425e-08 	 2.6375812312541207e-17
375.3803603603604 	 1.4241674458820873e-08 	 2.6235429870453243e-17
375.88084084084085 	 1.4222711853384392e-08 	 2.609598015005567e-17
376.38132132132137 	 1.4203799677729315e-08 	 2.59574557246517e-17
376.8818018018018 	 1.418493773095085e-08 	 2.5819849236443092e-17
377.3822822822823 	 1.4166125813209938e-08 	 2.5683153395800573e-17
377.8827627627628 	 1.4147363725726226e-08 	 2.5547360980543004e-17
378.38324324324327 	 1.4128651270771047e-08 	 2.5412464835225143e-17
378.88372372372373 	 1.4109988251660483e-08 	 2.5278457870433786e-17
379.38420420420425 	 1.4091374472748476e-08 	 2.514533306209229e-17
379.8846846846847 	 1.4072809739419979e-08 	 2.501308345077329e-17
380.3851651651652 	 1.4054293858084183e-08 	 2.488170214101957e-17
380.8856456456457 	 1.4035826636167789e-08 	 2.4751182300672927e-17
381.38612612612616 	 1.4017407882108322e-08 	 2.4621517160210957e-17
381.8866066066066 	 1.3999037405347521e-08 	 2.4492700012091696e-17
382.38708708708714 	 1.3980715016324748e-08 	 2.4364724210105804e-17
382.8875675675676 	 1.3962440526470504e-08 	 2.4237583168736675e-17
383.38804804804806 	 1.394421374819991e-08 	 2.4111270362527597e-17
383.8885285285286 	 1.3926034494906324e-08 	 2.3985779325456698e-17
384.38900900900904 	 1.3907902580954969e-08 	 2.386110365031915e-17
384.8894894894895 	 1.3889817821676598e-08 	 2.3737236988116315e-17
385.38996996997 	 1.3871780033361242e-08 	 2.3614173047452422e-17
385.8904504504505 	 1.3853789033251982e-08 	 2.3491905593937905e-17
386.39093093093095 	 1.3835844639538779e-08 	 2.3370428449599972e-17
386.89141141141147 	 1.3817946671352333e-08 	 2.3249735492299726e-17
387.39189189189193 	 1.380009494875804e-08 	 2.3129820655156465e-17
387.8923723723724 	 1.3782289292749936e-08 	 2.3010677925978154e-17
388.3928528528529 	 1.3764529525244714e-08 	 2.2892301346698905e-17
388.8933333333334 	 1.3746815469075801e-08 	 2.2774685012822757e-17
389.39381381381384 	 1.3729146947987461e-08 	 2.265782307287388e-17
389.89429429429435 	 1.3711523786628932e-08 	 2.254170972785317e-17
390.3947747747748 	 1.3693945810548668e-08 	 2.242633923070121e-17
390.8952552552553 	 1.3676412846188533e-08 	 2.2311705885767078e-17
391.3957357357358 	 1.3658924720878114e-08 	 2.219780404828359e-17
391.89621621621626 	 1.3641481262829053e-08 	 2.2084628123848434e-17
392.3966966966967 	 1.3624082301129429e-08 	 2.1972172567911282e-17
392.89717717717724 	 1.3606727665738143e-08 	 2.1860431885266567e-17
393.3976576576577 	 1.358941718747942e-08 	 2.1749400629552503e-17
393.89813813813817 	 1.3572150698037283e-08 	 2.1639073402755302e-17
394.3986186186186 	 1.3554928029950115e-08 	 2.1529444854719447e-17
394.89909909909915 	 1.3537749016605227e-08 	 2.1420509682663268e-17
395.3995795795796 	 1.3520613492233504e-08 	 2.131226263070028e-17
395.90006006006007 	 1.3503521291904062e-08 	 2.1204698489365694e-17
396.4005405405406 	 1.3486472251518965e-08 	 2.1097812095148506e-17
396.90102102102105 	 1.3469466207807957e-08 	 2.0991598330028726e-17
397.4015015015015 	 1.345250299832327e-08 	 2.088605212102e-17
397.90198198198203 	 1.3435582461434434e-08 	 2.0781168439717224e-17
398.4024624624625 	 1.3418704436323166e-08 	 2.0676942301849523e-17
398.90294294294296 	 1.3401868762978244e-08 	 2.0573368766837886e-17
399.4034234234235 	 1.338507528219047e-08 	 2.0470442937358122e-17
399.90390390390394 	 1.3368323835547657e-08 	 2.036815995890864e-17
400.4043843843844 	 1.3351614265429638e-08 	 2.0266515019382975e-17
400.9048648648649 	 1.3334946415003314e-08 	 2.016550334864716e-17
401.4053453453454 	 1.331832012821777e-08 	 2.0065120218121975e-17
401.90582582582584 	 1.3301735249799384e-08 	 1.9965360940369612e-17
402.40630630630636 	 1.3285191625246998e-08 	 1.9866220868685108e-17
402.9067867867868 	 1.3268689100827132e-08 	 1.9767695396692435e-17
403.4072672672673 	 1.3252227523569208e-08 	 1.9669779957944843e-17
403.9077477477478 	 1.323580674126083e-08 	 1.9572470025529864e-17
404.40822822822827 	 1.3219426602443094e-08 	 1.947576111167862e-17
404.90870870870873 	 1.3203086956405926e-08 	 1.937964876737942e-17
405.40918918918925 	 1.3186787653183463e-08 	 1.9284128581995798e-17
405.9096696696697 	 1.3170528543549464e-08 	 1.918919618288861e-17
406.4101501501502 	 1.315430947901276e-08 	 1.9094847235042408e-17
406.9106306306307 	 1.3138130311812722e-08 	 1.9001077440695903e-17
407.41111111111115 	 1.3121990894914792e-08 	 1.8907882538976608e-17
407.9115915915916 	 1.3105891082006011e-08 	 1.8815258305539274e-17
408.41207207207214 	 1.3089830727490609e-08 	 1.872320055220858e-17
408.9125525525526 	 1.3073809686485612e-08 	 1.8631705126625606e-17
409.41303303303306 	 1.3057827814816482e-08 	 1.8540767911898146e-17
409.9135135135136 	 1.3041884969012802e-08 	 1.845038482625499e-17
410.41399399399404 	 1.3025981006303972e-08 	 1.8360551822703912e-17
410.9144744744745 	 1.3010115784614953e-08 	 1.8271264888693353e-17
411.414954954955 	 1.2994289162562032e-08 	 1.8182520045777928e-17
411.9154354354355 	 1.2978500999448634e-08 	 1.8094313349287514e-17
412.41591591591595 	 1.2962751155261136e-08 	 1.8006640887999905e-17
412.9163963963964 	 1.2947039490664737e-08 	 1.7919498783817078e-17
413.4168768768769 	 1.293136586699935e-08 	 1.7832883191445018e-17
413.9173573573574 	 1.2915730146275522e-08 	 1.774679029807696e-17
414.41783783783785 	 1.290013219117038e-08 	 1.766121632308005e-17
414.91831831831837 	 1.2884571865023617e-08 	 1.7576157517685478e-17
415.41879879879883 	 1.2869049031833502e-08 	 1.7491610164681945e-17
415.9192792792793 	 1.2853563556252906e-08 	 1.7407570578112347e-17
416.4197597597598 	 1.2838115303585377e-08 	 1.732403510297387e-17
416.9202402402403 	 1.2822704139781243e-08 	 1.7241000114921262e-17
417.42072072072074 	 1.2807329931433713e-08 	 1.715846201997326e-17
417.92120120120126 	 1.2791992545775042e-08 	 1.7076417254222222e-17
418.4216816816817 	 1.2776691850672724e-08 	 1.6994862283546942e-17
418.9221621621622 	 1.2761427714625653e-08 	 1.691379360332836e-17
419.4226426426427 	 1.2746200006760403e-08 	 1.68332077381685e-17
419.92312312312316 	 1.2731008596827466e-08 	 1.675310124161241e-17
420.4236036036036 	 1.2715853355197528e-08 	 1.6673470695872868e-17
420.92408408408414 	 1.270073415285781e-08 	 1.6594312711558337e-17
421.4245645645646 	 1.2685650861408376e-08 	 1.651562392740357e-17
421.92504504504507 	 1.267060335305853e-08 	 1.6437401010003227e-17
422.4255255255256 	 1.2655591500623173e-08 	 1.6359640653548228e-17
422.92600600600605 	 1.2640615177519253e-08 	 1.6282339579565062e-17
423.4264864864865 	 1.2625674257762181e-08 	 1.6205494536657648e-17
423.92696696696703 	 1.261076861596231e-08 	 1.6129102300252112e-17
424.4274474474475 	 1.2595898127321431e-08 	 1.605315967234424e-17
424.92792792792795 	 1.258106266762928e-08 	 1.597766348124949e-17
425.4284084084085 	 1.2566262113260078e-08 	 1.5902610581355764e-17
425.92888888888893 	 1.2551496341169122e-08 	 1.5827997852878794e-17
426.4293693693694 	 1.2536765228889339e-08 	 1.5753822201620002e-17
426.9298498498499 	 1.2522068654527925e-08 	 1.5680080558726986e-17
427.4303303303304 	 1.2507406496762976e-08 	 1.5606769880456556e-17
427.93081081081084 	 1.2492778634840148e-08 	 1.5533887147940157e-17
428.43129129129136 	 1.2478184948569343e-08 	 1.5461429366951848e-17
428.9317717717718 	 1.2463625318321417e-08 	 1.53893935676787e-17
429.4322522522523 	 1.2449099625024915e-08 	 1.5317776804493518e-17
429.9327327327328 	 1.2434607750162819e-08 	 1.5246576155730057e-17
430.43321321321326 	 1.2420149575769328e-08 	 1.5175788723460505e-17
430.9336936936937 	 1.2405724984426653e-08 	 1.510541163327528e-17
431.4341741741742 	 1.239133385926185e-08 	 1.5035442034065227e-17
431.9346546546547 	 1.2376976083943645e-08 	 1.4965877097805926e-17
432.43513513513517 	 1.2362651542679321e-08 	 1.4896714019344402e-17
432.93561561561563 	 1.2348360120211582e-08 	 1.4827950016187917e-17
433.43609609609615 	 1.2334101701815484e-08 	 1.475958232829502e-17
433.9365765765766 	 1.231987617329535e-08 	 1.4691608217868793e-17
434.4370570570571 	 1.2305683420981725e-08 	 1.4624024969152134e-17
434.9375375375376 	 1.229152333172835e-08 	 1.4556829888225257e-17
435.43801801801806 	 1.2277395792909161e-08 	 1.449002030280526e-17
435.9384984984985 	 1.226330069241529e-08 	 1.4423593562047688e-17
436.43897897897904 	 1.2249237918652105e-08 	 1.4357547036350234e-17
436.9394594594595 	 1.2235207360536272e-08 	 1.4291878117158468e-17
437.43993993993996 	 1.222120890749282e-08 	 1.42265842167734e-17
437.9404204204205 	 1.2207242449452243e-08 	 1.416166276816125e-17
438.44090090090094 	 1.2193307876847613e-08 	 1.4097111224765024e-17
438.9413813813814 	 1.217940508061171e-08 	 1.4032927060318014e-17
439.4418618618619 	 1.2165533952174184e-08 	 1.3969107768659276e-17
439.9423423423424 	 1.2151694383458727e-08 	 1.390565086355098e-17
440.44282282282285 	 1.2137886266880263e-08 	 1.3842553878497593e-17
440.94330330330337 	 1.2124109495342161e-08 	 1.3779814366566877e-17
441.44378378378383 	 1.2110363962233469e-08 	 1.3717429900212832e-17
441.9442642642643 	 1.2096649561426159e-08 	 1.3655398071100318e-17
442.4447447447448 	 1.2082966187272399e-08 	 1.359371648993148e-17
442.9452252252253 	 1.2069313734601845e-08 	 1.3532382786274027e-17
443.44570570570573 	 1.2055692098718935e-08 	 1.3471394608391132e-17
443.94618618618625 	 1.204210117540022e-08 	 1.34107496230731e-17
444.4466666666667 	 1.2028540860891712e-08 	 1.335044551547081e-17
444.9471471471472 	 1.2015011051906226e-08 	 1.3290479988930694e-17
445.4476276276277 	 1.2001511645620771e-08 	 1.3230850764831517e-17
445.94810810810816 	 1.1988042539673951e-08 	 1.3171555582422754e-17
446.4485885885886 	 1.197460363216336e-08 	 1.311259219866456e-17
446.94906906906914 	 1.1961194821643022e-08 	 1.3053958388069393e-17
447.4495495495496 	 1.194781600712084e-08 	 1.2995651942545226e-17
447.95003003003006 	 1.1934467088056062e-08 	 1.2937670671240326e-17
448.4505105105105 	 1.1921147964356752e-08 	 1.2880012400389568e-17
448.95099099099104 	 1.1907858536377295e-08 	 1.2822674973162324e-17
449.4514714714715 	 1.1894598704915919e-08 	 1.2765656249511848e-17
449.95195195195197 	 1.1881368371212213e-08 	 1.2708954106026198e-17
450.4524324324325 	 1.186816743694468e-08 	 1.2652566435780572e-17
450.95291291291295 	 1.1854995804228314e-08 	 1.2596491148191244e-17
451.4533933933934 	 1.1841853375612157e-08 	 1.2540726168870817e-17
451.95387387387393 	 1.1828740054076915e-08 	 1.2485269439484987e-17
452.4543543543544 	 1.1815655743032565e-08 	 1.2430118917610774e-17
452.95483483483486 	 1.1802600346315978e-08 	 1.237527257659603e-17
453.4553153153154 	 1.178957376818857e-08 	 1.232072840542049e-17
453.95579579579584 	 1.177657591333396e-08 	 1.2266484408558075e-17
454.4562762762763 	 1.1763606686855642e-08 	 1.2212538605840647e-17
454.9567567567568 	 1.1750665994274678e-08 	 1.2158889032323047e-17
455.4572372372373 	 1.173775374152741e-08 	 1.2105533738149537e-17
455.95771771771774 	 1.1724869834963167e-08 	 1.2052470788421448e-17
456.45819819819826 	 1.1712014181342009e-08 	 1.1999698263066257e-17
456.9586786786787 	 1.1699186687832482e-08 	 1.1947214256707871e-17
457.4591591591592 	 1.1686387262009378e-08 	 1.1895016878538212e-17
457.9596396396397 	 1.1673615811851512e-08 	 1.184310425219006e-17
458.46012012012017 	 1.1660872245739526e-08 	 1.1791474515611157e-17
458.9606006006006 	 1.164815647245369e-08 	 1.1740125820939499e-17
459.46108108108115 	 1.1635468401171725e-08 	 1.1689056334379925e-17
459.9615615615616 	 1.162280794146665e-08 	 1.1638264236081824e-17
460.46204204204207 	 1.1610175003304622e-08 	 1.1587747720018122e-17
460.9625225225226 	 1.1597569497042814e-08 	 1.1537504993865369e-17
461.46300300300305 	 1.1584991333427285e-08 	 1.1487534278885087e-17
461.9634834834835 	 1.1572440423590873e-08 	 1.1437833809806152e-17
462.46396396396403 	 1.1559916679051109e-08 	 1.1388401834708439e-17
462.9644444444445 	 1.1547420011708138e-08 	 1.1339236614907544e-17
463.46492492492496 	 1.1534950333842643e-08 	 1.1290336424840589e-17
463.9654054054055 	 1.1522507558113802e-08 	 1.1241699551953212e-17
464.46588588588594 	 1.1510091597557246e-08 	 1.1193324296587593e-17
464.9663663663664 	 1.1497702365583034e-08 	 1.1145208971871576e-17
465.4668468468469 	 1.1485339775973635e-08 	 1.1097351903608874e-17
465.9673273273274 	 1.1473003742881935e-08 	 1.1049751430170337e-17
466.46780780780784 	 1.1460694180829247e-08 	 1.1002405902386231e-17
466.9682882882883 	 1.1448411004703334e-08 	 1.0955313683439608e-17
467.4687687687688 	 1.143615412975645e-08 	 1.090847314876065e-17
467.9692492492493 	 1.1423923471603396e-08 	 1.0861882685922096e-17
468.46972972972975 	 1.1411718946219572e-08 	 1.0815540694535562e-17
468.97021021021027 	 1.1399540469939057e-08 	 1.0769445586148986e-17
469.47069069069073 	 1.1387387959452709e-08 	 1.0723595784144976e-17
469.9711711711712 	 1.1375261331806249e-08 	 1.0677989723640125e-17
470.4716516516517 	 1.1363160504398375e-08 	 1.0632625851385327e-17
470.9721321321322 	 1.1351085394978902e-08 	 1.058750262566704e-17
471.47261261261264 	 1.1339035921646881e-08 	 1.0542618516209462e-17
471.97309309309315 	 1.1327012002848755e-08 	 1.0497972004077652e-17
472.4735735735736 	 1.1315013557376521e-08 	 1.0453561581581614e-17
472.9740540540541 	 1.1303040504365897e-08 	 1.0409385752181208e-17
473.4745345345346 	 1.1291092763294509e-08 	 1.0365443030392041e-17
473.97501501501506 	 1.1279170253980077e-08 	 1.0321731941692224e-17
474.4754954954955 	 1.1267272896578642e-08 	 1.0278251022430008e-17
474.97597597597604 	 1.1255400611582758e-08 	 1.0234998819732283e-17
475.4764564564565 	 1.1243553319819743e-08 	 1.0191973891413994e-17
475.97693693693697 	 1.1231730942449898e-08 	 1.0149174805888322e-17
476.4774174174175 	 1.1219933400964778e-08 	 1.0106600142077821e-17
476.97789789789795 	 1.1208160617185442e-08 	 1.0064248489326309e-17
477.4783783783784 	 1.1196412513260733e-08 	 1.0022118447311633e-17
477.9788588588589 	 1.1184689011665552e-08 	 9.980208625959222e-18
478.4793393393394 	 1.1172990035199164e-08 	 9.938517645356489e-18
478.97981981981985 	 1.1161315506983502e-08 	 9.897044135668033e-18
479.48030030030037 	 1.114966535046147e-08 	 9.855786737051563e-18
479.98078078078083 	 1.1138039489395286e-08 	 9.814744099574742e-18
480.4812612612613 	 1.1126437847864813e-08 	 9.773914883132701e-18
480.9817417417418 	 1.11148603502659e-08 	 9.733297757366338e-18
481.4822222222223 	 1.110330692130875e-08 	 9.692891401581457e-18
481.98270270270274 	 1.1091777486016285e-08 	 9.652694504668565e-18
482.48318318318326 	 1.1080271969722514e-08 	 9.612705765023453e-18
482.9836636636637 	 1.106879029807094e-08 	 9.572923890468561e-18
483.4841441441442 	 1.1057332397012938e-08 	 9.533347598174994e-18
483.9846246246247 	 1.104589819280618e-08 	 9.493975614585332e-18
484.48510510510516 	 1.1034487612013041e-08 	 9.454806675337102e-18
484.9855855855856 	 1.1023100581499036e-08 	 9.415839525187027e-18
485.4860660660661 	 1.1011737028431248e-08 	 9.377072917935877e-18
485.9865465465466 	 1.1000396880276783e-08 	 9.338505616354119e-18
486.48702702702707 	 1.0989080064801227e-08 	 9.300136392108214e-18
486.98750750750753 	 1.0977786510067106e-08 	 9.261964025687548e-18
487.48798798798805 	 1.096651614443236e-08 	 9.223987306332104e-18
487.9884684684685 	 1.0955268896548841e-08 	 9.186205031960794e-18
488.488948948949 	 1.0944044695360803e-08 	 9.14861600910041e-18
488.9894294294295 	 1.0932843470103386e-08 	 9.111219052815219e-18
489.48990990990995 	 1.0921665150301162e-08 	 9.074012986637324e-18
489.9903903903904 	 1.0910509665766631e-08 	 9.036996642497495e-18
490.49087087087094 	 1.0899376946598758e-08 	 9.000168860656737e-18
490.9913513513514 	 1.0888266923181525e-08 	 8.963528489638509e-18
491.49183183183186 	 1.087717952618247e-08 	 8.927074386161454e-18
491.9923123123124 	 1.0866114686551234e-08 	 8.890805415072831e-18
492.49279279279284 	 1.0855072335518151e-08 	 8.854720449282567e-18
492.9932732732733 	 1.0844052404592809e-08 	 8.818818369697828e-18
493.4937537537538 	 1.083305482556263e-08 	 8.783098065158248e-18
493.9942342342343 	 1.0822079530491479e-08 	 8.747558432371755e-18
494.49471471471475 	 1.0811126451718244e-08 	 8.712198375850926e-18
494.99519519519527 	 1.0800195521855464e-08 	 8.677016807849973e-18
495.4956756756757 	 1.0789286673787939e-08 	 8.642012648302296e-18
495.9961561561562 	 1.0778399840671356e-08 	 8.607184824758552e-18
496.4966366366367 	 1.0767534955930922e-08 	 8.57253227232535e-18
496.99711711711717 	 1.0756691953260013e-08 	 8.538053933604454e-18
497.49759759759763 	 1.0745870766618823e-08 	 8.50374875863257e-18
497.99807807807815 	 1.0735071330233014e-08 	 8.469615704821635e-18
498.4985585585586 	 1.0724293578592404e-08 	 8.435653736899713e-18
498.9990390390391 	 1.0713537446449615e-08 	 8.401861826852319e-18
499.4995195195196 	 1.0702802868818785e-08 	 8.368238953864394e-18
500.0 	 1.0692089780974238e-08 	 8.33478410426271e-18
