3.5233633633633636 	 2.063575951950746e-06 	 1.1533301925549382e-09
4.023843843843844 	 2.0646613067717312e-06 	 6.425867248767974e-10
4.524324324324325 	 2.0634477947751266e-06 	 3.7666187355439874e-10
5.0248048048048055 	 2.0584131141163484e-06 	 2.2868986851092836e-10
5.525285285285285 	 2.047300086147898e-06 	 1.419759121929346e-10
6.025765765765766 	 2.0266966024380636e-06 	 8.904747798544106e-11
6.526246246246247 	 1.991287860231069e-06 	 5.569597297656667e-11
7.026726726726727 	 1.932569814170057e-06 	 3.4164496220500637e-11
7.527207207207208 	 1.8362634559704812e-06 	 2.004529932951751e-11
8.027687687687688 	 1.6770686236154004e-06 	 1.0752559144543583e-11
8.528168168168168 	 1.4065979237586137e-06 	 4.7634067389820596e-12
9.02864864864865 	 9.219003724569867e-07 	 1.2462000281198257e-12
9.52912912912913 	 7.226905672101762e-08 	 4.765509155739255e-16
10.029609609609611 	 2.3389594759468003e-06 	 2.0848497605751836e-12
10.530090090090091 	 1.1483120890202232e-05 	 1.644634073154816e-11
11.030570570570571 	 3.637644097889091e-05 	 6.268868369172714e-11
11.531051051051053 	 5.153173937509377e-05 	 9.238783335559053e-11
12.031531531531533 	 5.608954544893564e-05 	 9.208092510980359e-11
12.532012012012013 	 5.028558008660713e-05 	 6.349188196279483e-11
13.032492492492494 	 4.560525476559072e-05 	 4.9470020003340346e-11
13.532972972972974 	 3.7011403163687895e-05 	 2.837941917104737e-11
14.033453453453454 	 3.640970639119609e-05 	 2.5268790446532606e-11
14.533933933933936 	 3.438702621978548e-05 	 2.1190125340999548e-11
15.034414414414416 	 3.347350245116591e-05 	 1.761752528530725e-11
15.534894894894897 	 3.672533352729067e-05 	 2.0394531555712907e-11
16.035375375375377 	 3.964154932254131e-05 	 2.5136506735953644e-11
16.535855855855857 	 4.125034721367656e-05 	 2.800397418996811e-11
17.036336336336337 	 4.6968334971195735e-05 	 4.524374879270723e-11
17.53681681681682 	 5.035521398250667e-05 	 7.026134313998952e-11
18.0372972972973 	 4.751835058975554e-05 	 6.4858262874359e-11
18.53777777777778 	 4.582148377686769e-05 	 6.577400459643608e-11
19.03825825825826 	 4.3156625884275496e-05 	 6.998303932235253e-11
19.53873873873874 	 3.532255067177575e-05 	 5.84130731684169e-11
20.039219219219223 	 2.490159654936215e-05 	 3.699558243847865e-11
20.539699699699703 	 1.836051632508825e-05 	 2.2640778772909417e-11
21.040180180180183 	 1.5483017919936735e-05 	 1.53129112765941e-11
21.540660660660663 	 1.4439256182869757e-05 	 1.1597363214125075e-11
22.041141141141143 	 1.3920822151198208e-05 	 9.681072032645763e-12
22.541621621621623 	 1.2888807817341475e-05 	 8.340106701484887e-12
23.042102102102106 	 1.129045314653437e-05 	 6.8344905038161515e-12
23.542582582582586 	 9.941005548684403e-06 	 5.275604020738621e-12
24.043063063063066 	 9.309469638199493e-06 	 3.968043185065076e-12
24.543543543543546 	 9.444028628569169e-06 	 2.9887986183357975e-12
25.044024024024026 	 1.0384084210054517e-05 	 2.3191977817741427e-12
25.54450450450451 	 1.2331018648719983e-05 	 1.9783559323511583e-12
26.04498498498499 	 1.555901571279274e-05 	 2.1060679812088574e-12
26.54546546546547 	 1.9775245131761196e-05 	 3.0017071182796076e-12
27.04594594594595 	 2.340628047007465e-05 	 4.843333233913353e-12
27.54642642642643 	 2.4528019675810673e-05 	 6.8467951885927415e-12
28.04690690690691 	 2.2379993047192935e-05 	 7.105716431305365e-12
28.547387387387392 	 1.959773111017329e-05 	 5.76430977225008e-12
29.047867867867872 	 1.941973866806116e-05 	 5.101684120441957e-12
29.548348348348352 	 2.0995848416310335e-05 	 5.786058124350963e-12
30.04882882882883 	 2.2248293975406312e-05 	 7.462429842103864e-12
30.54930930930931 	 2.1903536551693876e-05 	 9.289605267501692e-12
31.049789789789795 	 1.939070952489831e-05 	 1.0051421914024101e-11
31.550270270270275 	 1.5148428608238798e-05 	 8.96116158992671e-12
32.05075075075076 	 1.1202542163173809e-05 	 6.960414070599454e-12
32.55123123123124 	 8.794019960034294e-06 	 5.311808922505399e-12
33.05171171171172 	 7.5919165760945315e-06 	 4.234270914024142e-12
33.5521921921922 	 7.029045529416854e-06 	 3.5602854369820013e-12
34.05267267267268 	 6.726340640410839e-06 	 3.1308232958280783e-12
34.55315315315316 	 6.468022732099586e-06 	 2.838299725478347e-12
35.053633633633645 	 6.15520695409071e-06 	 2.613663929879839e-12
35.55411411411412 	 5.771668585169616e-06 	 2.4166550622853247e-12
36.054594594594604 	 5.348951901665858e-06 	 2.2289551524814387e-12
36.55507507507508 	 4.933761332146311e-06 	 2.0469091931683324e-12
37.055555555555564 	 4.564496914601528e-06 	 1.87395765167255e-12
37.55603603603605 	 4.261539061957607e-06 	 1.7150529090617819e-12
38.056516516516524 	 4.026875266961314e-06 	 1.573587696190511e-12
38.55699699699701 	 3.849674604382882e-06 	 1.450552534508886e-12
39.057477477477484 	 3.712676069494779e-06 	 1.3448471470450793e-12
39.55795795795797 	 3.5981355858574503e-06 	 1.2540484692856453e-12
40.05843843843845 	 3.4916333313650065e-06 	 1.1752621966501534e-12
40.55891891891893 	 3.383797570282674e-06 	 1.1057105544139804e-12
41.05939939939941 	 3.2700864617158565e-06 	 1.0431042528752827e-12
41.55987987987989 	 3.149632639613949e-06 	 9.857363872225556e-13
42.06036036036037 	 3.023762125562584e-06 	 9.32455221486564e-13
42.56084084084085 	 2.8948081356263853e-06 	 8.825228292319201e-13
43.06132132132133 	 2.7652774244991945e-06 	 8.354928128104435e-13
43.56180180180181 	 2.6373906511202685e-06 	 7.911000582941323e-13
44.06228228228229 	 2.512895126490064e-06 	 7.491795528216272e-13
44.56276276276277 	 2.3930574019576076e-06 	 7.096083052236274e-13
45.06324324324325 	 2.278670055972987e-06 	 6.722981043787158e-13
45.56372372372373 	 2.1702004554834894e-06 	 6.37150375321935e-13
46.064204204204216 	 2.067820724494715e-06 	 6.040742110435319e-13
46.56468468468469 	 1.971510050628744e-06 	 5.729712073381024e-13
47.065165165165176 	 1.8811179025636327e-06 	 5.43738661858322e-13
47.56564564564565 	 1.7964023316432677e-06 	 5.16274669497023e-13
48.066126126126136 	 1.7170696988542541e-06 	 4.904768980821754e-13
48.56660660660662 	 1.642801233082027e-06 	 4.662429175513919e-13
49.067087087087096 	 1.5732659427596653e-06 	 4.43476461664492e-13
49.56756756756758 	 1.5081446699937026e-06 	 4.220794547228198e-13
50.068048048048055 	 1.4471122338721613e-06 	 4.0196456714488545e-13
50.56852852852854 	 1.3898745463819441e-06 	 3.8304610202286084e-13
51.06900900900902 	 1.3361455429490937e-06 	 3.6524369390519913e-13
51.5694894894895 	 1.285668910546027e-06 	 3.4847988431050064e-13
52.06996996996998 	 1.2381905266766931e-06 	 3.326870500725141e-13
52.57045045045046 	 1.1934884122354123e-06 	 3.1779999459955237e-13
53.07093093093094 	 1.1513546522629844e-06 	 3.0375522553736945e-13
53.571411411411425 	 1.1116003267296704e-06 	 2.904986005141379e-13
54.0718918918919 	 1.0740449526279778e-06 	 2.7797729296472085e-13
54.572372372372385 	 1.0385346082765057e-06 	 2.661412287641313e-13
55.07285285285286 	 1.004916283628148e-06 	 2.549471505505139e-13
55.573333333333345 	 9.730583069847948e-07 	 2.4435262289611596e-13
56.07381381381382 	 9.428378647561985e-07 	 2.343184139534792e-13
56.574294294294305 	 9.141390911120387e-07 	 2.248104060033476e-13
57.07477477477479 	 8.868634085561933e-07 	 2.1579308974597012e-13
57.575255255255264 	 8.609079031495403e-07 	 2.0723730987965688e-13
58.07573573573575 	 8.361898896762823e-07 	 1.9911423215576625e-13
58.576216216216224 	 8.126285749250535e-07 	 1.9139707961378573e-13
59.07669669669671 	 7.901506394178927e-07 	 1.8406050172121655e-13
59.57717717717719 	 7.68686528924137e-07 	 1.7708245782866526e-13
60.07765765765767 	 7.481732086768653e-07 	 1.7044196257421967e-13
60.57813813813815 	 7.285505134596516e-07 	 1.641189274092089e-13
61.07861861861863 	 7.097697245023363e-07 	 1.5809467124918105e-13
61.57909909909911 	 6.917784672577665e-07 	 1.5235175507840752e-13
62.079579579579594 	 6.745315554496624e-07 	 1.4687392733912074e-13
62.58006006006007 	 6.579839133166236e-07 	 1.41647721145779e-13
63.080540540540554 	 6.420992835747046e-07 	 1.3665747631639817e-13
63.58102102102103 	 6.268389127179965e-07 	 1.3189138698239693e-13
64.0815015015015 	 6.121699840587283e-07 	 1.2733655106942957e-13
64.58198198198198 	 5.980595890575182e-07 	 1.2298115738075343e-13
65.08246246246247 	 5.844788683042e-07 	 1.1881551617703843e-13
65.58294294294295 	 5.713979954070589e-07 	 1.14829451889095e-13
66.08342342342343 	 5.587959159986724e-07 	 1.1101280295271008e-13
66.5839039039039 	 5.466436741120611e-07 	 1.0735733856041147e-13
67.08438438438439 	 5.34921064143735e-07 	 1.0385423909663297e-13
67.58486486486487 	 5.23606602209594e-07 	 1.004966830260045e-13
68.08534534534535 	 5.126783441506359e-07 	 9.727681097946612e-14
68.58582582582584 	 5.021209202900978e-07 	 9.418777978922007e-14
69.08630630630631 	 4.919165998613462e-07 	 9.122262398381817e-14
69.58678678678679 	 4.820461860966299e-07 	 8.837606113412754e-14
70.08726726726728 	 4.7249564228526476e-07 	 8.564239976613504e-14
70.58774774774776 	 4.632522868555777e-07 	 8.301524129028288e-14
71.08822822822823 	 4.543004807283634e-07 	 8.049071480330914e-14
71.58870870870871 	 4.4562825278471383e-07 	 7.806302023121345e-14
72.0891891891892 	 4.3722302817995503e-07 	 7.572778369785559e-14
72.58966966966968 	 4.2907063239587173e-07 	 7.348158264826792e-14
73.09015015015015 	 4.2116650318583535e-07 	 7.131920729838461e-14
73.59063063063064 	 4.134955896312226e-07 	 6.923740936310502e-14
74.09111111111112 	 4.0604775282765126e-07 	 6.723224107868364e-14
74.5915915915916 	 3.9881798749368116e-07 	 6.530046268558533e-14
75.09207207207209 	 3.9179318718880794e-07 	 6.343917327970161e-14
75.59255255255256 	 3.849663928976966e-07 	 6.164464670341386e-14
76.09303303303304 	 3.783302421527467e-07 	 5.991444488620118e-14
76.59351351351351 	 3.7187816856780773e-07 	 5.824549162134371e-14
77.093993993994 	 3.656043862560884e-07 	 5.663492386208693e-14
77.59447447447448 	 3.5949663583366463e-07 	 5.508094104870079e-14
78.09495495495496 	 3.53554304287514e-07 	 5.3580612411392414e-14
78.59543543543545 	 3.477657859217406e-07 	 5.213201209574744e-14
79.09591591591592 	 3.421313198435039e-07 	 5.073246650507917e-14
79.5963963963964 	 3.366426870038882e-07 	 4.938058856993323e-14
80.09687687687689 	 3.312935567930357e-07 	 4.8074189407599274e-14
80.59735735735737 	 3.260800961446255e-07 	 4.681118677321459e-14
81.09783783783784 	 3.209949112622645e-07 	 4.5590136292718835e-14
81.59831831831832 	 3.1603839767270496e-07 	 4.440913591530123e-14
82.09879879879881 	 3.1120427644550866e-07 	 4.326664246557178e-14
82.59927927927929 	 3.064860740152646e-07 	 4.2161162616510404e-14
83.09975975975976 	 3.018812480153039e-07 	 4.1091544850436085e-14
83.60024024024025 	 2.973870132031852e-07 	 4.005591255471037e-14
84.10072072072073 	 2.9299936376624936e-07 	 3.905299158676662e-14
84.6012012012012 	 2.887138504202005e-07 	 3.8081806991087465e-14
85.10168168168168 	 2.8452670584164183e-07 	 3.7141166167473843e-14
85.60216216216217 	 2.8043683233912837e-07 	 3.622970886777591e-14
86.10264264264265 	 2.7644060720246447e-07 	 3.534636611330638e-14
86.60312312312313 	 2.725324387739071e-07 	 3.449012640233152e-14
87.10360360360362 	 2.687133474666717e-07 	 3.36597851410809e-14
87.60408408408409 	 2.649787165623115e-07 	 3.2854820740391054e-14
88.10456456456457 	 2.613241237772034e-07 	 3.207412367266034e-14
88.60504504504506 	 2.5775039668079674e-07 	 3.131663056525465e-14
89.10552552552554 	 2.5425433032416954e-07 	 3.0581547814947475e-14
89.60600600600601 	 2.5083220524690516e-07 	 2.9868266014640785e-14
90.10648648648649 	 2.474830144041487e-07 	 2.917597335360618e-14
90.60696696696698 	 2.442041152610422e-07 	 2.850366412316313e-14
91.10744744744746 	 2.40994064385058e-07 	 2.7850972767667458e-14
91.60792792792793 	 2.3784983496370169e-07 	 2.7217018882112106e-14
92.10840840840842 	 2.347693159414073e-07 	 2.6601190283300697e-14
92.6088888888889 	 2.3175222037860276e-07 	 2.600287496102364e-14
93.10936936936938 	 2.2879653120827428e-07 	 2.5421514642804624e-14
93.60984984984987 	 2.2589884401211127e-07 	 2.4856481664830902e-14
94.11033033033034 	 2.230609534915135e-07 	 2.430710575322933e-14
94.61081081081082 	 2.202776012494183e-07 	 2.3773179838569566e-14
95.1112912912913 	 2.1754844427522335e-07 	 2.325377271443222e-14
95.61177177177179 	 2.1487201557967096e-07 	 2.2748759507671082e-14
96.11225225225226 	 2.1224659488228618e-07 	 2.225751275085075e-14
96.61273273273274 	 2.096732066936864e-07 	 2.1779489351490636e-14
97.11321321321323 	 2.0714767588996943e-07 	 2.1314437713459673e-14
97.6136936936937 	 2.0466981266884487e-07 	 2.0861806128430356e-14
98.11417417417418 	 2.022391897586451e-07 	 2.0421239702992137e-14
98.61465465465466 	 1.9985214524926232e-07 	 1.9992284254277585e-14
99.11513513513515 	 1.975099231454403e-07 	 1.9574740365576727e-14
99.61561561561562 	 1.9521063397137043e-07 	 1.9168123622701005e-14
100.1160960960961 	 1.9337594215469177e-07 	 1.877727186191632e-14
100.61657657657659 	 1.9241406402550206e-07 	 1.8406447381385268e-14
101.11705705705707 	 1.9146170755847846e-07 	 1.804473194471607e-14
101.61753753753754 	 1.9051873206709654e-07 	 1.769185835745627e-14
102.11801801801803 	 1.89584999622851e-07 	 1.734756852445986e-14
102.61849849849851 	 1.8866037498799999e-07 	 1.7011613097458885e-14
103.11897897897899 	 1.877447255502678e-07 	 1.668375113791733e-14
103.61945945945946 	 1.868379212594402e-07 	 1.6363749794434362e-14
104.11993993993995 	 1.8593983456578822e-07 	 1.605138399400277e-14
104.62042042042043 	 1.850503403602595e-07 	 1.5746436146464482e-14
105.1209009009009 	 1.8416931591637762e-07 	 1.5448695861539255e-14
105.6213813813814 	 1.83296640833794e-07 	 1.515795967783522e-14
106.12186186186187 	 1.8243219698343667e-07 	 1.4874030803280056e-14
106.62234234234235 	 1.8157586845420385e-07 	 1.4596718866440478e-14
107.12282282282284 	 1.8072754150115176e-07 	 1.432583967822501e-14
107.62330330330332 	 1.7988710449512862e-07 	 1.4061215003490553e-14
108.1237837837838 	 1.7905444787380654e-07 	 1.3802672342097318e-14
108.62426426426427 	 1.78229464094068e-07 	 1.3550044718980146e-14
109.12474474474476 	 1.7741204758570201e-07 	 1.3303170482825228e-14
109.62522522522524 	 1.7660209470636884e-07 	 1.3061893112962248e-14
110.12570570570571 	 1.757995036977927e-07 	 1.2826061034101045e-14
110.6261861861862 	 1.7500417464314353e-07 	 1.2595527438560313e-14
111.12666666666668 	 1.742160094255706e-07 	 1.2370150115653334e-14
111.62714714714716 	 1.7343491168785125e-07 	 1.2149791287911772e-14
112.12762762762763 	 1.7266078679312068e-07 	 1.1934317453844643e-14
112.62810810810812 	 1.7189354178664844e-07 	 1.1723599236943746e-14
113.1285885885886 	 1.7113308535862977e-07 	 1.1517511240661272e-14
113.62906906906908 	 1.7037932780795994e-07 	 1.1315931909098051e-14
114.12954954954957 	 1.6963218100696212e-07 	 1.1118743393153924e-14
114.63003003003004 	 1.688915583670389e-07 	 1.092583142190307e-14
115.13051051051052 	 1.6815737480522006e-07 	 1.073708517896886e-14
115.63099099099101 	 1.6742954671157851e-07 	 1.055239718368306e-14
116.13147147147149 	 1.667079919174896e-07 	 1.0371663176824713e-14
116.63195195195196 	 1.6599262966470683e-07 	 1.0194782010743292e-14
117.13243243243244 	 1.6528338057523083e-07 	 1.00216555436801e-14
117.63291291291293 	 1.6458016662194744e-07 	 9.852188538110366e-15
118.1333933933934 	 1.6388291110001205e-07 	 9.686288562936879e-15
118.63387387387388 	 1.6319153859895832e-07 	 9.52386589937358e-15
119.13435435435437 	 1.6250597497550992e-07 	 9.364833450365176e-15
119.63483483483485 	 1.618261473270748e-07 	 9.209106653395744e-15
120.13531531531532 	 1.6115198396590172e-07 	 9.056603396546011e-15
120.63579579579581 	 1.6048341439388047e-07 	 8.907243937665399e-15
121.13627627627629 	 1.5982036927796643e-07 	 8.760950826530908e-15
121.63675675675677 	 1.5916278042621205e-07 	 8.617648829870767e-15
122.13723723723724 	 1.5851058076438743e-07 	 8.477264859136107e-15
122.63771771771773 	 1.578637043131736e-07 	 8.339727900909251e-15
123.13819819819821 	 1.5722208616591178e-07 	 8.2049689498421e-15
123.63867867867869 	 1.5658566246689318e-07 	 8.072920944022834e-15
124.13915915915918 	 1.5595437039017378e-07 	 7.943518702673545e-15
124.63963963963965 	 1.553281481188998e-07 	 7.816698866085929e-15
125.14012012012013 	 1.54706934825129e-07 	 7.692399837705865e-15
125.64060060060062 	 1.5409067065013452e-07 	 7.570561728281991e-15
126.1410810810811 	 1.5347929668517722e-07 	 7.451126301996686e-15
126.64156156156157 	 1.528727549527345e-07 	 7.334036924501774e-15
127.14204204204205 	 1.5227098838817186e-07 	 7.219238512784216e-15
127.64252252252254 	 1.516739408218461e-07 	 7.106677486790637e-15
128.14300300300303 	 1.5108155696162778e-07 	 6.9963017227422716e-15
128.64348348348352 	 1.5049378237583148e-07 	 6.888060508075025e-15
129.14396396396398 	 1.499105634765433e-07 	 6.781904497941986e-15
129.64444444444447 	 1.4933184750333403e-07 	 6.677785673218424e-15
130.14492492492496 	 1.4875758250734881e-07 	 6.575657299951932e-15
130.64540540540543 	 1.481877173357619e-07 	 6.475473890202486e-15
131.14588588588592 	 1.476222016165876e-07 	 6.37719116421983e-15
131.6463663663664 	 1.470609857438377e-07 	 6.280766013907618e-15
132.14684684684687 	 1.4650402086301605e-07 	 6.186156467525755e-15
132.64732732732736 	 1.4595125885694177e-07 	 6.0933216555846326e-15
133.14780780780782 	 1.4540265233189192e-07 	 6.002221777886606e-15
133.6482882882883 	 1.4485815460405545e-07 	 5.912818071671977e-15
134.1487687687688 	 1.44317719686291e-07 	 5.825072780828659e-15
134.64924924924927 	 1.437813022751791e-07 	 5.738949126125996e-15
135.14972972972976 	 1.4324885773836283e-07 	 5.654411276435174e-15
135.65021021021025 	 1.4272034210216823e-07 	 5.5714243208999965e-15
136.1506906906907 	 1.421957120394982e-07 	 5.489954242023237e-15
136.6511711711712 	 1.416749248579917e-07 	 5.409967889635221e-15
137.1516516516517 	 1.4115793848844323e-07 	 5.3314329557127376e-15
137.65213213213215 	 1.4064471147347398e-07 	 5.2543179500173495e-15
138.15261261261264 	 1.4013520295644967e-07 	 5.178592176523703e-15
138.65309309309313 	 1.3962937267063856e-07 	 5.104225710609483e-15
139.1535735735736 	 1.39127180928603e-07 	 5.0311893769796825e-15
139.6540540540541 	 1.3862858861181931e-07 	 4.9594547282990586e-15
140.15453453453458 	 1.3813355716052025e-07 	 4.888994024507686e-15
140.65501501501504 	 1.3764204856375397e-07 	 4.819780212795291e-15
141.15549549549553 	 1.3715402534965454e-07 	 4.7517869082112536e-15
141.65597597597602 	 1.3666945057591912e-07 	 4.684988374887909e-15
142.15645645645648 	 1.3618828782048573e-07 	 4.619359507855617e-15
142.65693693693697 	 1.3571050117240747e-07 	 4.554875815429008e-15
143.15741741741743 	 1.352360552229184e-07 	 4.491513402144553e-15
143.65789789789793 	 1.347649150566857e-07 	 4.429248952230246e-15
144.15837837837842 	 1.3429704624324463e-07 	 4.368059713589192e-15
144.65885885885888 	 1.3383241482861067e-07 	 4.307923482279228e-15
145.15933933933937 	 1.3337098732706556e-07 	 4.2488185874717045e-15
145.65981981981986 	 1.3291273071311277e-07 	 4.190723876872991e-15
146.16030030030032 	 1.324576124135978e-07 	 4.13361870259293e-15
146.6607807807808 	 1.3200560029999022e-07 	 4.077482907445095e-15
147.1612612612613 	 1.3155666268082315e-07 	 4.022296811664239e-15
147.66174174174176 	 1.3111076829428627e-07 	 3.968041200026844e-15
148.16222222222225 	 1.3066788630096904e-07 	 3.914697309361228e-15
148.66270270270275 	 1.302279862767507e-07 	 3.862246816434211e-15
149.1631831831832 	 1.297910382058333e-07 	 3.810671826201689e-15
149.6636636636637 	 1.293570124739142e-07 	 3.759954860411052e-15
150.1641441441442 	 1.2892587986149562e-07 	 3.7100788465438015e-15
150.66462462462465 	 1.2849761153732722e-07 	 3.661027107087062e-15
151.16510510510514 	 1.2807217905197897e-07 	 3.612783349123203e-15
151.6655855855856 	 1.2764955433154133e-07 	 3.565331654227115e-15
152.1660660660661 	 1.2722970967144983e-07 	 3.518656468661035e-15
152.66654654654658 	 1.2681261773043087e-07 	 3.4727425938572754e-15
153.16702702702705 	 1.2639825152456653e-07 	 3.427575177179456e-15
153.66750750750754 	 1.25986584421475e-07 	 3.3831397029531904e-15
154.16798798798803 	 1.2557759013460485e-07 	 3.3394219837576022e-15
154.6684684684685 	 1.2517124271763951e-07 	 3.296408151969181e-15
155.16894894894898 	 1.2476751655901047e-07 	 3.254084651549936e-15
155.66942942942947 	 1.2436638637651616e-07 	 3.2124382300720196e-15
156.16990990990993 	 1.2396782721204432e-07 	 3.171455930971266e-15
156.67039039039042 	 1.2357181442639538e-07 	 3.1311250860223584e-15
157.1708708708709 	 1.2317832369420504e-07 	 3.091433308028666e-15
157.67135135135138 	 1.2278733099896343e-07 	 3.0523684837198707e-15
158.17183183183187 	 1.2239881262812852e-07 	 3.013918766850913e-15
158.67231231231236 	 1.2201274516833255e-07 	 2.9760725714959234e-15
159.17279279279282 	 1.2162910550067852e-07 	 2.9388185655310093e-15
159.6732732732733 	 1.2124787079612524e-07 	 2.9021456643000355e-15
160.1737537537538 	 1.208690185109589e-07 	 2.8660430244577044e-15
160.67423423423426 	 1.204925263823493e-07 	 2.8305000379844136e-15
161.17471471471475 	 1.2011837242398874e-07 	 2.7955063263676093e-15
161.67519519519522 	 1.1974653492181216e-07 	 2.7610517349445055e-15
162.1756756756757 	 1.1937699242979632e-07 	 2.7271263274011858e-15
162.6761561561562 	 1.1900972376583656e-07 	 2.693720380423328e-15
163.17663663663666 	 1.1864470800769953e-07 	 2.6608243784939053e-15
163.67711711711715 	 1.1828192448905001e-07 	 2.628429008833389e-15
164.17759759759764 	 1.1792135279555053e-07 	 2.5965251564781483e-15
164.6780780780781 	 1.1756297276103227e-07 	 2.5651038994928566e-15
165.1785585585586 	 1.1720676446373504e-07 	 2.534156504312826e-15
165.67903903903908 	 1.1685270822261602e-07 	 2.503674421212441e-15
166.17951951951954 	 1.1650078459372488e-07 	 2.473649279895838e-15
166.68000000000004 	 1.161509743666441e-07 	 2.444072885206199e-15
167.18048048048053 	 1.1580325856099368e-07 	 2.4149372129501618e-15
167.680960960961 	 1.154576184229979e-07 	 2.38623440583386e-15
168.18144144144148 	 1.1511403542211375e-07 	 2.3579567695073374e-15
168.68192192192197 	 1.147724912477192e-07 	 2.3300967687141152e-15
169.18240240240243 	 1.1443296780586045e-07 	 2.3026470235428234e-15
169.68288288288292 	 1.1409544721605637e-07 	 2.2756003057778785e-15
170.18336336336338 	 1.1375991180815985e-07 	 2.248949535346346e-15
170.68384384384387 	 1.1342634411927388e-07 	 2.222687776858134e-15
171.18432432432436 	 1.1309472689072199e-07 	 2.1968082362368446e-15
171.68480480480483 	 1.1276504306507169e-07 	 2.171304257438616e-15
172.18528528528532 	 1.1243727578320958e-07 	 2.1461693192564276e-15
172.6857657657658 	 1.1211140838146768e-07 	 2.1213970322074125e-15
173.18624624624627 	 1.1178742438879937e-07 	 2.096981135500762e-15
173.68672672672676 	 1.11465307524004e-07 	 2.0729154940839126e-15
174.18720720720725 	 1.1114504169299979e-07 	 2.0491940957648205e-15
174.6876876876877 	 1.1082661098614321e-07 	 2.025811048408084e-15
175.1881681681682 	 1.1050999967559438e-07 	 2.002760577202866e-15
175.6886486486487 	 1.1019519221272781e-07 	 1.980037022000569e-15
176.18912912912916 	 1.0988217322558676e-07 	 1.957634834720258e-15
176.68960960960965 	 1.0957092751638128e-07 	 1.9355485768199707e-15
177.19009009009014 	 1.0926144005902852e-07 	 1.913772916832028e-15
177.6905705705706 	 1.0895369599673448e-07 	 1.8923026279605507e-15
178.1910510510511 	 1.0864768063961676e-07 	 1.871132585739461e-15
178.69153153153155 	 1.0834337946236701e-07 	 1.8502577657492694e-15
179.19201201201204 	 1.0804077810195275e-07 	 1.8296732413910065e-15
179.69249249249253 	 1.0773986235535743e-07 	 1.809374181715728e-15
180.192972972973 	 1.0744061817735833e-07 	 1.7893558493080565e-15
180.6934534534535 	 1.0714303167834122e-07 	 1.7696135982222443e-15
181.19393393393398 	 1.0684708912215133e-07 	 1.7501428719693514e-15
181.69441441441444 	 1.065527769239798e-07 	 1.7309392015541037e-15
182.19489489489493 	 1.0626008164828501e-07 	 1.711998203560088e-15
182.69537537537542 	 1.0596899000674805e-07 	 1.6933155782819681e-15
183.19585585585588 	 1.0567948885626166e-07 	 1.6748871079034262e-15
183.69633633633637 	 1.0539156519695212e-07 	 1.6567086547196072e-15
184.19681681681686 	 1.0510520617023335e-07 	 1.6387761594028513e-15
184.69729729729733 	 1.0482039905689264e-07 	 1.6210856393105512e-15
185.19777777777782 	 1.0453713127520736e-07 	 1.60363318683399e-15
185.6982582582583 	 1.0425539037909242e-07 	 1.5864149677870846e-15
186.19873873873877 	 1.0397516405627712e-07 	 1.5694272198339314e-15
186.69921921921926 	 1.0369644012651164e-07 	 1.5526662509541444e-15
187.19969969969975 	 1.0341920653980245e-07 	 1.536128437944981e-15
187.7001801801802 	 1.0314345137467546e-07 	 1.519810224959248e-15
188.2006606606607 	 1.0286916283646736e-07 	 1.5037081220780816e-15
188.70114114114116 	 1.0259632925564385e-07 	 1.4878187039176464e-15
189.20162162162165 	 1.0232493908614475e-07 	 1.4721386082688812e-15
189.70210210210215 	 1.0205498090375515e-07 	 1.4566645347694097e-15
190.2025825825826 	 1.0178644340450241e-07 	 1.4413932436067817e-15
190.7030630630631 	 1.0151931540307834e-07 	 1.42632155425222e-15
191.2035435435436 	 1.0125358583128612e-07 	 1.4114463442240839e-15
191.70402402402405 	 1.0098924373651163e-07 	 1.3967645478802692e-15
192.20450450450454 	 1.0072627828021854e-07 	 1.3822731552387946e-15
192.70498498498503 	 1.0046467873646712e-07 	 1.367969210825864e-15
193.2054654654655 	 1.0020443449045572e-07 	 1.353849812550659e-15
193.70594594594598 	 9.994553503708504e-08 	 1.3399121106062098e-15
194.20642642642648 	 9.968796997954463e-08 	 1.3261533063956526e-15
194.70690690690694 	 9.943172902792115e-08 	 1.312570651483238e-15
195.20738738738743 	 9.917680199782806e-08 	 1.2991614465694452e-15
195.70786786786792 	 9.89231788090562e-08 	 1.2859230404895937e-15
196.20834834834838 	 9.867084948424523e-08 	 1.2728528292353629e-15
196.70882882882887 	 9.841980414757525e-08 	 1.2599482549986219e-15
197.20930930930933 	 9.817003302347828e-08 	 1.2472068052370231e-15
197.70978978978982 	 9.792152643536946e-08 	 1.2346260117608007e-15
198.2102702702703 	 9.76742748043973e-08 	 1.2222034498402387e-15
198.71075075075078 	 9.742826864821302e-08 	 1.209936737333308e-15
199.21123123123127 	 9.71834985797582e-08 	 1.1978235338329294e-15
199.71171171171176 	 9.693995530607083e-08 	 1.1858615398334236e-15
200.21219219219222 	 9.669762962710938e-08 	 1.1740484959156304e-15
200.7126726726727 	 9.645651243459396e-08 	 1.1623821819502387e-15
201.2131531531532 	 9.621659471086546e-08 	 1.1508604163189069e-15
201.71363363363366 	 9.597786752776118e-08 	 1.1394810551526899e-15
202.21411411411415 	 9.574032204550727e-08 	 1.1282419915873757e-15
202.71459459459464 	 9.550394951162769e-08 	 1.1171411550353083e-15
203.2150750750751 	 9.526874125986929e-08 	 1.1061765104732913e-15
203.7155555555556 	 9.503468870914245e-08 	 1.09534605774617e-15
204.2160360360361 	 9.480178336247774e-08 	 1.0846478308857324e-15
204.71651651651655 	 9.457001680599752e-08 	 1.074079897444528e-15
205.21699699699704 	 9.433938070790277e-08 	 1.0636403578442622e-15
205.71747747747753 	 9.410986681747461e-08 	 1.0533273447384037e-15
206.217957957958 	 9.388146696409052e-08 	 1.0431390223886645e-15
206.71843843843848 	 9.365417305625467e-08 	 1.0330735860550147e-15
207.21891891891894 	 9.342797708064234e-08 	 1.0231292613989133e-15
207.71939939939944 	 9.320287110115827e-08 	 1.0133043038994246e-15
208.21987987987993 	 9.297884725800855e-08 	 1.0035969982819309e-15
208.7203603603604 	 9.275589776678561e-08 	 9.940056579591198e-16
209.22084084084088 	 9.253401491756682e-08 	 9.845286244839671e-16
209.72132132132137 	 9.231319107402552e-08 	 9.751642670144282e-16
210.22180180180183 	 9.209341867255516e-08 	 9.65910981789558e-16
210.72228228228232 	 9.187469022140545e-08 	 9.567671916167812e-16
211.2227627627628 	 9.16569982998314e-08 	 9.477313453700729e-16
211.72324324324327 	 9.144033555725385e-08 	 9.38801917498762e-16
212.22372372372377 	 9.122469471243215e-08 	 9.299774075467316e-16
212.72420420420426 	 9.101006855264858e-08 	 9.212563396817638e-16
213.22468468468472 	 9.079644993290412e-08 	 9.126372622347894e-16
213.7251651651652 	 9.058383177512552e-08 	 9.041187472488129e-16
214.2256456456457 	 9.037220706738362e-08 	 8.956993900372933e-16
214.72612612612616 	 9.016156886312246e-08 	 8.873778087517543e-16
215.22660660660665 	 8.995191028039914e-08 	 8.79152643958407e-16
215.7270870870871 	 8.974322450113445e-08 	 8.710225582235911e-16
216.2275675675676 	 8.953550477037366e-08 	 8.6298623570781475e-16
216.7280480480481 	 8.932874439555773e-08 	 8.550423817682058e-16
217.22852852852856 	 8.912293674580452e-08 	 8.471897225691758e-16
217.72900900900905 	 8.891807525119989e-08 	 8.394270047011122e-16
218.22948948948954 	 8.87141534020986e-08 	 8.317529948069133e-16
218.72996996997 	 8.851116474843494e-08 	 8.241664792161894e-16
219.2304504504505 	 8.830910289904237e-08 	 8.166662635869483e-16
219.73093093093098 	 8.810796152098301e-08 	 8.092511725546082e-16
220.23141141141144 	 8.79077343388859e-08 	 8.019200493881601e-16
220.73189189189193 	 8.770841513429436e-08 	 7.946717556533229e-16
221.23237237237242 	 8.750999774502229e-08 	 7.875051708825366e-16
221.7328528528529 	 8.731247606451906e-08 	 7.804191922516335e-16
222.23333333333338 	 8.711584404124301e-08 	 7.734127342630403e-16
222.73381381381387 	 8.692009567804356e-08 	 7.66484728435369e-16
223.23429429429433 	 8.672522503155138e-08 	 7.596341229992464e-16
223.73477477477482 	 8.653122621157687e-08 	 7.52859882599247e-16
224.23525525525528 	 8.633809338051676e-08 	 7.461609880017958e-16
224.73573573573577 	 8.61458207527685e-08 	 7.395364358089031e-16
225.23621621621626 	 8.595440259415254e-08 	 7.32985238177606e-16
225.73669669669673 	 8.576383322134236e-08 	 7.265064225449924e-16
226.23717717717722 	 8.557410700130182e-08 	 7.200990313586739e-16
226.7376576576577 	 8.538521835073031e-08 	 7.137621218126061e-16
227.23813813813817 	 8.519716173551494e-08 	 7.074947655881178e-16
227.73861861861866 	 8.500993167019005e-08 	 7.012960486000524e-16
228.23909909909915 	 8.482352271740392e-08 	 6.951650707478982e-16
228.7395795795796 	 8.463792948739239e-08 	 6.891009456718092e-16
229.2400600600601 	 8.445314663745935e-08 	 6.831028005133954e-16
229.7405405405406 	 8.426916887146402e-08 	 6.771697756811961e-16
230.24102102102106 	 8.408599093931513e-08 	 6.713010246207229e-16
230.74150150150155 	 8.39036076364713e-08 	 6.654957135889747e-16
231.24198198198204 	 8.372201380344829e-08 	 6.597530214333364e-16
231.7424624624625 	 8.354120432533235e-08 	 6.54072139374755e-16
232.242942942943 	 8.33611741313e-08 	 6.484522707951112e-16
232.74342342342348 	 8.318191819414404e-08 	 6.428926310286938e-16
233.24390390390394 	 8.300343152980558e-08 	 6.373924471576832e-16
233.74438438438443 	 8.282570919691199e-08 	 6.319509578115667e-16
234.2448648648649 	 8.264874629632112e-08 	 6.265674129704006e-16
234.74534534534538 	 8.247253797067087e-08 	 6.212410737718294e-16
235.24582582582588 	 8.229707940393495e-08 	 6.159712123217933e-16
235.74630630630634 	 8.212236582098402e-08 	 6.107571115088402e-16
236.24678678678683 	 8.19483924871525e-08 	 6.055980648219625e-16
236.74726726726732 	 8.177515470781091e-08 	 6.004933761718962e-16
237.24774774774778 	 8.160264782794351e-08 	 5.95442359715794e-16
237.74822822822827 	 8.143086723173144e-08 	 5.904443396852163e-16
238.24870870870876 	 8.125980834214095e-08 	 5.854986502173596e-16
238.74918918918922 	 8.108946662051694e-08 	 5.806046351894612e-16
239.24966966966971 	 8.091983756618146e-08 	 5.757616480563104e-16
239.7501501501502 	 8.07509167160374e-08 	 5.709690516908035e-16
240.25063063063067 	 8.058269964417707e-08 	 5.662262182274808e-16
240.75111111111116 	 8.041518196149557e-08 	 5.615325289089773e-16
241.25159159159165 	 8.024835931530907e-08 	 5.56887373935335e-16
241.7520720720721 	 8.008222738897786e-08 	 5.522901523161136e-16
242.2525525525526 	 7.991678190153397e-08 	 5.477402717252399e-16
242.75303303303306 	 7.975201860731352e-08 	 5.432371483585478e-16
243.25351351351355 	 7.95879332955934e-08 	 5.387802067939393e-16
243.75399399399404 	 7.942452179023274e-08 	 5.343688798541322e-16
244.2544744744745 	 7.926177994931855e-08 	 5.300026084719217e-16
244.754954954955 	 7.909970366481564e-08 	 5.256808415579186e-16
245.2554354354355 	 7.893828886222118e-08 	 5.214030358707101e-16
245.75591591591595 	 7.877753150022309e-08 	 5.171686558893911e-16
246.25639639639644 	 7.861742757036277e-08 	 5.129771736884179e-16
246.75687687687693 	 7.845797309670211e-08 	 5.08828068814746e-16
247.2573573573574 	 7.82991641354941e-08 	 5.047208281671918e-16
247.75783783783788 	 7.814099677485785e-08 	 5.00654945877985e-16
248.25831831831837 	 7.798346713445739e-08 	 4.966299231964639e-16
248.75879879879884 	 7.782657136518431e-08 	 4.926452683748685e-16
249.25927927927933 	 7.767030564884419e-08 	 4.887004965561916e-16
249.75975975975982 	 7.7514666197847e-08 	 4.847951296640469e-16
250.26024024024028 	 7.735964925490097e-08 	 4.809286962945137e-16
250.76072072072077 	 7.720525109271028e-08 	 4.771007316099169e-16
251.26120120120126 	 7.705146801367628e-08 	 4.733107772345071e-16
251.76168168168172 	 7.689829634960247e-08 	 4.695583811520029e-16
252.2621621621622 	 7.674573246140255e-08 	 4.658430976049515e-16
252.76264264264267 	 7.659377273881247e-08 	 4.621644869958836e-16
253.26312312312317 	 7.644241360010556e-08 	 4.585221157902198e-16
253.76360360360366 	 7.629165149181115e-08 	 4.549155564208919e-16
254.26408408408412 	 7.614148288843639e-08 	 4.513443871946527e-16
254.7645645645646 	 7.599190429219152e-08 	 4.478081922000345e-16
255.2650450450451 	 7.584291223271832e-08 	 4.4430656121693e-16
255.76552552552556 	 7.569450326682163e-08 	 4.408390896277586e-16
256.266006006006 	 7.554667397820414e-08 	 4.374053783301889e-16
256.7664864864865 	 7.539942097720434e-08 	 4.3400503365139143e-16
257.266966966967 	 7.525274090053724e-08 	 4.3063766726378335e-16
257.76744744744747 	 7.510663041103857e-08 	 4.273028961022472e-16
258.26792792792793 	 7.49610861974114e-08 	 4.2400034228278116e-16
258.76840840840845 	 7.481610497397625e-08 	 4.2072963302256957e-16
259.2688888888889 	 7.467168348042366e-08 	 4.1749040056143328e-16
259.7693693693694 	 7.452781848156988e-08 	 4.142822820846381e-16
260.2698498498499 	 7.438450676711529e-08 	 4.111049196470373e-16
260.77033033033035 	 7.424174515140562e-08 	 4.079579600985203e-16
261.2708108108108 	 7.409953047319576e-08 	 4.0484105501073955e-16
261.77129129129133 	 7.395785959541666e-08 	 4.0175386060510085e-16
262.2717717717718 	 7.381672940494451e-08 	 3.9869603768198156e-16
262.77225225225226 	 7.367613681237268e-08 	 3.956672515511596e-16
263.2727327327328 	 7.353607875178636e-08 	 3.9266717196343165e-16
263.77321321321324 	 7.339655218053975e-08 	 3.8969547304339434e-16
264.2736936936937 	 7.325755407903555e-08 	 3.867518332233669e-16
264.7741741741742 	 7.311908145050727e-08 	 3.838359351784351e-16
265.2746546546547 	 7.298113132080385e-08 	 3.8094746576259807e-16
265.77513513513514 	 7.284370073817665e-08 	 3.7808611594598884e-16
266.2756156156156 	 7.270678677306898e-08 	 3.7525158075315804e-16
266.7760960960961 	 7.257038651790792e-08 	 3.724435592023957e-16
267.2765765765766 	 7.243449708689851e-08 	 3.6966175424607267e-16
267.77705705705705 	 7.229911561582017e-08 	 3.669058727119805e-16
268.27753753753757 	 7.216423926182554e-08 	 3.641756252456578e-16
268.77801801801803 	 7.202986520324146e-08 	 3.6147072625367797e-16
269.2784984984985 	 7.189599063937218e-08 	 3.5879089384788136e-16
269.778978978979 	 7.176261279030477e-08 	 3.561358497905384e-16
270.2794594594595 	 7.16297288967168e-08 	 3.5350531944042547e-16
270.77993993993994 	 7.14973362196859e-08 	 3.508990316997902e-16
271.28042042042046 	 7.136543204050168e-08 	 3.4831671896219836e-16
271.7809009009009 	 7.123401366047965e-08 	 3.457581170612452e-16
272.2813813813814 	 7.110307840077707e-08 	 3.432229652201055e-16
272.7818618618619 	 7.097262360221101e-08 	 3.4071100600192246e-16
273.28234234234236 	 7.084264662507833e-08 	 3.3822198526100685e-16
273.7828228228228 	 7.07131448489776e-08 	 3.3575565209483833e-16
274.28330330330334 	 7.058411567263299e-08 	 3.333117587968535e-16
274.7837837837838 	 7.045555651372016e-08 	 3.3089006081000546e-16
275.28426426426427 	 7.032746480869391e-08 	 3.284903166810795e-16
275.7847447447448 	 7.019983801261784e-08 	 3.2611228801575555e-16
276.28522522522525 	 7.007267359899579e-08 	 3.237557394344005e-16
276.7857057057057 	 6.994596905960505e-08 	 3.214204385285756e-16
277.2861861861862 	 6.981972190433162e-08 	 3.1910615581825226e-16
277.7866666666667 	 6.969392966100692e-08 	 3.1681266470971716e-16
278.28714714714715 	 6.956858987524646e-08 	 3.1453974145415693e-16
278.78762762762767 	 6.944370011029023e-08 	 3.122871651069115e-16
279.28810810810813 	 6.931925794684487e-08 	 3.1005471748738303e-16
279.7885885885886 	 6.919526098292723e-08 	 3.0784218313958485e-16
280.2890690690691 	 6.907170683371002e-08 	 3.0564934929332806e-16
280.7895495495496 	 6.89485931313689e-08 	 3.03476005826026e-16
281.29003003003004 	 6.882591752493111e-08 	 3.0132194522510804e-16
281.79051051051056 	 6.870367768012588e-08 	 2.9918696255103495e-16
282.290990990991 	 6.858187127923645e-08 	 2.9707085540090163e-16
282.7914714714715 	 6.846049602095344e-08 	 2.9497342387261685e-16
283.291951951952 	 6.833954962023002e-08 	 2.928944705296532e-16
283.79243243243246 	 6.821902980813851e-08 	 2.9083380036635483e-16
284.2929129129129 	 6.809893433172842e-08 	 2.8879122077379034e-16
284.7933933933934 	 6.797926095388615e-08 	 2.8676654150614876e-16
285.2938738738739 	 6.7860007453196e-08 	 2.847595746476615e-16
285.79435435435437 	 6.774117162380285e-08 	 2.827701345800459e-16
286.29483483483483 	 6.762275127527593e-08 	 2.80798037950458e-16
286.79531531531535 	 6.750474423247451e-08 	 2.7884310363994995e-16
287.2957957957958 	 6.738714833541449e-08 	 2.7690515273241754e-16
287.7962762762763 	 6.726996143913672e-08 	 2.749840084840351e-16
288.2967567567568 	 6.715318141357656e-08 	 2.7307949629316463e-16
288.79723723723725 	 6.703680614343487e-08 	 2.711914436707355e-16
289.2977177177177 	 6.692083352805018e-08 	 2.6931968021108095e-16
289.79819819819824 	 6.680526148127242e-08 	 2.674640375632293e-16
290.2986786786787 	 6.669008793133773e-08 	 2.6562434940263904e-16
290.79915915915916 	 6.657531082074475e-08 	 2.638004514033691e-16
291.2996396396397 	 6.646092810613196e-08 	 2.619921812106794e-16
291.80012012012014 	 6.634693775815664e-08 	 2.60199378414055e-16
292.3006006006006 	 6.623333776137462e-08 	 2.5842188452064e-16
292.8010810810811 	 6.612012611412164e-08 	 2.5665954292908496e-16
293.3015615615616 	 6.60073008283958e-08 	 2.549121989037913e-16
293.80204204204205 	 6.589485992974102e-08 	 2.531796995495492e-16
294.30252252252257 	 6.578280145713208e-08 	 2.5146189378656543e-16
294.803003003003 	 6.567112346286048e-08 	 2.497586323258697e-16
295.3034834834835 	 6.555982401242166e-08 	 2.4806976764509533e-16
295.803963963964 	 6.544890118440319e-08 	 2.463951539646283e-16
296.30444444444447 	 6.533835307037437e-08 	 2.4473464722411837e-16
296.80492492492493 	 6.522817777477666e-08 	 2.430881050593444e-16
297.30540540540545 	 6.51183734148153e-08 	 2.4145538677942977e-16
297.8058858858859 	 6.500893812035226e-08 	 2.3983635334440404e-16
298.3063663663664 	 6.489987003379979e-08 	 2.382308673430969e-16
298.8068468468469 	 6.479116731001553e-08 	 2.366387929713714e-16
299.30732732732736 	 6.468282811619838e-08 	 2.350599960106783e-16
299.8078078078078 	 6.45748506317855e-08 	 2.33494343806935e-16
300.30828828828834 	 6.446723304835028e-08 	 2.3194170524971926e-16
300.8087687687688 	 6.435997356950147e-08 	 2.304019507517738e-16
301.30924924924926 	 6.425307041078321e-08 	 2.2887495222881753e-16
301.8097297297298 	 6.414652179957598e-08 	 2.2736058307965485e-16
302.31021021021024 	 6.404032597499869e-08 	 2.258587181665839e-16
302.8106906906907 	 6.393448118781174e-08 	 2.24369233796093e-16
303.31117117117117 	 6.382898570032081e-08 	 2.228920076998438e-16
303.8116516516517 	 6.372383778628192e-08 	 2.2142691901593548e-16
304.31213213213215 	 6.361903573080722e-08 	 2.199738482704478e-16
304.8126126126126 	 6.351457783027171e-08 	 2.1853267735925127e-16
305.31309309309313 	 6.341046239222098e-08 	 2.1710328953009005e-16
305.8135735735736 	 6.330668773527982e-08 	 2.15685569364926e-16
306.31405405405405 	 6.320325218906165e-08 	 2.1427940276254088e-16
306.8145345345346 	 6.310015409407896e-08 	 2.128846769213951e-16
307.31501501501504 	 6.299739180165451e-08 	 2.115012803227358e-16
307.8154954954955 	 6.289496367383347e-08 	 2.1012910271395218e-16
308.315975975976 	 6.27928680832964e-08 	 2.08768035092173e-16
308.8164564564565 	 6.269110341327303e-08 	 2.0741796968810335e-16
309.31693693693694 	 6.2589668057457e-08 	 2.0607879995009538e-16
309.81741741741746 	 6.248856041992122e-08 	 2.0475042052845037e-16
310.3178978978979 	 6.23877789150343e-08 	 2.0343272725994917e-16
310.8183783783784 	 6.228732196737758e-08 	 2.0212561715260407e-16
311.3188588588589 	 6.218718801166301e-08 	 2.0082898837063249e-16
311.81933933933936 	 6.208737549265202e-08 	 1.99542740219648e-16
312.3198198198198 	 6.198788286507476e-08 	 1.9826677313206068e-16
312.82030030030035 	 6.18887085935505e-08 	 1.970009886526915e-16
313.3207807807808 	 6.178985115250867e-08 	 1.9574528942459114e-16
313.82126126126127 	 6.169130902611053e-08 	 1.9449957917506045e-16
314.3217417417418 	 6.159308070817182e-08 	 1.9326376270187414e-16
314.82222222222225 	 6.149516470208589e-08 	 1.9203774585969775e-16
315.3227027027027 	 6.139755952074776e-08 	 1.9082143554670016e-16
315.82318318318323 	 6.130026368647885e-08 	 1.896147396913558e-16
316.3236636636637 	 6.120327573095235e-08 	 1.8841756723943518e-16
316.82414414414416 	 6.110659419511944e-08 	 1.8722982814117862e-16
317.3246246246247 	 6.1010217629136e-08 	 1.8605143333865255e-16
317.82510510510514 	 6.091414459229032e-08 	 1.8488229475328485e-16
318.3255855855856 	 6.08183736529311e-08 	 1.8372232527357468e-16
318.8260660660661 	 6.072290338839648e-08 	 1.8257143874297752e-16
319.3265465465466 	 6.062773238494355e-08 	 1.8142954994795922e-16
319.82702702702704 	 6.053285923767856e-08 	 1.802965746062184e-16
320.32750750750756 	 6.043828255048779e-08 	 1.791724293550736e-16
320.827987987988 	 6.034400093596914e-08 	 1.780570317400151e-16
321.3284684684685 	 6.025001301536411e-08 	 1.7695030020341298e-16
321.82894894894895 	 6.015631741849079e-08 	 1.758521540733869e-16
322.32942942942947 	 6.006291278367716e-08 	 1.747625135528288e-16
322.82990990990993 	 5.996979775769514e-08 	 1.7368129970857886e-16
323.3303903903904 	 5.987697099569529e-08 	 1.726084344607518e-16
323.8308708708709 	 5.978443116114199e-08 	 1.7154384057221177e-16
324.3313513513514 	 5.969217692574935e-08 	 1.7048744163819264e-16
324.83183183183183 	 5.9600206969417645e-08 	 1.6943916207606176e-16
325.33231231231235 	 5.950851998017029e-08 	 1.6839892711522548e-16
325.8327927927928 	 5.94171146540916e-08 	 1.6736666278717456e-16
326.3332732732733 	 5.93259896952648e-08 	 1.6634229591566461e-16
326.8337537537538 	 5.923514381571088e-08 	 1.6532575410703329e-16
327.33423423423426 	 5.9144575735327934e-08 	 1.643169657406506e-16
327.8347147147147 	 5.9054284181830966e-08 	 1.6331585995949879e-16
328.33519519519524 	 5.896426789069231e-08 	 1.6232236666088157e-16
328.8356756756757 	 5.8874525605082704e-08 	 1.6133641648726198e-16
329.33615615615616 	 5.8785056075812676e-08 	 1.603579408172222e-16
329.8366366366367 	 5.869585806127463e-08 	 1.5938687175654936e-16
330.33711711711715 	 5.860693032738543e-08 	 1.5842314212944136e-16
330.8375975975976 	 5.851827164752942e-08 	 1.5746668546983168e-16
331.3380780780781 	 5.8429880802502105e-08 	 1.5651743601283283e-16
331.8385585585586 	 5.8341756580454264e-08 	 1.555753286862962e-16
332.33903903903905 	 5.825389777683646e-08 	 1.546402991024833e-16
332.83951951951957 	 5.816630319434426e-08 	 1.5371228354985284e-16
333.34000000000003 	 5.8078971642863875e-08 	 1.5279121898495684e-16
333.8404804804805 	 5.799190193941809e-08 	 1.51877043024445e-16
334.340960960961 	 5.7905092908113047e-08 	 1.5096969393717864e-16
334.8414414414415 	 5.78185433800852e-08 	 1.5006911063644923e-16
335.34192192192194 	 5.773225219344888e-08 	 1.491752326723009e-16
335.84240240240246 	 5.764621819324429e-08 	 1.4828800022395636e-16
336.3428828828829 	 5.7560440231386e-08 	 1.474073540923445e-16
336.8433633633634 	 5.747491716661184e-08 	 1.46533235692726e-16
337.3438438438439 	 5.7389647864432304e-08 	 1.456655870474185e-16
337.84432432432436 	 5.730463119708045e-08 	 1.4480435077861923e-16
338.3448048048048 	 5.721986604346203e-08 	 1.4394947010132058e-16
338.8452852852853 	 5.713535128910638e-08 	 1.4310088881632206e-16
339.3457657657658 	 5.705108582611741e-08 	 1.4225855130333314e-16
339.84624624624627 	 5.6967068553125384e-08 	 1.414224025141689e-16
340.34672672672673 	 5.6883298375238755e-08 	 1.405923879660335e-16
340.84720720720725 	 5.679977420399668e-08 	 1.3976845373489406e-16
341.3476876876877 	 5.671649495732194e-08 	 1.3895054644894118e-16
341.8481681681682 	 5.663345955947406e-08 	 1.3813861328213443e-16
342.3486486486487 	 5.655066694100316e-08 	 1.373326019478345e-16
342.84912912912915 	 5.646811603870389e-08 	 1.365324606925171e-16
343.3496096096096 	 5.638580579557006e-08 	 1.3573813828957024e-16
343.85009009009013 	 5.6303735160749354e-08 	 1.349495840331716e-16
344.3505705705706 	 5.6221903089498816e-08 	 1.3416674773224725e-16
344.85105105105106 	 5.614030854314032e-08 	 1.3338957970450738e-16
345.3515315315316 	 5.605895048901677e-08 	 1.3261803077056107e-16
345.85201201201204 	 5.5977827900448454e-08 	 1.3185205224810704e-16
346.3524924924925 	 5.5896939756689893e-08 	 1.3109159594619903e-16
346.852972972973 	 5.5816285042886995e-08 	 1.3033661415958702e-16
347.3534534534535 	 5.5735862750034684e-08 	 1.2958705966313067e-16
347.85393393393394 	 5.565567187493471e-08 	 1.288428857062846e-16
348.35441441441446 	 5.557571142015402e-08 	 1.281040460076557e-16
348.8548948948949 	 5.549598039398344e-08 	 1.2737049474963083e-16
349.3553753753754 	 5.541647781039654e-08 	 1.2664218657307167e-16
349.8558558558559 	 5.533720268900907e-08 	 1.259190765720801e-16
350.35633633633637 	 5.525815405503873e-08 	 1.252011202888296e-16
350.85681681681683 	 5.517933093926508e-08 	 1.2448827370846267e-16
351.35729729729735 	 5.510073237798999e-08 	 1.2378049325405357e-16
351.8577777777778 	 5.5022357412998355e-08 	 1.2307773578163653e-16
352.3582582582583 	 5.494420509151924e-08 	 1.2237995857529592e-16
352.8587387387388 	 5.4866274466187086e-08 	 1.2168711934231926e-16
353.35921921921926 	 5.478856459500363e-08 	 1.2099917620841302e-16
353.8596996996997 	 5.471107454129983e-08 	 1.203160877129777e-16
354.36018018018024 	 5.463380337369822e-08 	 1.196378128044435e-16
354.8606606606607 	 5.4556750166075715e-08 	 1.1896431083566555e-16
355.36114114114116 	 5.4479913997526486e-08 	 1.182955415593764e-16
355.8616216216217 	 5.440329395232529e-08 	 1.176314651236965e-16
356.36210210210214 	 5.4326889119891176e-08 	 1.1697204206770154e-16
356.8625825825826 	 5.425069859475133e-08 	 1.1631723331704515e-16
357.36306306306307 	 5.417472147650531e-08 	 1.156670001796366e-16
357.8635435435436 	 5.4098956869789605e-08 	 1.150213043413734e-16
358.36402402402405 	 5.4023403884242535e-08 	 1.1438010786192722e-16
358.8645045045045 	 5.394806163446915e-08 	 1.137433731705814e-16
359.364984984985 	 5.38729292400069e-08 	 1.1311106306212286e-16
359.8654654654655 	 5.379800582529121e-08 	 1.124831406927833e-16
360.36594594594595 	 5.372329051962142e-08 	 1.118595695762315e-16
360.8664264264265 	 5.3648782457127174e-08 	 1.1124031357961655e-16
361.36690690690693 	 5.3574480776734925e-08 	 1.106253369196589e-16
361.8673873873874 	 5.35003846221347e-08 	 1.1001460415879059e-16
362.3678678678679 	 5.342649314174731e-08 	 1.0940808020134388e-16
362.8683483483484 	 5.335280548869167e-08 	 1.0880573028978615e-16
363.36882882882884 	 5.327932082075242e-08 	 1.0820752000100165e-16
363.86930930930936 	 5.3206038300347877e-08 	 1.0761341524261976e-16
364.3697897897898 	 5.3132957094498244e-08 	 1.0702338224938808e-16
364.8702702702703 	 5.306007637479393e-08 	 1.0643738757958957e-16
365.3707507507508 	 5.298739531736438e-08 	 1.0585539811150529e-16
365.87123123123126 	 5.2914913102846995e-08 	 1.0527738103991955e-16
366.3717117117117 	 5.284262891635627e-08 	 1.0470330387266765e-16
366.87219219219224 	 5.2770541947453334e-08 	 1.0413313442722683e-16
367.3726726726727 	 5.269865139011564e-08 	 1.0356684082734847e-16
367.87315315315317 	 5.2626956442706916e-08 	 1.030043914997314e-16
368.3736336336337 	 5.2555456307947354e-08 	 1.024457551707357e-16
368.87411411411415 	 5.248415019288413e-08 	 1.0189090086313741e-16
369.3745945945946 	 5.2413037308861944e-08 	 1.013397978929209e-16
369.87507507507513 	 5.234211687149412e-08 	 1.0079241586611259e-16
370.3755555555556 	 5.2271388100633645e-08 	 1.0024872467565121e-16
370.87603603603606 	 5.220085022034459e-08 	 9.970869449829649e-17
371.3765165165166 	 5.213050245887377e-08 	 9.91722957915762e-17
371.87699699699704 	 5.206034404862256e-08 	 9.863949929076862e-17
372.3774774774775 	 5.199037422611898e-08 	 9.811027600592246e-17
372.877957957958 	 5.1920592231989984e-08 	 9.758459721891232e-17
373.3784384384385 	 5.185099731093408e-08 	 9.70624344805299e-17
373.87891891891894 	 5.178158871169398e-08 	 9.654375960760979e-17
374.37939939939946 	 5.171236568702957e-08 	 9.60285446801897e-17
374.8798798798799 	 5.164332749369116e-08 	 9.551676203870555e-17
375.3803603603604 	 5.157447339239285e-08 	 9.500838428121929e-17
375.88084084084085 	 5.1505802647786096e-08 	 9.450338426067982e-17
376.38132132132137 	 5.143731452843361e-08 	 9.400173508221762e-17
376.8818018018018 	 5.136900830678337e-08 	 9.350341010047083e-17
377.3822822822823 	 5.130088325914281e-08 	 9.300838291694314e-17
377.8827627627628 	 5.12329386656533e-08 	 9.251662737739332e-17
378.38324324324327 	 5.1165173810264796e-08 	 9.202811756925604e-17
378.88372372372373 	 5.109758798071065e-08 	 9.154282781909281e-17
379.38420420420425 	 5.103018046848271e-08 	 9.106073269007352e-17
379.8846846846847 	 5.096295056880653e-08 	 9.058180697948745e-17
380.3851651651652 	 5.089589758061677e-08 	 9.010602571628395e-17
380.8856456456457 	 5.0829020806532905e-08 	 8.963336415864189e-17
381.38612612612616 	 5.0762319552834986e-08 	 8.916379779156808e-17
381.8866066066066 	 5.069579312943969e-08 	 8.869730232452374e-17
382.38708708708714 	 5.062944084987647e-08 	 8.823385368907881e-17
382.8875675675676 	 5.056326203126406e-08 	 8.77734280365944e-17
383.38804804804806 	 5.049725599428689e-08 	 8.731600173593117e-17
383.8885285285286 	 5.043142206317193e-08 	 8.686155137118571e-17
384.38900900900904 	 5.036575956566567e-08 	 8.641005373945342e-17
384.8894894894895 	 5.030026783301113e-08 	 8.596148584861613e-17
385.38996996997 	 5.023494619992523e-08 	 8.551582491515744e-17
385.8904504504505 	 5.0169794004576253e-08 	 8.507304836200188e-17
386.39093093093095 	 5.01048105885615e-08 	 8.463313381638045e-17
386.89141141141147 	 5.003999529688503e-08 	 8.419605910771968e-17
387.39189189189193 	 4.997534747793581e-08 	 8.376180226555687e-17
387.8923723723724 	 4.991086648346571e-08 	 8.333034151747763e-17
388.3928528528529 	 4.984655166856796e-08 	 8.290165528707875e-17
388.8933333333334 	 4.978240239165557e-08 	 8.247572219195388e-17
389.39381381381384 	 4.9718418014440075e-08 	 8.205252104170263e-17
389.89429429429435 	 4.965459790191024e-08 	 8.163203083596259e-17
390.3947747747748 	 4.959094142231122e-08 	 8.121423076246452e-17
390.8952552552553 	 4.9527447947123586e-08 	 8.079910019510876e-17
391.3957357357358 	 4.9464116851042645e-08 	 8.038661869206483e-17
391.89621621621626 	 4.940094751195799e-08 	 7.997676599389246e-17
392.3966966966967 	 4.933793931093309e-08 	 7.956952202168417e-17
392.89717717717724 	 4.9275091632185014e-08 	 7.916486687522852e-17
393.3976576576577 	 4.92124038630645e-08 	 7.876278083119582e-17
393.89813813813817 	 4.9149875394035925e-08 	 7.836324434134267e-17
394.3986186186186 	 4.908750561865761e-08 	 7.79662380307385e-17
394.89909909909915 	 4.90252939335622e-08 	 7.757174269601139e-17
395.3995795795796 	 4.896323973843722e-08 	 7.71797393036145e-17
395.90006006006007 	 4.890134243600575e-08 	 7.679020898811144e-17
396.4005405405406 	 4.883960143200728e-08 	 7.640313305048188e-17
396.90102102102105 	 4.8778016135178643e-08 	 7.601849295644552e-17
397.4015015015015 	 4.8716585957235225e-08 	 7.56362703348059e-17
397.90198198198203 	 4.865531031285214e-08 	 7.525644697581205e-17
398.4024624624625 	 4.859418861964576e-08 	 7.48790048295397e-17
398.90294294294296 	 4.85332202981551e-08 	 7.450392600428925e-17
399.4034234234235 	 4.847240477182363e-08 	 7.413119276500318e-17
399.90390390390394 	 4.841174146698107e-08 	 7.37607875317007e-17
400.4043843843844 	 4.835122981282539e-08 	 7.339269287792979e-17
400.9048648648649 	 4.829086924140477e-08 	 7.302689152923664e-17
401.4053453453454 	 4.823065918760002e-08 	 7.266336636165287e-17
401.90582582582584 	 4.8170599089106804e-08 	 7.230210040019868e-17
402.40630630630636 	 4.8110688386418164e-08 	 7.194307681740322e-17
402.9067867867868 	 4.805092652280721e-08 	 7.158627893184197e-17
403.4072672672673 	 4.799131294430979e-08 	 7.123169020668933e-17
403.9077477477478 	 4.793184709970742e-08 	 7.087929424828829e-17
404.40822822822827 	 4.7872528440510313e-08 	 7.052907480473551e-17
404.90870870870873 	 4.781335642094045e-08 	 7.018101576448204e-17
405.40918918918925 	 4.7754330497914876e-08 	 6.983510115495007e-17
405.9096696696697 	 4.769545013102914e-08 	 6.949131514116452e-17
406.4101501501502 	 4.76367147825407e-08 	 6.914964202439978e-17
406.9106306306307 	 4.757812391735261e-08 	 6.881006624084165e-17
407.41111111111115 	 4.751967700299729e-08 	 6.847257236026417e-17
407.9115915915916 	 4.746137350962035e-08 	 6.813714508472034e-17
408.41207207207214 	 4.74032129099646e-08 	 6.780376924724804e-17
408.9125525525526 	 4.734519467935416e-08 	 6.747242981058986e-17
409.41303303303306 	 4.7287318295678675e-08 	 6.714311186592678e-17
409.9135135135136 	 4.722958323937764e-08 	 6.681580063162607e-17
410.41399399399404 	 4.717198899342491e-08 	 6.649048145200292e-17
410.9144744744745 	 4.7114535043313165e-08 	 6.616713979609504e-17
411.414954954955 	 4.705722087703869e-08 	 6.584576125645157e-17
411.9154354354355 	 4.7000045985086124e-08 	 6.552633154793453e-17
412.41591591591595 	 4.694300986041334e-08 	 6.520883650653349e-17
412.9163963963964 	 4.68861119984365e-08 	 6.489326208819321e-17
413.4168768768769 	 4.682935189701512e-08 	 6.457959436765403e-17
413.9173573573574 	 4.6772729056437376e-08 	 6.4267819537305e-17
414.41783783783785 	 4.671624297940536e-08 	 6.395792390604895e-17
414.91831831831837 	 4.665989317102057e-08 	 6.364989389818046e-17
415.41879879879883 	 4.660367913876944e-08 	 6.334371605227574e-17
415.9192792792793 	 4.6547600392509005e-08 	 6.303937702009426e-17
416.4197597597598 	 4.649165644445261e-08 	 6.273686356549259e-17
416.9202402402403 	 4.6435846809155834e-08 	 6.243616256334993e-17
417.42072072072074 	 4.6380171003502396e-08 	 6.213726099850493e-17
417.92120120120126 	 4.632462854669023e-08 	 6.184014596470417e-17
418.4216816816817 	 4.6269218960217704e-08 	 6.154480466356213e-17
418.9221621621622 	 4.621394176786973e-08 	 6.125122440353168e-17
419.4226426426427 	 4.615879649570427e-08 	 6.095939259888626e-17
419.92312312312316 	 4.610378267203876e-08 	 6.066929676871295e-17
420.4236036036036 	 4.6048899827436564e-08 	 6.038092453591541e-17
420.92408408408414 	 4.599414749469376e-08 	 6.009426362622887e-17
421.4245645645646 	 4.593952520882577e-08 	 5.98093018672444e-17
421.92504504504507 	 4.58850325070543e-08 	 5.952602718744431e-17
422.4255255255256 	 4.583066892879414e-08 	 5.924442761524744e-17
422.92600600600605 	 4.577643401564033e-08 	 5.896449127806492e-17
423.4264864864865 	 4.572232731135517e-08 	 5.868620640136554e-17
423.92696696696703 	 4.5668348361855454e-08 	 5.840956130775139e-17
424.4274474474475 	 4.561449671519983e-08 	 5.813454441604333e-17
424.92792792792795 	 4.556077192157608e-08 	 5.786114424037567e-17
425.4284084084085 	 4.550717353328865e-08 	 5.758934938930089e-17
425.92888888888893 	 4.545370110474627e-08 	 5.731914856490373e-17
426.4293693693694 	 4.540035419244949e-08 	 5.705053056192441e-17
426.9298498498499 	 4.53471323549785e-08 	 5.678348426689121e-17
427.4303303303304 	 4.529403515298095e-08 	 5.65179986572623e-17
427.93081081081084 	 4.524106214915981e-08 	 5.625406280057629e-17
428.43129129129136 	 4.518821290826143e-08 	 5.599166585361205e-17
428.9317717717718 	 4.513548699706356e-08 	 5.573079706155707e-17
429.4322522522523 	 4.508288398436357e-08 	 5.5471445757184593e-17
429.9327327327328 	 4.503040344096664e-08 	 5.5213601360039434e-17
430.43321321321326 	 4.4978044939674133e-08 	 5.495725337563226e-17
430.9336936936937 	 4.492580805527196e-08 	 5.4702391394642116e-17
431.4341741741742 	 4.4873692364519097e-08 	 5.444900509212765e-17
431.9346546546547 	 4.482169744613616e-08 	 5.419708422674607e-17
432.43513513513517 	 4.476982288079405e-08 	 5.394661863998071e-17
432.93561561561563 	 4.471806825110265e-08 	 5.369759825537616e-17
433.43609609609615 	 4.4666433141599656e-08 	 5.345001307778155e-17
433.9365765765766 	 4.461491713873947e-08 	 5.320385319260191e-17
434.4370570570571 	 4.456351983088215e-08 	 5.295910876505675e-17
434.9375375375376 	 4.4512240808282406e-08 	 5.271577003944669e-17
435.43801801801806 	 4.44610796630788e-08 	 5.247382733842768e-17
435.9384984984985 	 4.441003598928284e-08 	 5.223327106229241e-17
436.43897897897904 	 4.435910938276829e-08 	 5.199409168825936e-17
436.9394594594595 	 4.430829944126052e-08 	 5.175627976976931e-17
437.43993993993996 	 4.425760576432585e-08 	 5.151982593578846e-17
437.9404204204205 	 4.4207027953361104e-08 	 5.128472089011956e-17
438.44090090090094 	 4.415656561158311e-08 	 5.105095541071944e-17
438.9413813813814 	 4.4106218344018357e-08 	 5.08185203490238e-17
439.4418618618619 	 4.405598575749265e-08 	 5.0587406629278836e-17
439.9423423423424 	 4.400586746062094e-08 	 5.035760524787988e-17
440.44282282282285 	 4.3955863063797085e-08 	 5.012910727271652e-17
440.94330330330337 	 4.39059721791838e-08 	 4.990190384252448e-17
441.44378378378383 	 4.385619442070264e-08 	 4.967598616624432e-17
441.9442642642643 	 4.380652940402399e-08 	 4.945134552238637e-17
442.4447447447448 	 4.3756976746557216e-08 	 4.9227973258402156e-17
442.9452252252253 	 4.370753606744085e-08 	 4.900586079006254e-17
443.44570570570573 	 4.365820698753277e-08 	 4.878499960084164e-17
443.94618618618625 	 4.360898912940058e-08 	 4.856538124130741e-17
444.4466666666667 	 4.3559882117311955e-08 	 4.8346997328518277e-17
444.9471471471472 	 4.351088557722506e-08 	 4.8129839545425673e-17
445.4476276276277 	 4.346199913677908e-08 	 4.791389964028291e-17
445.94810810810816 	 4.341322242528478e-08 	 4.7699169426059835e-17
446.4485885885886 	 4.336455507371514e-08 	 4.7485640779863397e-17
446.94906906906914 	 4.3315996714696015e-08 	 4.7273305642364016e-17
447.4495495495496 	 4.326754698249696e-08 	 4.706215601722787e-17
447.95003003003006 	 4.321920551302199e-08 	 4.6852183970554694e-17
448.4505105105105 	 4.317097194380046e-08 	 4.664338163032131e-17
448.95099099099104 	 4.3122845913978026e-08 	 4.643574118583073e-17
449.4514714714715 	 4.307482706430766e-08 	 4.622925488716672e-17
449.95195195195197 	 4.302691503714068e-08 	 4.6023915044653956e-17
450.4524324324325 	 4.297910947641788e-08 	 4.5819714028323273e-17
450.95291291291295 	 4.293141002766072e-08 	 4.561664426738267e-17
451.4533933933934 	 4.288381633796256e-08 	 4.54146982496932e-17
451.95387387387393 	 4.283632805597993e-08 	 4.5213868521250193e-17
452.4543543543544 	 4.278894483192396e-08 	 4.5014147685669916e-17
452.95483483483486 	 4.274166631755167e-08 	 4.4815528403680705e-17
453.4553153153154 	 4.269449216615757e-08 	 4.461800339261989e-17
453.95579579579584 	 4.2647422032565095e-08 	 4.4421565425935096e-17
454.4562762762763 	 4.260045557311821e-08 	 4.422620733269079e-17
454.9567567567568 	 4.2553592445673056e-08 	 4.403192199707965e-17
455.4572372372373 	 4.2506832309589666e-08 	 4.3838702357938785e-17
455.95771771771774 	 4.246017482572364e-08 	 4.364654140827053e-17
456.45819819819826 	 4.2413619656417996e-08 	 4.3455432194768254e-17
456.9586786786787 	 4.236716646549505e-08 	 4.3265367817346676e-17
457.4591591591592 	 4.232081491824825e-08 	 4.307634142867674e-17
457.9596396396397 	 4.227456468143419e-08 	 4.2888346233725215e-17
458.46012012012017 	 4.2228415423264636e-08 	 4.270137548929877e-17
458.9606006006006 	 4.218236681339855e-08 	 4.251542250359229e-17
459.46108108108115 	 4.213641852293421e-08 	 4.233048063574201e-17
459.9615615615616 	 4.209057022440141e-08 	 4.214654329538265e-17
460.46204204204207 	 4.2044821591753684e-08 	 4.1963603942209195e-17
460.9625225225226 	 4.199917230036052e-08 	 4.178165608554256e-17
461.46300300300305 	 4.1953622026999756e-08 	 4.1600693283900005e-17
461.9634834834835 	 4.190817044984989e-08 	 4.142070914456915e-17
462.46396396396403 	 4.186281724848254e-08 	 4.1241697323186635e-17
462.9644444444445 	 4.1817562103854905e-08 	 4.1063651523320605e-17
463.46492492492496 	 4.177240469830227e-08 	 4.0886565496057215e-17
463.9654054054055 	 4.1727344715530564e-08 	 4.071043303959135e-17
464.46588588588594 	 4.168238184060904e-08 	 4.053524799882116e-17
464.9663663663664 	 4.163751575996285e-08 	 4.0361004264946485e-17
465.4668468468469 	 4.159274616136582e-08 	 4.0187695775071273e-17
465.9673273273274 	 4.154807273393317e-08 	 4.001531651180981e-17
466.46780780780784 	 4.150349516811434e-08 	 3.9843860502896626e-17
466.9682882882883 	 4.145901315568584e-08 	 3.967332182080037e-17
467.4687687687688 	 4.141462638974411e-08 	 3.9503694582341114e-17
467.9692492492493 	 4.1370334564698535e-08 	 3.933497294831177e-17
468.46972972972975 	 4.1326137376264347e-08 	 3.9167151123102515e-17
468.97021021021027 	 4.128203452145571e-08 	 3.900022335432948e-17
469.47069069069073 	 4.1238025698578796e-08 	 3.883418393246657e-17
469.9711711711712 	 4.1194110607224884e-08 	 3.866902719048091e-17
470.4716516516517 	 4.115028894826351e-08 	 3.850474750347179e-17
470.9721321321322 	 4.110656042383574e-08 	 3.8341339288313114e-17
471.47261261261264 	 4.1062924737347366e-08 	 3.81787970032992e-17
471.97309309309315 	 4.101938159346219e-08 	 3.8017115147793856e-17
472.4735735735736 	 4.0975930698095425e-08 	 3.7856288261883104e-17
472.9740540540541 	 4.093257175840701e-08 	 3.76963109260308e-17
473.4745345345346 	 4.088930448279504e-08 	 3.753717776073778e-17
473.97501501501506 	 4.08461285808893e-08 	 3.7378883426204326e-17
474.4754954954955 	 4.0803043763544664e-08 	 3.722142262199552e-17
474.97597597597604 	 4.0760049742834694e-08 	 3.706479008671e-17
475.4764564564565 	 4.071714623204527e-08 	 3.6908980597651866e-17
475.97693693693697 	 4.06743329456681e-08 	 3.675398897050542e-17
476.4774174174175 	 4.06316095993945e-08 	 3.659981005901339e-17
476.97789789789795 	 4.0588975910109065e-08 	 3.6446438754657835e-17
477.4783783783784 	 4.0546431595883383e-08 	 3.6293869986344177e-17
477.9788588588589 	 4.0503976375969836e-08 	 3.6142098720088254e-17
478.4793393393394 	 4.0461609970795465e-08 	 3.599111995870626e-17
478.97981981981985 	 4.041933210195579e-08 	 3.5840928741507665e-17
479.48030030030037 	 4.03771424922087e-08 	 3.569152014399078e-17
479.98078078078083 	 4.033504086546844e-08 	 3.554288927754158e-17
480.4812612612613 	 4.029302694679957e-08 	 3.5395031289135026e-17
480.9817417417418 	 4.025110046241094e-08 	 3.5247941361039156e-17
481.4822222222223 	 4.020926113964982e-08 	 3.510161471052229e-17
481.98270270270274 	 4.016750870699592e-08 	 3.4956046589562553e-17
482.48318318318326 	 4.0125842894055565e-08 	 3.4811232284560335e-17
482.9836636636637 	 4.00842634315558e-08 	 3.4667167116053407e-17
483.4841441441442 	 4.004277005133866e-08 	 3.452384643843464e-17
483.9846246246247 	 4.0001362486355365e-08 	 3.438126563967238e-17
484.48510510510516 	 3.996004047066057e-08 	 3.4239420141033344e-17
484.9855855855856 	 3.991880373940674e-08 	 3.409830539680834e-17
485.4860660660661 	 3.987765202883842e-08 	 3.395791689404001e-17
485.9865465465466 	 3.9836585076286644e-08 	 3.3818250152253706e-17
486.48702702702707 	 3.9795602620163365e-08 	 3.36793007231905e-17
486.98750750750753 	 3.9754704399955854e-08 	 3.354106419054262e-17
487.48798798798805 	 3.971389015622121e-08 	 3.3403536169691485e-17
487.9884684684685 	 3.967315963058089e-08 	 3.326671230744822e-17
488.488948948949 	 3.9632512565715225e-08 	 3.3130588281796287e-17
488.9894294294295 	 3.959194870535798e-08 	 3.299515980163661e-17
489.48990990990995 	 3.955146779429107e-08 	 3.2860422606535305e-17
489.9903903903904 	 3.951106957833908e-08 	 3.2726372466473236e-17
490.49087087087094 	 3.9470753804364e-08 	 3.25930051815982e-17
490.9913513513514 	 3.9430520220259996e-08 	 3.246031658197946e-17
491.49183183183186 	 3.9390368574948053e-08 	 3.2328302527364097e-17
491.9923123123124 	 3.9350298618370805e-08 	 3.219695890693602e-17
492.49279279279284 	 3.931031010148735e-08 	 3.2066281639077064e-17
492.9932732732733 	 3.9270402776268085e-08 	 3.1936266671130105e-17
493.4937537537538 	 3.923057639568954e-08 	 3.180690997916445e-17
493.9942342342343 	 3.919083071372936e-08 	 3.1678207567743504e-17
494.49471471471475 	 3.915116548536114e-08 	 3.1550155469694216e-17
494.99519519519527 	 3.911158046654947e-08 	 3.142274974587892e-17
495.4956756756757 	 3.907207541424492e-08 	 3.1295986484969215e-17
495.9961561561562 	 3.9032650086379e-08 	 3.1169861803221605e-17
496.4966366366367 	 3.89933042418593e-08 	 3.10443718442556e-17
496.99711711711717 	 3.895403764056453e-08 	 3.0919512778833457e-17
497.49759759759763 	 3.8914850043339645e-08 	 3.0795280804642174e-17
497.99807807807815 	 3.8875741211990976e-08 	 3.0671672146077255e-17
498.4985585585586 	 3.883671090928144e-08 	 3.0548683054028626e-17
498.9990390390391 	 3.879775889892568e-08 	 3.0426309805668215e-17
499.4995195195196 	 3.875888494558539e-08 	 3.030454870423976e-17
500.0 	 3.872008881486449e-08 	 3.018339607885027e-17
