3.5233633633633636 	 1.5575450736156384e-06 	 1.1443991369645702e-09
4.023843843843844 	 1.5497710688662717e-06 	 6.358584407866935e-10
4.524324324324325 	 1.5373097611058387e-06 	 3.7146197004486903e-10
5.0248048048048055 	 1.5179180865690745e-06 	 2.2459559708334493e-10
5.525285285285285 	 1.4883416179269483e-06 	 1.3871728848358082e-10
6.025765765765766 	 1.443724015337194e-06 	 8.644114112966305e-11
6.526246246246247 	 1.376616220051738e-06 	 5.3612850774105784e-11
7.026726726726727 	 1.2752120647912688e-06 	 3.252013165030313e-11
7.527207207207208 	 1.120008569704837e-06 	 1.8781750798395688e-11
8.027687687687688 	 8.769824037717841e-07 	 9.8335845742222e-12
8.528168168168168 	 4.822907682304308e-07 	 4.1705699493526565e-12
9.02864864864865 	 1.967282710177012e-07 	 9.782681242685647e-13
9.52912912912913 	 1.481750207172165e-06 	 6.264008409575698e-14
10.029609609609611 	 4.382013238820039e-06 	 2.390272696537145e-12
10.530090090090091 	 1.353152382455305e-05 	 1.4203103831479743e-11
11.030570570570571 	 3.3386883953342945e-05 	 4.557068655646902e-11
11.531051051051053 	 4.7056660616766854e-05 	 6.996107827963506e-11
12.031531531531533 	 5.2246047677481504e-05 	 7.428617476873339e-11
12.532012012012013 	 4.966084399206461e-05 	 5.822967904616953e-11
13.032492492492494 	 4.752616382308951e-05 	 5.021129069549599e-11
13.532972972972974 	 4.168388042454456e-05 	 3.473681829573774e-11
14.033453453453454 	 4.079482307678024e-05 	 3.146579614350793e-11
14.533933933933936 	 3.915523247983529e-05 	 2.7584455618686488e-11
15.034414414414416 	 3.8227441099379304e-05 	 2.428724792569744e-11
15.534894894894897 	 4.010329221181275e-05 	 2.6411094797395006e-11
16.035375375375377 	 4.188568457700159e-05 	 2.989687271195837e-11
16.535855855855857 	 4.3281400223342987e-05 	 3.289025860384687e-11
17.036336336336337 	 4.796475753839826e-05 	 4.956128029781994e-11
17.53681681681682 	 5.0903134235509214e-05 	 7.23022734824117e-11
18.0372972972973 	 4.909017779853679e-05 	 7.005578705757589e-11
18.53777777777778 	 4.7662952207979694e-05 	 7.099025619029803e-11
19.03825825825826 	 4.516376971000827e-05 	 7.114983076275966e-11
19.53873873873874 	 3.941017268332945e-05 	 5.916116349796549e-11
20.039219219219223 	 3.18594403599674e-05 	 4.174694012787134e-11
20.539699699699703 	 2.5811797978657037e-05 	 2.8354854258109983e-11
21.040180180180183 	 2.2255026147313365e-05 	 2.039711859479386e-11
21.540660660660663 	 2.0362629696898407e-05 	 1.596602537091282e-11
22.041141141141143 	 1.9074909866294287e-05 	 1.3366328736547064e-11
22.541621621621623 	 1.7626872644746106e-05 	 1.137049257753899e-11
23.042102102102106 	 1.5986563806874528e-05 	 9.390325067748538e-12
23.542582582582586 	 1.463299802899176e-05 	 7.519132731761912e-12
24.043063063063066 	 1.3892732184254067e-05 	 5.981723356769776e-12
24.543543543543546 	 1.3831023280301047e-05 	 4.841129445608342e-12
25.044024024024026 	 1.445279048860858e-05 	 4.079353197081105e-12
25.54450450450451 	 1.580792125036979e-05 	 3.7021562388847814e-12
26.04498498498499 	 1.794690020392844e-05 	 3.800849177635055e-12
26.54546546546547 	 2.0669797169634734e-05 	 4.57711740386451e-12
27.04594594594595 	 2.3102566723368856e-05 	 6.170440915307248e-12
27.54642642642643 	 2.3653376765859175e-05 	 7.883531012318744e-12
28.04690690690691 	 2.139226286907221e-05 	 7.818599697316464e-12
28.547387387387392 	 1.8832789788512105e-05 	 6.246075375188011e-12
29.047867867867872 	 1.8671988668294017e-05 	 5.341053539909196e-12
29.548348348348352 	 2.030191264815671e-05 	 5.702774496682457e-12
30.04882882882883 	 2.2135141514340144e-05 	 7.24367780432167e-12
30.54930930930931 	 2.2803560833471913e-05 	 9.483281094685127e-12
31.049789789789795 	 2.1348833672757624e-05 	 1.112501286309759e-11
31.550270270270275 	 1.7624728944686218e-05 	 1.0591102779892355e-11
32.05075075075076 	 1.3520173739585902e-05 	 8.42279892345735e-12
32.55123123123124 	 1.0889157422019619e-05 	 6.468284854093562e-12
33.05171171171172 	 9.561765474168837e-06 	 5.209298266257972e-12
33.5521921921922 	 8.891433452723055e-06 	 4.440088709580778e-12
34.05267267267268 	 8.461511220705512e-06 	 3.950488516207069e-12
34.55315315315316 	 8.059308228885303e-06 	 3.6062535936322784e-12
35.053633633633645 	 7.601096263064807e-06 	 3.327184309258861e-12
35.55411411411412 	 7.084810346341686e-06 	 3.0703616583283804e-12
36.054594594594604 	 6.552772565599236e-06 	 2.8197350408155106e-12
36.55507507507508 	 6.058051217770726e-06 	 2.5762448102658977e-12
37.055555555555564 	 5.6404082151251805e-06 	 2.3479858956629515e-12
37.55603603603605 	 5.3160161393899695e-06 	 2.1429075797238552e-12
38.056516516516524 	 5.079107970704745e-06 	 1.965313291553914e-12
38.55699699699701 	 4.9096036880869295e-06 	 1.81547652214989e-12
39.057477477477484 	 4.781644140411685e-06 	 1.6906332473401512e-12
39.55795795795797 	 4.670366678876847e-06 	 1.5863326138486912e-12
40.05843843843845 	 4.556351537175794e-06 	 1.4976433189189078e-12
40.55891891891893 	 4.427520068153596e-06 	 1.4200228346243618e-12
41.05939939939941 	 4.2787164839797376e-06 	 1.3497900246746802e-12
41.55987987987989 	 4.1103267670799765e-06 	 1.2843045022045846e-12
42.06036036036037 	 3.92615889326634e-06 	 1.2219071937453758e-12
42.56084084084085 	 3.7316324064416205e-06 	 1.1617092393982174e-12
43.06132132132133 	 3.532376368449728e-06 	 1.1033580270495628e-12
43.56180180180181 	 3.3334236050916897e-06 	 1.0468248329793357e-12
44.06228228228229 	 3.138801945628719e-06 	 9.922382458437192e-13
44.56276276276277 	 2.9514411890156333e-06 	 9.39783050519944e-13
45.06324324324325 	 2.773296346344729e-06 	 8.8962173141053e-13
45.56372372372373 	 2.6054930357281253e-06 	 8.418746359899152e-13
46.064204204204216 	 2.448537938351547e-06 	 7.966037393760392e-13
46.56468468468469 	 2.302464296714446e-06 	 7.538244212674267e-13
47.065165165165176 	 2.167005772484837e-06 	 7.13501646890007e-13
47.56564564564565 	 2.0416809059340422e-06 	 6.7557293914414e-13
48.066126126126136 	 1.9259016169992147e-06 	 6.399493422560659e-13
48.56660660660662 	 1.8190136057149697e-06 	 6.065213021237034e-13
49.067087087087096 	 1.7203501345305431e-06 	 5.751725535243459e-13
49.56756756756758 	 1.6292530533961201e-06 	 5.457836843849721e-13
50.068048048048055 	 1.54508930744713e-06 	 5.182349440052566e-13
50.56852852852854 	 1.4672669108399773e-06 	 4.924052032120085e-13
51.06900900900902 	 1.3952279896939332e-06 	 4.681821635535367e-13
51.5694894894895 	 1.3284671756556023e-06 	 4.4545570781182377e-13
52.06996996996998 	 1.2665194888657946e-06 	 4.241210562238592e-13
52.57045045045046 	 1.2089583093763703e-06 	 4.04082075079811e-13
53.07093093093094 	 1.155399306701588e-06 	 3.852490661333995e-13
53.571411411411425 	 1.1054997105298977e-06 	 3.67534153607744e-13
54.0718918918919 	 1.058935077589456e-06 	 3.508632505095925e-13
54.572372372372385 	 1.0154285480488982e-06 	 3.3516081152382017e-13
55.07285285285286 	 9.747185837146014e-07 	 3.2035996780461066e-13
55.573333333333345 	 9.365740669378933e-07 	 3.0639893445614824e-13
56.07381381381382 	 9.007827781563017e-07 	 2.9322010673017945e-13
56.574294294294305 	 8.671585999179515e-07 	 2.8077135844853383e-13
57.07477477477479 	 8.355277628995901e-07 	 2.6900245638384763e-13
57.575255255255264 	 8.057349567872898e-07 	 2.578686622118516e-13
58.07573573573575 	 7.776374045728613e-07 	 2.473279865722288e-13
58.576216216216224 	 7.51109109916038e-07 	 2.373417484931185e-13
59.07669669669671 	 7.260320673695589e-07 	 2.2787527674195617e-13
59.57717717717719 	 7.022991405019863e-07 	 2.1889426665915098e-13
60.07765765765767 	 6.798145958419647e-07 	 2.1036917291686828e-13
60.57813813813815 	 6.584920046207657e-07 	 2.022703299789416e-13
61.07861861861863 	 6.38245100777907e-07 	 1.9457350910536538e-13
61.57909909909911 	 6.190068945677088e-07 	 1.8725254062748978e-13
62.079579579579594 	 6.007053841177349e-07 	 1.8028568729977823e-13
62.58006006006007 	 5.832806106992864e-07 	 1.73651962283808e-13
63.080540540540554 	 5.666741049871996e-07 	 1.673315762261396e-13
63.58102102102103 	 5.508349984536827e-07 	 1.6130592227866855e-13
64.0815015015015 	 5.35711677134642e-07 	 1.555592204114173e-13
64.58198198198198 	 5.212633208961912e-07 	 1.5007463858816103e-13
65.08246246246247 	 5.074480759024974e-07 	 1.4483798029566868e-13
65.58294294294295 	 4.942276003881137e-07 	 1.3983519243624197e-13
66.08342342342343 	 4.815668049537633e-07 	 1.350539054540715e-13
66.5839039039039 	 4.6943250973525095e-07 	 1.3048151411574504e-13
67.08438438438439 	 4.577941247224739e-07 	 1.2610737892665391e-13
67.58486486486487 	 4.4662614960365145e-07 	 1.2192065092231756e-13
68.08534534534535 	 4.359007961715379e-07 	 1.1791128763799352e-13
68.58582582582584 	 4.2559365907968836e-07 	 1.1407052419725907e-13
69.08630630630631 	 4.156816349521799e-07 	 1.103895834579143e-13
69.58678678678679 	 4.0614627830200003e-07 	 1.0686019701956099e-13
70.08726726726728 	 3.969657400074304e-07 	 1.0347461579064192e-13
70.58774774774776 	 3.8812301456083215e-07 	 1.002257428077796e-13
71.08822822822823 	 3.7959904254369314e-07 	 9.710686730601768e-14
71.58870870870871 	 3.71379999632418e-07 	 9.411165208851915e-14
72.0891891891892 	 3.6344813074627947e-07 	 9.123413695843522e-14
72.58966966966968 	 3.5579327866907346e-07 	 8.846865225418005e-14
73.09015015015015 	 3.483986662140724e-07 	 8.580989707784913e-14
73.59063063063064 	 3.412524390373492e-07 	 8.325278180853898e-14
74.09111111111112 	 3.3434663379607014e-07 	 8.079221957034347e-14
74.5915915915916 	 3.276652559188354e-07 	 7.842438912778997e-14
75.09207207207209 	 3.211991519808236e-07 	 7.614477557044183e-14
75.59255255255256 	 3.1494163436728596e-07 	 7.394911856350044e-14
76.09303303303304 	 3.088808672286646e-07 	 7.183415128607545e-14
76.59351351351351 	 3.0300792115676593e-07 	 6.979572295675222e-14
77.093993993994 	 2.9731722375759225e-07 	 6.783053613001596e-14
77.59447447447448 	 2.9179863531515277e-07 	 6.593588548964585e-14
78.09495495495496 	 2.864439519145791e-07 	 6.410807146697336e-14
78.59543543543545 	 2.8124990432602576e-07 	 6.234469326204766e-14
79.09591591591592 	 2.762060130242807e-07 	 6.06427380179978e-14
79.5963963963964 	 2.7131009532465104e-07 	 5.899938635753011e-14
80.09687687687689 	 2.665524011584259e-07 	 5.741288007596035e-14
80.59735735735737 	 2.61930102295533e-07 	 5.5879975957499704e-14
81.09783783783784 	 2.574358704216919e-07 	 5.439917587333544e-14
81.59831831831832 	 2.5306788146913133e-07 	 5.2968099188721676e-14
82.09879879879881 	 2.488166268454055e-07 	 5.1584484404823133e-14
82.59927927927929 	 2.4468210271125986e-07 	 5.0246490788324254e-14
83.09975975975976 	 2.4065583404395414e-07 	 4.895262230685709e-14
83.60024024024025 	 2.3673908300079282e-07 	 4.770062677300245e-14
84.10072072072073 	 2.3292307426362146e-07 	 4.648944537711511e-14
84.6012012012012 	 2.2920564448791337e-07 	 4.531673049823463e-14
85.10168168168168 	 2.2558180954733062e-07 	 4.418180703302912e-14
85.60216216216217 	 2.220514451699441e-07 	 4.308250732949814e-14
86.10264264264265 	 2.186105653545779e-07 	 4.20177548681646e-14
86.60312312312313 	 2.152538951852769e-07 	 4.098627159982284e-14
87.10360360360362 	 2.11980305137594e-07 	 3.998681902775841e-14
87.60408408408409 	 2.087862774103096e-07 	 3.901823876950645e-14
88.10456456456457 	 2.0566778249596232e-07 	 3.807898232031224e-14
88.60504504504506 	 2.026244761176826e-07 	 3.7168425398627206e-14
89.10552552552554 	 1.996538931807616e-07 	 3.628529961328148e-14
89.60600600600601 	 1.967529301222552e-07 	 3.542867539727496e-14
90.10648648648649 	 1.9391847224314435e-07 	 3.459756887118205e-14
90.60696696696698 	 1.911486455236719e-07 	 3.3790935632208846e-14
91.10744744744746 	 1.884428639968831e-07 	 3.300806902613076e-14
91.60792792792793 	 1.857975232919726e-07 	 3.2248167920331994e-14
92.10840840840842 	 1.8321148129311354e-07 	 3.151025304737281e-14
92.6088888888889 	 1.8068264412241562e-07 	 3.0793606510160766e-14
93.10936936936938 	 1.782095446761578e-07 	 3.009744412794132e-14
93.60984984984987 	 1.7579016015999024e-07 	 2.942113862988994e-14
94.11033033033034 	 1.734229229281974e-07 	 2.8763956675162285e-14
94.61081081081082 	 1.7110634806619106e-07 	 2.81253274721097e-14
95.1112912912913 	 1.688388281022887e-07 	 2.7504527511298238e-14
95.61177177177179 	 1.6661904859438915e-07 	 2.6900950887177694e-14
96.11225225225226 	 1.6444566093297476e-07 	 2.6313966095742328e-14
96.61273273273274 	 1.623169344004648e-07 	 2.5743300913383367e-14
97.11321321321323 	 1.602321037673982e-07 	 2.518804652554538e-14
97.6136936936937 	 1.5818970904826774e-07 	 2.4647927911767086e-14
98.11417417417418 	 1.561884220802261e-07 	 2.4122351044376886e-14
98.61465465465466 	 1.5422712211478981e-07 	 2.3610894543178147e-14
99.11513513513515 	 1.5230473529925434e-07 	 2.311312686735682e-14
99.61561561561562 	 1.504203865537891e-07 	 2.2628506378557727e-14
100.1160960960961 	 1.4893445159552456e-07 	 2.216419058757788e-14
100.61657657657659 	 1.4819363146000842e-07 	 2.1726479267133116e-14
101.11705705705707 	 1.4746014472655455e-07 	 2.1299520018965377e-14
101.61753753753754 	 1.4673388304109298e-07 	 2.0882997453873733e-14
102.11801801801803 	 1.4601474017372732e-07 	 2.047660692323575e-14
102.61849849849851 	 1.4530261196693576e-07 	 2.0080054103010417e-14
103.11897897897899 	 1.445973962852803e-07 	 1.9693054595779864e-14
103.61945945945946 	 1.4389899296657355e-07 	 1.9315333549964762e-14
104.11993993993995 	 1.4320730377445422e-07 	 1.8946625295394042e-14
104.62042042042043 	 1.425222323523233e-07 	 1.8586672994452044e-14
105.1209009009009 	 1.4184368417859634e-07 	 1.8235228308066753e-14
105.6213813813814 	 1.4117156652322792e-07 	 1.7892051075841087e-14
106.12186186186187 	 1.405057884054665e-07 	 1.7556909009664768e-14
106.62234234234235 	 1.398462605527987e-07 	 1.7229577400178475e-14
107.12282282282284 	 1.3919289536104468e-07 	 1.6909838835494173e-14
107.62330330330332 	 1.3854560685556704e-07 	 1.65974829316056e-14
108.1237837837838 	 1.3790431065355665e-07 	 1.6292306073951346e-14
108.62426426426427 	 1.3726892392736155e-07 	 1.5994111169620643e-14
109.12474474474476 	 1.3663936536882468e-07 	 1.5702707409716728e-14
109.62522522522524 	 1.3601555515459854e-07 	 1.5417910041417523e-14
110.12570570570571 	 1.3539741491240562e-07 	 1.5139540149295665e-14
110.6261861861862 	 1.3478486768821469e-07 	 1.4867424445482076e-14
111.12666666666668 	 1.3417783791430416e-07 	 1.4601395068277407e-14
111.62714714714716 	 1.3357625137818442e-07 	 1.4341289388834965e-14
112.12762762762763 	 1.3298003519235243e-07 	 1.4086949825557612e-14
112.62810810810812 	 1.323891177648529e-07 	 1.3838223665867792e-14
113.1285885885886 	 1.3180342877062088e-07 	 1.3594962895027008e-14
113.62906906906908 	 1.3122289912358135e-07 	 1.335702403169589e-14
114.12954954954957 	 1.3064746094948343e-07 	 1.3124267969941705e-14
114.63003003003004 	 1.3007704755944572e-07 	 1.2896559827413224e-14
115.13051051051052 	 1.2951159342419207e-07 	 1.2673768799416885e-14
115.63099099099101 	 1.2895103414895603e-07 	 1.2455768018640284e-14
116.13147147147149 	 1.2839530644903467e-07 	 1.2242434420281434e-14
116.63195195195196 	 1.2784434812597136e-07 	 1.203364861235303e-14
117.13243243243244 	 1.2729809804434937e-07 	 1.1829294750942245e-14
117.63291291291293 	 1.267564961091779e-07 	 1.1629260420216502e-14
118.1333933933934 	 1.2621948324385298e-07 	 1.1433436516975414e-14
118.63387387387388 	 1.256870013686759e-07 	 1.1241717139558266e-14
119.13435435435437 	 1.2515899337991354e-07 	 1.1053999480925415e-14
119.63483483483485 	 1.2463540312938398e-07 	 1.0870183725739809e-14
120.13531531531532 	 1.2411617540455257e-07 	 1.0690172951283308e-14
120.63579579579581 	 1.236012559091234e-07 	 1.0513873032049482e-14
121.13627627627629 	 1.230905912441117e-07 	 1.0341192547862064e-14
121.63675675675677 	 1.225841288893839e-07 	 1.0172042695374829e-14
122.13723723723724 	 1.2208181718565122e-07 	 1.0006337202815252e-14
122.63771771771773 	 1.2158360531690428e-07 	 9.843992247840269e-15
123.13819819819821 	 1.2108944329327605e-07 	 9.684926378378573e-15
123.63867867867869 	 1.2059928193432114e-07 	 9.529060436339157e-15
124.13915915915918 	 1.201130728526992e-07 	 9.37631748407129e-15
124.63963963963965 	 1.1963076843825204e-07 	 9.22662273346621e-15
125.14012012012013 	 1.1915232184246201e-07 	 9.079903477595283e-15
125.64060060060062 	 1.1867768696328271e-07 	 8.936089024784492e-15
126.1410810810811 	 1.1820681843033017e-07 	 8.795110635028891e-15
126.64156156156157 	 1.1773967159042547e-07 	 8.656901458655319e-15
127.14204204204205 	 1.1727620249347874e-07 	 8.521396477145214e-15
127.64252252252254 	 1.1681636787870522e-07 	 8.388532446033486e-15
128.14300300300303 	 1.1636012516116449e-07 	 8.258247839802738e-15
128.64348348348352 	 1.1590743241861366e-07 	 8.1304827986957e-15
129.14396396396398 	 1.154582483786665e-07 	 8.005179077371966e-15
129.64444444444447 	 1.1501253240624972e-07 	 7.88227999533822e-15
130.14492492492496 	 1.1457024449134897e-07 	 7.761730389084247e-15
130.64540540540543 	 1.1413134523703641e-07 	 7.643476565859604e-15
131.14588588588592 	 1.1369579584777215e-07 	 7.527466259028802e-15
131.6463663663664 	 1.1326355811797303e-07 	 7.413648584945362e-15
132.14684684684687 	 1.1283459442084063e-07 	 7.301974001287398e-15
132.64732732732736 	 1.1240886769744265e-07 	 7.19239426680008e-15
133.14780780780782 	 1.1198634144604024e-07 	 7.084862402392273e-15
133.6482882882883 	 1.1156697971165522e-07 	 6.979332653536914e-15
134.1487687687688 	 1.1115074707587091e-07 	 6.875760453926908e-15
134.64924924924927 	 1.1073760864686027e-07 	 6.7741023903399325e-15
135.14972972972976 	 1.1032753004963576e-07 	 6.674316168667785e-15
135.65021021021025 	 1.0992047741651486e-07 	 6.576360581067488e-15
136.1506906906907 	 1.0951641737779617e-07 	 6.48019547419316e-15
136.6511711711712 	 1.0911531705263989e-07 	 6.3857817184692106e-15
137.1516516516517 	 1.0871714404014865e-07 	 6.293081178367262e-15
137.65213213213215 	 1.0832186641064237e-07 	 6.202056683650259e-15
138.15261261261264 	 1.0792945269712282e-07 	 6.112672001549074e-15
138.65309309309313 	 1.0753987188692346e-07 	 6.024891809838137e-15
139.1535735735736 	 1.0715309341353906e-07 	 5.93868167077784e-15
139.6540540540541 	 1.0676908714863089e-07 	 5.854008005892847e-15
140.15453453453458 	 1.0638782339420385e-07 	 5.770838071556738e-15
140.65501501501504 	 1.0600927287494995e-07 	 5.6891399353542364e-15
141.15549549549553 	 1.0563340673075483e-07 	 5.6088824531937784e-15
141.65597597597602 	 1.052601965093635e-07 	 5.530035247143996e-15
142.15645645645648 	 1.0488961415920052e-07 	 5.452568683968716e-15
142.65693693693697 	 1.0452163202234156e-07 	 5.3764538543361516e-15
143.15741741741743 	 1.0415622282763238e-07 	 5.30166255267886e-15
143.65789789789793 	 1.0379335968395156e-07 	 5.228167257681808e-15
144.15837837837842 	 1.0343301607361377e-07 	 5.155941113377015e-15
144.65885885885888 	 1.0307516584590961e-07 	 5.084957910823719e-15
145.15933933933937 	 1.0271978321077945e-07 	 5.0151920703541226e-15
145.65981981981986 	 1.0236684273261757e-07 	 4.946618624365328e-15
146.16030030030032 	 1.0201631932420346e-07 	 4.8792132006388275e-15
146.6607807807808 	 1.016681882407576e-07 	 4.812952006169715e-15
147.1612612612613 	 1.0132242507411839e-07 	 4.747811811488293e-15
147.66174174174176 	 1.009790057470375e-07 	 4.683769935457525e-15
148.16222222222225 	 1.0063790650759091e-07 	 4.620804230530306e-15
148.66270270270275 	 1.0029910392370276e-07 	 4.558893068451185e-15
149.1631831831832 	 9.996257487777962e-08 	 4.498015326387678e-15
149.6636636636637 	 9.96282965614521e-08 	 4.438150373476855e-15
150.1641441441442 	 9.929624647042195e-08 	 4.3792780577735024e-15
150.66462462462465 	 9.896640239941167e-08 	 4.321378693586503e-15
151.16510510510514 	 9.863874243721442e-08 	 4.264433049190704e-15
151.6655855855856 	 9.831324496184212e-08 	 4.208422334901926e-15
152.1660660660661 	 9.798988863576918e-08 	 4.153328191503207e-15
152.66654654654658 	 9.766865240126964e-08 	 4.099132679010858e-15
153.16702702702705 	 9.734951547584611e-08 	 4.045818265769275e-15
153.66750750750754 	 9.70324573477476e-08 	 3.993367817863802e-15
154.16798798798803 	 9.671745777157499e-08 	 3.941764588841461e-15
154.6684684684685 	 9.640449676397158e-08 	 3.890992209729553e-15
155.16894894894898 	 9.609355459939722e-08 	 3.841034679342609e-15
155.66942942942947 	 9.57846118059839e-08 	 3.791876354868474e-15
156.16990990990993 	 9.547764916147098e-08 	 3.7435019427245834e-15
156.67039039039042 	 9.517264768921823e-08 	 3.695896489675855e-15
157.1708708708709 	 9.486958865429543e-08 	 3.6490453742059725e-15
157.67135135135138 	 9.456845355964606e-08 	 3.602934298133923e-15
158.17183183183187 	 9.426922414232384e-08 	 3.557549278468185e-15
158.67231231231236 	 9.397188236980079e-08 	 3.512876639491061e-15
159.17279279279282 	 9.36764104363447e-08 	 3.4689030050659352e-15
159.6732732732733 	 9.33827907594647e-08 	 3.425615291160526e-15
160.1737537537538 	 9.309100597642368e-08 	 3.3830006985794262e-15
160.67423423423426 	 9.280103894081566e-08 	 3.3410467058993988e-15
161.17471471471475 	 9.251287271920703e-08 	 3.2997410626012014e-15
161.67519519519522 	 9.222649058784027e-08 	 3.2590717823918846e-15
162.1756756756757 	 9.194187602939847e-08 	 3.219027136711676e-15
162.6761561561562 	 9.165901272982985e-08 	 3.1795956484198412e-15
163.17663663663666 	 9.137788457523048e-08 	 3.1407660856540255e-15
163.67711711711715 	 9.10984756487843e-08 	 3.1025274558578093e-15
164.17759759759764 	 9.082077022775909e-08 	 3.0648689999713776e-15
164.6780780780781 	 9.054475278055739e-08 	 3.027780186780376e-15
165.1785585585586 	 9.027040796382057e-08 	 2.9912507074181234e-15
165.67903903903908 	 8.999772061958593e-08 	 2.955270470016673e-15
166.17951951951954 	 8.972667577249486e-08 	 2.9198295945021712e-15
166.68000000000004 	 8.945725862705128e-08 	 2.8849184075302156e-15
167.18048048048053 	 8.918945456492956e-08 	 2.85052743755711e-15
167.680960960961 	 8.892324914233039e-08 	 2.816647410042864e-15
168.18144144144148 	 8.8658628087384e-08 	 2.783269242782132e-15
168.68192192192197 	 8.839557729759958e-08 	 2.750384041359266e-15
169.18240240240243 	 8.813408283736001e-08 	 2.7179830947238335e-15
169.68288288288292 	 8.787413093546078e-08 	 2.6860578708830636e-15
170.18336336336338 	 8.761570798269258e-08 	 2.654600012707814e-15
170.68384384384387 	 8.735880052946616e-08 	 2.6236013338487076e-15
171.18432432432436 	 8.710339528347908e-08 	 2.593053814759282e-15
171.68480480480483 	 8.68494791074231e-08 	 2.5629495988229955e-15
172.18528528528532 	 8.659703901673159e-08 	 2.533280988581116e-15
172.6857657657658 	 8.63460621773662e-08 	 2.504040442058586e-15
173.18624624624627 	 8.609653590364192e-08 	 2.4752205691850206e-15
173.68672672672676 	 8.584844765608943e-08 	 2.446814128308101e-15
174.18720720720725 	 8.560178503935481e-08 	 2.418814022796791e-15
174.6876876876877 	 8.535653580013496e-08 	 2.3912132977317084e-15
175.1881681681682 	 8.511268782514845e-08 	 2.3640051366802568e-15
175.6886486486487 	 8.487022913914135e-08 	 2.337182858554084e-15
176.18912912912916 	 8.462914790292664e-08 	 2.3107399145465215e-15
176.68960960960965 	 8.43894324114572e-08 	 2.2846698851477782e-15
177.19009009009014 	 8.415107109193144e-08 	 2.2589664772356866e-15
177.6905705705706 	 8.391405250193086e-08 	 2.2336235212398846e-15
178.1910510510511 	 8.367836532758898e-08 	 2.208634968377369e-15
178.69153153153155 	 8.34439983817912e-08 	 2.183994887957468e-15
179.19201201201204 	 8.321094060240463e-08 	 2.1596974647542328e-15
179.69249249249253 	 8.297918105053762e-08 	 2.135736996444457e-15
180.192972972973 	 8.274870890882831e-08 	 2.112107891109459e-15
180.6934534534535 	 8.251951347976148e-08 	 2.088804664798866e-15
181.19393393393398 	 8.229158418401352e-08 	 2.0658219391547357e-15
181.69441441441444 	 8.206491055882447e-08 	 2.0431544390943116e-15
182.19489489489493 	 8.183948225639721e-08 	 2.0207969905498433e-15
182.69537537537542 	 8.16152890423227e-08 	 1.9987445182638988e-15
183.19585585585588 	 8.139232079403113e-08 	 1.976992043638661e-15
183.69633633633637 	 8.117056749926844e-08 	 1.9555346826377422e-15
184.19681681681686 	 8.095001925459759e-08 	 1.934367643739107e-15
184.69729729729733 	 8.073066626392426e-08 	 1.9134862259377092e-15
185.19777777777782 	 8.051249883704637e-08 	 1.8928858167965024e-15
185.6982582582583 	 8.029550738822725e-08 	 1.8725618905445596e-15
186.19873873873877 	 8.007968243479151e-08 	 1.8525100062209865e-15
186.69921921921926 	 7.986501459574375e-08 	 1.8327258058634505e-15
187.19969969969975 	 7.965149459040946e-08 	 1.8132050127401303e-15
187.7001801801802 	 7.943911323709733e-08 	 1.7939434296238935e-15
188.2006606606607 	 7.92278614517833e-08 	 1.774936937107651e-15
188.70114114114116 	 7.901773024681528e-08 	 1.756181491959739e-15
189.20162162162165 	 7.880871072963857e-08 	 1.7376731255183101e-15
189.70210210210215 	 7.860079410154138e-08 	 1.7194079421236933e-15
190.2025825825826 	 7.839397165642022e-08 	 1.7013821175877354e-15
190.7030630630631 	 7.81882347795647e-08 	 1.6835918976991486e-15
191.2035435435436 	 7.798357494646131e-08 	 1.6660335967639337e-15
191.70402402402405 	 7.77799837216162e-08 	 1.648703596179967e-15
192.20450450450454 	 7.757745275739601e-08 	 1.6315983430448457e-15
192.70498498498503 	 7.737597379288713e-08 	 1.6147143487961757e-15
193.2054654654655 	 7.717553865277237e-08 	 1.5980481878834035e-15
193.70594594594598 	 7.697613924622521e-08 	 1.581596496470437e-15
194.20642642642648 	 7.677776756582112e-08 	 1.5653559711682257e-15
194.70690690690694 	 7.658041568646567e-08 	 1.549323367796559e-15
195.20738738738743 	 7.638407576433918e-08 	 1.5334955001743209e-15
195.70786786786792 	 7.618874003585736e-08 	 1.5178692389374752e-15
196.20834834834838 	 7.599440081664814e-08 	 1.5024415103840941e-15
196.70882882882887 	 7.580105050054393e-08 	 1.4872092953457225e-15
197.20930930930933 	 7.56086815585893e-08 	 1.4721696280844261e-15
197.70978978978982 	 7.541728653806365e-08 	 1.4573195952148753e-15
198.2102702702703 	 7.522685806151883e-08 	 1.4426563346508235e-15
198.71075075075078 	 7.503738882583117e-08 	 1.428177034575392e-15
199.21123123123127 	 7.484887160126787e-08 	 1.4138789324345251e-15
199.71171171171176 	 7.466129923056733e-08 	 1.3997593139530863e-15
200.21219219219222 	 7.447466462803354e-08 	 1.385815512172998e-15
200.7126726726727 	 7.428896077864358e-08 	 1.3720449065128702e-15
201.2131531531532 	 7.410418073716889e-08 	 1.3584449218486345e-15
201.71363363363366 	 7.392031762730936e-08 	 1.3450130276146033e-15
202.21411411411415 	 7.373736464084022e-08 	 1.3317467369244865e-15
202.71459459459464 	 7.355531503677191e-08 	 1.318643605711875e-15
203.2150750750751 	 7.3374162140522e-08 	 1.3057012318896966e-15
203.7155555555556 	 7.31938993430994e-08 	 1.2929172545281859e-15
204.2160360360361 	 7.30145201003008e-08 	 1.2802893530509324e-15
204.71651651651655 	 7.283601793191859e-08 	 1.2678152464485376e-15
205.21699699699704 	 7.265838642096055e-08 	 1.2554926925094777e-15
205.71747747747753 	 7.24816192128808e-08 	 1.2433194870677413e-15
206.217957957958 	 7.230571001482221e-08 	 1.2312934632668455e-15
206.71843843843848 	 7.213065259486943e-08 	 1.2194124908398223e-15
207.21891891891894 	 7.19564407813131e-08 	 1.2076744754048108e-15
207.71939939939944 	 7.17830684619244e-08 	 1.1960773577758554e-15
208.21987987987993 	 7.161052958324043e-08 	 1.1846191132885734e-15
208.7203603603604 	 7.143881814985941e-08 	 1.1732977511403126e-15
209.22084084084088 	 7.126792822374636e-08 	 1.1621113137444648e-15
209.72132132132137 	 7.109785392354862e-08 	 1.151057876098604e-15
210.22180180180183 	 7.092858942392107e-08 	 1.1401355451661107e-15
210.72228228228232 	 7.076012895486096e-08 	 1.1293424592709607e-15
211.2227627627628 	 7.059246680105245e-08 	 1.1186767875053897e-15
211.72324324324327 	 7.042559730122006e-08 	 1.1081367291500985e-15
212.22372372372377 	 7.025951484749154e-08 	 1.0977205131067304e-15
212.72420420420426 	 7.009421388476967e-08 	 1.0874263973423212e-15
213.22468468468472 	 6.992968891011287e-08 	 1.0772526683454433e-15
213.7251651651652 	 6.976593447212455e-08 	 1.067197640593768e-15
214.2256456456457 	 6.960294517035096e-08 	 1.0572596560327897e-15
214.72612612612616 	 6.944071565468759e-08 	 1.047437083565445e-15
215.22660660660665 	 6.927924062479368e-08 	 1.037728318552369e-15
215.7270870870871 	 6.911851482951502e-08 	 1.0281317823225624e-15
216.2275675675676 	 6.895853306631471e-08 	 1.0186459216942054e-15
216.7280480480481 	 6.879929018071179e-08 	 1.0092692085054021e-15
217.22852852852856 	 6.864078106572769e-08 	 1.0000001391546196e-15
217.72900900900905 	 6.84830006613402e-08 	 9.90837234150602e-16
218.22948948948954 	 6.832594395394508e-08 	 9.817790376715407e-16
218.72996996997 	 6.816960597582509e-08 	 9.728241171332985e-16
219.2304504504505 	 6.801398180462603e-08 	 9.639710627664608e-16
219.73093093093098 	 6.78590665628403e-08 	 9.552184872020441e-16
220.23141141141144 	 6.770485541729721e-08 	 9.465650250656342e-16
220.73189189189193 	 6.755134357866037e-08 	 9.380093325797887e-16
221.23237237237242 	 6.739852630093194e-08 	 9.295500871745015e-16
221.7328528528529 	 6.724639888096341e-08 	 9.211859871055573e-16
222.23333333333338 	 6.709495665797319e-08 	 9.129157510805896e-16
222.73381381381387 	 6.694419501307059e-08 	 9.047381178926827e-16
223.23429429429433 	 6.679410936878624e-08 	 8.966518460613376e-16
223.73477477477482 	 6.66446951886088e-08 	 8.886557134806416e-16
224.23525525525528 	 6.64959479765279e-08 	 8.80748517074483e-16
224.73573573573577 	 6.634786327658311e-08 	 8.729290724586535e-16
225.23621621621626 	 6.620043667241905e-08 	 8.651962136096823e-16
225.73669669669673 	 6.605366378684633e-08 	 8.575487925402634e-16
226.23717717717722 	 6.590754028140828e-08 	 8.49985678981112e-16
226.7376576576577 	 6.576206185595357e-08 	 8.425057600691346e-16
227.23813813813817 	 6.56172242482143e-08 	 8.351079400417464e-16
227.73861861861866 	 6.547302323338976e-08 	 8.277911399372225e-16
228.23909909909915 	 6.532945462373568e-08 	 8.20554297300941e-16
228.7395795795796 	 6.518651426815878e-08 	 8.133963658973942e-16
229.2400600600601 	 6.504419805181672e-08 	 8.063163154278329e-16
229.7405405405406 	 6.49025018957232e-08 	 7.993131312534373e-16
230.24102102102106 	 6.476142175635833e-08 	 7.923858141238817e-16
230.74150150150155 	 6.462095362528391e-08 	 7.855333799111779e-16
231.24198198198204 	 6.448109352876385e-08 	 7.787548593486936e-16
231.7424624624625 	 6.434183752738945e-08 	 7.72049297775219e-16
232.242942942943 	 6.420318171570944e-08 	 7.654157548839861e-16
232.74342342342348 	 6.406512222186502e-08 	 7.588533044765296e-16
233.24390390390394 	 6.392765520722936e-08 	 7.523610342212829e-16
233.74438438438443 	 6.37907768660518e-08 	 7.459380454168118e-16
234.2448648648649 	 6.365448342510674e-08 	 7.395834527595906e-16
234.74534534534538 	 6.351877114334683e-08 	 7.332963841162135e-16
235.24582582582588 	 6.338363631156074e-08 	 7.270759802999584e-16
235.74630630630634 	 6.32490752520352e-08 	 7.209213948516043e-16
236.24678678678683 	 6.311508431822134e-08 	 7.148317938244132e-16
236.74726726726732 	 6.298165989440534e-08 	 7.08806355573195e-16
237.24774774774778 	 6.284879839538311e-08 	 7.028442705473559e-16
237.74822822822827 	 6.271649626613928e-08 	 6.969447410878642e-16
238.24870870870876 	 6.258474998153e-08 	 6.911069812280374e-16
238.74918918918922 	 6.245355604596994e-08 	 6.853302164980762e-16
239.24966966966971 	 6.232291099312302e-08 	 6.796136837332687e-16
239.7501501501502 	 6.219281138559724e-08 	 6.739566308857851e-16
240.25063063063067 	 6.206325381464314e-08 	 6.683583168399931e-16
240.75111111111116 	 6.193423489985607e-08 	 6.628180112312113e-16
241.25159159159165 	 6.180575128888226e-08 	 6.573349942678443e-16
241.7520720720721 	 6.167779965712832e-08 	 6.519085565568148e-16
242.2525525525526 	 6.155037670747464e-08 	 6.465379989322337e-16
242.75303303303306 	 6.14234791699921e-08 	 6.412226322872436e-16
243.25351351351355 	 6.129710380166233e-08 	 6.35961777408957e-16
243.75399399399404 	 6.11712473861015e-08 	 6.307547648164459e-16
244.2544744744745 	 6.104590673328744e-08 	 6.25600934601702e-16
244.754954954955 	 6.092107867929006e-08 	 6.204996362735179e-16
245.2554354354355 	 6.07967600860052e-08 	 6.154502286042274e-16
245.75591591591595 	 6.067294784089161e-08 	 6.104520794792459e-16
246.25639639639644 	 6.054963885671115e-08 	 6.055045657493506e-16
246.75687687687693 	 6.042683007127234e-08 	 6.006070730856571e-16
247.2573573573574 	 6.030451844717667e-08 	 5.957589958372219e-16
247.75783783783788 	 6.018270097156831e-08 	 5.909597368912291e-16
248.25831831831837 	 6.006137465588675e-08 	 5.862087075357084e-16
248.75879879879884 	 5.994053653562227e-08 	 5.815053273247274e-16
249.25927927927933 	 5.98201836700746e-08 	 5.768490239460139e-16
249.75975975975982 	 5.970031314211434e-08 	 5.722392330909606e-16
250.26024024024028 	 5.958092205794725e-08 	 5.6767539832696e-16
250.76072072072077 	 5.946200754688137e-08 	 5.6315697097202555e-16
251.26120120120126 	 5.934356676109699e-08 	 5.58683409971656e-16
251.76168168168172 	 5.922559687541927e-08 	 5.542541817778957e-16
252.2621621621622 	 5.910809508709361e-08 	 5.498687602305431e-16
252.76264264264267 	 5.8991058615563685e-08 	 5.455266264404782e-16
253.26312312312317 	 5.887448470225212e-08 	 5.412272686750526e-16
253.76360360360366 	 5.8758370610343766e-08 	 5.369701822455098e-16
254.26408408408412 	 5.8642713624571485e-08 	 5.327548693963949e-16
254.7645645645646 	 5.8527511051004525e-08 	 5.2858083919691105e-16
255.2650450450451 	 5.841276021683933e-08 	 5.244476074341913e-16
255.76552552552556 	 5.829845847019289e-08 	 5.203546965084418e-16
256.266006006006 	 5.818460317989836e-08 	 5.163016353299216e-16
256.7664864864865 	 5.807119173530326e-08 	 5.122879592177288e-16
257.266966966967 	 5.795822154606986e-08 	 5.083132098003483e-16
257.76744744744747 	 5.784569004197805e-08 	 5.04376934917938e-16
258.26792792792793 	 5.7733594672730285e-08 	 5.004786885263077e-16
258.76840840840845 	 5.762193290775907e-08 	 4.9661803060257e-16
259.2688888888889 	 5.751070223603645e-08 	 4.927945270524239e-16
259.7693693693694 	 5.739990016588578e-08 	 4.890077496190402e-16
260.2698498498499 	 5.7289524224795675e-08 	 4.852572757935198e-16
260.77033033033035 	 5.717957195923617e-08 	 4.815426887268973e-16
261.2708108108108 	 5.7070040934476764e-08 	 4.778635771436498e-16
261.77129129129133 	 5.6960928734406874e-08 	 4.742195352566993e-16
262.2717717717718 	 5.685223296135809e-08 	 4.706101626838636e-16
262.77225225225226 	 5.674395123592852e-08 	 4.670350643657366e-16
263.2727327327328 	 5.663608119680923e-08 	 4.634938504849722e-16
263.77321321321324 	 5.652862050061262e-08 	 4.599861363869411e-16
264.2736936936937 	 5.642156682170262e-08 	 4.565115425017348e-16
264.7741741741742 	 5.6314917852026996e-08 	 4.53069694267493e-16
265.2746546546547 	 5.620867130095151e-08 	 4.496602220550335e-16
265.77513513513514 	 5.61028248950958e-08 	 4.462827610937484e-16
266.2756156156156 	 5.5997376378171355e-08 	 4.4293695139875655e-16
266.7760960960961 	 5.589232351082113e-08 	 4.3962243769927976e-16
267.2765765765766 	 5.578766407046104e-08 	 4.3633886936822394e-16
267.77705705705705 	 5.5683395851123196e-08 	 4.330859003529386e-16
268.27753753753757 	 5.557951666330093e-08 	 4.298631891071393e-16
268.77801801801803 	 5.547602433379556e-08 	 4.2667039852396726e-16
269.2784984984985 	 5.5372916705564795e-08 	 4.2350719587016157e-16
269.778978978979 	 5.527019163757286e-08 	 4.203732527213319e-16
270.2794594594595 	 5.5167847004642405e-08 	 4.1726824489830734e-16
270.77993993993994 	 5.506588069730782e-08 	 4.1419185240453565e-16
271.28042042042046 	 5.4964290621670364e-08 	 4.1114375936452385e-16
271.7809009009009 	 5.4863074699254864e-08 	 4.0812365396329773e-16
272.2813813813814 	 5.476223086686788e-08 	 4.0513122838685223e-16
272.7818618618619 	 5.466175707645761e-08 	 4.021661787635919e-16
273.28234234234236 	 5.456165129497516e-08 	 3.992282051067276e-16
273.7828228228228 	 5.446191150423749e-08 	 3.9631701125762054e-16
274.28330330330334 	 5.436253570079171e-08 	 3.9343230483005367e-16
274.7837837837838 	 5.426352189578102e-08 	 3.905737971554156e-16
275.28426426426427 	 5.4164868114811934e-08 	 3.8774120322877534e-16
275.7847447447448 	 5.406657239782311e-08 	 3.849342416558398e-16
276.28522522522525 	 5.396863279895555e-08 	 3.8215263460077167e-16
276.7857057057057 	 5.3871047386424105e-08 	 3.7939610773485205e-16
277.2861861861862 	 5.37738142423906e-08 	 3.766643901859799e-16
277.7866666666667 	 5.367693146283806e-08 	 3.739572144889828e-16
278.28714714714715 	 5.358039715744654e-08 	 3.7127431653673287e-16
278.78762762762767 	 5.348420944947008e-08 	 3.686154355320499e-16
279.28810810810813 	 5.338836647561519e-08 	 3.659803139403788e-16
279.7885885885886 	 5.329286638592042e-08 	 3.633686974432229e-16
280.2890690690691 	 5.319770734363741e-08 	 3.6078033489232966e-16
280.7895495495496 	 5.310288752511313e-08 	 3.5821497826460525e-16
281.29003003003004 	 5.300840511967333e-08 	 3.556723826177493e-16
281.79051051051056 	 5.291425832950734e-08 	 3.5315230604659913e-16
282.290990990991 	 5.2820445369554035e-08 	 3.5065450964016713e-16
282.7914714714715 	 5.2726964467388944e-08 	 3.4817875743935977e-16
283.291951951952 	 5.2633813863112706e-08 	 3.4572481639536897e-16
283.79243243243246 	 5.2540991809240634e-08 	 3.4329245632872295e-16
284.2929129129129 	 5.244849657059336e-08 	 3.4088144988897943e-16
284.7933933933934 	 5.2356326424188773e-08 	 3.3849157251506006e-16
285.2938738738739 	 5.226447965913501e-08 	 3.3612260239620676e-16
285.79435435435437 	 5.217295457652462e-08 	 3.3377432043355234e-16
286.29483483483483 	 5.208174948932977e-08 	 3.314465102022932e-16
286.79531531531535 	 5.199086272229863e-08 	 3.291389579144565e-16
287.2957957957958 	 5.190029261185279e-08 	 3.26851452382248e-16
287.7962762762763 	 5.1810037505985746e-08 	 3.2458378498197236e-16
288.2967567567568 	 5.172009576416245e-08 	 3.223357496185163e-16
288.79723723723725 	 5.163046575721997e-08 	 3.2010714269038365e-16
289.2977177177177 	 5.1541145867269036e-08 	 3.1789776305527343e-16
289.79819819819824 	 5.145213448759674e-08 	 3.1570741199619125e-16
290.2986786786787 	 5.136343002257022e-08 	 3.135358931880873e-16
290.79915915915916 	 5.127503088754125e-08 	 3.11383012665006e-16
291.2996396396397 	 5.118693550875191e-08 	 3.0924857878774522e-16
291.80012012012014 	 5.1099142323241245e-08 	 3.071324022120139e-16
292.3006006006006 	 5.1011649778752706e-08 	 3.0503429585707486e-16
292.8010810810811 	 5.092445633364276e-08 	 3.029540748748743e-16
293.3015615615616 	 5.083756045679037e-08 	 3.008915566196413e-16
293.80204204204205 	 5.075096062750726e-08 	 2.9884656061795063e-16
294.30252252252257 	 5.0664655335449297e-08 	 2.9681890853924625e-16
294.803003003003 	 5.057864308052866e-08 	 2.948084241668118e-16
295.3034834834835 	 5.049292237282693e-08 	 2.9281493336918264e-16
295.803963963964 	 5.0407491732509014e-08 	 2.908382640719928e-16
296.30444444444447 	 5.0322349689738096e-08 	 2.888782462302496e-16
296.80492492492493 	 5.0237494784591234e-08 	 2.8693471180102546e-16
297.30540540540545 	 5.0152925566975954e-08 	 2.850074947165648e-16
297.8058858858859 	 5.006864059654768e-08 	 2.830964308577966e-16
298.3063663663664 	 4.9984638442627864e-08 	 2.8120135802824307e-16
298.8068468468469 	 4.990091768412319e-08 	 2.7932211592832484e-16
299.30732732732736 	 4.9817476909445274e-08 	 2.7745854613004846e-16
299.8078078078078 	 4.973431471643145e-08 	 2.7561049205207513e-16
300.30828828828834 	 4.965142971226616e-08 	 2.737777989351615e-16
300.8087687687688 	 4.95688205134032e-08 	 2.719603138179672e-16
301.30924924924926 	 4.948648574548882e-08 	 2.7015788551322533e-16
301.8097297297298 	 4.9404424043285335e-08 	 2.68370364584263e-16
302.31021021021024 	 4.932263405059586e-08 	 2.6659760332187673e-16
302.8106906906907 	 4.924111442018949e-08 	 2.648394557215464e-16
303.31117117117117 	 4.915986381372732e-08 	 2.6309577746098836e-16
303.8116516516517 	 4.907888090168923e-08 	 2.6136642587804054e-16
304.31213213213215 	 4.899816436330142e-08 	 2.596512599488758e-16
304.8126126126126 	 4.89177128864645e-08 	 2.5795014026653155e-16
305.31309309309313 	 4.883752516768245e-08 	 2.56262929019761e-16
305.8135735735736 	 4.875759991199226e-08 	 2.545894899721921e-16
306.31405405405405 	 4.867793583289413e-08 	 2.5292968844179185e-16
306.8145345345346 	 4.859853165228253e-08 	 2.512833912806333e-16
307.31501501501504 	 4.851938610037778e-08 	 2.4965046685495676e-16
307.8154954954955 	 4.8440497915658404e-08 	 2.480307850255228e-16
308.315975975976 	 4.8361865844794093e-08 	 2.4642421712825127e-16
308.8164564564565 	 4.828348864257933e-08 	 2.4483063595514254e-16
309.31693693693694 	 4.8205365071867656e-08 	 2.4324991573547496e-16
309.81741741741746 	 4.812749390350657e-08 	 2.416819321172758e-16
310.3178978978979 	 4.804987391627312e-08 	 2.40126562149061e-16
310.8183783783784 	 4.797250389680996e-08 	 2.385836842618369e-16
311.3188588588589 	 4.789538263956221e-08 	 2.370531782513635e-16
311.81933933933936 	 4.781850894671484e-08 	 2.3553492526067416e-16
312.3198198198198 	 4.7741881628130586e-08 	 2.3402880776284317e-16
312.82030030030035 	 4.7665499501288584e-08 	 2.3253470954400467e-16
313.3207807807808 	 4.7589361391223564e-08 	 2.3105251568661375e-16
313.82126126126127 	 4.751346613046552e-08 	 2.295821125529458e-16
314.3217417417418 	 4.743781255898014e-08 	 2.281233877688347e-16
314.82222222222225 	 4.736239952410961e-08 	 2.2667623020764013e-16
315.3227027027027 	 4.7287225880514135e-08 	 2.252405299744453e-16
315.82318318318323 	 4.721229049011393e-08 	 2.238161783904787e-16
316.3236636636637 	 4.713759222203178e-08 	 2.224030679777577e-16
316.82414414414416 	 4.7063129952536176e-08 	 2.2100109244394926e-16
317.3246246246247 	 4.6988902564984945e-08 	 2.1961014666744538e-16
317.82510510510514 	 4.6914908949769445e-08 	 2.1823012668264995e-16
318.3255855855856 	 4.684114800425925e-08 	 2.168609296654723e-16
318.8260660660661 	 4.676761863274741e-08 	 2.1550245391902652e-16
319.3265465465466 	 4.669431974639618e-08 	 2.1415459885953104e-16
319.82702702702704 	 4.6621250263183286e-08 	 2.128172650024067e-16
320.32750750750756 	 4.6548409107848605e-08 	 2.1149035394856888e-16
320.827987987988 	 4.647579521184161e-08 	 2.1017376837091495e-16
321.3284684684685 	 4.6403407513268875e-08 	 2.0886741200099502e-16
321.82894894894895 	 4.633124495684249e-08 	 2.0757118961587456e-16
322.32942942942947 	 4.6259306493828714e-08 	 2.062850070251767e-16
322.82990990990993 	 4.6187591081997185e-08 	 2.0500877105830619e-16
323.3303903903904 	 4.611609768557056e-08 	 2.0374238955185014e-16
323.8308708708709 	 4.6044825275174694e-08 	 2.024857713371547e-16
324.3313513513514 	 4.59737728277892e-08 	 2.0123882622807298e-16
324.83183183183183 	 4.590293932669851e-08 	 2.0000146500888258e-16
325.33231231231235 	 4.583232376144337e-08 	 1.9877359942237003e-16
325.8327927927928 	 4.5761925127772845e-08 	 1.975551421580812e-16
326.3332732732733 	 4.569174242759664e-08 	 1.9634600684073001e-16
326.8337537537538 	 4.5621774668937954e-08 	 1.9514610801876949e-16
327.33423423423426 	 4.555202086588678e-08 	 1.9395536115311935e-16
327.8347147147147 	 4.5482480038553556e-08 	 1.9277368260604687e-16
328.33519519519524 	 4.5413151213023264e-08 	 1.9160098963020014e-16
328.8356756756757 	 4.5344033421310045e-08 	 1.9043720035779356e-16
329.33615615615616 	 4.527512570131206e-08 	 1.8928223378993688e-16
329.8366366366367 	 4.52064270967669e-08 	 1.881360097861131e-16
330.33711711711715 	 4.513793665720732e-08 	 1.8699844905379816e-16
330.8375975975976 	 4.506965343791744e-08 	 1.8586947313822108e-16
331.3380780780781 	 4.5001576499889244e-08 	 1.847490044122637e-16
331.8385585585586 	 4.493370490977966e-08 	 1.8363696606649835e-16
332.33903903903905 	 4.4866037739867756e-08 	 1.8253328209935693e-16
332.83951951951957 	 4.4798574068012556e-08 	 1.814378773074364e-16
333.34000000000003 	 4.473131297761118e-08 	 1.8035067727593324e-16
333.8404804804805 	 4.4664253557557214e-08 	 1.7927160836920553e-16
334.340960960961 	 4.45973949021997e-08 	 1.7820059772146474e-16
334.8414414414415 	 4.453073611130229e-08 	 1.7713757322759025e-16
335.34192192192194 	 4.4464276290002874e-08 	 1.7608246353406754e-16
335.84240240240246 	 4.4398014548773505e-08 	 1.7503519803004746e-16
336.3428828828829 	 4.433195000338074e-08 	 1.7399570683852638e-16
336.8433633633634 	 4.42660817748463e-08 	 1.7296392080764148e-16
337.3438438438439 	 4.4200408989408065e-08 	 1.719397715020838e-16
337.84432432432436 	 4.41349307784815e-08 	 1.7092319119462627e-16
338.3448048048048 	 4.4069646278621274e-08 	 1.6991411285776125e-16
338.8452852852853 	 4.400455463148339e-08 	 1.6891247015545233e-16
339.3457657657658 	 4.393965498378747e-08 	 1.679181974349929e-16
339.84624624624627 	 4.387494648727962e-08 	 1.669312297189747e-16
340.34672672672673 	 4.3810428298695314e-08 	 1.6595150269735948e-16
340.84720720720725 	 4.374609957972283e-08 	 1.6497895271965784e-16
341.3476876876877 	 4.368195949696699e-08 	 1.6401351678721042e-16
341.8481681681682 	 4.3618007221913056e-08 	 1.6305513254556877e-16
342.3486486486487 	 4.355424193089119e-08 	 1.621037382769794e-16
342.84912912912915 	 4.349066280504098e-08 	 1.6115927289296342e-16
343.3496096096096 	 4.342726903027645e-08 	 1.6022167592699495e-16
343.85009009009013 	 4.3364059797251285e-08 	 1.5929088752727473e-16
344.3505705705706 	 4.3301034301324417e-08 	 1.5836684844959846e-16
344.85105105105106 	 4.323819174252583e-08 	 1.5744950005031716e-16
345.3515315315316 	 4.317553132552278e-08 	 1.5653878427939028e-16
345.85201201201204 	 4.3113052259586204e-08 	 1.5563464367352857e-16
346.3524924924925 	 4.305075375855744e-08 	 1.5473702134942526e-16
346.852972972973 	 4.2988635040815296e-08 	 1.5384586099707626e-16
347.3534534534535 	 4.292669532924336e-08 	 1.5296110687318623e-16
347.85393393393394 	 4.2864933851197526e-08 	 1.520827037946591e-16
348.35441441441446 	 4.2803349838473936e-08 	 1.5121059713217357e-16
348.8548948948949 	 4.274194252727716e-08 	 1.5034473280384184e-16
349.3553753753754 	 4.268071115818848e-08 	 1.4948505726894746e-16
349.8558558558559 	 4.261965497613474e-08 	 1.4863151752176695e-16
350.35633633633637 	 4.2558773230357235e-08 	 1.4778406108546818e-16
350.85681681681683 	 4.249806517438092e-08 	 1.4694263600608795e-16
351.35729729729735 	 4.2437530065983934e-08 	 1.4610719084658628e-16
351.8577777777778 	 4.2377167167167345e-08 	 1.452776746809772e-16
352.3582582582583 	 4.231697574412518e-08 	 1.4445403708853395e-16
352.8587387387388 	 4.2256955067214627e-08 	 1.4363622814806742e-16
353.35921921921926 	 4.2197104410926636e-08 	 1.42824198432279e-16
353.8596996996997 	 4.213742305385663e-08 	 1.420178990021836e-16
354.36018018018024 	 4.20779102786755e-08 	 1.4121728140160364e-16
354.8606606606607 	 4.201856537210096e-08 	 1.4042229765173427e-16
355.36114114114116 	 4.1959387624868957e-08 	 1.3963290024577497e-16
355.8616216216217 	 4.1900376331705426e-08 	 1.3884904214363073e-16
356.36210210210214 	 4.184153079129834e-08 	 1.3807067676667956e-16
356.8625825825826 	 4.1782850306269845e-08 	 1.3729775799260576e-16
357.36306306306307 	 4.1724334183148764e-08 	 1.3653024015029815e-16
357.8635435435436 	 4.1665981732343245e-08 	 1.3576807801481259e-16
358.36402402402405 	 4.160779226811373e-08 	 1.3501122680239798e-16
358.8645045045045 	 4.1549765108546e-08 	 1.3425964216558318e-16
359.364984984985 	 4.149189957552461e-08 	 1.335132801883275e-16
359.8654654654655 	 4.1434194994706486e-08 	 1.3277209738123014e-16
360.36594594594595 	 4.1376650695494645e-08 	 1.3203605067679948e-16
360.8664264264265 	 4.131926601101229e-08 	 1.313050974247825e-16
361.36690690690693 	 4.126204027807704e-08 	 1.3057919538755106e-16
361.8673873873874 	 4.120497283717536e-08 	 1.2985830273554572e-16
362.3678678678679 	 4.1148063032437215e-08 	 1.2914237804277676e-16
362.8683483483484 	 4.109131021161101e-08 	 1.2843138028238042e-16
363.36882882882884 	 4.1034713726038586e-08 	 1.277252688222294e-16
363.86930930930936 	 4.097827293063056e-08 	 1.270240034205994e-16
364.3697897897898 	 4.092198718384181e-08 	 1.2632754422188747e-16
364.8702702702703 	 4.0865855847647126e-08 	 1.256358517523834e-16
365.3707507507508 	 4.080987828751716e-08 	 1.2494888691609398e-16
365.87123123123126 	 4.075405387239451e-08 	 1.2426661099061816e-16
366.3717117117117 	 4.0698381974669964e-08 	 1.2358898562307186e-16
366.87219219219224 	 4.064286197015899e-08 	 1.2291597282606404e-16
367.3726726726727 	 4.058749323807844e-08 	 1.222475349737216e-16
367.87315315315317 	 4.0532275161023405e-08 	 1.2158363479776242e-16
368.3736336336337 	 4.0477207124944224e-08 	 1.2092423538361658e-16
368.87411411411415 	 4.0422288519123784e-08 	 1.2026930016659552e-16
369.3745945945946 	 4.036751873615488e-08 	 1.1961879292810617e-16
369.87507507507513 	 4.031289717191788e-08 	 1.189726777919132e-16
370.3755555555556 	 4.0258423225558496e-08 	 1.1833091922044501e-16
370.87603603603606 	 4.020409629946571e-08 	 1.176934820111447e-16
371.3765165165166 	 4.014991579924999e-08 	 1.1706033129286644e-16
371.87699699699704 	 4.009588113372153e-08 	 1.1643143252231368e-16
372.3774774774775 	 4.004199171486884e-08 	 1.1580675148052164e-16
372.877957957958 	 3.998824695783733e-08 	 1.151862542693815e-16
373.3784384384385 	 3.9934646280908226e-08 	 1.1456990730820698e-16
373.87891891891894 	 3.988118910547754e-08 	 1.1395767733034184e-16
374.37939939939946 	 3.9827874856035224e-08 	 1.1334953137980762e-16
374.8798798798799 	 3.977470296014459e-08 	 1.1274543680799314e-16
375.3803603603604 	 3.972167284842179e-08 	 1.1214536127038195e-16
375.88084084084085 	 3.966878395451542e-08 	 1.1154927272331944e-16
376.38132132132137 	 3.9616035715086486e-08 	 1.1095713942081938e-16
376.8818018018018 	 3.956342756978834e-08 	 1.1036892991140773e-16
377.3822822822823 	 3.95109589612468e-08 	 1.0978461303500394e-16
377.8827627627628 	 3.945862933504053e-08 	 1.0920415791983967e-16
378.38324324324327 	 3.9406438139681467e-08 	 1.0862753397941432e-16
378.88372372372373 	 3.9354384826595484e-08 	 1.0805471090948633e-16
379.38420420420425 	 3.930246885010315e-08 	 1.074856586851002e-16
379.8846846846847 	 3.9250689667400654e-08 	 1.0692034755764883e-16
380.3851651651652 	 3.91990467385409e-08 	 1.0635874805197043e-16
380.8856456456457 	 3.9147539526414734e-08 	 1.0580083096347967e-16
381.38612612612616 	 3.909616749673233e-08 	 1.0524656735533277e-16
381.8866066066066 	 3.9044930118004713e-08 	 1.046959285556261e-16
382.38708708708714 	 3.899382686152539e-08 	 1.0414888615462707e-16
382.8875675675676 	 3.894285720135229e-08 	 1.0360541200203881e-16
383.38804804804806 	 3.889202061428954e-08 	 1.030654782042951e-16
383.8885285285286 	 3.8841316579869675e-08 	 1.0252905712188849e-16
384.38900900900904 	 3.879074458033592e-08 	 1.0199612136672956e-16
384.8894894894895 	 3.874030410062442e-08 	 1.014666437995357e-16
385.38996996997 	 3.8689994628346897e-08 	 1.0094059752725211e-16
385.8904504504505 	 3.86398156537732e-08 	 1.0041795590050149e-16
386.39093093093095 	 3.858976666981418e-08 	 9.989869251106435e-17
386.89141141141147 	 3.8539847172004486e-08 	 9.938278118938747e-17
387.39189189189193 	 3.8490056658485756e-08 	 9.8870196002123e-17
387.8923723723724 	 3.8440394629989707e-08 	 9.836091124969405e-17
388.3928528528529 	 3.8390860589821445e-08 	 9.785490146389006e-17
388.8933333333334 	 3.834145404384298e-08 	 9.735214140548927e-17
389.39381381381384 	 3.829217450045672e-08 	 9.685260606190856e-17
389.89429429429435 	 3.824302147058916e-08 	 9.635627064488058e-17
390.3947747747748 	 3.8193994467674825e-08 	 9.586311058815815e-17
390.8952552552553 	 3.814509300764005e-08 	 9.537310154524366e-17
391.3957357357358 	 3.8096316608887133e-08 	 9.488621938714603e-17
391.89621621621626 	 3.804766479227853e-08 	 9.440244020016254e-17
392.3966966966967 	 3.799913708112118e-08 	 9.392174028368674e-17
392.89717717717724 	 3.795073300115084e-08 	 9.34440961480401e-17
393.3976576576577 	 3.790245208051676e-08 	 9.296948451233058e-17
393.89813813813817 	 3.785429384976627e-08 	 9.249788230233343e-17
394.3986186186186 	 3.78062578418296e-08 	 9.202926664839764e-17
394.89909909909915 	 3.7758343592004734e-08 	 9.156361488337551e-17
395.3995795795796 	 3.7710550637942495e-08 	 9.110090454057627e-17
395.90006006006007 	 3.7662878519631624e-08 	 9.064111335174229e-17
396.4005405405406 	 3.761532677938405e-08 	 9.018421924504902e-17
396.90102102102105 	 3.75678949618202e-08 	 8.973020034312661e-17
397.4015015015015 	 3.75205826138545e-08 	 8.927903496110506e-17
397.90198198198203 	 3.747338928468092e-08 	 8.883070160468028e-17
398.4024624624625 	 3.742631452575874e-08 	 8.838517896820336e-17
398.90294294294296 	 3.7379357890798185e-08 	 8.794244593278958e-17
399.4034234234235 	 3.7332518935746446e-08 	 8.750248156445036e-17
399.90390390390394 	 3.728579721877366e-08 	 8.706526511224556e-17
400.4043843843844 	 3.7239192300258994e-08 	 8.663077600645623e-17
400.9048648648649 	 3.7192703742776845e-08 	 8.619899385677813e-17
401.4053453453454 	 3.7146331111083226e-08 	 8.576989845053602e-17
401.90582582582584 	 3.7100073972102075e-08 	 8.534346975091671e-17
402.40630630630636 	 3.7053931894911845e-08 	 8.491968789522272e-17
402.9067867867868 	 3.700790445073214e-08 	 8.44985331931457e-17
403.4072672672673 	 3.696199121291035e-08 	 8.407998612505807e-17
403.9077477477478 	 3.691619175690856e-08 	 8.366402734032458e-17
404.40822822822827 	 3.6870505660290416e-08 	 8.325063765563227e-17
404.90870870870873 	 3.6824932502708144e-08 	 8.283979805333875e-17
405.40918918918925 	 3.6779471865889624e-08 	 8.24314896798394e-17
405.9096696696697 	 3.673412333362569e-08 	 8.202569384395227e-17
406.4101501501502 	 3.668888649175732e-08 	 8.162239201532053e-17
406.9106306306307 	 3.6643760928163096e-08 	 8.122156582283338e-17
407.41111111111115 	 3.659874623274666e-08 	 8.082319705306381e-17
407.9115915915916 	 3.65538419974243e-08 	 8.042726764872342e-17
408.41207207207214 	 3.650904781611261e-08 	 8.003375970713499e-17
408.9125525525526 	 3.646436328471627e-08 	 7.96426554787211e-17
409.41303303303306 	 3.641978800111586e-08 	 7.925393736550968e-17
409.9135135135136 	 3.6375321565155834e-08 	 7.886758791965595e-17
410.41399399399404 	 3.633096357863254e-08 	 7.848358984198066e-17
410.9144744744745 	 3.6286713645282276e-08 	 7.810192598052376e-17
411.414954954955 	 3.624257137076958e-08 	 7.77225793291147e-17
411.9154354354355 	 3.619853636267546e-08 	 7.734553302595787e-17
412.41591591591595 	 3.615460823048579e-08 	 7.697077035223339e-17
412.9163963963964 	 3.611078658557972e-08 	 7.659827473071319e-17
413.4168768768769 	 3.606707104121828e-08 	 7.622802972439245e-17
413.9173573573574 	 3.6023461212532963e-08 	 7.586001903513567e-17
414.41783783783785 	 3.597995671651445e-08 	 7.549422650233715e-17
414.91831831831837 	 3.593655717200136e-08 	 7.513063610159651e-17
415.41879879879883 	 3.58932621996692e-08 	 7.476923194340835e-17
415.9192792792793 	 3.585007142201919e-08 	 7.440999827186575e-17
416.4197597597598 	 3.5806984463367414e-08 	 7.40529194633783e-17
416.9202402402403 	 3.576400094983386e-08 	 7.369798002540368e-17
417.42072072072074 	 3.572112050933159e-08 	 7.334516459519273e-17
417.92120120120126 	 3.567834277155607e-08 	 7.299445793854839e-17
418.4216816816817 	 3.5635667367974484e-08 	 7.264584494859791e-17
418.9221621621622 	 3.559309393181508e-08 	 7.229931064457778e-17
419.4226426426427 	 3.5550622098056786e-08 	 7.19548401706323e-17
419.92312312312316 	 3.550825150341869e-08 	 7.161241879462487e-17
420.4236036036036 	 3.546598178634969e-08 	 7.127203190696132e-17
420.92408408408414 	 3.542381258701826e-08 	 7.093366501942707e-17
421.4245645645646 	 3.5381743547302166e-08 	 7.059730376403548e-17
421.92504504504507 	 3.533977431077842e-08 	 7.026293389188926e-17
422.4255255255256 	 3.52979045227131e-08 	 6.993054127205342e-17
422.92600600600605 	 3.525613383005149e-08 	 6.960011189044098e-17
423.4264864864865 	 3.5214461881408024e-08 	 6.927163184870948e-17
423.92696696696703 	 3.517288832705652e-08 	 6.894508736317012e-17
424.4274474474475 	 3.513141281892037e-08 	 6.862046476370806e-17
424.92792792792795 	 3.509003501056283e-08 	 6.829775049271404e-17
425.4284084084085 	 3.504875455717734e-08 	 6.797693110402734e-17
425.92888888888893 	 3.500757111557802e-08 	 6.765799326189033e-17
426.4293693693694 	 3.49664843441901e-08 	 6.734092373991345e-17
426.9298498498499 	 3.492549390304046e-08 	 6.70257094200512e-17
427.4303303303304 	 3.488459945374833e-08 	 6.67123372915894e-17
427.93081081081084 	 3.484380065951591e-08 	 6.64007944501424e-17
428.43129129129136 	 3.480309718511916e-08 	 6.609106809666132e-17
428.9317717717718 	 3.47624886968986e-08 	 6.578314553645254e-17
429.4322522522523 	 3.472197486275021e-08 	 6.547701417820625e-17
429.9327327327328 	 3.4681555352116334e-08 	 6.517266153303551e-17
430.43321321321326 	 3.464122983597677e-08 	 6.487007521352518e-17
430.9336936936937 	 3.460099798683974e-08 	 6.456924293279062e-17
431.4341741741742 	 3.4560859478733134e-08 	 6.427015250354657e-17
431.9346546546547 	 3.452081398719561e-08 	 6.39727918371854e-17
432.43513513513517 	 3.448086118926792e-08 	 6.367714894286504e-17
432.93561561561563 	 3.4441000763484175e-08 	 6.338321192660647e-17
433.43609609609615 	 3.4401232389863265e-08 	 6.309096899040041e-17
433.9365765765766 	 3.436155574990028e-08 	 6.280040843132347e-17
434.4370570570571 	 3.4321970526558003e-08 	 6.25115186406633e-17
434.9375375375376 	 3.428247640425846e-08 	 6.222428810305265e-17
435.43801801801806 	 3.424307306887456e-08 	 6.193870539561286e-17
435.9384984984985 	 3.420376020772175e-08 	 6.165475918710565e-17
436.43897897897904 	 3.416453750954972e-08 	 6.137243823709386e-17
436.9394594594595 	 3.4125404664534245e-08 	 6.109173139511106e-17
437.43993993993996 	 3.408636136426897e-08 	 6.081262759983907e-17
437.9404204204205 	 3.4047407301757355e-08 	 6.053511587829469e-17
438.44090090090094 	 3.400854217140459e-08 	 6.025918534502436e-17
438.9413813813814 	 3.3969765669009624e-08 	 5.998482520130687e-17
439.4418618618619 	 3.393107749175722e-08 	 5.971202473436465e-17
439.9423423423424 	 3.3892477338210105e-08 	 5.944077331658309e-17
440.44282282282285 	 3.3853964908301065e-08 	 5.917106040473734e-17
440.94330330330337 	 3.3815539903325266e-08 	 5.890287553922762e-17
441.44378378378383 	 3.3777202025932447e-08 	 5.863620834332191e-17
441.9442642642643 	 3.373895098011932e-08 	 5.837104852240661e-17
442.4447447447448 	 3.370078647122187e-08 	 5.810738586324439e-17
442.9452252252253 	 3.3662708205907894e-08 	 5.784521023324027e-17
443.44570570570573 	 3.362471589216938e-08 	 5.758451157971437e-17
443.94618618618625 	 3.3586809239315114e-08 	 5.732527992918262e-17
444.4466666666667 	 3.354898795796325e-08 	 5.706750538664451e-17
444.9471471471472 	 3.351125176003393e-08 	 5.681117813487786e-17
445.4476276276277 	 3.347360035874195e-08 	 5.655628843374107e-17
445.94810810810816 	 3.343603346858958e-08 	 5.63028266194823e-17
446.4485885885886 	 3.339855080535926e-08 	 5.605078310405534e-17
446.94906906906914 	 3.3361152086106443e-08 	 5.580014837444261e-17
447.4495495495496 	 3.332383702915255e-08 	 5.555091299198512e-17
447.95003003003006 	 3.32866053540778e-08 	 5.53030675917187e-17
448.4505105105105 	 3.324945678171424e-08 	 5.505660288171727e-17
448.95099099099104 	 3.321239103413878e-08 	 5.4811509642442585e-17
449.4514714714715 	 3.3175407834666205e-08 	 5.4567778726100317e-17
449.95195195195197 	 3.3138506907842354e-08 	 5.432540105600296e-17
450.4524324324325 	 3.3101687979437224e-08 	 5.4084367625938486e-17
450.95291291291295 	 3.3064950776438246e-08 	 5.3844669499546137e-17
451.4533933933934 	 3.302829502704346e-08 	 5.360629780969752e-17
451.95387387387393 	 3.299172046065485e-08 	 5.3369243757884485e-17
452.4543543543544 	 3.295522680787172e-08 	 5.313349861361304e-17
452.95483483483486 	 3.291881380048399e-08 	 5.28990537138028e-17
453.4553153153154 	 3.288248117146572e-08 	 5.266590046219308e-17
453.95579579579584 	 3.2846228654968526e-08 	 5.2434030328754335e-17
454.4562762762763 	 3.28100559863151e-08 	 5.220343484910564e-17
454.9567567567568 	 3.27739629019928e-08 	 5.197410562393793e-17
455.4572372372373 	 3.273794913964722e-08 	 5.174603431844297e-17
455.95771771771774 	 3.2702014438075834e-08 	 5.1519212661747704e-17
456.45819819819826 	 3.266615853722171e-08 	 5.129363244635458e-17
456.9586786786787 	 3.26303811781672e-08 	 5.106928552758704e-17
457.4591591591592 	 3.2594682103127737e-08 	 5.0846163823040616e-17
457.9596396396397 	 3.255906105544563e-08 	 5.062425931203946e-17
458.46012012012017 	 3.252351777958392e-08 	 5.0403564035098087e-17
458.9606006006006 	 3.248805202112025e-08 	 5.018407009338834e-17
459.46108108108115 	 3.2452663526740827e-08 	 4.996576964821186e-17
459.9615615615616 	 3.241735204423434e-08 	 4.974865492047733e-17
460.46204204204207 	 3.238211732248605e-08 	 4.953271819018328e-17
460.9625225225226 	 3.234695911147174e-08 	 4.931795179590532e-17
461.46300300300305 	 3.231187716225189e-08 	 4.910434813428916e-17
461.9634834834835 	 3.2276871226965734e-08 	 4.8891899659547676e-17
462.46396396396403 	 3.224194105882546e-08 	 4.8680598882963695e-17
462.9644444444445 	 3.22070864121104e-08 	 4.847043837239708e-17
463.46492492492496 	 3.217230704216128e-08 	 4.8261410751796706e-17
463.9654054054055 	 3.213760270537445e-08 	 4.805350870071732e-17
464.46588588588594 	 3.2102973159196263e-08 	 4.784672495384096e-17
464.9663663663664 	 3.206841816211738e-08 	 4.764105230050295e-17
465.4668468468469 	 3.203393747366718e-08 	 4.74364835842226e-17
465.9673273273274 	 3.199953085440814e-08 	 4.723301170223837e-17
466.46780780780784 	 3.196519806593035e-08 	 4.703062960504754e-17
466.9682882882883 	 3.1930938870845965e-08 	 4.682933029595023e-17
467.4687687687688 	 3.1896753032783744e-08 	 4.6629106830597916e-17
467.9692492492493 	 3.186264031638363e-08 	 4.6429952316546365e-17
468.46972972972975 	 3.182860048729132e-08 	 4.623185991281241e-17
468.97021021021027 	 3.179463331215292e-08 	 4.603482282943563e-17
469.47069069069073 	 3.176073855860962e-08 	 4.5838834327043836e-17
469.9711711711712 	 3.172691599529235e-08 	 4.564388771642262e-17
470.4716516516517 	 3.169316539181658e-08 	 4.5449976358089316e-17
470.9721321321322 	 3.1659486518777023e-08 	 4.5257093661870895e-17
471.47261261261264 	 3.162587914774252e-08 	 4.506523308648583e-17
471.97309309309315 	 3.1592343051250764e-08 	 4.4874388139130004e-17
472.4735735735736 	 3.155887800280328e-08 	 4.468455237506663e-17
472.9740540540541 	 3.152548377686026e-08 	 4.4495719397219884e-17
473.4745345345346 	 3.149216014883551e-08 	 4.4307882855772544e-17
473.97501501501506 	 3.145890689509141e-08 	 4.41210364477675e-17
474.4754954954955 	 3.142572379293393e-08 	 4.393517391671284e-17
474.97597597597604 	 3.139261062060765e-08 	 4.37502890521908e-17
475.4764564564565 	 3.135956715729082e-08 	 4.356637568947053e-17
475.97693693693697 	 3.1326593183090426e-08 	 4.338342770912415e-17
476.4774174174175 	 3.1293688479037354e-08 	 4.3201439036646906e-17
476.97789789789795 	 3.126085282708153e-08 	 4.3020403642080527e-17
477.4783783783784 	 3.122808601008709e-08 	 4.284031553964034e-17
477.9788588588589 	 3.1195387811827594e-08 	 4.2661168787345783e-17
478.4793393393394 	 3.116275801698129e-08 	 4.248295748665445e-17
478.97981981981985 	 3.1130196411126365e-08 	 4.230567578209961e-17
479.48030030030037 	 3.109770278073627e-08 	 4.2129317860930925e-17
479.98078078078083 	 3.106527691317502e-08 	 4.1953877952758853e-17
480.4812612612613 	 3.10329185966926e-08 	 4.1779350329202125e-17
480.9817417417418 	 3.100062762042031e-08 	 4.160572930353853e-17
481.4822222222223 	 3.096840377436623e-08 	 4.143300923035923e-17
481.98270270270274 	 3.0936246849410634e-08 	 4.126118450522593e-17
482.48318318318326 	 3.090415663730146e-08 	 4.1090249564331416e-17
482.9836636636637 	 3.087213293064986e-08 	 4.0920198884163364e-17
483.4841441441442 	 3.0840175522925686e-08 	 4.075102698117112e-17
483.9846246246247 	 3.0808284208453066e-08 	 4.058272841143558e-17
484.48510510510516 	 3.0776458782406005e-08 	 4.0415297770342196e-17
484.9855855855856 	 3.074469904080398e-08 	 4.024872969225712e-17
485.4860660660661 	 3.071300478050759e-08 	 4.0083018850205945e-17
485.9865465465466 	 3.068137579921422e-08 	 3.9918159955555967e-17
486.48702702702707 	 3.064981189545377e-08 	 3.975414775770107e-17
486.98750750750753 	 3.06183128685843e-08 	 3.9590977043749386e-17
487.48798798798805 	 3.058687851878787e-08 	 3.9428642638214204e-17
487.9884684684685 	 3.055550864706626e-08 	 3.9267139402707505e-17
488.488948948949 	 3.0524203055236776e-08 	 3.910646223563634e-17
488.9894294294295 	 3.0492961545928085e-08 	 3.894660607190187e-17
489.48990990990995 	 3.046178392257608e-08 	 3.8787565882601646e-17
489.9903903903904 	 3.043066998941973e-08 	 3.8629336674733966e-17
490.49087087087094 	 3.039961955149698e-08 	 3.8471913490905366e-17
490.9913513513514 	 3.0368632414640734e-08 	 3.8315291409040876e-17
491.49183183183186 	 3.0337708385474745e-08 	 3.8159465542096485e-17
491.9923123123124 	 3.0306847271409614e-08 	 3.8004431037774555e-17
492.49279279279284 	 3.0276048880638795e-08 	 3.785018307824193e-17
492.9932732732733 	 3.024531302213463e-08 	 3.769671687985032e-17
493.4937537537538 	 3.021463950564438e-08 	 3.7544027692859295e-17
493.9942342342343 	 3.018402814168632e-08 	 3.739211080116213e-17
494.49471471471475 	 3.015347874154581e-08 	 3.7240961522013663e-17
494.99519519519527 	 3.012299111727144e-08 	 3.709057520576088e-17
495.4956756756757 	 3.009256508167118e-08 	 3.6940947235576134e-17
495.9961561561562 	 3.006220044830854e-08 	 3.679207302719227e-17
496.4966366366367 	 3.0031897031498724e-08 	 3.6643948028640634e-17
496.99711711711717 	 3.000165464630492e-08 	 3.649656771999122e-17
497.49759759759763 	 2.997147310853449e-08 	 3.6349927613095225e-17
497.99807807807815 	 2.994135223473522e-08 	 3.620402325132986e-17
498.4985585585586 	 2.991129184219165e-08 	 3.605885020934564e-17
498.9990390390391 	 2.9881291748921324e-08 	 3.5914404092815675e-17
499.4995195195196 	 2.9851351773671175e-08 	 3.5770680538187534e-17
500.0 	 2.9821471735913826e-08 	 3.562767521243709e-17
