3.5233633633633636 	 2.6248118715242814e-06 	 8.292153024370671e-10
4.023843843843844 	 2.6869284399768124e-06 	 4.675066968359364e-10
4.524324324324325 	 2.7595246119683903e-06 	 2.7786059857033054e-10
5.0248048048048055 	 2.8431567463775795e-06 	 1.7142772620247452e-10
5.525285285285285 	 2.9380273888120944e-06 	 1.084041371230528e-10
6.025765765765766 	 3.0435152820718313e-06 	 6.943672950527918e-11
6.526246246246247 	 3.1572028066651075e-06 	 4.447579883063313e-11
7.026726726726727 	 3.2727780770621204e-06 	 2.8023760387154606e-11
7.527207207207208 	 3.37576639164085e-06 	 1.694088168481581e-11
8.027687687687688 	 3.4337706013521925e-06 	 9.391640864749448e-12
8.528168168168168 	 3.3737728571625836e-06 	 4.316870479060104e-12
9.02864864864865 	 3.0251829570805026e-06 	 1.2051596442614e-12
9.52912912912913 	 1.9665074511162453e-06 	 1.028153436846984e-13
10.029609609609611 	 9.135679770315997e-07 	 1.99662497677665e-12
10.530090090090091 	 8.630169404655856e-06 	 9.975555369545592e-12
11.030570570570571 	 2.7696103703830002e-05 	 3.0325177836331707e-11
11.531051051051053 	 5.6594204069444605e-05 	 5.829328413036945e-11
12.031531531531533 	 6.421217929568259e-05 	 6.009942060637954e-11
12.532012012012013 	 5.5029936117937634e-05 	 4.566215662707515e-11
13.032492492492494 	 5.0137721553908384e-05 	 3.9950588226945213e-11
13.532972972972974 	 4.119391856766124e-05 	 3.143826544609268e-11
14.033453453453454 	 3.527213798738445e-05 	 2.399522721921546e-11
14.533933933933936 	 3.278754858353414e-05 	 2.0261351624251567e-11
15.034414414414416 	 3.172268007372251e-05 	 1.8588207317263708e-11
15.534894894894897 	 3.069661065310824e-05 	 1.7894221528869282e-11
16.035375375375377 	 2.859810068737366e-05 	 1.727253584753581e-11
16.535855855855857 	 2.504099503853006e-05 	 1.6067943525339532e-11
17.036336336336337 	 2.06623224897963e-05 	 1.4199086896140772e-11
17.53681681681682 	 1.6458976081339392e-05 	 1.2043309845275912e-11
18.0372972972973 	 1.3018840335912094e-05 	 9.993427231189842e-12
18.53777777777778 	 1.0440032481557739e-05 	 8.240486131958123e-12
19.03825825825826 	 8.58667593854135e-06 	 6.8153404274677235e-12
19.53873873873874 	 7.280231040613933e-06 	 5.678837598430577e-12
20.039219219219223 	 6.371283026235292e-06 	 4.775571696919301e-12
20.539699699699703 	 5.751671076297506e-06 	 4.055010359579101e-12
21.040180180180183 	 5.347175812859044e-06 	 3.4767827686586558e-12
21.540660660660663 	 5.107692766836024e-06 	 3.0103008156061168e-12
22.041141141141143 	 4.998871779632102e-06 	 2.632908279450996e-12
22.541621621621623 	 4.995475380531066e-06 	 2.327943383518848e-12
23.042102102102106 	 5.076033365053514e-06 	 2.0830916337073473e-12
23.542582582582586 	 5.21812798434945e-06 	 1.8889931793081847e-12
24.043063063063066 	 5.3939982668013175e-06 	 1.73804549409882e-12
24.543543543543546 	 5.5674283154447175e-06 	 1.6232114880605065e-12
25.044024024024026 	 5.692690424865558e-06 	 1.5370304848859641e-12
25.54450450450451 	 5.7181211205986845e-06 	 1.4708602563852933e-12
26.04498498498499 	 5.59462436943763e-06 	 1.4146609069669023e-12
26.54546546546547 	 5.290741922616966e-06 	 1.3573151691549731e-12
27.04594594594595 	 4.818400348365343e-06 	 1.287991342908436e-12
27.54642642642643 	 4.2694819640511995e-06 	 1.200718211123568e-12
28.04690690690691 	 3.8027042804376555e-06 	 1.1023599586503914e-12
28.547387387387392 	 3.5056438446806314e-06 	 1.0099969559002302e-12
29.047867867867872 	 3.3175645454512964e-06 	 9.329589235487178e-13
29.548348348348352 	 3.149631903699991e-06 	 8.684377245789042e-13
30.04882882882883 	 2.967202918684765e-06 	 8.111481085248542e-13
30.54930930930931 	 2.7721054513148854e-06 	 7.581029609562157e-13
31.049789789789795 	 2.575010823591312e-06 	 7.082359305658803e-13
31.550270270270275 	 2.384691017297466e-06 	 6.613165992994259e-13
32.05075075075076 	 2.2063190884977205e-06 	 6.173451633734148e-13
32.55123123123124 	 2.0421819619129196e-06 	 5.76328466237857e-13
33.05171171171172 	 1.8927662831062127e-06 	 5.382171733973707e-13
33.5521921921922 	 1.7575878123241912e-06 	 5.029066955246857e-13
34.05267267267268 	 1.635651208304913e-06 	 4.702525971846177e-13
34.55315315315316 	 1.525746834543897e-06 	 4.4008617497853507e-13
35.053633633633645 	 1.4266537736177692e-06 	 4.1223124034356746e-13
35.55411411411412 	 1.3371658580150375e-06 	 3.865099159516745e-13
36.054594594594604 	 1.2562103053327704e-06 	 3.627498923019773e-13
36.55507507507508 	 1.1828168001460207e-06 	 3.407891934061764e-13
37.055555555555564 	 1.1161021320065307e-06 	 3.2047510994213517e-13
37.55603603603605 	 1.055311920176536e-06 	 3.016682172721681e-13
38.056516516516524 	 9.997598669331112e-07 	 2.842387966582341e-13
38.55699699699701 	 9.488833466237169e-07 	 2.6807011479766016e-13
39.057477477477484 	 9.021476355130951e-07 	 2.53054860615974e-13
39.55795795795797 	 8.591239150360847e-07 	 2.3909581178540175e-13
40.05843843843845 	 8.194168682930519e-07 	 2.2610483155346427e-13
40.55891891891893 	 7.826845061573434e-07 	 2.1400193033179562e-13
41.05939939939941 	 7.486294175949012e-07 	 2.0271451497125177e-13
41.55987987987989 	 7.169860860931221e-07 	 1.921768073612019e-13
42.06036036036037 	 6.875209733739856e-07 	 1.8232918060105273e-13
42.56084084084085 	 6.600339376214845e-07 	 1.7311708714822916e-13
43.06132132132133 	 6.343416536177698e-07 	 1.6449129416154079e-13
43.56180180180181 	 6.102848602657166e-07 	 1.564067681344124e-13
44.06228228228229 	 5.877201708975374e-07 	 1.4882266193334436e-13
44.56276276276277 	 5.665204908932993e-07 	 1.4170152562355584e-13
45.06324324324325 	 5.465687801232595e-07 	 1.3500949894232914e-13
45.56372372372373 	 5.277690502860998e-07 	 1.287150924686324e-13
46.064204204204216 	 5.100237434929619e-07 	 1.2279004712543673e-13
46.56468468468469 	 4.932546153415773e-07 	 1.1720800487363452e-13
47.065165165165176 	 4.773846204657936e-07 	 1.1194519245146648e-13
47.56564564564565 	 4.623467432181462e-07 	 1.0697953302205701e-13
48.066126126126136 	 4.4808140161501217e-07 	 1.0229074725081471e-13
48.56660660660662 	 4.345352626397794e-07 	 9.786007242101332e-14
49.067087087087096 	 4.216533966611815e-07 	 9.367063771155819e-14
49.56756756756758 	 4.0939232801673225e-07 	 8.970647513553601e-14
50.068048048048055 	 3.977126213347063e-07 	 8.595286790063902e-14
50.56852852852854 	 3.865725456142095e-07 	 8.239649388655222e-14
51.06900900900902 	 3.759379952576223e-07 	 7.902486300784634e-14
51.5694894894895 	 3.657773231514244e-07 	 7.582630703304439e-14
52.06996996996998 	 3.5606110385870724e-07 	 7.27902135146112e-14
52.57045045045046 	 3.467628615139259e-07 	 6.990649066754855e-14
53.07093093093094 	 3.378562496614476e-07 	 6.716610201526633e-14
53.571411411411425 	 3.2931844338435957e-07 	 6.45603962670337e-14
54.0718918918919 	 3.2112868071938036e-07 	 6.20813742044143e-14
54.572372372372385 	 3.1326587203012293e-07 	 5.972169566842161e-14
55.07285285285286 	 3.0571393485950125e-07 	 5.747433443412305e-14
55.573333333333345 	 2.9845302251124757e-07 	 5.5332972732452255e-14
56.07381381381382 	 2.9147052622909245e-07 	 5.3291489459384164e-14
56.574294294294305 	 2.847488093651422e-07 	 5.13443766394144e-14
57.07477477477479 	 2.782757014952448e-07 	 4.948633002072908e-14
57.575255255255264 	 2.720375915870607e-07 	 4.771248516061367e-14
58.07573573573575 	 2.660234874206854e-07 	 4.601819265683577e-14
58.576216216216224 	 2.6022135507805194e-07 	 4.439923810450445e-14
59.07669669669671 	 2.5462069864250443e-07 	 4.285156758974245e-14
59.57717717717719 	 2.4921291477800196e-07 	 4.137135171914523e-14
60.07765765765767 	 2.439874553829144e-07 	 3.995515248105452e-14
60.57813813813815 	 2.389362923307616e-07 	 3.859957267972974e-14
61.07861861861863 	 2.340509626475677e-07 	 3.730155355594273e-14
61.57909909909911 	 2.2932509662623184e-07 	 3.6058089928903074e-14
62.079579579579594 	 2.247506724483644e-07 	 3.486645547438678e-14
62.58006006006007 	 2.2031948003795067e-07 	 3.372411840447971e-14
63.080540540540554 	 2.160277243110671e-07 	 3.262852075216488e-14
63.58102102102103 	 2.1186836944252272e-07 	 3.157742441390851e-14
64.0815015015015 	 2.0783477824912247e-07 	 3.05686636986636e-14
64.58198198198198 	 2.0392385072794732e-07 	 2.960016093300115e-14
65.08246246246247 	 2.001274199236609e-07 	 2.8670051069402893e-14
65.58294294294295 	 1.964426340495147e-07 	 2.7776458442449138e-14
66.08342342342343 	 1.9286599217882824e-07 	 2.6917627196282652e-14
66.5839039039039 	 1.8939115351997402e-07 	 2.6092011338998544e-14
67.08438438438439 	 1.8601471504699885e-07 	 2.529803554717019e-14
67.58486486486487 	 1.827327093573335e-07 	 2.4534246292425256e-14
68.08534534534535 	 1.7954247758958238e-07 	 2.3799233296673073e-14
68.58582582582584 	 1.7643859669446347e-07 	 2.309176144207938e-14
69.08630630630631 	 1.734199042344573e-07 	 2.2410525225236354e-14
69.58678678678679 	 1.7048180920430694e-07 	 2.1754427551025653e-14
70.08726726726728 	 1.67622162812077e-07 	 2.1122279909435072e-14
70.58774774774776 	 1.6483703686327e-07 	 2.051310055091995e-14
71.08822822822823 	 1.6212416791559913e-07 	 1.9925868369882994e-14
71.58870870870871 	 1.5948120680045056e-07 	 1.9359603041102914e-14
72.0891891891892 	 1.5690621864170008e-07 	 1.8813426750340322e-14
72.58966966966968 	 1.543954545240062e-07 	 1.828651649335972e-14
73.09015015015015 	 1.5194737011826125e-07 	 1.777803620764326e-14
73.59063063063064 	 1.4955998727114563e-07 	 1.7287189859675503e-14
74.09111111111112 	 1.4723167138859082e-07 	 1.6813237791207594e-14
74.5915915915916 	 1.4495954962335248e-07 	 1.635554040820307e-14
75.09207207207209 	 1.427416137281919e-07 	 1.591338772355152e-14
75.59255255255256 	 1.405765802044042e-07 	 1.548616009164605e-14
76.09303303303304 	 1.3846249779750533e-07 	 1.5073259681438307e-14
76.59351351351351 	 1.3639791564212698e-07 	 1.4674087293297252e-14
77.093993993994 	 1.3438219265599406e-07 	 1.428809696623512e-14
77.59447447447448 	 1.3241123951961326e-07 	 1.3914798875822399e-14
78.09495495495496 	 1.304864769990093e-07 	 1.3553644243359288e-14
78.59543543543545 	 1.2860435236453822e-07 	 1.3204217298524533e-14
79.09591591591592 	 1.2676449718753652e-07 	 1.2866012816985087e-14
79.5963963963964 	 1.2496543005396363e-07 	 1.2538628812162729e-14
80.09687687687689 	 1.2320601240109082e-07 	 1.2221652560661824e-14
80.59735735735737 	 1.2148440743763855e-07 	 1.1914665403643585e-14
81.09783783783784 	 1.1980069518704714e-07 	 1.1617295255580216e-14
81.59831831831832 	 1.1815301687062884e-07 	 1.132918221965027e-14
82.09879879879881 	 1.1654089224001575e-07 	 1.1049983644710756e-14
82.59927927927929 	 1.149624162268674e-07 	 1.077937288883911e-14
83.09975975975976 	 1.1341647261868289e-07 	 1.0517035247697406e-14
83.60024024024025 	 1.1190261431159194e-07 	 1.0262670570536552e-14
84.10072072072073 	 1.1042047048687614e-07 	 1.0015967988917473e-14
84.6012012012012 	 1.0896885582458524e-07 	 9.776675491726019e-15
85.10168168168168 	 1.0754610682882782e-07 	 9.544505866242353e-15
85.60216216216217 	 1.0615172650714876e-07 	 9.319229197390361e-15
86.10264264264265 	 1.047854396937932e-07 	 9.100580986984727e-15
86.60312312312313 	 1.0344745534527948e-07 	 8.888310028176267e-15
87.10360360360362 	 1.0213472321004786e-07 	 8.682234456512691e-15
87.60408408408409 	 1.0084765807811957e-07 	 8.482118021952713e-15
88.10456456456457 	 9.958586790706713e-08 	 8.287757155101428e-15
88.60504504504506 	 9.834778035324876e-08 	 8.098954688199141e-15
89.10552552552554 	 9.7134186922939e-08 	 7.915505329586728e-15
89.60600600600601 	 9.594299457013862e-08 	 7.737258781218874e-15
90.10648648648649 	 9.477506587563438e-08 	 7.563994285830869e-15
90.60696696696698 	 9.362767496587841e-08 	 7.395592043764615e-15
91.10744744744746 	 9.250238458550891e-08 	 7.231857992649611e-15
91.60792792792793 	 9.139816175304942e-08 	 7.072640685049134e-15
92.10840840840842 	 9.031418832164663e-08 	 6.917803250180097e-15
92.6088888888889 	 8.924967267628898e-08 	 6.767188462014713e-15
93.10936936936938 	 8.820413989927727e-08 	 6.6206622583923324e-15
93.60984984984987 	 8.717769579786101e-08 	 6.4780995373282916e-15
94.11033033033034 	 8.616960585913341e-08 	 6.3393659787259354e-15
94.61081081081082 	 8.517956801408732e-08 	 6.2043279407282014e-15
95.1112912912913 	 8.420680974053427e-08 	 6.072885030161133e-15
95.61177177177179 	 8.325117477896501e-08 	 5.9449149973647664e-15
96.11225225225226 	 8.231211167229613e-08 	 5.820308579250885e-15
96.61273273273274 	 8.1389113867506e-08 	 5.698960501254079e-15
97.11321321321323 	 8.048167181642891e-08 	 5.5807693004275e-15
97.6136936936937 	 7.958987222415272e-08 	 5.465637309441851e-15
98.11417417417418 	 7.871377726728136e-08 	 5.353457384049424e-15
98.61465465465466 	 7.785215548270681e-08 	 5.244155608001053e-15
99.11513513513515 	 7.700511253063884e-08 	 5.137636978954266e-15
99.61561561561562 	 7.617167050454372e-08 	 5.033820428830247e-15
100.1160960960961 	 7.54971443012686e-08 	 4.933041116491213e-15
100.61657657657659 	 7.512161127937088e-08 	 4.8356205527952e-15
101.11705705705707 	 7.47497956707901e-08 	 4.740593057071622e-15
101.61753753753754 	 7.438164254919616e-08 	 4.6478884337548085e-15
102.11801801801803 	 7.401709806503488e-08 	 4.557438877788915e-15
102.61849849849851 	 7.365610941927038e-08 	 4.469178882040255e-15
103.11897897897899 	 7.32986248378919e-08 	 4.3830451487244926e-15
103.61945945945946 	 7.294459354715949e-08 	 4.298976504656152e-15
104.11993993993995 	 7.25939657495638e-08 	 4.216913820138069e-15
104.62042042042043 	 7.224669260047566e-08 	 4.13679993131789e-15
105.1209009009009 	 7.190272618546274e-08 	 4.058579565847711e-15
105.6213813813814 	 7.156201949825119e-08 	 3.982199271691531e-15
106.12186186186187 	 7.122452641931087e-08 	 3.907607348933016e-15
106.62234234234235 	 7.089020169504364e-08 	 3.8347537844438116e-15
107.12282282282284 	 7.055900091755502e-08 	 3.763590189279657e-15
107.62330330330332 	 7.023088050499047e-08 	 3.694069738678376e-15
108.1237837837838 	 6.990579768241746e-08 	 3.626147114540061e-15
108.62426426426427 	 6.958371046323639e-08 	 3.5597784502760034e-15
109.12474474474476 	 6.926457763110271e-08 	 3.494921277918363e-15
109.62522522522524 	 6.894835872234451e-08 	 3.4315344773881478e-15
110.12570570570571 	 6.863501400885941e-08 	 3.3695782278240433e-15
110.6261861861862 	 6.832450448147567e-08 	 3.3090139608795197e-15
111.12666666666668 	 6.801679183376303e-08 	 3.2498043159001673e-15
111.62714714714716 	 6.771183844627899e-08 	 3.191913096897495e-15
112.12762762762763 	 6.740960737123696e-08 	 3.1353052312395984e-15
112.62810810810812 	 6.711006231758326e-08 	 3.079946729982869e-15
113.1285885885886 	 6.68131676364702e-08 	 3.0258046497726624e-15
113.62906906906908 	 6.651888830711306e-08 	 2.9728470562442335e-15
114.12954954954957 	 6.622718992301912e-08 	 2.921042988858642e-15
114.63003003003004 	 6.593803867857767e-08 	 2.870362427111335e-15
115.13051051051052 	 6.565140135599946e-08 	 2.82077625805415e-15
115.63099099099101 	 6.53672453125956e-08 	 2.7722562450742556e-15
116.13147147147149 	 6.508553846838523e-08 	 2.7247749978762162e-15
116.63195195195196 	 6.480624929402239e-08 	 2.6783059436158764e-15
117.13243243243244 	 6.45293467990322e-08 	 2.632823299137168e-15
117.63291291291293 	 6.425480052034759e-08 	 2.588302044265225e-15
118.1333933933934 	 6.398258051113724e-08 	 2.5447178961113327e-15
118.63387387387388 	 6.371265732991632e-08 	 2.5020472843472852e-15
119.13435435435437 	 6.344500202993191e-08 	 2.4602673274087124e-15
119.63483483483485 	 6.317958614881448e-08 	 2.4193558095887174e-15
120.13531531531532 	 6.291638169848842e-08 	 2.3792911589850076e-15
120.63579579579581 	 6.265536115533343e-08 	 2.3400524262653035e-15
121.13627627627629 	 6.239649745059e-08 	 2.301619264217438e-15
121.63675675675677 	 6.213976396100167e-08 	 2.2639719080520563e-15
122.13723723723724 	 6.188513449968729e-08 	 2.2270911564272733e-15
122.63771771771773 	 6.16325833072369e-08 	 2.1909583531659918e-15
123.13819819819821 	 6.138208504302476e-08 	 2.155555369637924e-15
123.63867867867869 	 6.113361477673321e-08 	 2.12086458777955e-15
124.13915915915918 	 6.08871479800817e-08 	 2.0868688837264576e-15
124.63963963963965 	 6.064266051875512e-08 	 2.053551612033638e-15
125.14012012012013 	 6.040012864452558e-08 	 2.0208965904603295e-15
125.64060060060062 	 6.015952898756286e-08 	 1.988888085297099e-15
126.1410810810811 	 5.992083854892756e-08 	 1.9575107972137314e-15
126.64156156156157 	 5.968403469324245e-08 	 1.926749847607508e-15
127.14204204204205 	 5.944909514153689e-08 	 1.8965907654322545e-15
127.64252252252254 	 5.921599796425949e-08 	 1.8670194744894553e-15
128.14300300300303 	 5.8984721574454657e-08 	 1.8380222811634628e-15
128.64348348348352 	 5.875524472109829e-08 	 1.8095858625836455e-15
129.14396396396398 	 5.852754648258854e-08 	 1.7816972551970186e-15
129.64444444444447 	 5.8301606260387174e-08 	 1.7543438437355914e-15
130.14492492492496 	 5.8077403772807924e-08 	 1.727513350563377e-15
130.64540540540543 	 5.7854919048947356e-08 	 1.7011938253885485e-15
131.14588588588592 	 5.763413242275481e-08 	 1.6753736353269341e-15
131.6463663663664 	 5.741502452723765e-08 	 1.6500414553035549e-15
132.14684684684687 	 5.7197576288798085e-08 	 1.6251862587794592e-15
132.64732732732736 	 5.698176892169828e-08 	 1.600797308791676e-15
133.14780780780782 	 5.6767583922650284e-08 	 1.5768641492945736e-15
133.6482882882883 	 5.655500306552744e-08 	 1.5533765967913819e-15
134.1487687687688 	 5.634400839619433e-08 	 1.5303247322451553e-15
134.64924924924927 	 5.613458222745183e-08 	 1.5076988932588002e-15
135.14972972972976 	 5.592670713409465e-08 	 1.4854896665142921e-15
135.65021021021025 	 5.5720365948078134e-08 	 1.4636878804615616e-15
136.1506906906907 	 5.551554175379186e-08 	 1.4422845982479212e-15
136.6511711711712 	 5.531221788343681e-08 	 1.4212711108792631e-15
137.1516516516517 	 5.511037791250409e-08 	 1.4006389306046471e-15
137.65213213213215 	 5.4910005655352023e-08 	 1.3803797845161602e-15
138.15261261261264 	 5.4711085160879466e-08 	 1.360485608356316e-15
138.65309309309313 	 5.4513600708292874e-08 	 1.3409485405255497e-15
139.1535735735736 	 5.431753680296471e-08 	 1.3217609162826313e-15
139.6540540540541 	 5.4122878172380716e-08 	 1.3029152621311205e-15
140.15453453453458 	 5.3929609762174366e-08 	 1.2844042903852879e-15
140.65501501501504 	 5.373771673224568e-08 	 1.2662208939091037e-15
141.15549549549553 	 5.354718445296267e-08 	 1.2483581410222243e-15
141.65597597597602 	 5.335799850144347e-08 	 1.2308092705671025e-15
142.15645645645648 	 5.317014465791679e-08 	 1.2135676871315634e-15
142.65693693693697 	 5.298360890215908e-08 	 1.196626956421433e-15
143.15741741741743 	 5.279837741000648e-08 	 1.1799808007780099e-15
143.65789789789793 	 5.261443654993952e-08 	 1.1636230948353302e-15
144.15837837837842 	 5.243177287973918e-08 	 1.1475478613124392e-15
144.65885885885888 	 5.225037314321217e-08 	 1.131749266935982e-15
145.15933933933937 	 5.2070224266984045e-08 	 1.1162216184886724e-15
145.65981981981986 	 5.189131335735843e-08 	 1.1009593589793262e-15
146.16030030030032 	 5.1713627697240775e-08 	 1.0859570639303162e-15
146.6607807807808 	 5.153715474312504e-08 	 1.0712094377784661e-15
147.1612612612613 	 5.136188212214197e-08 	 1.0567113103855443e-15
147.66174174174176 	 5.118779762916728e-08 	 1.0424576336546616e-15
148.16222222222225 	 5.101488922398854e-08 	 1.0284434782490086e-15
148.66270270270275 	 5.084314502852923e-08 	 1.0146640304095183e-15
149.1631831831832 	 5.067255332412878e-08 	 1.0011145888681368e-15
149.6636636636637 	 5.050310254887697e-08 	 9.877905618535245e-16
150.1641441441442 	 5.033478129500192e-08 	 9.74687464186134e-16
150.66462462462465 	 5.016757830630988e-08 	 9.618009144596916e-16
151.16510510510514 	 5.000148247567604e-08 	 9.491266323062523e-16
151.6655855855856 	 4.983648284258498e-08 	 9.366604357420775e-16
152.1660660660661 	 4.967256859071962e-08 	 9.243982385916854e-16
152.66654654654658 	 4.950972904559763e-08 	 9.123360479875352e-16
153.16702702702705 	 4.934795367225422e-08 	 9.004699619428806e-16
153.66750750750754 	 4.9187232072970046e-08 	 8.887961669954081e-16
154.16798798798803 	 4.902755398504363e-08 	 8.773109359194045e-16
154.6684684684685 	 4.8868909278606785e-08 	 8.660106255042117e-16
155.16894894894898 	 4.871128795448245e-08 	 8.548916743968669e-16
155.66942942942947 	 4.855468014208383e-08 	 8.439506010068628e-16
156.16990990990993 	 4.8399076097353943e-08 	 8.33184001471049e-16
156.67039039039042 	 4.824446620074453e-08 	 8.225885476767569e-16
157.1708708708709 	 4.809084095523378e-08 	 8.121609853413227e-16
157.67135135135138 	 4.793819098438175e-08 	 8.018981321461982e-16
158.17183183183187 	 4.778650703042251e-08 	 7.917968759239507e-16
158.67231231231236 	 4.763577995239269e-08 	 7.818541728964904e-16
159.17279279279282 	 4.748600072429514e-08 	 7.720670459629097e-16
159.6732732732733 	 4.733716043329717e-08 	 7.624325830353992e-16
160.1737537537538 	 4.7189250277962603e-08 	 7.529479354217433e-16
160.67423423423426 	 4.704226156651683e-08 	 7.436103162529414e-16
161.17471471471475 	 4.689618571514416e-08 	 7.344169989545726e-16
161.67519519519522 	 4.675101424631692e-08 	 7.253653157605512e-16
162.1756756756757 	 4.660673878715534e-08 	 7.164526562679683e-16
162.6761561561562 	 4.646335106781783e-08 	 7.076764660317644e-16
163.17663663663666 	 4.6320842919920805e-08 	 6.990342451980157e-16
163.67711711711715 	 4.617920627498751e-08 	 6.905235471746581e-16
164.17759759759764 	 4.603843316292527e-08 	 6.821419773385165e-16
164.6780780780781 	 4.5898515710530524e-08 	 6.738871917775398e-16
165.1785585585586 	 4.575944614002084e-08 	 6.657568960671696e-16
165.67903903903908 	 4.5621216767593815e-08 	 6.577488440798371e-16
166.17951951951954 	 4.548382000201185e-08 	 6.498608368265757e-16
166.68000000000004 	 4.534724834321238e-08 	 6.420907213297936e-16
167.18048048048053 	 4.5211494380943267e-08 	 6.34436389526293e-16
167.680960960961 	 4.507655079342242e-08 	 6.268957771996107e-16
168.18144144144148 	 4.4942410346021454e-08 	 6.194668629408335e-16
168.68192192192197 	 4.480906588997276e-08 	 6.121476671370394e-16
169.18240240240243 	 4.467651036109952e-08 	 6.049362509865481e-16
169.68288288288292 	 4.4544736778568235e-08 	 5.978307155401977e-16
170.18336336336338 	 4.441373824366318e-08 	 5.908292007678859e-16
170.68384384384387 	 4.4283507938582524e-08 	 5.839298846496344e-16
171.18432432432436 	 4.4154039125255476e-08 	 5.771309822904662e-16
171.68480480480483 	 4.402532514418019e-08 	 5.704307450584032e-16
172.18528528528532 	 4.389735941328185e-08 	 5.63827459744913e-16
172.6857657657658 	 4.377013542679078e-08 	 5.573194477471659e-16
173.18624624624627 	 4.3643646754139793e-08 	 5.509050642714602e-16
173.68672672672676 	 4.3517887038880725e-08 	 5.445826975572182e-16
174.18720720720725 	 4.3392849997619674e-08 	 5.383507681209682e-16
174.6876876876877 	 4.326852941897047e-08 	 5.322077280197278e-16
175.1881681681682 	 4.314491916252607e-08 	 5.261520601332519e-16
175.6886486486487 	 4.3022013157847674e-08 	 5.201822774646021e-16
176.18912912912916 	 4.2899805403470864e-08 	 5.142969224585191e-16
176.68960960960965 	 4.27782899659288e-08 	 5.084945663370998e-16
177.19009009009014 	 4.2657460978791904e-08 	 5.027738084522911e-16
177.6905705705706 	 4.253731264172376e-08 	 4.971332756547257e-16
178.1910510510511 	 4.241783921955297e-08 	 4.91571621678447e-16
178.69153153153155 	 4.2299035041360574e-08 	 4.860875265410795e-16
179.19201201201204 	 4.218089449958273e-08 	 4.806796959590087e-16
179.69249249249253 	 4.206341204912849e-08 	 4.753468607771658e-16
180.192972972973 	 4.194658220651218e-08 	 4.700877764130033e-16
180.6934534534535 	 4.183039954900026e-08 	 4.649012223142726e-16
181.19393393393398 	 4.171485871377226e-08 	 4.597860014302274e-16
181.69441441441444 	 4.159995439709566e-08 	 4.547409396958816e-16
182.19489489489493 	 4.14856813535143e-08 	 4.497648855289628e-16
182.69537537537542 	 4.1372034395050203e-08 	 4.448567093392211e-16
183.19585585585588 	 4.125900839041841e-08 	 4.4001530304975027e-16
183.69633633633637 	 4.114659826425467e-08 	 4.352395796299989e-16
184.19681681681686 	 4.103479899635575e-08 	 4.3052847264015667e-16
184.69729729729733 	 4.092360562093208e-08 	 4.2588093578660413e-16
185.19777777777782 	 4.081301322587249e-08 	 4.2129594248813154e-16
185.6982582582583 	 4.070301695202089e-08 	 4.167724854526394e-16
186.19873873873877 	 4.0593611992464565e-08 	 4.1230957626403356e-16
186.69921921921926 	 4.0484793591833896e-08 	 4.079062449790498e-16
187.19969969969975 	 4.037655704561349e-08 	 4.0356153973374166e-16
187.7001801801802 	 4.026889769946402e-08 	 3.9927452635936827e-16
188.2006606606607 	 4.016181094855518e-08 	 3.9504428800744506e-16
188.70114114114116 	 4.00552922369091e-08 	 3.9086992478370523e-16
189.20162162162165 	 3.9949337056754226e-08 	 3.867505533907419e-16
189.70210210210215 	 3.984394094788939e-08 	 3.826853067791018e-16
190.2025825825826 	 3.973909949705799e-08 	 3.786733338066092e-16
190.7030630630631 	 3.9634808337331985e-08 	 3.747137989057045e-16
191.2035435435436 	 3.953106314750551e-08 	 3.708058817585886e-16
191.70402402402405 	 3.9427859651498103e-08 	 3.669487769799716e-16
192.20450450450454 	 3.9325193617767157e-08 	 3.631416938072238e-16
192.70498498498503 	 3.922306085872959e-08 	 3.593838557977468e-16
193.2054654654655 	 3.9121457230192486e-08 	 3.5567450053336646e-16
193.70594594594598 	 3.902037863079252e-08 	 3.520128793315764e-16
194.20642642642648 	 3.89198210014441e-08 	 3.483982569634523e-16
194.70690690690694 	 3.8819780324796037e-08 	 3.448299113780668e-16
195.20738738738743 	 3.872025262469653e-08 	 3.413071334332389e-16
195.70786786786792 	 3.862123396566634e-08 	 3.3782922663245564e-16
196.20834834834838 	 3.8522720452380104e-08 	 3.343955068678122e-16
196.70882882882887 	 3.8424708229155494e-08 	 3.3100530216881276e-16
197.20930930930933 	 3.832719347945021e-08 	 3.276579524568904e-16
197.70978978978982 	 3.823017242536655e-08 	 3.243528093054956e-16
198.2102702702703 	 3.813364132716357e-08 	 3.2108923570561724e-16
198.71075075075078 	 3.803759648277653e-08 	 3.1786660583660015e-16
199.21123123123127 	 3.7942034227343624e-08 	 3.1468430484212037e-16
199.71171171171176 	 3.784695093273984e-08 	 3.1154172861120023e-16
200.21219219219222 	 3.7752343007117836e-08 	 3.084382835641281e-16
200.7126726726727 	 3.765820689445554e-08 	 3.0537338644316275e-16
201.2131531531532 	 3.756453907411068e-08 	 3.0234646410791065e-16
201.71363363363366 	 3.747133606038191e-08 	 2.9935695333525135e-16
202.21411411411415 	 3.737859440207628e-08 	 2.964043006237037e-16
202.71459459459464 	 3.7286310682083406e-08 	 2.934879620021246e-16
203.2150750750751 	 3.7194481516955676e-08 	 2.906074028426312e-16
203.7155555555556 	 3.710310355649476e-08 	 2.877620976776427e-16
204.2160360360361 	 3.701217348334421e-08 	 2.8495153002094677e-16
204.71651651651655 	 3.6921688012587986e-08 	 2.821751921926844e-16
205.21699699699704 	 3.683164389135489e-08 	 2.794325851481649e-16
205.71747747747753 	 3.6742037898428744e-08 	 2.767232183104138e-16
206.217957957958 	 3.66528668438643e-08 	 2.7404660940636605e-16
206.71843843843848 	 3.656412756860866e-08 	 2.7140228430661475e-16
207.21891891891894 	 3.6475816944128244e-08 	 2.687897768686318e-16
207.71939939939944 	 3.638793187204109e-08 	 2.6620862878337364e-16
208.21987987987993 	 3.6300469283754537e-08 	 2.6365838942519697e-16
208.7203603603604 	 3.6213426140108016e-08 	 2.611386157049981e-16
209.22084084084088 	 3.6126799431021075e-08 	 2.586488719265044e-16
209.72132132132137 	 3.604058617514635e-08 	 2.561887296456414e-16
210.22180180180183 	 3.59547834195276e-08 	 2.5375776753290315e-16
210.72228228228232 	 3.5869388239262455e-08 	 2.513555712386502e-16
211.2227627627628 	 3.578439773717017e-08 	 2.4898173326127556e-16
211.72324324324327 	 3.569980904346389e-08 	 2.4663585281816077e-16
212.22372372372377 	 3.561561931542767e-08 	 2.443175357193632e-16
212.72420420420426 	 3.553182573709803e-08 	 2.420263942439685e-16
213.22468468468472 	 3.544842551894998e-08 	 2.3976204701904595e-16
213.7251651651652 	 3.536541589758747e-08 	 2.375241189011442e-16
214.2256456456457 	 3.528279413543815e-08 	 2.3531224086027235e-16
214.72612612612616 	 3.520055752045249e-08 	 2.331260498663056e-16
215.22660660660665 	 3.511870336580693e-08 	 2.3096518877775776e-16
215.7270870870871 	 3.503722900961134e-08 	 2.288293062328718e-16
216.2275675675676 	 3.495613181462044e-08 	 2.267180565429681e-16
216.7280480480481 	 3.4875409167949244e-08 	 2.2463109958800325e-16
217.22852852852856 	 3.4795058480792445e-08 	 2.225681007142864e-16
217.72900900900905 	 3.4715077188147635e-08 	 2.2052873063430448e-16
218.22948948948954 	 3.46354627485424e-08 	 2.1851266532860784e-16
218.72996996997 	 3.4556212643765114e-08 	 2.165195859497101e-16
219.2304504504505 	 3.447732437859938e-08 	 2.1454917872795398e-16
219.73093093093098 	 3.439879548056223e-08 	 2.1260113487930276e-16
220.23141141141144 	 3.432062349964576e-08 	 2.1067515051500872e-16
220.73189189189193 	 3.4242806008062326e-08 	 2.087709265531201e-16
221.23237237237242 	 3.416534059999325e-08 	 2.0688816863178375e-16
221.7328528528529 	 3.408822489134087e-08 	 2.0502658702430233e-16
222.23333333333338 	 3.40114565194839e-08 	 2.0318589655590688e-16
222.73381381381387 	 3.3935033143036257e-08 	 2.0136581652220888e-16
223.23429429429433 	 3.3858952441608916e-08 	 1.9956607060928998e-16
223.73477477477482 	 3.3783212115575105e-08 	 1.9778638681539603e-16
224.23525525525528 	 3.370780988583862e-08 	 1.9602649737419926e-16
224.73573573573577 	 3.363274349360518e-08 	 1.9428613867959244e-16
225.23621621621626 	 3.355801070015691e-08 	 1.9256505121198257e-16
225.73669669669673 	 3.3483609286629764e-08 	 1.908629794660507e-16
226.23717717717722 	 3.340953705379391e-08 	 1.8917967187994395e-16
226.7376576576577 	 3.3335791821837076e-08 	 1.8751488076587165e-16
227.23813813813817 	 3.326237143015068e-08 	 1.858683622420704e-16
227.73861861861866 	 3.3189273737118827e-08 	 1.8423987616611178e-16
228.23909909909915 	 3.3116496619910085e-08 	 1.8262918606952144e-16
228.7395795795796 	 3.3044037974271996e-08 	 1.8103605909368185e-16
229.2400600600601 	 3.2971895714328225e-08 	 1.7946026592698916e-16
229.7405405405406 	 3.2900067772378436e-08 	 1.7790158074323987e-16
230.24102102102106 	 3.282855209870073e-08 	 1.7635978114121762e-16
230.74150150150155 	 3.2757346661356686e-08 	 1.7483464808545588e-16
231.24198198198204 	 3.2686449445998885e-08 	 1.7332596584815116e-16
231.7424624624625 	 3.261585845568098e-08 	 1.7183352195220065e-16
232.242942942943 	 3.25455717106702e-08 	 1.703571071153421e-16
232.74342342342348 	 3.247558724826228e-08 	 1.68896515195371e-16
233.24390390390394 	 3.240590312259874e-08 	 1.6745154313641137e-16
233.74438438438443 	 3.2336517404486544e-08 	 1.6602199091621988e-16
234.2448648648649 	 3.226742818122012e-08 	 1.6460766149449975e-16
234.74534534534538 	 3.219863355640552e-08 	 1.6320836076220208e-16
235.24582582582588 	 3.213013164978697e-08 	 1.618238974917967e-16
235.74630630630634 	 3.206192059707553e-08 	 1.6045408328848876e-16
236.24678678678683 	 3.199399854977999e-08 	 1.5909873254236244e-16
236.74726726726732 	 3.192636367503988e-08 	 1.5775766238143366e-16
237.24774774774778 	 3.185901415546059e-08 	 1.5643069262558955e-16
237.74822822822827 	 3.179194818895062e-08 	 1.5511764574139906e-16
238.24870870870876 	 3.172516398856081e-08 	 1.5381834679777476e-16
238.74918918918922 	 3.165865978232564e-08 	 1.5253262342246836e-16
239.24966966966971 	 3.159243381310653e-08 	 1.5126030575938303e-16
239.7501501501502 	 3.1526484338437046e-08 	 1.50001226426685e-16
240.25063063063067 	 3.146080963037012e-08 	 1.4875522047569838e-16
240.75111111111116 	 3.1395407975327103e-08 	 1.4752212535056603e-16
241.25159159159165 	 3.133027767394873e-08 	 1.4630178084866177e-16
241.7520720720721 	 3.1265417040947955e-08 	 1.4509402908173777e-16
242.2525525525526 	 3.120082440496455e-08 	 1.4389871443779172e-16
242.75303303303306 	 3.11364981084216e-08 	 1.4271568354364041e-16
243.25351351351355 	 3.107243650738365e-08 	 1.4154478522818256e-16
243.75399399399404 	 3.100863797141669e-08 	 1.4038587048634034e-16
244.2544744744745 	 3.094510088344985e-08 	 1.392387924436621e-16
244.754954954955 	 3.088182363963872e-08 	 1.3810340632157544e-16
245.2554354354355 	 3.081880464923046e-08 	 1.369795694032764e-16
245.75591591591595 	 3.075604233443045e-08 	 1.3586714100024205e-16
246.25639639639644 	 3.0693535130270614e-08 	 1.3476598241935266e-16
246.75687687687693 	 3.063128148447939e-08 	 1.3367595693061435e-16
247.2573573573574 	 3.056927985735318e-08 	 1.3259692973546561e-16
247.75783783783788 	 3.050752872162941e-08 	 1.3152876793565962e-16
248.25831831831837 	 3.044602656236119e-08 	 1.3047134050270946e-16
248.75879879879884 	 3.038477187679336e-08 	 1.2942451824788438e-16
249.25927927927933 	 3.0323763174240105e-08 	 1.2838817379274673e-16
249.75975975975982 	 3.026299897596406e-08 	 1.27362181540219e-16
250.26024024024028 	 3.020247781505679e-08 	 1.263464176461698e-16
250.76072072072077 	 3.014219823632079e-08 	 1.2534075999150845e-16
251.26120120120126 	 3.008215879615282e-08 	 1.2434508815477907e-16
251.76168168168172 	 3.002235806242868e-08 	 1.2335928338524292e-16
252.2621621621622 	 2.996279461438933e-08 	 1.223832285764397e-16
252.76264264264267 	 2.990346704252837e-08 	 1.2141680824021949e-16
253.26312312312317 	 2.984437394848087e-08 	 1.2045990848123448e-16
253.76360360360366 	 2.978551394491351e-08 	 1.1951241697188245e-16
254.26408408408412 	 2.972688565541597e-08 	 1.1857422292769245e-16
254.7645645645646 	 2.966848771439368e-08 	 1.176452170831447e-16
255.2650450450451 	 2.9610318766961772e-08 	 1.1672529166791606e-16
255.76552552552556 	 2.9552377468840303e-08 	 1.1581434038354233e-16
256.266006006006 	 2.9494662486250694e-08 	 1.1491225838048914e-16
256.7664864864865 	 2.9437172495813392e-08 	 1.140189422356252e-16
257.266966966967 	 2.9379906184446707e-08 	 1.13134289930087e-16
257.76744744744747 	 2.9322862249266877e-08 	 1.1225820082753149e-16
258.26792792792793 	 2.92660393974892e-08 	 1.1139057565276405e-16
258.76840840840845 	 2.920943634633042e-08 	 1.1053131647074005e-16
259.2688888888889 	 2.915305182291219e-08 	 1.0968032666592889e-16
259.7693693693694 	 2.9096884564165615e-08 	 1.0883751092203463e-16
260.2698498498499 	 2.9040933316736993e-08 	 1.0800277520206727e-16
260.77033033033035 	 2.8985196836894563e-08 	 1.0717602672875713e-16
261.2708108108108 	 2.8929673890436315e-08 	 1.0635717396530495e-16
261.77129129129133 	 2.8874363252598957e-08 	 1.0554612659646404e-16
262.2717717717718 	 2.8819263707967815e-08 	 1.0474279550994497e-16
262.77225225225226 	 2.8764374050387795e-08 	 1.0394709277813834e-16
263.2727327327328 	 2.8709693082875393e-08 	 1.0315893164014981e-16
263.77321321321324 	 2.86552196175317e-08 	 1.0237822648414103e-16
264.2736936936937 	 2.8600952475456346e-08 	 1.0160489282997013e-16
264.7741741741742 	 2.8546890486662448e-08 	 1.0083884731212688e-16
265.2746546546547 	 2.8493032489992595e-08 	 1.0008000766295771e-16
265.77513513513514 	 2.843937733303562e-08 	 9.932829269617242e-17
266.2756156156156 	 2.838592387204447e-08 	 9.858362229063098e-17
266.7760960960961 	 2.833267097185492e-08 	 9.784591737440198e-17
267.2765765765766 	 2.8279617505805208e-08 	 9.711509990908995e-17
267.77705705705705 	 2.8226762355656573e-08 	 9.639109287442439e-17
268.27753753753757 	 2.817410441151471e-08 	 9.567382025310804e-17
268.77801801801803 	 2.812164257175207e-08 	 9.49632070159181e-17
269.2784984984985 	 2.806937574293102e-08 	 9.425917910705493e-17
269.778978978979 	 2.8017302839727893e-08 	 9.356166342973587e-17
270.2794594594595 	 2.796542278485788e-08 	 9.287058783202867e-17
270.77993993993994 	 2.791373450900071e-08 	 9.218588109291831e-17
271.28042042042046 	 2.786223695072717e-08 	 9.150747290860609e-17
271.7809009009009 	 2.7810929056426516e-08 	 9.083529387903505e-17
272.2813813813814 	 2.7759809780234536e-08 	 9.016927549463626e-17
272.7818618618619 	 2.7708878083962536e-08 	 8.950935012329525e-17
273.28234234234236 	 2.765813293702705e-08 	 8.885545099753147e-17
273.7828228228228 	 2.7607573316380303e-08 	 8.820751220188824e-17
274.28330330330334 	 2.7557198206441497e-08 	 8.756546866052973e-17
274.7837837837838 	 2.7507006599028786e-08 	 8.692925612504023e-17
275.28426426426427 	 2.7456997493292015e-08 	 8.629881116242242e-17
275.7847447447448 	 2.74071698956462e-08 	 8.567407114329162e-17
276.28522522522525 	 2.7357522819705748e-08 	 8.505497423026185e-17
276.7857057057057 	 2.7308055286219315e-08 	 8.444145936651966e-17
277.2861861861862 	 2.7258766323005484e-08 	 8.383346626458433e-17
277.7866666666667 	 2.7209654964889028e-08 	 8.323093539524875e-17
278.28714714714715 	 2.716072025363794e-08 	 8.263380797669928e-17
278.78762762762767 	 2.7111961237901074e-08 	 8.20420259638109e-17
279.28810810810813 	 2.706337697314656e-08 	 8.145553203761479e-17
279.7885885885886 	 2.701496652160073e-08 	 8.087426959493407e-17
280.2890690690691 	 2.696672895218783e-08 	 8.029818273818692e-17
280.7895495495496 	 2.6918663340470342e-08 	 7.972721626535212e-17
281.29003003003004 	 2.6870768768589876e-08 	 7.916131566009466e-17
281.79051051051056 	 2.68230443252088e-08 	 7.860042708204943e-17
282.290990990991 	 2.67754891054524e-08 	 7.804449735725909e-17
282.7914714714715 	 2.6728102210851695e-08 	 7.749347396876363e-17
283.291951951952 	 2.668088274928687e-08 	 7.694730504733969e-17
283.79243243243246 	 2.6633829834931286e-08 	 7.640593936238654e-17
284.2929129129129 	 2.658694258819607e-08 	 7.586932631295508e-17
284.7933933933934 	 2.6540220135675318e-08 	 7.533741591891962e-17
285.2938738738739 	 2.6493661610091855e-08 	 7.48101588122878e-17
285.79435435435437 	 2.64472661502436e-08 	 7.42875062286477e-17
286.29483483483483 	 2.640103290095042e-08 	 7.376940999874857e-17
286.79531531531535 	 2.6354961013001616e-08 	 7.325582254021392e-17
287.2957957957958 	 2.6309049643103925e-08 	 7.274669684938401e-17
287.7962762762763 	 2.626329795383007e-08 	 7.224198649328575e-17
288.2967567567568 	 2.621770511356782e-08 	 7.174164560172754e-17
288.79723723723725 	 2.617227029646964e-08 	 7.124562885951737e-17
289.2977177177177 	 2.6126992682402797e-08 	 7.07538914988016e-17
289.79819819819824 	 2.6081871456900018e-08 	 7.026638929152232e-17
290.2986786786787 	 2.6036905811110677e-08 	 6.978307854199219e-17
290.79915915915916 	 2.5992094941752432e-08 	 6.930391607958289e-17
291.2996396396397 	 2.594743805106339e-08 	 6.882885925152707e-17
291.80012012012014 	 2.5902934346754813e-08 	 6.835786591583139e-17
292.3006006006006 	 2.58585830419642e-08 	 6.789089443429729e-17
292.8010810810811 	 2.5814383355208926e-08 	 6.74279036656502e-17
293.3015615615616 	 2.57703345103404e-08 	 6.696885295877348e-17
293.80204204204205 	 2.5726435736498554e-08 	 6.651370214604522e-17
294.30252252252257 	 2.5682686268066904e-08 	 6.606241153677778e-17
294.803003003003 	 2.563908534462807e-08 	 6.561494191075675e-17
295.3034834834835 	 2.559563221091969e-08 	 6.517125451187818e-17
295.803963963964 	 2.5552326116790793e-08 	 6.473131104188255e-17
296.30444444444447 	 2.5509166317158686e-08 	 6.42950736541841e-17
296.80492492492493 	 2.546615207196617e-08 	 6.386250494779281e-17
297.30540540540545 	 2.5423282646139254e-08 	 6.343356796132882e-17
297.8058858858859 	 2.538055730954532e-08 	 6.300822616712734e-17
298.3063663663664 	 2.5337975336951603e-08 	 6.258644346543137e-17
298.8068468468469 	 2.5295536007984217e-08 	 6.216818417867295e-17
299.30732732732736 	 2.5253238607087506e-08 	 6.17534130458394e-17
299.8078078078078 	 2.5211082423483826e-08 	 6.134209521692438e-17
300.30828828828834 	 2.5169066751133733e-08 	 6.093419624746176e-17
300.8087687687688 	 2.5127190888696564e-08 	 6.052968209314138e-17
301.30924924924926 	 2.5085454139491452e-08 	 6.012851910450498e-17
301.8097297297298 	 2.5043855811458595e-08 	 5.973067402172079e-17
302.31021021021024 	 2.5002395217121115e-08 	 5.933611396943647e-17
302.8106906906907 	 2.4961071673547127e-08 	 5.894480645170781e-17
303.31117117117117 	 2.491988450231223e-08 	 5.855671934700273e-17
303.8116516516517 	 2.4878833029462414e-08 	 5.817182090327919e-17
304.31213213213215 	 2.483791658547729e-08 	 5.779007973313618e-17
304.8126126126126 	 2.4797134505233673e-08 	 5.741146480903515e-17
305.31309309309313 	 2.475648612796957e-08 	 5.703594545859291e-17
305.8135735735736 	 2.4715970797248468e-08 	 5.666349135994308e-17
306.31405405405405 	 2.467558786092402e-08 	 5.629407253716556e-17
306.8145345345346 	 2.463533667110503e-08 	 5.592765935578326e-17
307.31501501501504 	 2.4595216584120835e-08 	 5.556422251832439e-17
307.8154954954955 	 2.455522696048695e-08 	 5.520373305994961e-17
308.315975975976 	 2.4515367164871138e-08 	 5.4846162344142946e-17
308.8164564564565 	 2.4475636566059737e-08 	 5.449148205846548e-17
309.31693693693694 	 2.4436034536924347e-08 	 5.4139664210370506e-17
309.81741741741746 	 2.4396560454388818e-08 	 5.3790681123079394e-17
310.3178978978979 	 2.435721369939662e-08 	 5.344450543151774e-17
310.8183783783784 	 2.4317993656878416e-08 	 5.310111007830925e-17
311.3188588588589 	 2.427889971572005e-08 	 5.2760468309828257e-17
311.81933933933936 	 2.4239931268730826e-08 	 5.242255367230914e-17
312.3198198198198 	 2.420108771261202e-08 	 5.2087340008010874e-17
312.82030030030035 	 2.416236844792577e-08 	 5.1754801451437655e-17
313.3207807807808 	 2.412377287906427e-08 	 5.142491242561336e-17
313.82126126126127 	 2.4085300414219175e-08 	 5.109764763840896e-17
314.3217417417418 	 2.4046950465351402e-08 	 5.07729820789232e-17
314.82222222222225 	 2.4008722448161133e-08 	 5.045089101391427e-17
315.3227027027027 	 2.3970615782058165e-08 	 5.013134998428265e-17
315.82318318318323 	 2.3932629890132496e-08 	 4.9814334801603946e-17
316.3236636636637 	 2.3894764199125224e-08 	 4.949982154471101e-17
316.82414414414416 	 2.3857018139399725e-08 	 4.9187786556324484e-17
317.3246246246247 	 2.3819391144913046e-08 	 4.887820643973096e-17
317.82510510510514 	 2.3781882653187647e-08 	 4.857105805550839e-17
318.3255855855856 	 2.3744492105283362e-08 	 4.826631851829742e-17
318.8260660660661 	 2.3707218945769628e-08 	 4.796396519361842e-17
319.3265465465466 	 2.3670062622697985e-08 	 4.76639756947333e-17
319.82702702702704 	 2.363302258757485e-08 	 4.7366327879551286e-17
320.32750750750756 	 2.359609829533447e-08 	 4.707099984757808e-17
320.827987987988 	 2.3559289204312297e-08 	 4.677796993690828e-17
321.3284684684685 	 2.3522594776218354e-08 	 4.648721672125885e-17
321.82894894894895 	 2.3486014476111116e-08 	 4.619871900704503e-17
322.32942942942947 	 2.344954777237146e-08 	 4.591245583049648e-17
322.82990990990993 	 2.3413194136676917e-08 	 4.5628406454813626e-17
323.3303903903904 	 2.337695304397617e-08 	 4.5346550367363586e-17
323.8308708708709 	 2.334082397246376e-08 	 4.506686727691504e-17
324.3313513513514 	 2.330480640355506e-08 	 4.478933711091135e-17
324.83183183183183 	 2.3268899821861453e-08 	 4.451394001278141e-17
325.33231231231235 	 2.3233103715165723e-08 	 4.424065633928757e-17
325.8327927927928 	 2.3197417574397774e-08 	 4.3969466657910576e-17
326.3332732732733 	 2.3161840893610403e-08 	 4.370035174426974e-17
326.8337537537538 	 2.3126373169955458e-08 	 4.3433292579579194e-17
327.33423423423426 	 2.3091013903660116e-08 	 4.316827034813902e-17
327.8347147147147 	 2.3055762598003423e-08 	 4.2905266434860487e-17
328.33519519519524 	 2.3020618759293002e-08 	 4.264426242282521e-17
328.8356756756757 	 2.2985581896842065e-08 	 4.238524009087817e-17
329.33615615615616 	 2.2950651522946524e-08 	 4.212818141125271e-17
329.8366366366367 	 2.2915827152862378e-08 	 4.1873068547228665e-17
330.33711711711715 	 2.2881108304783296e-08 	 4.1619883850822015e-17
330.8375975975976 	 2.2846494499818383e-08 	 4.1368609860505774e-17
331.3380780780781 	 2.281198526197017e-08 	 4.1119229298962135e-17
331.8385585585586 	 2.2777580118112818e-08 	 4.0871725070865036e-17
332.33903903903905 	 2.2743278597970443e-08 	 4.062608026069218e-17
332.83951951951957 	 2.2709080234095724e-08 	 4.038227813056729e-17
333.34000000000003 	 2.2674984561848684e-08 	 4.01403021181312e-17
333.8404804804805 	 2.2640991119375597e-08 	 3.9900135834441226e-17
334.340960960961 	 2.2607099447588174e-08 	 3.966176306189945e-17
334.8414414414415 	 2.2573309090142896e-08 	 3.9425167752208373e-17
335.34192192192194 	 2.2539619593420503e-08 	 3.919033402435398e-17
335.84240240240246 	 2.2506030506505724e-08 	 3.8957246162615904e-17
336.3428828828829 	 2.2472541381167144e-08 	 3.872588861460429e-17
336.8433633633634 	 2.2439151771837268e-08 	 3.849624598932253e-17
337.3438438438439 	 2.2405861235592762e-08 	 3.8268303055256026e-17
337.84432432432436 	 2.2372669332134878e-08 	 3.804204473848655e-17
338.3448048048048 	 2.233957562377001e-08 	 3.7817456120831114e-17
338.8452852852853 	 2.2306579675390502e-08 	 3.7594522438006137e-17
339.3457657657658 	 2.2273681054455522e-08 	 3.737322907781546e-17
339.84624624624627 	 2.2240879330972236e-08 	 3.715356157836271e-17
340.34672672672673 	 2.2208174077476997e-08 	 3.6935505626286833e-17
340.84720720720725 	 2.2175564869016817e-08 	 3.671904705502128e-17
341.3476876876877 	 2.2143051283130965e-08 	 3.6504171843076e-17
341.8481681681682 	 2.2110632899832697e-08 	 3.62908661123418e-17
342.3486486486487 	 2.207830930159121e-08 	 3.60791161264174e-17
342.84912912912915 	 2.204608007331367e-08 	 3.586890828895795e-17
343.3496096096096 	 2.2013944802327498e-08 	 3.566022914204555e-17
343.85009009009013 	 2.198190307836269e-08 	 3.545306536458073e-17
344.3505705705706 	 2.194995449353443e-08 	 3.524740377069529e-17
344.85105105105106 	 2.191809864232572e-08 	 3.5043231308185514e-17
345.3515315315316 	 2.1886335121570264e-08 	 3.484053505696588e-17
345.85201201201204 	 2.1854663530435442e-08 	 3.4639302227543063e-17
346.3524924924925 	 2.1823083470405448e-08 	 3.443952015950924e-17
346.852972972973 	 2.1791594545264576e-08 	 3.42411763200555e-17
347.3534534534535 	 2.1760196361080666e-08 	 3.404425830250422e-17
347.85393393393394 	 2.172888852618865e-08 	 3.3848753824860213e-17
348.35441441441446 	 2.169767065117427e-08 	 3.3654650728380865e-17
348.8548948948949 	 2.166654234885798e-08 	 3.346193697616483e-17
349.3553753753754 	 2.1635503234278864e-08 	 3.32706006517582e-17
349.8558558558559 	 2.1604552924678807e-08 	 3.308062995777937e-17
350.35633633633637 	 2.157369103948679e-08 	 3.2892013214561145e-17
350.85681681681683 	 2.1542917200303224e-08 	 3.270473885881022e-17
351.35729729729735 	 2.151223103088453e-08 	 3.251879544228387e-17
351.8577777777778 	 2.1481632157127803e-08 	 3.233417163048371e-17
352.3582582582583 	 2.1451120207055602e-08 	 3.215085620136592e-17
352.8587387387388 	 2.1420694810800867e-08 	 3.196883804406779e-17
353.35921921921926 	 2.1390355600591992e-08 	 3.1788106157650873e-17
353.8596996996997 	 2.1360102210738002e-08 	 3.160864964985973e-17
354.36018018018024 	 2.132993427761383e-08 	 3.143045773589645e-17
354.8606606606607 	 2.1299851439645815e-08 	 3.125351973721104e-17
355.36114114114116 	 2.1269853337297192e-08 	 3.107782508030662e-17
355.8616216216217 	 2.1239939613053788e-08 	 3.0903363295560034e-17
356.36210210210214 	 2.1210109911409835e-08 	 3.07301240160573e-17
356.8625825825826 	 2.1180363878853876e-08 	 3.0558096976443643e-17
357.36306306306307 	 2.115070116385479e-08 	 3.038727201178799e-17
357.8635435435436 	 2.1121121416847955e-08 	 3.021763905646183e-17
358.36402402402405 	 2.1091624290221543e-08 	 3.0049188143032135e-17
358.8645045045045 	 2.106220943830282e-08 	 2.9881909401167835e-17
359.364984984985 	 2.103287651734475e-08 	 2.9715793056560534e-17
359.8654654654655 	 2.100362518551253e-08 	 2.955082942985825e-17
360.36594594594595 	 2.097445510287033e-08 	 2.938700893561248e-17
360.8664264264265 	 2.094536593136814e-08 	 2.9224322081238755e-17
361.36690690690693 	 2.0916357334828694e-08 	 2.906275946598971e-17
361.8673873873874 	 2.0887428978934524e-08 	 2.8902311779941024e-17
362.3678678678679 	 2.085858053121511e-08 	 2.8742969802990156e-17
362.8683483483484 	 2.082981166103418e-08 	 2.8584724403867207e-17
363.36882882882884 	 2.0801122039577017e-08 	 2.842756653915805e-17
363.86930930930936 	 2.0772511339837976e-08 	 2.8271487252339774e-17
364.3697897897898 	 2.0743979236608056e-08 	 2.811647767282776e-17
364.8702702702703 	 2.071552540646255e-08 	 2.796252901503453e-17
365.3707507507508 	 2.0687149527748857e-08 	 2.780963257744034e-17
365.87123123123126 	 2.0658851280574362e-08 	 2.7657779741675132e-17
366.3717117117117 	 2.0630630346794376e-08 	 2.750696197161152e-17
366.87219219219224 	 2.060248641000025e-08 	 2.7357170812469217e-17
367.3726726726727 	 2.0574419155507544e-08 	 2.720839788993026e-17
367.87315315315317 	 2.0546428270344288e-08 	 2.7060634909265042e-17
368.3736336336337 	 2.051851344323935e-08 	 2.6913873654468992e-17
368.87411411411415 	 2.049067436461092e-08 	 2.676810598740996e-17
369.3745945945946 	 2.0462910726555018e-08 	 2.6623323846985602e-17
369.87507507507513 	 2.043522222283419e-08 	 2.6479519248291452e-17
370.3755555555556 	 2.0407608548866243e-08 	 2.6336684281798813e-17
370.87603603603606 	 2.0380069401713035e-08 	 2.619481111254253e-17
371.3765165165166 	 2.035260448006945e-08 	 2.6053891979318995e-17
371.87699699699704 	 2.0325213484252366e-08 	 2.591391919389338e-17
372.3774774774775 	 2.029789611618979e-08 	 2.5774885140216737e-17
372.877957957958 	 2.0270652079410012e-08 	 2.5636782273652414e-17
373.3784384384385 	 2.024348107903092e-08 	 2.54996031202119e-17
373.87891891891894 	 2.021638282174932e-08 	 2.53633402757997e-17
374.37939939939946 	 2.018935701583041e-08 	 2.5227986405467343e-17
374.8798798798799 	 2.0162403371097295e-08 	 2.5093534242676416e-17
375.3803603603604 	 2.0135521598920617e-08 	 2.4959976588570353e-17
375.88084084084085 	 2.010871141220823e-08 	 2.4827306311254793e-17
376.38132132132137 	 2.008197252539499e-08 	 2.469551634508686e-17
376.8818018018018 	 2.005530465443265e-08 	 2.456459968997268e-17
377.3822822822823 	 2.002870751677974e-08 	 2.443454941067329e-17
377.8827627627628 	 2.000218083139162e-08 	 2.4305358636118775e-17
378.38324324324327 	 1.9975724318710597e-08 	 2.417702055873076e-17
378.88372372372373 	 1.994933770065607e-08 	 2.4049528433752673e-17
379.38420420420425 	 1.9923020700614818e-08 	 2.3922875578588138e-17
379.8846846846847 	 1.9896773043431316e-08 	 2.37970553721471e-17
380.3851651651652 	 1.9870594455398148e-08 	 2.3672061254199686e-17
380.8856456456457 	 1.9844484664246497e-08 	 2.354788672473772e-17
381.38612612612616 	 1.98184433991367e-08 	 2.342452534334372e-17
381.8866066066066 	 1.979247039064889e-08 	 2.330197072856745e-17
382.38708708708714 	 1.976656537077369e-08 	 2.3180216557309566e-17
382.8875675675676 	 1.9740728072903038e-08 	 2.3059256564212833e-17
383.38804804804806 	 1.9714958231820978e-08 	 2.293908454106006e-17
383.8885285285286 	 1.9689255583694616e-08 	 2.2819694336179415e-17
384.38900900900904 	 1.9663619866065137e-08 	 2.2701079853856708e-17
384.8894894894895 	 1.9638050817838835e-08 	 2.2583235053754198e-17
385.38996996997 	 1.9612548179278265e-08 	 2.2466153950336586e-17
385.8904504504505 	 1.9587111691993457e-08 	 2.234983061230341e-17
386.39093093093095 	 1.9561741098933174e-08 	 2.223425916202822e-17
386.89141141141147 	 1.953643614437625e-08 	 2.2119433775004083e-17
387.39189189189193 	 1.9511196573923024e-08 	 2.2005348679295822e-17
387.8923723723724 	 1.948602213448679e-08 	 2.1891998154998218e-17
388.3928528528529 	 1.946091257428534e-08 	 2.1779376533700797e-17
388.8933333333334 	 1.9435867642832584e-08 	 2.16674781979587e-17
389.39381381381384 	 1.9410887090930212e-08 	 2.1556297580769586e-17
389.89429429429435 	 1.9385970670659412e-08 	 2.144582916505662e-17
390.3947747747748 	 1.9361118135372718e-08 	 2.1336067483157605e-17
390.8952552552553 	 1.9336329239685807e-08 	 2.122700711631955e-17
391.3957357357358 	 1.931160373946947e-08 	 2.1118642694199503e-17
391.89621621621626 	 1.928694139184158e-08 	 2.1010968894370793e-17
392.3966966966967 	 1.9262341955159148e-08 	 2.0903980441835196e-17
392.89717717717724 	 1.9237805189010403e-08 	 2.0797672108540302e-17
393.3976576576577 	 1.9213330854207006e-08 	 2.069203871290291e-17
393.89813813813817 	 1.918891871277624e-08 	 2.058707511933735e-17
394.3986186186186 	 1.9164568527953314e-08 	 2.048277623778955e-17
394.89909909909915 	 1.91402800641737e-08 	 2.0379137023276193e-17
395.3995795795796 	 1.9116053087065545e-08 	 2.0276152475429287e-17
395.90006006006007 	 1.9091887363442125e-08 	 2.017381763804571e-17
396.4005405405406 	 1.9067782661294384e-08 	 2.0072127598642077e-17
396.90102102102105 	 1.9043738749783464e-08 	 1.9971077488014406e-17
397.4015015015015 	 1.901975539923339e-08 	 1.9870662479803048e-17
397.90198198198203 	 1.8995832381123715e-08 	 1.9770877790062224e-17
398.4024624624625 	 1.8971969468082294e-08 	 1.967171867683478e-17
398.90294294294296 	 1.8948166433878048e-08 	 1.9573180439731318e-17
399.4034234234235 	 1.8924423053413832e-08 	 1.94752584195144e-17
399.90390390390394 	 1.8900739102719356e-08 	 1.9377947997687334e-17
400.4043843843844 	 1.8877114358944112e-08 	 1.9281244596087476e-17
400.9048648648649 	 1.88535486003504e-08 	 1.918514367648418e-17
401.4053453453454 	 1.8830041606306392e-08 	 1.9089640740181318e-17
401.90582582582584 	 1.8806593157279245e-08 	 1.8994731327624067e-17
402.40630630630636 	 1.8783203034828253e-08 	 1.890041101801019e-17
402.9067867867868 	 1.875987102159809e-08 	 1.8806675428905756e-17
403.4072672672673 	 1.8736596901312047e-08 	 1.871352021586494e-17
403.9077477477478 	 1.871338045876538e-08 	 1.8620941072054203e-17
404.40822822822827 	 1.8690221479818666e-08 	 1.8528933727880602e-17
404.90870870870873 	 1.8667119751391194e-08 	 1.8437493950624183e-17
405.40918918918925 	 1.864407506145447e-08 	 1.8346617544074568e-17
405.9096696696697 	 1.862108719902571e-08 	 1.825630034817146e-17
406.4101501501502 	 1.859815595416139e-08 	 1.8166538238649106e-17
406.9106306306307 	 1.8575281117950883e-08 	 1.8077327126684836e-17
407.41111111111115 	 1.8552462482510093e-08 	 1.7988662958551367e-17
407.9115915915916 	 1.852969984097516e-08 	 1.790054171527287e-17
408.41207207207214 	 1.850699298749622e-08 	 1.7812959412285024e-17
408.9125525525526 	 1.8484341717231195e-08 	 1.7725912099098657e-17
409.41303303303306 	 1.8461745826339613e-08 	 1.763939585896708e-17
409.9135135135136 	 1.843920511197653e-08 	 1.7553406808557182e-17
410.41399399399404 	 1.841671937228644e-08 	 1.7467941097623995e-17
410.9144744744745 	 1.8394288406397238e-08 	 1.7382994908688908e-17
411.414954954955 	 1.837191201441426e-08 	 1.7298564456721357e-17
411.9154354354355 	 1.8349589997414343e-08 	 1.7214645988824044e-17
412.41591591591595 	 1.832732215743991e-08 	 1.7131235783921493e-17
412.9163963963964 	 1.8305108297493137e-08 	 1.7048330152452053e-17
413.4168768768769 	 1.8282948221530137e-08 	 1.6965925436063297e-17
413.9173573573574 	 1.8260841734455204e-08 	 1.6884018007310658e-17
414.41783783783785 	 1.8238788642115068e-08 	 1.6802604269359322e-17
414.91831831831837 	 1.8216788751293216e-08 	 1.6721680655689422e-17
415.41879879879883 	 1.8194841869704275e-08 	 1.664124362980442e-17
415.9192792792793 	 1.8172947805988364e-08 	 1.6561289684942525e-17
416.4197597597598 	 1.815110636970557e-08 	 1.6481815343791377e-17
416.9202402402403 	 1.8129317371330425e-08 	 1.640281715820573e-17
417.42072072072074 	 1.8107580622246382e-08 	 1.632429170892816e-17
417.92120120120126 	 1.8085895934740423e-08 	 1.6246235605312844e-17
418.4216816816817 	 1.8064263121997646e-08 	 1.616864548505226e-17
418.9221621621622 	 1.8042681998095866e-08 	 1.60915180139068e-17
419.4226426426427 	 1.8021152378000323e-08 	 1.6014849885437326e-17
419.92312312312316 	 1.7999674077558394e-08 	 1.5938637820740637e-17
420.4236036036036 	 1.7978246913494305e-08 	 1.5862878568187566e-17
420.92408408408414 	 1.7956870703403974e-08 	 1.5787568903164155e-17
421.4245645645646 	 1.793554526574978e-08 	 1.5712705627815343e-17
421.92504504504507 	 1.791427041985548e-08 	 1.5638285570791578e-17
422.4255255255256 	 1.7893045985901036e-08 	 1.5564305586997928e-17
422.92600600600605 	 1.787187178491762e-08 	 1.5490762557346097e-17
423.4264864864865 	 1.785074763878255e-08 	 1.5417653388508847e-17
423.92696696696703 	 1.7829673370214278e-08 	 1.534497501267716e-17
424.4274474474475 	 1.7808648802767473e-08 	 1.5272724387319966e-17
424.92792792792795 	 1.778767376082806e-08 	 1.520089849494633e-17
425.4284084084085 	 1.7766748069608342e-08 	 1.5129494342870235e-17
425.92888888888893 	 1.7745871555142162e-08 	 1.5058508962977837e-17
426.4293693693694 	 1.7725044044280056e-08 	 1.4987939411497127e-17
426.9298498498499 	 1.7704265364684473e-08 	 1.4917782768770062e-17
427.4303303303304 	 1.7683535344825044e-08 	 1.4848036139027093e-17
427.93081081081084 	 1.7662853813973824e-08 	 1.477869665016401e-17
428.43129129129136 	 1.7642220602200632e-08 	 1.470976145352122e-17
428.9317717717718 	 1.7621635540368398e-08 	 1.4641227723665255e-17
429.4322522522523 	 1.760109846012852e-08 	 1.45730926581726e-17
429.9327327327328 	 1.7580609193916297e-08 	 1.4505353477415797e-17
430.43321321321326 	 1.756016757494636e-08 	 1.4438007424351775e-17
430.9336936936937 	 1.7539773437208146e-08 	 1.4371051764312324e-17
431.4341741741742 	 1.751942661546141e-08 	 1.43044837847969e-17
431.9346546546547 	 1.7499126945231754e-08 	 1.4238300795267426e-17
432.43513513513517 	 1.7478874262806213e-08 	 1.4172500126945337e-17
432.93561561561563 	 1.7458668405228828e-08 	 1.410707913261068e-17
433.43609609609615 	 1.7438509210296288e-08 	 1.4042035186403292e-17
433.9365765765766 	 1.7418396516553608e-08 	 1.397736568362612e-17
434.4370570570571 	 1.7398330163289785e-08 	 1.391306804055045e-17
434.9375375375376 	 1.7378309990533528e-08 	 1.3849139694223229e-17
435.43801801801806 	 1.735833583904903e-08 	 1.3785578102276399e-17
435.9384984984985 	 1.7338407550331722e-08 	 1.3722380742738135e-17
436.43897897897904 	 1.7318524966604077e-08 	 1.3659545113846024e-17
436.9394594594595 	 1.7298687930811472e-08 	 1.3597068733862283e-17
437.43993993993996 	 1.7278896286618025e-08 	 1.353494914089067e-17
437.9404204204205 	 1.7259149878402502e-08 	 1.3473183892695511e-17
438.44090090090094 	 1.723944855125424e-08 	 1.3411770566522401e-17
438.9413813813814 	 1.721979215096909e-08 	 1.3350706758920812e-17
439.4418618618619 	 1.7200180524045387e-08 	 1.328999008556852e-17
439.9423423423424 	 1.7180613517679977e-08 	 1.3229618181097843e-17
440.44282282282285 	 1.716109097976423e-08 	 1.3169588698923602e-17
440.94330330330337 	 1.7141612758880095e-08 	 1.3109899311072838e-17
441.44378378378383 	 1.7122178704296203e-08 	 1.305054770801635e-17
441.9442642642643 	 1.710278866596396e-08 	 1.2991531598501856e-17
442.4447447447448 	 1.70834424945137e-08 	 1.2932848709388833e-17
442.9452252252253 	 1.7064140041250847e-08 	 1.2874496785485184e-17
443.44570570570573 	 1.704488115815209e-08 	 1.2816473589385351e-17
443.94618618618625 	 1.702566569786162e-08 	 1.275877690131023e-17
444.4466666666667 	 1.700649351368737e-08 	 1.2701404518948662e-17
444.9471471471472 	 1.698736445959726e-08 	 1.2644354257300453e-17
445.4476276276277 	 1.696827839021551e-08 	 1.2587623948521093e-17
445.94810810810816 	 1.6949235160818956e-08 	 1.253121144176798e-17
446.4485885885886 	 1.6930234627333388e-08 	 1.2475114603048183e-17
446.94906906906914 	 1.6911276646329904e-08 	 1.2419331315067742e-17
447.4495495495496 	 1.689236107502133e-08 	 1.2363859477082541e-17
447.95003003003006 	 1.6873487771258612e-08 	 1.2308697004750586e-17
448.4505105105105 	 1.6854656593527256e-08 	 1.2253841829985824e-17
448.95099099099104 	 1.6835867400943803e-08 	 1.2199291900813417e-17
449.4514714714715 	 1.6817120053252306e-08 	 1.214504518122645e-17
449.95195195195197 	 1.679841441082085e-08 	 1.2091099651044094e-17
450.4524324324325 	 1.6779750334638066e-08 	 1.2037453305771134e-17
450.95291291291295 	 1.6761127686309717e-08 	 1.1984104156458993e-17
451.4533933933934 	 1.674254632805525e-08 	 1.1931050229568032e-17
451.95387387387393 	 1.6724006122704402e-08 	 1.1878289566831269e-17
452.4543543543544 	 1.670550693369385e-08 	 1.182582022511951e-17
452.95483483483486 	 1.668704862506382e-08 	 1.1773640276307671e-17
453.4553153153154 	 1.6668631061454788e-08 	 1.1721747807142616e-17
453.95579579579584 	 1.6650254108104157e-08 	 1.1670140919112125e-17
454.4562762762763 	 1.6631917630842964e-08 	 1.1618817728315273e-17
454.9567567567568 	 1.661362149609263e-08 	 1.1567776365334056e-17
455.4572372372373 	 1.6595365570861707e-08 	 1.1517014975106295e-17
455.95771771771774 	 1.657714972274266e-08 	 1.1466531716799742e-17
456.45819819819826 	 1.6558973819908654e-08 	 1.1416324763687499e-17
456.9586786786787 	 1.6540837731110397e-08 	 1.136639230302464e-17
457.4591591591592 	 1.6522741325672954e-08 	 1.1316732535926e-17
457.9596396396397 	 1.6504684473492628e-08 	 1.1267343677245228e-17
458.46012012012017 	 1.6486667045033837e-08 	 1.1218223955455008e-17
458.9606006006006 	 1.6468688911326017e-08 	 1.1169371612528408e-17
459.46108108108115 	 1.645074994396053e-08 	 1.1120784903821457e-17
459.9615615615616 	 1.6432850015087636e-08 	 1.1072462097956828e-17
460.46204204204207 	 1.6414988997413428e-08 	 1.1024401476708684e-17
460.9625225225226 	 1.6397166764196832e-08 	 1.0976601334888597e-17
461.46300300300305 	 1.63793831892466e-08 	 1.0929059980232667e-17
461.9634834834835 	 1.6361638146918333e-08 	 1.0881775733289631e-17
462.46396396396403 	 1.6343931512111526e-08 	 1.0834746927310155e-17
462.9644444444445 	 1.632626316026663e-08 	 1.0787971908137158e-17
463.46492492492496 	 1.630863296736212e-08 	 1.074144903409718e-17
463.9654054054055 	 1.62910408099116e-08 	 1.0695176675892847e-17
464.46588588588594 	 1.6273486564960926e-08 	 1.0649153216496369e-17
464.9663663663664 	 1.6255970110085336e-08 	 1.0603377051044025e-17
465.4668468468469 	 1.6238491323386595e-08 	 1.0557846586731721e-17
465.9673273273274 	 1.622105008349018e-08 	 1.0512560242711536e-17
466.46780780780784 	 1.620364626954247e-08 	 1.0467516449989249e-17
466.9682882882883 	 1.618627976120795e-08 	 1.042271365132288e-17
467.4687687687688 	 1.616895043866643e-08 	 1.037815030112218e-17
467.9692492492493 	 1.615165818261031e-08 	 1.0333824865349136e-17
468.46972972972975 	 1.613440287424182e-08 	 1.0289735821419336e-17
468.97021021021027 	 1.6117184395270314e-08 	 1.0245881658104394e-17
469.47069069069073 	 1.6100002627909566e-08 	 1.0202260875435249e-17
469.9711711711712 	 1.6082857454875076e-08 	 1.0158871984606361e-17
470.4716516516517 	 1.6065748759381398e-08 	 1.0115713507880891e-17
470.9721321321322 	 1.604867642513951e-08 	 1.007278397849675e-17
471.47261261261264 	 1.603164033635416e-08 	 1.0030081940573533e-17
471.97309309309315 	 1.6014640377721253e-08 	 9.98760594902036e-18
472.4735735735736 	 1.5997676434425244e-08 	 9.945354569444602e-18
472.9740540540541 	 1.598074839213657e-08 	 9.903326378061445e-18
473.4745345345346 	 1.5963856137009065e-08 	 9.861519961604327e-18
473.97501501501506 	 1.5946999555677413e-08 	 9.819933917236245e-18
474.4754954954955 	 1.5930178535254613e-08 	 9.778566852461878e-18
474.97597597597604 	 1.591339296332946e-08 	 9.737417385040532e-18
475.4764564564565 	 1.5896642727964042e-08 	 9.696484142899954e-18
475.97693693693697 	 1.587992771769124e-08 	 9.655765764050893e-18
476.4774174174175 	 1.586324782151227e-08 	 9.615260896502558e-18
476.97789789789795 	 1.5846602928894226e-08 	 9.574968198178776e-18
477.4783783783784 	 1.5829992929767622e-08 	 9.534886336834999e-18
477.9788588588589 	 1.5813417714523988e-08 	 9.495013989976088e-18
478.4793393393394 	 1.579687717401344e-08 	 9.455349844774845e-18
478.97981981981985 	 1.578037119954229e-08 	 9.415892597991341e-18
479.48030030030037 	 1.5763899682870675e-08 	 9.376640955892953e-18
479.98078078078083 	 1.5747462516210178e-08 	 9.337593634175222e-18
480.4812612612613 	 1.5731059592221484e-08 	 9.298749357883382e-18
480.9817417417418 	 1.5714690804012034e-08 	 9.260106861334653e-18
481.4822222222223 	 1.569835604513372e-08 	 9.221664888041282e-18
481.98270270270274 	 1.5682055209580563e-08 	 9.183422190634254e-18
482.48318318318326 	 1.566578819178643e-08 	 9.145377530787745e-18
482.9836636636637 	 1.5649554886622736e-08 	 9.107529679144274e-18
483.4841441441442 	 1.5633355189396205e-08 	 9.069877415240553e-18
483.9846246246247 	 1.561718899584661e-08 	 9.032419527434023e-18
484.48510510510516 	 1.560105620214452e-08 	 8.99515481283005e-18
484.9855855855856 	 1.5584956704889105e-08 	 8.958082077209869e-18
485.4860660660661 	 1.5568890401105898e-08 	 8.921200134959065e-18
485.9865465465466 	 1.555285718824463e-08 	 8.88450780899687e-18
486.48702702702707 	 1.5536856964177024e-08 	 8.848003930706013e-18
486.98750750750753 	 1.5520889627194633e-08 	 8.811687339863216e-18
487.48798798798805 	 1.5504955076006686e-08 	 8.775556884570386e-18
487.9884684684685 	 1.5489053209737952e-08 	 8.739611421186424e-18
488.488948948949 	 1.5473183927926613e-08 	 8.703849814259637e-18
488.9894294294295 	 1.5457347130522118e-08 	 8.668270936460748e-18
489.48990990990995 	 1.5441542717883134e-08 	 8.632873668516653e-18
489.9903903903904 	 1.54257705907754e-08 	 8.59765689914459e-18
490.49087087087094 	 1.5410030650369685e-08 	 8.562619524987077e-18
490.9913513513514 	 1.5394322798239726e-08 	 8.527760450547381e-18
491.49183183183186 	 1.5378646936360153e-08 	 8.493078588125552e-18
491.9923123123124 	 1.5363002967104464e-08 	 8.458572857755071e-18
492.49279279279284 	 1.5347390793242997e-08 	 8.424242187140112e-18
492.9932732732733 	 1.5331810317940924e-08 	 8.390085511593308e-18
493.4937537537538 	 1.5316261444756222e-08 	 8.356101773974101e-18
493.9942342342343 	 1.530074407763772e-08 	 8.32228992462772e-18
494.49471471471475 	 1.5285258120923092e-08 	 8.288648921324614e-18
494.99519519519527 	 1.5269803479336898e-08 	 8.255177729200485e-18
495.4956756756757 	 1.525438005798865e-08 	 8.221875320696916e-18
495.9961561561562 	 1.523898776237084e-08 	 8.188740675502415e-18
496.4966366366367 	 1.5223626498357024e-08 	 8.155772780494109e-18
496.99711711711717 	 1.5208296172199904e-08 	 8.122970629679891e-18
497.49759759759763 	 1.5192996690529424e-08 	 8.090333224141155e-18
497.99807807807815 	 1.5177727960350865e-08 	 8.057859571975966e-18
498.4985585585586 	 1.5162489889042973e-08 	 8.025548688242833e-18
498.9990390390391 	 1.5147282384356063e-08 	 7.9933995949049e-18
499.4995195195196 	 1.5132105354410192e-08 	 7.961411320774723e-18
500.0 	 1.5116958707693283e-08 	 7.929582901459491e-18
