3.5233633633633636 	 4.029817783509323e-06 	 1.1024316838256478e-09
4.023843843843844 	 4.0733496996316185e-06 	 6.14834360893367e-10
4.524324324324325 	 4.1227818195764855e-06 	 3.6083545186512324e-10
5.0248048048048055 	 4.177580545719144e-06 	 2.19391631444291e-10
5.525285285285285 	 4.236500527178179e-06 	 1.3643366317770315e-10
6.025765765765766 	 4.297002473816556e-06 	 8.57421876143734e-11
6.526246246246247 	 4.354178673830799e-06 	 5.374764434317155e-11
7.026726726726727 	 4.398611368294106e-06 	 3.3054058191178075e-11
7.527207207207208 	 4.412211289177456e-06 	 1.9451783669505748e-11
8.027687687687688 	 4.359390246034646e-06 	 1.0476569804387737e-11
8.528168168168168 	 4.16689436335306e-06 	 4.684431326939867e-12
9.02864864864865 	 3.6728917840983302e-06 	 1.3020412617007306e-12
9.52912912912913 	 2.474415990024835e-06 	 1.6412384733584172e-13
10.029609609609611 	 6.767316634052364e-07 	 2.215904712168384e-12
10.530090090090091 	 1.1066720229639619e-05 	 1.268264609347776e-11
11.030570570570571 	 2.954386726310467e-05 	 3.105762048669994e-11
11.531051051051053 	 3.9276135095984436e-05 	 3.871401593982424e-11
12.031531531531533 	 4.2192576978851624e-05 	 3.829655673638922e-11
12.532012012012013 	 4.187307916868694e-05 	 3.4597023028966685e-11
13.032492492492494 	 4.1149434687910194e-05 	 3.176455986779083e-11
13.532972972972974 	 4.0517808135631166e-05 	 2.9966629298311896e-11
14.033453453453454 	 3.8896242071569477e-05 	 2.6493210996668268e-11
14.533933933933936 	 3.791862198606465e-05 	 2.4148943789977278e-11
15.034414414414416 	 3.777682130425491e-05 	 2.3293459058161913e-11
15.534894894894897 	 3.816480902351456e-05 	 2.3534977063948667e-11
16.035375375375377 	 3.874554246048725e-05 	 2.4465137035892586e-11
16.535855855855857 	 3.922952746364127e-05 	 2.5692372439117675e-11
17.036336336336337 	 3.940187417694186e-05 	 2.6849535711966515e-11
17.53681681681682 	 3.912147894421525e-05 	 2.761775590374817e-11
18.0372972972973 	 3.830350114034403e-05 	 2.774952580781106e-11
18.53777777777778 	 3.6902276216456e-05 	 2.7084521310037767e-11
19.03825825825826 	 3.4912042382829526e-05 	 2.5568356929606355e-11
19.53873873873874 	 3.2390919026720576e-05 	 2.3276569448656418e-11
20.039219219219223 	 2.9496004770340176e-05 	 2.042796631989843e-11
20.539699699699703 	 2.6492076175291003e-05 	 1.7356025902484607e-11
21.040180180180183 	 2.36879634367814e-05 	 1.4410209906087148e-11
21.540660660660663 	 2.1329734385047876e-05 	 1.184210386895528e-11
22.041141141141143 	 1.9536346805990966e-05 	 9.758480228794448e-12
22.541621621621623 	 1.83121037886822e-05 	 8.154180240900123e-12
23.042102102102106 	 1.7594464576704036e-05 	 6.970086247909867e-12
23.542582582582586 	 1.7292716708892795e-05 	 6.134404320460464e-12
24.043063063063066 	 1.73066644608638e-05 	 5.58083840043968e-12
24.543543543543546 	 1.7533661575406992e-05 	 5.253385173269586e-12
25.044024024024026 	 1.7870251770842083e-05 	 5.105043590529626e-12
25.54450450450451 	 1.8211312652410982e-05 	 5.094167469828269e-12
26.04498498498499 	 1.8441245736950616e-05 	 5.1761602174444436e-12
26.54546546546547 	 1.8421708628775015e-05 	 5.2856374741212004e-12
27.04594594594595 	 1.8022831345634648e-05 	 5.318713849194519e-12
27.54642642642643 	 1.727269746489776e-05 	 5.182905419190736e-12
28.04690690690691 	 1.6429821687411927e-05 	 4.913384790898395e-12
28.547387387387392 	 1.5704946608283906e-05 	 4.626760175780451e-12
29.047867867867872 	 1.509688021490208e-05 	 4.3799510741848486e-12
29.548348348348352 	 1.4530611945441274e-05 	 4.168435418372055e-12
30.04882882882883 	 1.395688418333658e-05 	 3.974289911981051e-12
30.54930930930931 	 1.3359371823901082e-05 	 3.785110286259413e-12
31.049789789789795 	 1.2739947006535998e-05 	 3.5954215935074535e-12
31.550270270270275 	 1.2107862677552765e-05 	 3.4042061689490877e-12
32.05075075075076 	 1.1474080393547754e-05 	 3.212659509147763e-12
32.55123123123124 	 1.084890665264404e-05 	 3.02295407291367e-12
33.05171171171172 	 1.024069748155459e-05 	 2.837304165861627e-12
33.5521921921922 	 9.655939362261804e-06 	 2.6576868011709363e-12
34.05267267267268 	 9.098936768923915e-06 	 2.4856361521463742e-12
34.55315315315316 	 8.57245216319098e-06 	 2.3222467811184856e-12
35.053633633633645 	 8.07779349761223e-06 	 2.1681635868996712e-12
35.55411411411412 	 7.615171633086174e-06 	 2.0236588151866075e-12
36.054594594594604 	 7.183967147615079e-06 	 1.8887582799680023e-12
36.55507507507508 	 6.783063780742325e-06 	 1.7632367201952186e-12
37.055555555555564 	 6.410866988798045e-06 	 1.6467421481176487e-12
37.55603603603605 	 6.065774851279482e-06 	 1.538819123279286e-12
38.056516516516524 	 5.745880558667006e-06 	 1.4389595118036762e-12
38.55699699699701 	 5.449387670840227e-06 	 1.3466347777656059e-12
39.057477477477484 	 5.17447926251164e-06 	 1.2612911697148331e-12
39.55795795795797 	 4.919456375158786e-06 	 1.1824154967627287e-12
40.05843843843845 	 4.682709081961885e-06 	 1.109495010176713e-12
40.55891891891893 	 4.462658426442716e-06 	 1.0420547593488059e-12
41.05939939939941 	 4.257973628157711e-06 	 9.796426002802651e-13
41.55987987987989 	 4.067337415401467e-06 	 9.2184379545261e-13
42.06036036036037 	 3.889546532605064e-06 	 8.682765369687226e-13
42.56084084084085 	 3.7235660176636483e-06 	 8.185855368338274e-13
43.06132132132133 	 3.5683937230036725e-06 	 7.724538708322927e-13
43.56180180180181 	 3.4231482384663575e-06 	 7.295779919723833e-13
44.06228228228229 	 3.287010317060784e-06 	 6.896970703355833e-13
44.56276276276277 	 3.1592479282433263e-06 	 6.525619076660982e-13
45.06324324324325 	 3.0392014004430288e-06 	 6.179480027778815e-13
45.56372372372373 	 2.926255360408522e-06 	 5.856566613896177e-13
46.064204204204216 	 2.8198669156349264e-06 	 5.554986143945646e-13
46.56468468468469 	 2.7195346786852846e-06 	 5.273072193713836e-13
47.065165165165176 	 2.6248028678227474e-06 	 5.009279257569301e-13
47.56564564564565 	 2.5352561808434085e-06 	 4.762232663801127e-13
48.066126126126136 	 2.4505200623862337e-06 	 4.530635443052734e-13
48.56660660660662 	 2.3702472469571238e-06 	 4.313337295509306e-13
49.067087087087096 	 2.2941237527802e-06 	 4.109271458046601e-13
49.56756756756758 	 2.221861785818249e-06 	 3.917467492437123e-13
50.068048048048055 	 2.15319992359019e-06 	 3.737029012186171e-13
50.56852852852854 	 2.087896894084724e-06 	 3.5671364646732975e-13
51.06900900900902 	 2.025730086577526e-06 	 3.4070620107416374e-13
51.5694894894895 	 1.96649438495872e-06 	 3.256103100163377e-13
52.06996996996998 	 1.9100039690393246e-06 	 3.1136421114861367e-13
52.57045045045046 	 1.8560870905934837e-06 	 2.9790885861837025e-13
53.07093093093094 	 1.8045820920418209e-06 	 2.851924973956156e-13
53.571411411411425 	 1.7553479411901455e-06 	 2.731641832710895e-13
54.0718918918919 	 1.7082430043474586e-06 	 2.617796786762316e-13
54.572372372372385 	 1.6631432714084456e-06 	 2.5099734268768237e-13
55.07285285285286 	 1.6199292397658866e-06 	 2.4077903969587797e-13
55.573333333333345 	 1.578498881774658e-06 	 2.3108743898967076e-13
56.07381381381382 	 1.5387497511604729e-06 	 2.2189077003808552e-13
56.574294294294305 	 1.5005855549798913e-06 	 2.131583020625822e-13
57.07477477477479 	 1.4639234059263914e-06 	 2.0486093195513937e-13
57.575255255255264 	 1.4286813105961335e-06 	 1.969734458764368e-13
58.07573573573575 	 1.3947840476296333e-06 	 1.8947002930001144e-13
58.576216216216224 	 1.3621616012669579e-06 	 1.823284565002654e-13
59.07669669669671 	 1.3307458333788568e-06 	 1.7552855865225047e-13
59.57717717717719 	 1.3004793927781906e-06 	 1.6904883478837302e-13
60.07765765765767 	 1.2713022122482774e-06 	 1.6287189748910562e-13
60.57813813813815 	 1.2431599763030469e-06 	 1.569805410364299e-13
61.07861861861863 	 1.2160035921284678e-06 	 1.51359011475776e-13
61.57909909909911 	 1.1897851233561381e-06 	 1.4599188005075618e-13
62.079579579579594 	 1.1644610111616492e-06 	 1.4086537418154014e-13
62.58006006006007 	 1.1399879390529254e-06 	 1.3596634531638484e-13
63.080540540540554 	 1.1163272913391003e-06 	 1.312828415116736e-13
63.58102102102103 	 1.0934414641869019e-06 	 1.2680284526487704e-13
64.0815015015015 	 1.0712965114809442e-06 	 1.2251617123946475e-13
64.58198198198198 	 1.0498598817870424e-06 	 1.1841239335445892e-13
65.08246246246247 	 1.0290985431456475e-06 	 1.1448228564208526e-13
65.58294294294295 	 1.0089844493945344e-06 	 1.1071649971457134e-13
66.08342342342343 	 9.894881480474982e-07 	 1.0710753074006632e-13
66.5839039039039 	 9.705870977078345e-07 	 1.0364659720794168e-13
67.08438438438439 	 9.522531480391643e-07 	 1.0032712803279128e-13
67.58486486486487 	 9.344650234572918e-07 	 9.714125563359589e-14
68.08534534534535 	 9.171992124555191e-07 	 9.408325725258946e-14
68.58582582582584 	 9.004349681267471e-07 	 9.114659868810468e-14
69.08630630630631 	 8.841520954915138e-07 	 8.832524525470677e-14
69.58678678678679 	 8.683313830189489e-07 	 8.561423617591714e-14
70.08726726726728 	 8.529555784418874e-07 	 8.300809315900814e-14
70.58774774774776 	 8.380069669869993e-07 	 8.05015055690895e-14
71.08822822822823 	 8.234701510060055e-07 	 7.809058575734054e-14
71.58870870870871 	 8.093255577512738e-07 	 7.577077231448936e-14
72.0891891891892 	 7.955630940248569e-07 	 7.353765258742284e-14
72.58966966966968 	 7.821677020371615e-07 	 7.138702977280811e-14
73.09015015015015 	 7.691255584885333e-07 	 6.931599029903642e-14
73.59063063063064 	 7.564235717148694e-07 	 6.732028529058386e-14
74.09111111111112 	 7.440506308943212e-07 	 6.539716407582037e-14
74.5915915915916 	 7.319930823677856e-07 	 6.354294511300832e-14
75.09207207207209 	 7.202401555462361e-07 	 6.175484287203952e-14
75.59255255255256 	 7.08783722314879e-07 	 6.003000399196915e-14
76.09303303303304 	 6.976120517604922e-07 	 5.836609668198129e-14
76.59351351351351 	 6.867138939265848e-07 	 5.6759901589371476e-14
77.093993993994 	 6.760825328580656e-07 	 5.520940687429188e-14
77.59447447447448 	 6.657076936280659e-07 	 5.371201678065137e-14
78.09495495495496 	 6.555807438942071e-07 	 5.2265868888764945e-14
78.59543543543545 	 6.456925588852031e-07 	 5.086852892200726e-14
79.09591591591592 	 6.360379626341823e-07 	 4.951811161408139e-14
79.5963963963964 	 6.266086562386452e-07 	 4.82127180262715e-14
80.09687687687689 	 6.173982956932557e-07 	 4.695057153885944e-14
80.59735735735737 	 6.083968096387439e-07 	 4.5729954197654906e-14
81.09783783783784 	 5.996000257977379e-07 	 4.4549284401447326e-14
81.59831831831832 	 5.910003119308945e-07 	 4.3406984586197895e-14
82.09879879879881 	 5.82593098411401e-07 	 4.2301327766916064e-14
82.59927927927929 	 5.743707404988561e-07 	 4.12309066284065e-14
83.09975975975976 	 5.663310865779744e-07 	 4.0194655121231606e-14
83.60024024024025 	 5.584624025153216e-07 	 3.919127336162646e-14
84.10072072072073 	 5.507662500828067e-07 	 3.8219040576504986e-14
84.6012012012012 	 5.432331817618478e-07 	 3.727728582100963e-14
85.10168168168168 	 5.358605695988804e-07 	 3.6364416491060684e-14
85.60216216216217 	 5.286434913546587e-07 	 3.547982838895072e-14
86.10264264264265 	 5.215764101644454e-07 	 3.4622262764820235e-14
86.60312312312313 	 5.146575527305055e-07 	 3.379053826126131e-14
87.10360360360362 	 5.078796867460272e-07 	 3.298391719814133e-14
87.60408408408409 	 5.01238453408865e-07 	 3.220151183804982e-14
88.10456456456457 	 4.947343553618832e-07 	 3.144227919825709e-14
88.60504504504506 	 4.883593320591974e-07 	 3.070576542958242e-14
89.10552552552554 	 4.821122583012251e-07 	 2.999059759030029e-14
89.60600600600601 	 4.759869078695516e-07 	 2.929644314119212e-14
90.10648648648649 	 4.6998349300377893e-07 	 2.862250627780028e-14
90.60696696696698 	 4.640971943695832e-07 	 2.7967970299232794e-14
91.10744744744746 	 4.5832389656700866e-07 	 2.7332176656351857e-14
91.60792792792793 	 4.5266211063854644e-07 	 2.6714439659032124e-14
92.10840840840842 	 4.4710869400288596e-07 	 2.6114344758433987e-14
92.6088888888889 	 4.4166002372350804e-07 	 2.5530989611695672e-14
93.10936936936938 	 4.363149207673511e-07 	 2.4964091050660515e-14
93.60984984984987 	 4.310670844706553e-07 	 2.4412962356077225e-14
94.11033033033034 	 4.259192945515873e-07 	 2.3876963297443008e-14
94.61081081081082 	 4.2086583096161146e-07 	 2.3355842049346363e-14
95.1112912912913 	 4.1590376507432064e-07 	 2.2848988017947773e-14
95.61177177177179 	 4.110328158958872e-07 	 2.2355792588827807e-14
96.11225225225226 	 4.0624783846780075e-07 	 2.1876103104247314e-14
96.61273273273274 	 4.0155124149636204e-07 	 2.140920337424347e-14
97.11321321321323 	 3.96937085930919e-07 	 2.09548229507908e-14
97.6136936936937 	 3.9240520668023816e-07 	 2.051246681764427e-14
98.11417417417418 	 3.879526175717134e-07 	 2.0081817157680003e-14
98.61465465465466 	 3.835774026305157e-07 	 1.9662540138868425e-14
99.11513513513515 	 3.7927765839661234e-07 	 1.9254279053828195e-14
99.61561561561562 	 3.750525681485395e-07 	 1.885656686628684e-14
100.1160960960961 	 3.716540646140041e-07 	 1.8473473326481368e-14
100.61657657657659 	 3.698054069558002e-07 	 1.810864843603546e-14
101.11705705705707 	 3.6797504921849896e-07 	 1.7752785213719465e-14
101.61753753753754 	 3.661627210131469e-07 	 1.7405620788034976e-14
102.11801801801803 	 3.6436815725149643e-07 	 1.7066901239571837e-14
102.61849849849851 	 3.6259109801674566e-07 	 1.6736381254281716e-14
103.11897897897899 	 3.608312884380419e-07 	 1.6413823791786698e-14
103.61945945945946 	 3.590884785686224e-07 	 1.6098999768001835e-14
104.11993993993995 	 3.573624232674697e-07 	 1.579168775138873e-14
104.62042042042043 	 3.5565288208436375e-07 	 1.5491673672192698e-14
105.1209009009009 	 3.53959619148217e-07 	 1.5198750544049635e-14
105.6213813813814 	 3.522824030585852e-07 	 1.491271819738097e-14
106.12186186186187 	 3.506210067802473e-07 	 1.4633383024024352e-14
106.62234234234235 	 3.4897520754075496e-07 	 1.4360557732576613e-14
107.12282282282284 	 3.4734478673085294e-07 	 1.4094061113951913e-14
107.62330330330332 	 3.4572952980767964e-07 	 1.3833717816683547e-14
108.1237837837838 	 3.4412922620065405e-07 	 1.3579358131521165e-14
108.62426426426427 	 3.4254366921996627e-07 	 1.3330817784898567e-14
109.12474474474476 	 3.4097265596758465e-07 	 1.3087937740867617e-14
109.62522522522524 	 3.3941598725070164e-07 	 1.2850564011114717e-14
110.12570570570571 	 3.378734674975394e-07 	 1.2618547472694822e-14
110.6261861861862 	 3.3634490467544065e-07 	 1.2391743693136348e-14
111.12666666666668 	 3.348301102111735e-07 	 1.2170012762587264e-14
111.62714714714716 	 3.333288989133794e-07 	 1.1953219132688624e-14
112.12762762762763 	 3.3184108889709854e-07 	 1.1741231461877558e-14
112.62810810810812 	 3.303665015103072e-07 	 1.1533922466835658e-14
113.1285885885886 	 3.2890496126240555e-07 	 1.1331168779812896e-14
113.62906906906908 	 3.2745629575459466e-07 	 1.1132850811569825e-14
114.12954954954957 	 3.2602033561208597e-07 	 1.0938852619693479e-14
114.63003003003004 	 3.2459691441808647e-07 	 1.0749061782053773e-14
115.13051051051052 	 3.2318586864950536e-07 	 1.0563369275178451e-14
115.63099099099101 	 3.2178703761433057e-07 	 1.038166935733504e-14
116.13147147147149 	 3.204002633906252e-07 	 1.0203859456118376e-14
116.63195195195196 	 3.190253907670935e-07 	 1.002984006035145e-14
117.13243243243244 	 3.1766226718517106e-07 	 9.859514616116579e-15
117.63291291291293 	 3.163107426825936e-07 	 9.692789426742256e-15
118.1333933933934 	 3.1497066983840005e-07 	 9.529573556579178e-15
118.63387387387388 	 3.136419037193271e-07 	 9.369778738406562e-15
119.13435435435437 	 3.123243018275557e-07 	 9.213319284317265e-15
119.63483483483485 	 3.110177240497689e-07 	 9.060111999937052e-15
120.13531531531532 	 3.09722032607483e-07 	 8.910076101840004e-15
120.63579579579581 	 3.0843709200861487e-07 	 8.763133138028265e-15
121.13627627627629 	 3.071627690002502e-07 	 8.619206911350351e-15
121.63675675675677 	 3.0589893252257777e-07 	 8.478223405737813e-15
122.13723723723724 	 3.0464545366395587e-07 	 8.34011071514552e-15
122.63771771771773 	 3.0340220561707947e-07 	 8.204798975085857e-15
123.13819819819821 	 3.021690636362161e-07 	 8.072220296652134e-15
123.63867867867869 	 3.0094590499548026e-07 	 7.942308702930962e-15
124.13915915915918 	 2.9973260894811726e-07 	 7.815000067707898e-15
124.63963963963965 	 2.985290566867682e-07 	 7.690232056374918e-15
125.14012012012013 	 2.973351313046879e-07 	 7.567944068952004e-15
125.64060060060062 	 2.961507177578907e-07 	 7.448077185139351e-15
126.1410810810811 	 2.949757028281959e-07 	 7.330574111319909e-15
126.64156156156157 	 2.938099750871513e-07 	 7.215379129435793e-15
127.14204204204205 	 2.9265342486080723e-07 	 7.102438047665127e-15
127.64252252252254 	 2.915059441953201e-07 	 6.991698152829223e-15
128.14300300300303 	 2.9036742682336203e-07 	 6.883108164462864e-15
128.64348348348352 	 2.892377681313141e-07 	 6.7766181904833725e-15
129.14396396396398 	 2.881168651272229e-07 	 6.672179684396884e-15
129.64444444444447 	 2.8700461640949864e-07 	 6.569745403982783e-15
130.14492492492496 	 2.859009221363366e-07 	 6.4692693713999075e-15
130.64540540540543 	 2.848056839958403e-07 	 6.370706834660161e-15
131.14588588588592 	 2.837188051768292e-07 	 6.274014230417853e-15
131.6463663663664 	 2.8264019034031274e-07 	 6.179149148024951e-15
132.14684684684687 	 2.8156974559161167e-07 	 6.086070294804498e-15
132.64732732732736 	 2.8050737845311126e-07 	 5.994737462496652e-15
133.14780780780782 	 2.7945299783762887e-07 	 5.905111494833398e-15
133.6482882882883 	 2.784065140223794e-07 	 5.817154256199908e-15
134.1487687687688 	 2.7736783862352435e-07 	 5.730828601342347e-15
134.64924924924927 	 2.763368845712877e-07 	 5.646098346083296e-15
135.14972972972976 	 2.7531356608562525e-07 	 5.562928239007789e-15
135.65021021021025 	 2.742977986524321e-07 	 5.48128393408433e-15
136.1506906906907 	 2.7328949900027557e-07 	 5.401131964186688e-15
136.6511711711712 	 2.7228858507763815e-07 	 5.322439715483646e-15
137.1516516516517 	 2.7129497603066046e-07 	 5.245175402665313e-15
137.65213213213215 	 2.703085921813684e-07 	 5.169308044975589e-15
138.15261261261264 	 2.6932935500637353e-07 	 5.094807443021837e-15
138.65309309309313 	 2.683571871160359e-07 	 5.021644156333882e-15
139.1535735735736 	 2.673920122340757e-07 	 4.949789481645456e-15
139.6540540540541 	 2.6643375517762276e-07 	 4.879215431872351e-15
140.15453453453458 	 2.6548234183769503e-07 	 4.8098947157626254e-15
140.65501501501504 	 2.6453769916009254e-07 	 4.741800718194945e-15
141.15549549549553 	 2.63599755126698e-07 	 4.674907481102282e-15
141.65597597597602 	 2.626684387371747e-07 	 4.609189684999023e-15
142.15645645645648 	 2.6174367999104974e-07 	 4.544622631090239e-15
142.65693693693697 	 2.608254098701754e-07 	 4.481182223942914e-15
143.15741741741743 	 2.5991356032155774e-07 	 4.418844954699562e-15
143.65789789789793 	 2.590080642405446e-07 	 4.357587884815366e-15
144.15837837837842 	 2.581088554543637e-07 	 4.297388630300878e-15
144.65885885885888 	 2.572158687060022e-07 	 4.2382253464527665e-15
145.15933933933937 	 2.5632903963841977e-07 	 4.1800767130559324e-15
145.65981981981986 	 2.554483047790877e-07 	 4.12292192004089e-15
146.16030030030032 	 2.5457360152484504e-07 	 4.066740653580858e-15
146.6607807807808 	 2.537048681270647e-07 	 4.011513082613661e-15
147.1612612612613 	 2.5284204367712304e-07 	 3.957219845774076e-15
147.66174174174176 	 2.5198506809216404e-07 	 3.903842038722764e-15
148.16222222222225 	 2.511338821011527e-07 	 3.851361201858457e-15
148.66270270270275 	 2.5028842723120946e-07 	 3.799759308400589e-15
149.1631831831832 	 2.494486457942208e-07 	 3.7490187528299775e-15
149.6636636636637 	 2.486144808737171e-07 	 3.699122339675645e-15
150.1641441441442 	 2.4778587631201395e-07 	 3.650053272636327e-15
150.66462462462465 	 2.4696277669760955e-07 	 3.6017951440255654e-15
151.16510510510514 	 2.4614512735283207e-07 	 3.55433192452976e-15
151.6655855855856 	 2.453328743217319e-07 	 3.5076479532688918e-15
152.1660660660661 	 2.445259643582129e-07 	 3.4617279281499945e-15
152.66654654654658 	 2.437243449143969e-07 	 3.416556896503862e-15
153.16702702702705 	 2.429279641292164e-07 	 3.3721202459957507e-15
153.66750750750754 	 2.421367708172301e-07 	 3.3284036958011836e-15
154.16798798798803 	 2.413507144576567e-07 	 3.2853932880383673e-15
154.6684684684685 	 2.4056974518362077e-07 	 3.2430753794488476e-15
155.16894894894898 	 2.397938137716075e-07 	 3.2014366333185304e-15
155.66942942942947 	 2.390228716311208e-07 	 3.160464011631348e-15
156.16990990990993 	 2.382568707945399e-07 	 3.12014476744811e-15
156.67039039039042 	 2.3749576390717015e-07 	 3.0804664375034276e-15
157.1708708708709 	 2.3673950421748502e-07 	 3.0414168350138214e-15
157.67135135135138 	 2.3598804556755285e-07 	 3.002984042690254e-15
158.17183183183187 	 2.3524134238364542e-07 	 2.9651564059487276e-15
158.67231231231236 	 2.344993496670251e-07 	 2.9279225263127194e-15
159.17279279279282 	 2.3376202298490492e-07 	 2.891271255001405e-15
159.6732732732733 	 2.3302931846157901e-07 	 2.8551916866979216e-15
160.1737537537538 	 2.3230119276971948e-07 	 2.819673153492065e-15
160.67423423423426 	 2.3157760312183555e-07 	 2.784705218991977e-15
161.17471471471475 	 2.30858507261892e-07 	 2.750277672599642e-15
161.67519519519522 	 2.3014386345708357e-07 	 2.716380523945132e-15
162.1756756756757 	 2.2943363048976125e-07 	 2.683003997474712e-15
162.6761561561562 	 2.2872776764950779e-07 	 2.6501385271881073e-15
163.17663663663666 	 2.280262347253591e-07 	 2.6177747515203754e-15
163.67711711711715 	 2.2732899199816811e-07 	 2.5859035083639706e-15
164.17759759759764 	 2.2663600023310857e-07 	 2.5545158302267702e-15
164.6780780780781 	 2.2594722067231568e-07 	 2.5236029395219405e-15
165.1785585585586 	 2.252626150276598e-07 	 2.493156243985626e-15
165.67903903903908 	 2.24582145473652e-07 	 2.4631673322187015e-15
166.17951951951954 	 2.2390577464047734e-07 	 2.433627969348792e-15
166.68000000000004 	 2.2323346560715347e-07 	 2.4045300928089795e-15
167.18048048048053 	 2.2256518189481278e-07 	 2.3758658082297772e-15
167.680960960961 	 2.2190088746010426e-07 	 2.3476273854409183e-15
168.18144144144148 	 2.2124054668871337e-07 	 2.3198072545797653e-15
168.68192192192197 	 2.205841243889972e-07 	 2.2923980023031775e-15
169.18240240240243 	 2.1993158578573287e-07 	 2.2653923680997854e-15
169.68288288288292 	 2.192828965139761e-07 	 2.23878324069971e-15
170.18336336336338 	 2.1863802261302882e-07 	 2.212563654578915e-15
170.68384384384387 	 2.1799693052051194e-07 	 2.186726786555374e-15
171.18432432432436 	 2.1735958706654314e-07 	 2.1612659524744327e-15
171.68480480480483 	 2.1672595946801587e-07 	 2.1361746039807362e-15
172.18528528528532 	 2.1609601532297796e-07 	 2.1114463253742383e-15
172.6857657657658 	 2.1546972260510875e-07 	 2.087074830547875e-15
173.18624624624627 	 2.1484704965829136e-07 	 2.0630539600045225e-15
173.68672672672676 	 2.1422796519127863e-07 	 2.0393776779509764e-15
174.18720720720725 	 2.136124382724519e-07 	 2.016040069466787e-15
174.6876876876877 	 2.1300043832466888e-07 	 1.9930353377457418e-15
175.1881681681682 	 2.1239193512020042e-07 	 1.970357801407992e-15
175.6886486486487 	 2.1178689877575387e-07 	 1.9480018918808004e-15
176.18912912912916 	 2.111852997475807e-07 	 1.925962150845948e-15
176.68960960960965 	 2.10587108826668e-07 	 1.904233227751946e-15
177.19009009009014 	 2.0999229713401081e-07 	 1.8828098773892305e-15
177.6905705705706 	 2.094008361159649e-07 	 1.861686957526547e-15
178.1910510510511 	 2.088126975396774e-07 	 1.8408594266068404e-15
178.69153153153155 	 2.0822785348859468e-07 	 1.8203223415009892e-15
179.19201201201204 	 2.0764627635804488e-07 	 1.8000708553177417e-15
179.69249249249253 	 2.0706793885089497e-07 	 1.7801002152683494e-15
180.192972972973 	 2.0649281397327977e-07 	 1.7604057605843443e-15
180.6934534534535 	 2.0592087503040192e-07 	 1.7409829204869954e-15
181.19393393393398 	 2.0535209562240171e-07 	 1.7218272122070529e-15
181.69441441441444 	 2.0478644964029484e-07 	 1.7029342390533686e-15
182.19489489489493 	 2.042239112619775e-07 	 1.6842996885290693e-15
182.69537537537542 	 2.0366445494829692e-07 	 1.6659193304939922e-15
183.19585585585588 	 2.031080554391862e-07 	 1.647789015372108e-15
183.69633633633637 	 2.0255468774986252e-07 	 1.6299046724027183e-15
184.19681681681686 	 2.0200432716708742e-07 	 1.6122623079342556e-15
184.69729729729733 	 2.0145694924548751e-07 	 1.5948580037595095e-15
185.19777777777782 	 2.0091252980393512e-07 	 1.5776879154911844e-15
185.6982582582583 	 2.0037104492198768e-07 	 1.5607482709767095e-15
186.19873873873877 	 1.9983247093638388e-07 	 1.5440353687512241e-15
186.69921921921926 	 1.9929678443759665e-07 	 1.5275455765277474e-15
187.19969969969975 	 1.9876396226644174e-07 	 1.5112753297235382e-15
187.7001801801802 	 1.9823398151073962e-07 	 1.4952211300216539e-15
188.2006606606607 	 1.977068195020316e-07 	 1.4793795439668236e-15
188.70114114114116 	 1.9718245381234753e-07 	 1.46374720159469e-15
189.20162162162165 	 1.966608622510253e-07 	 1.4483207950935606e-15
189.70210210210215 	 1.9614202286158022e-07 	 1.4330970774978073e-15
190.2025825825826 	 1.9562591391862434e-07 	 1.4180728614120875e-15
190.7030630630631 	 1.9511251392483373e-07 	 1.4032450177655775e-15
191.2035435435436 	 1.9460180160796386e-07 	 1.388610474595442e-15
191.70402402402405 	 1.9409375591791142e-07 	 1.374166215858773e-15
192.20450450450454 	 1.935883560238221e-07 	 1.3599092802722566e-15
192.70498498498503 	 1.930855813112438e-07 	 1.3458367601788728e-15
193.2054654654655 	 1.9258541137932344e-07 	 1.3319458004408936e-15
193.70594594594598 	 1.9208782603804774e-07 	 1.3182335973585364e-15
194.20642642642648 	 1.9159280530552631e-07 	 1.3046973976135928e-15
194.70690690690694 	 1.911003294053172e-07 	 1.2913344972374099e-15
195.20738738738743 	 1.906103787637928e-07 	 1.278142240602585e-15
195.70786786786792 	 1.9012293400754684e-07 	 1.2651180194377805e-15
196.20834834834838 	 1.8963797596084067e-07 	 1.2522592718650716e-15
196.70882882882887 	 1.8915548564308876e-07 	 1.239563481459249e-15
197.20930930930933 	 1.8867544426638232e-07 	 1.2270281763285294e-15
197.70978978978982 	 1.8819783323305056e-07 	 1.214650928216127e-15
198.2102702702703 	 1.8772263413325902e-07 	 1.202429351622165e-15
198.71075075075078 	 1.8724982874264423e-07 	 1.190361102945423e-15
199.21123123123127 	 1.8677939901998354e-07 	 1.1784438796443992e-15
199.71171171171176 	 1.863113271049006e-07 	 1.166675419417246e-15
200.21219219219222 	 1.858455953156053e-07 	 1.155053499400073e-15
200.7126726726727 	 1.8538218614666645e-07 	 1.1435759353831658e-15
201.2131531531532 	 1.8492108226681924e-07 	 1.1322405810447076e-15
201.71363363363366 	 1.8446226651680427e-07 	 1.1210453272015301e-15
202.21411411411415 	 1.8400572190723884e-07 	 1.1099881010764954e-15
202.71459459459464 	 1.8355143161652016e-07 	 1.0990668655821015e-15
203.2150750750751 	 1.8309937898875928e-07 	 1.088279618619906e-15
203.7155555555556 	 1.8264954753174527e-07 	 1.0776243923953777e-15
204.2160360360361 	 1.822019209149398e-07 	 1.067099252747814e-15
204.71651651651655 	 1.817564829675008e-07 	 1.05670229849494e-15
205.21699699699704 	 1.8131321767633519e-07 	 1.0464316607918454e-15
205.71747747747753 	 1.808721091841797e-07 	 1.0362855025039026e-15
206.217957957958 	 1.8043314178771043e-07 	 1.0262620175933375e-15
206.71843843843848 	 1.799962999356789e-07 	 1.0163594305191096e-15
207.21891891891894 	 1.7956156822707577e-07 	 1.006575995649801e-15
207.71939939939944 	 1.7912893140932084e-07 	 9.96909996689178e-16
208.21987987987993 	 1.7869837437647937e-07 	 9.873597461141475e-16
208.7203603603604 	 1.7826988216750364e-07 	 9.779235846247874e-16
209.22084084084088 	 1.7784343996450026e-07 	 9.685998806061816e-16
209.72132132132137 	 1.7741903309102187e-07 	 9.593870296017701e-16
210.22180180180183 	 1.7699664701038364e-07 	 9.502834537979463e-16
210.72228228228232 	 1.7657626732400317e-07 	 9.412876015196218e-16
211.2227627627628 	 1.761578797697649e-07 	 9.323979467365273e-16
211.72324324324327 	 1.7574147022040662e-07 	 9.236129885799611e-16
212.22372372372377 	 1.753270246819297e-07 	 9.149312508697705e-16
212.72420420420426 	 1.7491452929203135e-07 	 9.063512816513095e-16
213.22468468468472 	 1.745039703185591e-07 	 8.97871652742144e-16
213.7251651651652 	 1.7409533415798675e-07 	 8.894909592882759e-16
214.2256456456457 	 1.7368860733391205e-07 	 8.812078193296657e-16
214.72612612612616 	 1.7328377649557525e-07 	 8.730208733748415e-16
215.22660660660665 	 1.7288082841639794e-07 	 8.649287839843696e-16
215.7270870870871 	 1.7247974999254303e-07 	 8.569302353630048e-16
216.2275675675676 	 1.7208052824149388e-07 	 8.490239329602955e-16
216.7280480480481 	 1.7168315030065374e-07 	 8.412086030794693e-16
217.22852852852856 	 1.7128760342596417e-07 	 8.334829924943954e-16
217.72900900900905 	 1.7089387499054274e-07 	 8.258458680744458e-16
218.22948948948954 	 1.7050195248333933e-07 	 8.182960164170727e-16
218.72996996997 	 1.7011182350781102e-07 	 8.108322434879274e-16
219.2304504504505 	 1.6972347578061497e-07 	 8.034533742683438e-16
219.73093093093098 	 1.6933689713031925e-07 	 7.961582524100301e-16
220.23141141141144 	 1.6895207549613133e-07 	 7.889457398967928e-16
220.73189189189193 	 1.6856899892664361e-07 	 7.818147167131432e-16
221.23237237237242 	 1.6818765557859634e-07 	 7.747640805196287e-16
221.7328528528529 	 1.67808033715657e-07 	 7.67792746334736e-16
222.23333333333338 	 1.6743012170721616e-07 	 7.608996462232172e-16
222.73381381381387 	 1.6705390802719997e-07 	 7.540837289907055e-16
223.23429429429433 	 1.666793812528981e-07 	 7.473439598844631e-16
223.73477477477482 	 1.6630653006380776e-07 	 7.40679320300138e-16
224.23525525525528 	 1.65935343240493e-07 	 7.340888074943926e-16
224.73573573573577 	 1.6556580966345942e-07 	 7.275714343032691e-16
225.23621621621626 	 1.6519791831204386e-07 	 7.211262288661719e-16
225.73669669669673 	 1.6483165826331873e-07 	 7.147522343553388e-16
226.23717717717722 	 1.6446701869101088e-07 	 7.08448508710675e-16
226.7376576576577 	 1.6410398886443506e-07 	 7.022141243798481e-16
227.23813813813817 	 1.6374255814744112e-07 	 6.960481680635068e-16
227.73861861861866 	 1.6338271599737534e-07 	 6.899497404655293e-16
228.23909909909915 	 1.6302445196405527e-07 	 6.839179560481811e-16
228.7395795795796 	 1.626677556887583e-07 	 6.779519427920815e-16
229.2400600600601 	 1.623126169032229e-07 	 6.720508419608657e-16
229.7405405405406 	 1.6195902542866364e-07 	 6.662138078704514e-16
230.24102102102106 	 1.6160697117479856e-07 	 6.604400076628025e-16
230.74150150150155 	 1.6125644413888936e-07 	 6.54728621084093e-16
231.24198198198204 	 1.6090743440479407e-07 	 6.490788402671821e-16
231.7424624624625 	 1.6055993214203186e-07 	 6.43489869518298e-16
232.242942942943 	 1.6021392760486017e-07 	 6.379609251078514e-16
232.74342342342348 	 1.5986941113136366e-07 	 6.324912350652813e-16
233.24390390390394 	 1.5952637314255466e-07 	 6.270800389778487e-16
233.74438438438443 	 1.5918480414148553e-07 	 6.217265877932976e-16
234.2448648648649 	 1.588446947123722e-07 	 6.164301436262987e-16
234.74534534534538 	 1.585060355197289e-07 	 6.111899795685921e-16
235.24582582582588 	 1.5816881730751414e-07 	 6.060053795027572e-16
235.74630630630634 	 1.5783303089828727e-07 	 6.008756379195279e-16
236.24678678678683 	 1.5749866719237596e-07 	 5.958000597385778e-16
236.74726726726732 	 1.571657171670543e-07 	 5.907779601327106e-16
237.24774774774778 	 1.5683417187573098e-07 	 5.858086643553689e-16
237.74822822822827 	 1.5650402244714815e-07 	 5.808915075714079e-16
238.24870870870876 	 1.5617526008459013e-07 	 5.760258346910566e-16
238.74918918918922 	 1.5584787606510195e-07 	 5.71211000206999e-16
239.24966966966971 	 1.5552186173871809e-07 	 5.664463680345155e-16
239.7501501501502 	 1.551972085277004e-07 	 5.61731311354618e-16
240.25063063063067 	 1.5487390792578612e-07 	 5.570652124601169e-16
240.75111111111116 	 1.5455195149744458e-07 	 5.524474626045572e-16
241.25159159159165 	 1.5423133087714384e-07 	 5.478774618539693e-16
241.7520720720721 	 1.5391203776862595e-07 	 5.433546189413703e-16
242.2525525525526 	 1.5359406394419137e-07 	 5.388783511239644e-16
242.75303303303306 	 1.532774012439924e-07 	 5.344480840429854e-16
243.25351351351355 	 1.5296204157533488e-07 	 5.300632515861219e-16
243.75399399399404 	 1.5264797691198915e-07 	 5.257232957524846e-16
244.2544744744745 	 1.5233519929350883e-07 	 5.214276665200485e-16
244.754954954955 	 1.520237008245584e-07 	 5.171758217155309e-16
245.2554354354355 	 1.517134736742487e-07 	 5.129672268866518e-16
245.75591591591595 	 1.5140451007548095e-07 	 5.088013551767293e-16
246.25639639639644 	 1.5109680232429823e-07 	 5.046776872015562e-16
246.75687687687693 	 1.507903427792455e-07 	 5.005957109285278e-16
247.2573573573574 	 1.5048512386073663e-07 	 4.965549215579525e-16
247.75783783783788 	 1.5018113805042986e-07 	 4.925548214065234e-16
248.25831831831837 	 1.498783778906103e-07 	 4.885949197928939e-16
248.75879879879884 	 1.4957683598358014e-07 	 4.846747329253186e-16
249.25927927927933 	 1.492765049910559e-07 	 4.807937837913186e-16
249.75975975975982 	 1.4897737763357354e-07 	 4.769516020493328e-16
250.26024024024028 	 1.486794466898999e-07 	 4.731477239223109e-16
250.76072072072077 	 1.4838270499645178e-07 	 4.693816920932124e-16
251.26120120120126 	 1.4808714544672189e-07 	 4.656530556023751e-16
251.76168168168172 	 1.4779276099071137e-07 	 4.619613697467143e-16
252.2621621621622 	 1.474995446343693e-07 	 4.583061959807119e-16
252.76264264264267 	 1.4720748943903875e-07 	 4.546871018191712e-16
253.26312312312317 	 1.4691658852090957e-07 	 4.511036607416926e-16
253.76360360360366 	 1.466268350504775e-07 	 4.475554520988397e-16
254.26408408408412 	 1.4633822225200954e-07 	 4.440420610199639e-16
254.7645645645646 	 1.4605074340301606e-07 	 4.4056307832265264e-16
255.2650450450451 	 1.4576439183372865e-07 	 4.371181004237727e-16
255.76552552552556 	 1.4547916092658432e-07 	 4.3370672925207397e-16
256.266006006006 	 1.4519504411571584e-07 	 4.3032857216232424e-16
256.7664864864865 	 1.4491203488644776e-07 	 4.2698324185094876e-16
257.266966966967 	 1.4463012677479853e-07 	 4.236703562731384e-16
257.76744744744747 	 1.4434931336698855e-07 	 4.2038953856140756e-16
258.26792792792793 	 1.440695882989534e-07 	 4.1714041694556137e-16
258.76840840840845 	 1.4379094525586333e-07 	 4.1392262467405776e-16
259.2688888888889 	 1.435133779716481e-07 	 4.1073579993673056e-16
259.7693693693694 	 1.4323688022852696e-07 	 4.075795857888453e-16
260.2698498498499 	 1.4296144585654474e-07 	 4.0445363007647e-16
260.77033033033035 	 1.426870687331127e-07 	 4.013575853631294e-16
261.2708108108108 	 1.4241374278255477e-07 	 3.9829110885771783e-16
261.77129129129133 	 1.4214146197565938e-07 	 3.952538623436543e-16
262.2717717717718 	 1.4187022032923593e-07 	 3.9224551210924577e-16
262.77225225225226 	 1.416000119056765e-07 	 3.8926572887924223e-16
263.2727327327328 	 1.4133083081252263e-07 	 3.863141877475606e-16
263.77321321321324 	 1.4106267120203715e-07 	 3.8339056811115406e-16
264.2736936936937 	 1.407955272707805e-07 	 3.804945536050034e-16
264.7741741741742 	 1.4052939325919205e-07 	 3.7762583203821177e-16
265.2746546546547 	 1.4026426345117649e-07 	 3.747840953311854e-16
265.77513513513514 	 1.4000013217369415e-07 	 3.719690394538685e-16
266.2756156156156 	 1.3973699379635672e-07 	 3.6918036436502697e-16
266.7760960960961 	 1.3947484273102697e-07 	 3.664177739525506e-16
267.2765765765766 	 1.3921367343142334e-07 	 3.636809759747605e-16
267.77705705705705 	 1.389534803927286e-07 	 3.6096968200269803e-16
268.27753753753757 	 1.386942581512032e-07 	 3.5828360736338356e-16
268.77801801801803 	 1.384360012838029e-07 	 3.5562247108402278e-16
269.2784984984985 	 1.381787044078004e-07 	 3.529859958371403e-16
269.778978978979 	 1.3792236218041143e-07 	 3.5037390788663054e-16
270.2794594594595 	 1.3766696929842512e-07 	 3.477859370347056e-16
270.77993993993994 	 1.3741252049783802e-07 	 3.452218165697187e-16
271.28042042042046 	 1.3715901055349254e-07 	 3.426812832148553e-16
271.7809009009009 	 1.3690643427871943e-07 	 3.4016407707767374e-16
272.2813813813814 	 1.366547865249837e-07 	 3.376699416004717e-16
272.7818618618619 	 1.3640406218153517e-07 	 3.3519862351147756e-16
273.28234234234236 	 1.3615425617506225e-07 	 3.3274987277683965e-16
273.7828228228228 	 1.3590536346934984e-07 	 3.3032344255340355e-16
274.28330330330334 	 1.3565737906494078e-07 	 3.279190891422642e-16
274.7837837837838 	 1.3541029799880128e-07 	 3.255365719430769e-16
275.28426426426427 	 1.3516411534398966e-07 	 3.231756534091121e-16
275.7847447447448 	 1.3491882620932886e-07 	 3.2083609900304475e-16
276.28522522522525 	 1.3467442573908274e-07 	 3.1851767715346215e-16
276.7857057057057 	 1.344309091126353e-07 	 3.1622015921207455e-16
277.2861861861862 	 1.34188271544174e-07 	 3.139433194116238e-16
277.7866666666667 	 1.3394650828237618e-07 	 3.116869348244689e-16
278.28714714714715 	 1.3370561461009893e-07 	 3.094507853218412e-16
278.78762762762767 	 1.3346558584407208e-07 	 3.072346535337565e-16
279.28810810810813 	 1.3322641733459518e-07 	 3.050383248095731e-16
279.7885885885886 	 1.329881044652367e-07 	 3.02861587179179e-16
280.2890690690691 	 1.3275064265253732e-07 	 3.0070423131480607e-16
280.7895495495496 	 1.325140273457162e-07 	 2.9856605049345277e-16
281.29003003003004 	 1.322782540263799e-07 	 2.9644684055990595e-16
281.79051051051056 	 1.3204331820823503e-07 	 2.9434639989035464e-16
282.290990990991 	 1.318092154368037e-07 	 2.922645293565819e-16
282.7914714714715 	 1.3157594128914177e-07 	 2.902010322907235e-16
283.291951951952 	 1.3134349137356058e-07 	 2.881557144505887e-16
283.79243243243246 	 1.3111186132935117e-07 	 2.861283839855291e-16
284.2929129129129 	 1.3088104682651162e-07 	 2.841188514028441e-16
284.7933933933934 	 1.3065104356547726e-07 	 2.821269295347203e-16
285.2938738738739 	 1.304218472768537e-07 	 2.801524335056889e-16
285.79435435435437 	 1.301934537211527e-07 	 2.781951807005959e-16
286.29483483483483 	 1.2996585868853056e-07 	 2.7625499073307334e-16
286.79531531531535 	 1.2973905799852984e-07 	 2.743316854145067e-16
287.2957957957958 	 1.2951304749982296e-07 	 2.724250887234857e-16
287.7962762762763 	 1.2928782306995934e-07 	 2.70535026775733e-16
288.2967567567568 	 1.2906338061511437e-07 	 2.6866132779450023e-16
288.79723723723725 	 1.2883971606984163e-07 	 2.6680382208142697e-16
289.2977177177177 	 1.2861682539682736e-07 	 2.6496234198784965e-16
289.79819819819824 	 1.2839470458664736e-07 	 2.63136721886556e-16
290.2986786786787 	 1.2817334965752694e-07 	 2.613267981439789e-16
290.79915915915916 	 1.279527566551026e-07 	 2.5953240909281574e-16
291.2996396396397 	 1.277329216521868e-07 	 2.5775339500507304e-16
291.80012012012014 	 1.2751384074853486e-07 	 2.559895980655264e-16
292.3006006006006 	 1.2729551007061425e-07 	 2.5424086234558497e-16
292.8010810810811 	 1.2707792577137624e-07 	 2.5250703377756115e-16
293.3015615615616 	 1.268610840300302e-07 	 2.507879601293322e-16
293.80204204204205 	 1.266449810518197e-07 	 2.490834909793888e-16
294.30252252252257 	 1.264296130678011e-07 	 2.473934776922659e-16
294.803003003003 	 1.2621497633462477e-07 	 2.4571777339434806e-16
295.3034834834835 	 1.2600106713431793e-07 	 2.440562329500411e-16
295.803963963964 	 1.2578788177406993e-07 	 2.424087129383075e-16
296.30444444444447 	 1.2557541658602002e-07 	 2.4077507162955765e-16
296.80492492492493 	 1.253636679270468e-07 	 2.391551689628891e-16
297.30540540540545 	 1.2515263217855992e-07 	 2.3754886652367083e-16
297.8058858858859 	 1.2494230574629416e-07 	 2.3595602752146773e-16
298.3063663663664 	 1.2473268506010522e-07 	 2.3437651676829287e-16
298.8068468468469 	 1.245237665737678e-07 	 2.3281020065719163e-16
299.30732732732736 	 1.2431554676477555e-07 	 2.3125694714114455e-16
299.8078078078078 	 1.2410802213414314e-07 	 2.297166257122867e-16
300.30828828828834 	 1.2390118920621027e-07 	 2.281891073814388e-16
300.8087687687688 	 1.2369504452844755e-07 	 2.266742646579431e-16
301.30924924924926 	 1.2348958467126464e-07 	 2.2517197152980123e-16
301.8097297297298 	 1.2328480622781962e-07 	 2.236821034441054e-16
302.31021021021024 	 1.2308070581383114e-07 	 2.2220453728776374e-16
302.8106906906907 	 1.2287728006739177e-07 	 2.207391513685088e-16
303.31117117117117 	 1.2267452564878333e-07 	 2.1928582539618843e-16
303.8116516516517 	 1.224724392402942e-07 	 2.1784444046433356e-16
304.31213213213215 	 1.222710175460386e-07 	 2.1641487903199895e-16
304.8126126126126 	 1.2207025729177692e-07 	 2.1499702490586857e-16
305.31309309309313 	 1.2187015522473867e-07 	 2.1359076322262782e-16
305.8135735735736 	 1.2167070811344675e-07 	 2.121959804315936e-16
306.31405405405405 	 1.2147191274754338e-07 	 2.1081256427759752e-16
306.8145345345346 	 1.2127376593761796e-07 	 2.0944040378412253e-16
307.31501501501504 	 1.210762645150364e-07 	 2.0807938923668395e-16
307.8154954954955 	 1.2087940533177234e-07 	 2.0672941216645412e-16
308.315975975976 	 1.2068318526023976e-07 	 2.0539036533412532e-16
308.8164564564565 	 1.2048760119312748e-07 	 2.0406214271400824e-16
309.31693693693694 	 1.20292650043235e-07 	 2.0274463947836003e-16
309.81741741741746 	 1.2009832874331016e-07 	 2.014377519819406e-16
310.3178978978979 	 1.1990463424588825e-07 	 2.001413777467935e-16
310.8183783783784 	 1.1971156352313272e-07 	 1.988554154472441e-16
311.3188588588589 	 1.195191135666773e-07 	 1.9757976489511674e-16
311.81933933933936 	 1.1932728138747e-07 	 1.9631432702516494e-16
312.3198198198198 	 1.1913606401561804e-07 	 1.9505900388070862e-16
312.82030030030035 	 1.1894545850023475e-07 	 1.9381369859948054e-16
313.3207807807808 	 1.1875546190928787e-07 	 1.9257831539967482e-16
313.82126126126127 	 1.1856607132944896e-07 	 1.9135275956619391e-16
314.3217417417418 	 1.1837728386594475e-07 	 1.9013693743709448e-16
314.82222222222225 	 1.181890966424095e-07 	 1.8893075639022482e-16
315.3227027027027 	 1.1800150680073889e-07 	 1.877341248300535e-16
315.82318318318323 	 1.1781451150094546e-07 	 1.865469521746854e-16
316.3236636636637 	 1.1762810792101519e-07 	 1.8536914884306254e-16
316.82414414414416 	 1.1744229325676558e-07 	 1.8420062624234526e-16
317.3246246246247 	 1.1725706472170496e-07 	 1.8304129675547337e-16
317.82510510510514 	 1.1707241954689336e-07 	 1.8189107372890291e-16
318.3255855855856 	 1.1688835498080435e-07 	 1.8074987146051483e-16
318.8260660660661 	 1.1670486828918847e-07 	 1.796176051876962e-16
319.3265465465466 	 1.1652195675493784e-07 	 1.7849419107558752e-16
319.82702702702704 	 1.16339617677952e-07 	 1.7737954620549537e-16
320.32750750750756 	 1.1615784837500501e-07 	 1.7627358856346792e-16
320.827987987988 	 1.1597664617961403e-07 	 1.7517623702903143e-16
321.3284684684685 	 1.1579600844190862e-07 	 1.740874113640816e-16
321.82894894894895 	 1.1561593252850184e-07 	 1.7300703220193292e-16
322.32942942942947 	 1.1543641582236213e-07 	 1.7193502103651918e-16
322.82990990990993 	 1.152574557226866e-07 	 1.7087130021174466e-16
323.3303903903904 	 1.1507904964477539e-07 	 1.698157929109828e-16
323.8308708708709 	 1.1490119501990726e-07 	 1.6876842314672184e-16
324.3313513513514 	 1.1472388929521632e-07 	 1.6772911575035256e-16
324.83183183183183 	 1.1454712993356983e-07 	 1.6669779636209808e-16
325.33231231231235 	 1.1437091441344716e-07 	 1.6567439142108227e-16
325.8327927927928 	 1.1419524022882011e-07 	 1.646588281555366e-16
326.3332732732733 	 1.1402010488903378e-07 	 1.636510345731392e-16
326.8337537537538 	 1.1384550591868907e-07 	 1.6265093945148886e-16
327.33423423423426 	 1.1367144085752606e-07 	 1.616584723287099e-16
327.8347147147147 	 1.1349790726030839e-07 	 1.6067356349418407e-16
328.33519519519524 	 1.1332490269670865e-07 	 1.5969614397941065e-16
328.8356756756757 	 1.1315242475119525e-07 	 1.5872614554899211e-16
329.33615615615616 	 1.1298047102291965e-07 	 1.577635006917404e-16
329.8366366366367 	 1.1280903912560511e-07 	 1.5680814261190696e-16
330.33711711711715 	 1.1263812668743638e-07 	 1.558600052205307e-16
330.8375975975976 	 1.1246773135095012e-07 	 1.549190231269034e-16
331.3380780780781 	 1.1229785077292666e-07 	 1.5398513163015138e-16
331.8385585585586 	 1.1212848262428267e-07 	 1.530582667109319e-16
332.33903903903905 	 1.1195962458996442e-07 	 1.5213836502323937e-16
332.83951951951957 	 1.1179127436884256e-07 	 1.5122536388632507e-16
333.34000000000003 	 1.1162342967360757e-07 	 1.503192012767245e-16
333.8404804804805 	 1.1145608823066595e-07 	 1.4941981582039106e-16
334.340960960961 	 1.1128924778003784e-07 	 1.4852714678493774e-16
334.8414414414415 	 1.1112290607525514e-07 	 1.4764113407198116e-16
335.34192192192194 	 1.1095706088326069e-07 	 1.467617182095888e-16
335.84240240240246 	 1.1079170998430831e-07 	 1.4588884034482695e-16
336.3428828828829 	 1.1062685117186392e-07 	 1.450224422364097e-16
336.8433633633634 	 1.1046248225250715e-07 	 1.4416246624744346e-16
337.3438438438439 	 1.1029860104583423e-07 	 1.4330885533827013e-16
337.84432432432436 	 1.1013520538436164e-07 	 1.4246155305940557e-16
338.3448048048048 	 1.0997229311343026e-07 	 1.4162050354456995e-16
338.8452852852853 	 1.0980986209111101e-07 	 1.4078565150381283e-16
339.3457657657658 	 1.096479101881107e-07 	 1.3995694221672754e-16
339.84624624624627 	 1.0948643528767922e-07 	 1.391343215257568e-16
340.34672672672673 	 1.0932543528551712e-07 	 1.3831773582958497e-16
340.84720720720725 	 1.0916490808968425e-07 	 1.375071320766191e-16
341.3476876876877 	 1.090048516205093e-07 	 1.3670245775855536e-16
341.8481681681682 	 1.0884526381049974e-07 	 1.359036609040287e-16
342.3486486486487 	 1.0868614260425303e-07 	 1.3511069007234842e-16
342.84912912912915 	 1.0852748595836823e-07 	 1.343234943473133e-16
343.3496096096096 	 1.0836929184135865e-07 	 1.3354202333110954e-16
343.85009009009013 	 1.0821155823356496e-07 	 1.3276622713828728e-16
344.3505705705706 	 1.0805428312706946e-07 	 1.319960563898167e-16
344.85105105105106 	 1.0789746452561068e-07 	 1.312314622072206e-16
345.3515315315316 	 1.077411004444991e-07 	 1.3047239620678414e-16
345.85201201201204 	 1.0758518891053329e-07 	 1.2971881049383978e-16
346.3524924924925 	 1.0742972796191692e-07 	 1.2897065765712527e-16
346.852972972973 	 1.0727471564817654e-07 	 1.2822789076321654e-16
347.3534534534535 	 1.0712015003008e-07 	 1.2749046335103137e-16
347.85393393393394 	 1.069660291795555e-07 	 1.2675832942640412e-16
348.35441441441446 	 1.0681235117961146e-07 	 1.2603144345673086e-16
348.8548948948949 	 1.066591141242572e-07 	 1.2530976036568431e-16
349.3553753753754 	 1.065063161184238e-07 	 1.2459323552799412e-16
349.8558558558559 	 1.0635395527788631e-07 	 1.2388182476429728e-16
350.35633633633637 	 1.0620202972918615e-07 	 1.2317548433605286e-16
350.85681681681683 	 1.0605053760955432e-07 	 1.224741709405222e-16
351.35729729729735 	 1.0589947706683524e-07 	 1.2177784170581322e-16
351.8577777777778 	 1.0574884625941133e-07 	 1.2108645418598864e-16
352.3582582582583 	 1.0559864335612825e-07 	 1.2039996635623612e-16
352.8587387387388 	 1.0544886653622045e-07 	 1.1971833660809932e-16
353.35921921921926 	 1.0529951398923786e-07 	 1.1904152374477129e-16
353.8596996996997 	 1.051505839149728e-07 	 1.1836948697644584e-16
354.36018018018024 	 1.050020745233876e-07 	 1.1770218591572882e-16
354.8606606606607 	 1.0485398403454312e-07 	 1.1703958057310787e-16
355.36114114114116 	 1.0470631067852737e-07 	 1.1638163135247826e-16
355.8616216216217 	 1.0455905269538512e-07 	 1.157282990467263e-16
356.36210210210214 	 1.0441220833504802e-07 	 1.1507954483336814e-16
356.8625825825826 	 1.0426577585726519e-07 	 1.1443533027024348e-16
357.36306306306307 	 1.041197535315345e-07 	 1.137956172912631e-16
357.8635435435436 	 1.039741396370344e-07 	 1.1316036820221053e-16
358.36402402402405 	 1.0382893246255645e-07 	 1.1252954567659607e-16
358.8645045045045 	 1.0368413030643798e-07 	 1.1190311275156189e-16
359.364984984985 	 1.0353973147649594e-07 	 1.112810328238401e-16
359.8654654654655 	 1.0339573428996084e-07 	 1.1066326964575979e-16
360.36594594594595 	 1.0325213707341131e-07 	 1.1004978732130417e-16
360.8664264264265 	 1.0310893816270944e-07 	 1.094405503022177e-16
361.36690690690693 	 1.029661359029364e-07 	 1.0883552338416054e-16
361.8673873873874 	 1.0282372864832864e-07 	 1.0823467170291117e-16
362.3678678678679 	 1.0268171476221476e-07 	 1.076379607306166e-16
362.8683483483484 	 1.0254009261695283e-07 	 1.0704535627208826e-16
363.36882882882884 	 1.0239886059386805e-07 	 1.0645682446114396e-16
363.86930930930936 	 1.0225801708319122e-07 	 1.0587233175699544e-16
364.3697897897898 	 1.021175604839976e-07 	 1.0529184494068019e-16
364.8702702702703 	 1.0197748920414608e-07 	 1.0471533111153665e-16
365.3707507507508 	 1.0183780166021919e-07 	 1.0414275768372397e-16
365.87123123123126 	 1.0169849627746346e-07 	 1.0357409238278391e-16
366.3717117117117 	 1.0155957148973001e-07 	 1.030093032422443e-16
366.87219219219224 	 1.0142102573941612e-07 	 1.0244835860026528e-16
367.3726726726727 	 1.0128285747740683e-07 	 1.0189122709632579e-16
367.87315315315317 	 1.0114506516301736e-07 	 1.0133787766795088e-16
368.3736336336337 	 1.0100764726393568e-07 	 1.0078827954747866e-16
368.87411411411415 	 1.0087060225616587e-07 	 1.0024240225886735e-16
369.3745945945946 	 1.0073392862397162e-07 	 9.970021561453977e-17
369.87507507507513 	 1.0059762485982048e-07 	 9.916168971226808e-17
370.3755555555556 	 1.0046168946432843e-07 	 9.862679493209496e-17
370.87603603603606 	 1.0032612094620474e-07 	 9.80955019332919e-17
371.3765165165166 	 1.0019091782219767e-07 	 9.756778165135608e-17
371.87699699699704 	 1.0005607861704017e-07 	 9.704360529504127e-17
372.3774774774775 	 9.992160186339635e-08 	 9.652294434342631e-17
372.877957957958 	 9.978748610180817e-08 	 9.600577054301792e-17
373.3784384384385 	 9.965372988064273e-08 	 9.549205590488914e-17
373.87891891891894 	 9.952033175603987e-08 	 9.498177270185157e-17
374.37939939939946 	 9.938729029186009e-08 	 9.447489346566156e-17
374.8798798798799 	 9.925460405963321e-08 	 9.39713909842607e-17
375.3803603603604 	 9.912227163850717e-08 	 9.34712382990484e-17
375.88084084084085 	 9.899029161519717e-08 	 9.297440870218723e-17
376.38132132132137 	 9.885866258393557e-08 	 9.248087573394129e-17
376.8818018018018 	 9.872738314642193e-08 	 9.19906131800455e-17
377.3822822822823 	 9.859645191177341e-08 	 9.150359506910631e-17
377.8827627627628 	 9.846586749647565e-08 	 9.101979567003343e-17
378.38324324324327 	 9.833562852433417e-08 	 9.05391894895024e-17
378.88372372372373 	 9.820573362642586e-08 	 9.00617512694467e-17
379.38420420420425 	 9.807618144105116e-08 	 8.958745598458013e-17
379.8846846846847 	 9.794697061368642e-08 	 8.911627883994808e-17
380.3851651651652 	 9.781809979693661e-08 	 8.864819526850788e-17
380.8856456456457 	 9.768956765048864e-08 	 8.818318092873773e-17
381.38612612612616 	 9.756137284106477e-08 	 8.772121170227385e-17
381.8866066066066 	 9.743351404237659e-08 	 8.726226369157554e-17
382.38708708708714 	 9.730598993507916e-08 	 8.680631321761716e-17
382.8875675675676 	 9.717879920672589e-08 	 8.63533368176083e-17
383.38804804804806 	 9.705194055172318e-08 	 8.590331124273916e-17
383.8885285285286 	 9.692541267128591e-08 	 8.545621345595354e-17
384.38900900900904 	 9.679921427339324e-08 	 8.501202062974788e-17
384.8894894894895 	 9.667334407274437e-08 	 8.457071014399488e-17
385.38996996997 	 9.654780079071512e-08 	 8.413225958379387e-17
385.8904504504505 	 9.642258315531453e-08 	 8.369664673734516e-17
386.39093093093095 	 9.629768990114196e-08 	 8.326384959385004e-17
386.89141141141147 	 9.617311976934432e-08 	 8.283384634143398e-17
387.39189189189193 	 9.604887150757405e-08 	 8.240661536509566e-17
387.8923723723724 	 9.592494386994685e-08 	 8.198213524467778e-17
388.3928528528529 	 9.580133561700024e-08 	 8.156038475286296e-17
388.8933333333334 	 9.567804551565213e-08 	 8.114134285319204e-17
389.39381381381384 	 9.555507233915991e-08 	 8.072498869810528e-17
389.89429429429435 	 9.543241486707965e-08 	 8.031130162700631e-17
390.3947747747748 	 9.531007188522585e-08 	 7.990026116434875e-17
390.8952552552553 	 9.518804218563128e-08 	 7.94918470177438e-17
391.3957357357358 	 9.506632456650721e-08 	 7.90860390760905e-17
391.89621621621626 	 9.494491783220408e-08 	 7.868281740772716e-17
392.3966966966967 	 9.482382079317226e-08 	 7.82821622586041e-17
392.89717717717724 	 9.470303226592314e-08 	 7.788405405047653e-17
393.3976576576577 	 9.458255107299075e-08 	 7.748847337911962e-17
393.89813813813817 	 9.44623760428933e-08 	 7.709540101256204e-17
394.3986186186186 	 9.434250601009538e-08 	 7.670481788934136e-17
394.89909909909915 	 9.422293981497014e-08 	 7.631670511677811e-17
395.3995795795796 	 9.410367630376201e-08 	 7.593104396927022e-17
395.90006006006007 	 9.398471432854951e-08 	 7.554781588660628e-17
396.4005405405406 	 9.38660527472085e-08 	 7.516700247229847e-17
396.90102102102105 	 9.374769042337552e-08 	 7.478858549193361e-17
397.4015015015015 	 9.362962622641162e-08 	 7.441254687154393e-17
397.90198198198203 	 9.351185903136625e-08 	 7.4038868695995e-17
398.4024624624625 	 9.339438771894171e-08 	 7.366753320739325e-17
398.90294294294296 	 9.327721117545747e-08 	 7.329852280350998e-17
399.4034234234235 	 9.316032829281506e-08 	 7.293182003622408e-17
399.90390390390394 	 9.304373796846324e-08 	 7.25674076099823e-17
400.4043843843844 	 9.292743910536326e-08 	 7.220526838027614e-17
400.9048648648649 	 9.281143061195434e-08 	 7.184538535213617e-17
401.4053453453454 	 9.269571140211974e-08 	 7.148774167864366e-17
401.90582582582584 	 9.258028039515266e-08 	 7.113232065945792e-17
402.40630630630636 	 9.246513651572271e-08 	 7.077910573936077e-17
402.9067867867868 	 9.235027869384252e-08 	 7.042808050681731e-17
403.4072672672673 	 9.22357058648345e-08 	 7.007922869255223e-17
403.9077477477478 	 9.212141696929807e-08 	 6.973253416814237e-17
404.40822822822827 	 9.200741095307698e-08 	 6.938798094462488e-17
404.90870870870873 	 9.189368676722677e-08 	 6.904555317112048e-17
405.40918918918925 	 9.178024336798274e-08 	 6.870523513347255e-17
405.9096696696697 	 9.166707971672801e-08 	 6.836701125290098e-17
406.4101501501502 	 9.155419477996174e-08 	 6.803086608467071e-17
406.9106306306307 	 9.144158752926772e-08 	 6.769678431677538e-17
407.41111111111115 	 9.132925694128319e-08 	 6.736475076863554e-17
407.9115915915916 	 9.12172019976677e-08 	 6.703475038981049e-17
408.41207207207214 	 9.110542168507248e-08 	 6.670676825872525e-17
408.9125525525526 	 9.099391499510981e-08 	 6.638078958141109e-17
409.41303303303306 	 9.088268092432273e-08 	 6.605679969025955e-17
409.9135135135136 	 9.077171847415489e-08 	 6.57347840427908e-17
410.41399399399404 	 9.066102665092081e-08 	 6.541472822043515e-17
410.9144744744745 	 9.055060446577599e-08 	 6.50966179273276e-17
411.414954954955 	 9.044045093468766e-08 	 6.47804389891162e-17
411.9154354354355 	 9.03305650784055e-08 	 6.446617735178307e-17
412.41591591591595 	 9.022094592243255e-08 	 6.415381908047807e-17
412.9163963963964 	 9.01115924969965e-08 	 6.384335035836553e-17
413.4168768768769 	 9.000250383702099e-08 	 6.353475748548334e-17
413.9173573573574 	 8.989367898209732e-08 	 6.322802687761466e-17
414.41783783783785 	 8.978511697645624e-08 	 6.292314506517134e-17
414.91831831831837 	 8.967681686893989e-08 	 6.262009869209009e-17
415.41879879879883 	 8.956877771297414e-08 	 6.231887451474025e-17
415.9192792792793 	 8.946099856654094e-08 	 6.201945940084318e-17
416.4197597597598 	 8.93534784921509e-08 	 6.172184032840378e-17
416.9202402402403 	 8.924621655681627e-08 	 6.142600438465334e-17
417.42072072072074 	 8.913921183202375e-08 	 6.113193876500352e-17
417.92120120120126 	 8.90324633937078e-08 	 6.083963077201191e-17
418.4216816816817 	 8.892597032222414e-08 	 6.054906781435873e-17
418.9221621621622 	 8.881973170232311e-08 	 6.026023740583417e-17
419.4226426426427 	 8.871374662312365e-08 	 5.997312716433685e-17
419.92312312312316 	 8.860801417808719e-08 	 5.968772481088316e-17
420.4236036036036 	 8.850253346499172e-08 	 5.940401816862659e-17
420.92408408408414 	 8.839730358590633e-08 	 5.912199516188834e-17
421.4245645645646 	 8.829232364716553e-08 	 5.884164381519758e-17
421.92504504504507 	 8.81875927593441e-08 	 5.85629522523424e-17
422.4255255255256 	 8.808311003723181e-08 	 5.828590869543046e-17
422.92600600600605 	 8.797887459980869e-08 	 5.801050146396022e-17
423.4264864864865 	 8.787488557022008e-08 	 5.773671897390127e-17
423.92696696696703 	 8.777114207575213e-08 	 5.746454973678499e-17
424.4274474474475 	 8.766764324780739e-08 	 5.719398235880477e-17
424.92792792792795 	 8.756438822188053e-08 	 5.692500553992538e-17
425.4284084084085 	 8.746137613753423e-08 	 5.665760807300214e-17
425.92888888888893 	 8.735860613837548e-08 	 5.639177884290946e-17
426.4293693693694 	 8.725607737203161e-08 	 5.612750682567807e-17
426.9298498498499 	 8.715378899012683e-08 	 5.58647810876417e-17
427.4303303303304 	 8.705174014825881e-08 	 5.560359078459285e-17
427.93081081081084 	 8.694993000597549e-08 	 5.534392516094706e-17
428.43129129129136 	 8.684835772675197e-08 	 5.508577354891629e-17
428.9317717717718 	 8.674702247796757e-08 	 5.482912536769072e-17
429.4322522522523 	 8.664592343088314e-08 	 5.457397012262924e-17
429.9327327327328 	 8.654505976061842e-08 	 5.432029740445847e-17
430.43321321321326 	 8.644443064612965e-08 	 5.406809688848002e-17
430.9336936936937 	 8.634403527018721e-08 	 5.3817358333785874e-17
431.4341741741742 	 8.624387281935363e-08 	 5.356807158248253e-17
431.9346546546547 	 8.614394248396148e-08 	 5.3320226558922453e-17
432.43513513513517 	 8.604424345809168e-08 	 5.307381326894418e-17
432.93561561561563 	 8.594477493955169e-08 	 5.282882179911982e-17
433.43609609609615 	 8.584553612985412e-08 	 5.258524231601063e-17
433.9365765765766 	 8.574652623419534e-08 	 5.234306506543044e-17
434.4370570570571 	 8.564774446143423e-08 	 5.210228037171622e-17
434.9375375375376 	 8.554919002407107e-08 	 5.1862878637006577e-17
435.43801801801806 	 8.545086213822672e-08 	 5.162485034052774e-17
435.9384984984985 	 8.535276002362178e-08 	 5.1388186037886656e-17
436.43897897897904 	 8.525488290355588e-08 	 5.115287636037138e-17
436.9394594594595 	 8.515723000488735e-08 	 5.0918912014259134e-17
437.43993993993996 	 8.505980055801269e-08 	 5.0686283780130574e-17
437.9404204204205 	 8.496259379684644e-08 	 5.045498251219215e-17
438.44090090090094 	 8.486560895880115e-08 	 5.022499913760466e-17
438.9413813813814 	 8.476884528476727e-08 	 4.9996324655818934e-17
439.4418618618619 	 8.467230201909351e-08 	 4.976895013791829e-17
439.9423423423424 	 8.457597840956714e-08 	 4.95428667259679e-17
440.44282282282285 	 8.447987370739435e-08 	 4.931806563237044e-17
440.94330330330337 	 8.438398716718099e-08 	 4.9094538139228576e-17
441.44378378378383 	 8.428831804691317e-08 	 4.8872275597713865e-17
441.9442642642643 	 8.419286560793825e-08 	 4.8651269427442134e-17
442.4447447447448 	 8.409762911494565e-08 	 4.8431511115854947e-17
442.9452252252253 	 8.400260783594819e-08 	 4.8212992217607914e-17
443.44570570570573 	 8.390780104226318e-08 	 4.799570435396451e-17
443.94618618618625 	 8.381320800849379e-08 	 4.7779639212196514e-17
444.4466666666667 	 8.37188280125107e-08 	 4.7564788544990425e-17
444.9471471471472 	 8.362466033543352e-08 	 4.73511441698597e-17
445.4476276276277 	 8.35307042616127e-08 	 4.713869796856309e-17
445.94810810810816 	 8.343695907861129e-08 	 4.692744188652889e-17
446.4485885885886 	 8.334342407718704e-08 	 4.6717367932284766e-17
446.94906906906914 	 8.325009855127438e-08 	 4.650846817689351e-17
447.4495495495496 	 8.315698179796681e-08 	 4.630073475339441e-17
447.95003003003006 	 8.306407311749912e-08 	 4.609415985625024e-17
448.4505105105105 	 8.297137181322992e-08 	 4.58887357407997e-17
448.95099099099104 	 8.287887719162424e-08 	 4.568445472271553e-17
449.4514714714715 	 8.278658856223618e-08 	 4.548130917746783e-17
449.95195195195197 	 8.269450523769181e-08 	 4.527929153979293e-17
450.4524324324325 	 8.2602626533672e-08 	 4.50783943031674e-17
450.95291291291295 	 8.251095176889561e-08 	 4.48786100192875e-17
451.4533933933934 	 8.24194802651025e-08 	 4.467993129755361e-17
451.95387387387393 	 8.232821134703688e-08 	 4.4482350804559785e-17
452.4543543543544 	 8.223714434243073e-08 	 4.4285861263588826e-17
452.95483483483486 	 8.21462785819872e-08 	 4.4090455454111555e-17
453.4553153153154 	 8.205561339936427e-08 	 4.3896126211291905e-17
453.95579579579584 	 8.19651481311585e-08 	 4.37028664254963e-17
454.4562762762763 	 8.187488211688874e-08 	 4.351066904180817e-17
454.9567567567568 	 8.178481469898015e-08 	 4.331952705954726e-17
455.4572372372373 	 8.169494522274824e-08 	 4.312943353179361e-17
455.95771771771774 	 8.160527303638288e-08 	 4.294038156491616e-17
456.45819819819826 	 8.151579749093269e-08 	 4.275236431810622e-17
456.9586786786787 	 8.142651794028934e-08 	 4.256537500291538e-17
457.4591591591592 	 8.133743374117195e-08 	 4.237940688279792e-17
457.9596396396397 	 8.124854425311167e-08 	 4.2194453272657814e-17
458.46012012012017 	 8.11598488384364e-08 	 4.2010507538400244e-17
458.9606006006006 	 8.107134686225537e-08 	 4.182756309648718e-17
459.46108108108115 	 8.098303769244419e-08 	 4.164561341349776e-17
459.9615615615616 	 8.089492069962965e-08 	 4.14646520056926e-17
460.46204204204207 	 8.080699525717486e-08 	 4.128467243858264e-17
460.9625225225226 	 8.071926074116435e-08 	 4.110566832650187e-17
461.46300300300305 	 8.063171653038934e-08 	 4.092763333218466e-17
461.9634834834835 	 8.054436200633303e-08 	 4.075056116634667e-17
462.46396396396403 	 8.045719655315608e-08 	 4.057444558727036e-17
462.9644444444445 	 8.037021955768215e-08 	 4.039928040039419e-17
463.46492492492496 	 8.028343040938347e-08 	 4.022505945790585e-17
463.9654054054055 	 8.019682850036655e-08 	 4.005177665833958e-17
464.46588588588594 	 8.01104132253581e-08 	 3.987942594617727e-17
464.9663663663664 	 8.002418398169078e-08 	 3.970800131145337e-17
465.4668468468469 	 7.993814016928926e-08 	 3.9537496789363785e-17
465.9673273273274 	 7.985228119065634e-08 	 3.9367906459878385e-17
466.46780780780784 	 7.9766606450859e-08 	 3.9199224447357353e-17
466.9682882882883 	 7.968111535751484e-08 	 3.903144492017117e-17
467.4687687687688 	 7.95958073207782e-08 	 3.8864562090324246e-17
467.9692492492493 	 7.951068175332684e-08 	 3.869857021308233e-17
468.46972972972975 	 7.942573807034823e-08 	 3.8533463586603086e-17
468.97021021021027 	 7.934097568952632e-08 	 3.83692365515708e-17
469.47069069069073 	 7.92563940310282e-08 	 3.8205883490834126e-17
469.9711711711712 	 7.917199251749078e-08 	 3.80433988290474e-17
470.4716516516517 	 7.90877705740078e-08 	 3.788177703231553e-17
470.9721321321322 	 7.900372762811667e-08 	 3.7721012607842126e-17
471.47261261261264 	 7.891986310978556e-08 	 3.756110010358105e-17
471.97309309309315 	 7.883617645140045e-08 	 3.740203410789124e-17
472.4735735735736 	 7.875266708775243e-08 	 3.724380924919496e-17
472.9740540540541 	 7.866933445602483e-08 	 3.7086420195639045e-17
473.4745345345346 	 7.858617799578069e-08 	 3.692986165475956e-17
473.97501501501506 	 7.850319714895016e-08 	 3.677412837314968e-17
474.4754954954955 	 7.842039135981805e-08 	 3.661921513613057e-17
474.97597597597604 	 7.833776007501129e-08 	 3.6465116767425314e-17
475.4764564564565 	 7.825530274348685e-08 	 3.6311828128836344e-17
475.97693693693697 	 7.817301881651919e-08 	 3.6159344119925283e-17
476.4774174174175 	 7.809090774768834e-08 	 3.600765967769646e-17
476.97789789789795 	 7.800896899286772e-08 	 3.5856769776282906e-17
477.4783783783784 	 7.792720201021201e-08 	 3.5706669426635575e-17
477.9788588588589 	 7.784560626014541e-08 	 3.5557353676215437e-17
478.4793393393394 	 7.776418120534959e-08 	 3.540881760868838e-17
478.97981981981985 	 7.768292631075201e-08 	 3.526105634362317e-17
479.48030030030037 	 7.760184104351417e-08 	 3.511406503619193e-17
479.98078078078083 	 7.75209248730199e-08 	 3.496783887687376e-17
480.4812612612613 	 7.744017727086391e-08 	 3.4822373091161e-17
480.9817417417418 	 7.735959771084013e-08 	 3.4677662939268054e-17
481.4822222222223 	 7.727918566893044e-08 	 3.4533703715843305e-17
481.98270270270274 	 7.719894062329323e-08 	 3.439049074968342e-17
482.48318318318326 	 7.711886205425207e-08 	 3.424801940345035e-17
482.9836636636637 	 7.703894944428459e-08 	 3.4106285073391173e-17
483.4841441441442 	 7.695920227801125e-08 	 3.396528318906029e-17
483.9846246246247 	 7.687962004218431e-08 	 3.382500921304436e-17
484.48510510510516 	 7.680020222567678e-08 	 3.3685458640689704e-17
484.9855855855856 	 7.672094831947152e-08 	 3.354662699983237e-17
485.4860660660661 	 7.664185781665033e-08 	 3.3408509850530426e-17
485.9865465465466 	 7.656293021238315e-08 	 3.327110278479907e-17
486.48702702702707 	 7.648416500391737e-08 	 3.313440142634802e-17
486.98750750750753 	 7.640556169056705e-08 	 3.299840143032115e-17
487.48798798798805 	 7.632711977370237e-08 	 3.2863098483038915e-17
487.9884684684685 	 7.624883875673915e-08 	 3.2728488301742885e-17
488.488948948949 	 7.617071814512828e-08 	 3.259456663434272e-17
488.9894294294295 	 7.609275744634527e-08 	 3.246132925916523e-17
489.48990990990995 	 7.601495616988006e-08 	 3.232877198470637e-17
489.9903903903904 	 7.593731382722659e-08 	 3.2196890649384686e-17
490.49087087087094 	 7.585982993187258e-08 	 3.206568112129765e-17
490.9913513513514 	 7.57825039992895e-08 	 3.193513929798002e-17
491.49183183183186 	 7.570533554692232e-08 	 3.180526110616434e-17
491.9923123123124 	 7.562832409417951e-08 	 3.167604250154356e-17
492.49279279279284 	 7.555146916242315e-08 	 3.1547479468536304e-17
492.9932732732733 	 7.547477027495892e-08 	 3.141956802005359e-17
493.4937537537538 	 7.539822695702622e-08 	 3.1292304197268125e-17
493.9942342342343 	 7.532183873578855e-08 	 3.1165684069385705e-17
494.49471471471475 	 7.524560514032351e-08 	 3.103970373341841e-17
494.99519519519527 	 7.516952570161334e-08 	 3.091435931396009e-17
495.4956756756757 	 7.509359995253525e-08 	 3.078964696296395e-17
495.9961561561562 	 7.501782742785177e-08 	 3.066556285952181e-17
496.4966366366367 	 7.494220766420134e-08 	 3.0542103209645745e-17
496.99711711711717 	 7.486674020008885e-08 	 3.041926424605149e-17
497.49759759759763 	 7.479142457587622e-08 	 3.029704222794387e-17
497.99807807807815 	 7.471626033377309e-08 	 3.0175433440804114e-17
498.4985585585586 	 7.464124701782755e-08 	 3.00544341961792e-17
498.9990390390391 	 7.456638417391689e-08 	 2.9934040831472903e-17
499.4995195195196 	 7.44916713497385e-08 	 2.9814249709738997e-17
500.0 	 7.44171080948007e-08 	 2.969505721947607e-17
