3.5233633633633636 	 3.1647911355963225e-06 	 8.657875387937788e-10
4.023843843843844 	 3.233175384357122e-06 	 4.880178397835948e-10
4.524324324324325 	 3.3132502412856677e-06 	 2.899833656682212e-10
5.0248048048048055 	 3.4057624023803553e-06 	 1.788584951487103e-10
5.525285285285285 	 3.511054604071372e-06 	 1.1307116290375254e-10
6.025765765765766 	 3.628610315553572e-06 	 7.240512155891473e-11
6.526246246246247 	 3.755997277006694e-06 	 4.636373950655231e-11
7.026726726726727 	 3.8864906777318084e-06 	 2.920564657000831e-11
7.527207207207208 	 4.004302815383635e-06 	 1.7653468296745158e-11
8.027687687687688 	 4.073735773884829e-06 	 9.790079527419469e-12
8.528168168168168 	 4.013703409340318e-06 	 4.512213737194289e-12
9.02864864864865 	 3.634963587664613e-06 	 1.2885957044555112e-12
9.52912912912913 	 2.4754144721455533e-06 	 1.6419007497412443e-13
10.029609609609611 	 6.459135991833384e-07 	 2.1149933799195206e-12
10.530090090090091 	 8.708003855222677e-06 	 9.97951775998096e-12
11.030570570570571 	 2.716172028921273e-05 	 2.8553418311683063e-11
11.531051051051053 	 5.3181572696459305e-05 	 5.242043923222335e-11
12.031531531531533 	 6.269229902637544e-05 	 5.6903355009618854e-11
12.532012012012013 	 5.654565708831233e-05 	 4.6720027265999155e-11
13.032492492492494 	 5.031481317644019e-05 	 3.8839607579088045e-11
13.532972972972974 	 4.387642945770499e-05 	 3.2450637312148276e-11
14.033453453453454 	 3.831700663336364e-05 	 2.6098679137963295e-11
14.533933933933936 	 3.539912843593539e-05 	 2.2544373134861118e-11
15.034414414414416 	 3.3428012182472336e-05 	 2.06119521517406e-11
15.534894894894897 	 3.1221898206418766e-05 	 1.925351330143609e-11
16.035375375375377 	 2.8199211941806725e-05 	 1.7805856897320216e-11
16.535855855855857 	 2.443199318736253e-05 	 1.6001107048293756e-11
17.036336336336337 	 2.0445993641758925e-05 	 1.393247016590656e-11
17.53681681681682 	 1.678092574681518e-05 	 1.1846472158563257e-11
18.0372972972973 	 1.3723630597629472e-05 	 9.94228282293163e-12
18.53777777777778 	 1.1321114362145464e-05 	 8.309161239711492e-12
19.03825825825826 	 9.497059214838157e-06 	 6.955313502541321e-12
19.53873873873874 	 8.141485659272577e-06 	 5.850585968461327e-12
20.039219219219223 	 7.1531152380169785e-06 	 4.954013206273218e-12
20.539699699699703 	 6.4516866643182806e-06 	 4.226759734484744e-12
21.040180180180183 	 5.9775210551577935e-06 	 3.6363334210964673e-12
21.540660660660663 	 5.686582388585703e-06 	 3.1571466427734685e-12
22.041141141141143 	 5.544716185597128e-06 	 2.7696070206346624e-12
22.541621621621623 	 5.521608471081054e-06 	 2.4587120743987416e-12
23.042102102102106 	 5.585110761772371e-06 	 2.21255404186761e-12
23.542582582582586 	 5.696604215641011e-06 	 2.02080876594774e-12
24.043063063063066 	 5.809363779307634e-06 	 1.873331544330712e-12
24.543543543543546 	 5.871818678233042e-06 	 1.759297397847766e-12
25.044024024024026 	 5.835899800011464e-06 	 1.6671574217903571e-12
25.54450450450451 	 5.6680846342870204e-06 	 1.5855074761124246e-12
26.04498498498499 	 5.35915303270481e-06 	 1.504227812088705e-12
26.54546546546547 	 4.933938077657853e-06 	 1.4156671633339167e-12
27.04594594594595 	 4.462615601949657e-06 	 1.3169615223342907e-12
27.54642642642643 	 4.043989919555258e-06 	 1.2134536201893536e-12
28.04690690690691 	 3.731177339186442e-06 	 1.1158191695135329e-12
28.547387387387392 	 3.496289364051474e-06 	 1.030025303242068e-12
29.047867867867872 	 3.2916484855237382e-06 	 9.549826927670394e-13
29.548348348348352 	 3.094373946829898e-06 	 8.876913103236656e-13
30.04882882882883 	 2.901152349179432e-06 	 8.261170876684555e-13
30.54930930930931 	 2.7150524524454427e-06 	 7.692557031086633e-13
31.049789789789795 	 2.5392753691776617e-06 	 7.16625076189023e-13
31.550270270270275 	 2.3756736777338042e-06 	 6.679364644715297e-13
32.05075075075076 	 2.224878376342207e-06 	 6.229498510810897e-13
32.55123123123124 	 2.086670498146378e-06 	 5.81432699456683e-13
33.05171171171172 	 1.9603736232871345e-06 	 5.431442787970602e-13
33.5521921921922 	 1.8451098719282065e-06 	 5.078453757175567e-13
34.05267267267268 	 1.7398850900343279e-06 	 4.752996300776841e-13
34.55315315315316 	 1.6437370204829096e-06 	 4.452825086866206e-13
35.053633633633645 	 1.5557572317339104e-06 	 4.175813829480026e-13
35.55411411411412 	 1.4751156864227889e-06 	 3.9199784405118473e-13
36.054594594594604 	 1.4010337987157947e-06 	 3.6834998455108005e-13
36.55507507507508 	 1.332849188390865e-06 	 3.4647007715383365e-13
37.055555555555564 	 1.269937005687866e-06 	 3.262053005271624e-13
37.55603603603605 	 1.2117884317907292e-06 	 3.074171491569385e-13
38.056516516516524 	 1.1579103255969543e-06 	 2.8997923987824236e-13
38.55699699699701 	 1.1078878743578459e-06 	 2.7377761164954004e-13
39.057477477477484 	 1.0613558542811494e-06 	 2.5870791996954985e-13
39.55795795795797 	 1.0179815857984218e-06 	 2.4467687294580387e-13
40.05843843843845 	 9.774815933058337e-07 	 2.315990447687677e-13
40.55891891891893 	 9.395809457321981e-07 	 2.1939720738926177e-13
41.05939939939941 	 9.040681772267523e-07 	 2.080012177887193e-13
41.55987987987989 	 8.707314131352591e-07 	 1.9734737218136435e-13
42.06036036036037 	 8.393809160672471e-07 	 1.873778212681189e-13
42.56084084084085 	 8.098640427593566e-07 	 1.7803981158377457e-13
43.06132132132133 	 7.82024254142843e-07 	 1.6928559713105235e-13
43.56180180180181 	 7.557380048083181e-07 	 1.6107097256538715e-13
44.06228228228229 	 7.30877376926457e-07 	 1.5335637464365511e-13
44.56276276276277 	 7.073384222555793e-07 	 1.4610506065894226e-13
45.06324324324325 	 6.8502642997149e-07 	 1.3928353487506222e-13
45.56372372372373 	 6.638469734126584e-07 	 1.3286140621308694e-13
46.064204204204216 	 6.437249886314142e-07 	 1.2681036018162305e-13
46.56468468468469 	 6.245855243361148e-07 	 1.211047090807875e-13
47.065165165165176 	 6.063626744040559e-07 	 1.157206891493538e-13
47.56564564564565 	 5.889930901359265e-07 	 1.1063663521630196e-13
48.066126126126136 	 5.724236412734197e-07 	 1.0583234462766453e-13
48.56660660660662 	 5.566012350631673e-07 	 1.0128938527432579e-13
49.067087087087096 	 5.414793559432479e-07 	 9.699065535599423e-14
49.56756756756758 	 5.270145976641344e-07 	 9.292038629796028e-14
50.068048048048055 	 5.131683086567439e-07 	 8.906394787471451e-14
50.56852852852854 	 4.99904325643994e-07 	 8.540780696138363e-14
51.06900900900902 	 4.871865105294405e-07 	 8.19395764109422e-14
51.5694894894895 	 4.749848624100668e-07 	 7.864755144249036e-14
52.06996996996998 	 4.632693820948585e-07 	 7.552105024044662e-14
52.57045045045046 	 4.5201451602781895e-07 	 7.255000545568436e-14
53.07093093093094 	 4.41192870342803e-07 	 6.972522728729817e-14
53.571411411411425 	 4.307846509912767e-07 	 6.70379556055243e-14
54.0718918918919 	 4.207655414940745e-07 	 6.44802103506494e-14
54.572372372372385 	 4.111155234142192e-07 	 6.204450674128535e-14
55.07285285285286 	 4.0181433722953527e-07 	 5.972388662368076e-14
55.573333333333345 	 3.928477705623559e-07 	 5.751171968521951e-14
56.07381381381382 	 3.8419721606119996e-07 	 5.540200156264257e-14
56.574294294294305 	 3.758465400908861e-07 	 5.338903207217872e-14
57.07477477477479 	 3.6778311228523473e-07 	 5.146744073842843e-14
57.575255255255264 	 3.5999155295102747e-07 	 4.9632326079485256e-14
58.07573573573575 	 3.524608502396672e-07 	 4.787892988560295e-14
58.576216216216224 	 3.451783848912243e-07 	 4.620291900456914e-14
59.07669669669671 	 3.381308425557687e-07 	 4.460026696381773e-14
59.57717717717719 	 3.313110635218781e-07 	 4.306700248530796e-14
60.07765765765767 	 3.247070039569777e-07 	 4.159958611961201e-14
60.57813813813815 	 3.183091705558852e-07 	 4.019462238425479e-14
61.07861861861863 	 3.121086311565739e-07 	 3.8848942709312135e-14
61.57909909909911 	 3.060975113240988e-07 	 3.755951413395378e-14
62.079579579579594 	 3.002677956902816e-07 	 3.63235307916257e-14
62.58006006006007 	 2.9461167786389887e-07 	 3.5138330638796955e-14
63.080540540540554 	 2.891217715243478e-07 	 3.400143309501457e-14
63.58102102102103 	 2.83792036798853e-07 	 3.291043819741065e-14
64.0815015015015 	 2.7861543664345393e-07 	 3.186316410064668e-14
64.58198198198198 	 2.735865392410921e-07 	 3.085748628279582e-14
65.08246246246247 	 2.6869867456032015e-07 	 2.9891441026275624e-14
65.58294294294295 	 2.6394746974076605e-07 	 2.896312225203424e-14
66.08342342342343 	 2.593258342596357e-07 	 2.8070826133153404e-14
66.5839039039039 	 2.548313564948059e-07 	 2.7212810704929838e-14
67.08438438438439 	 2.5045702803816757e-07 	 2.6387557101217565e-14
67.58486486486487 	 2.462005424797606e-07 	 2.5593499204145933e-14
68.08534534534535 	 2.420558228111377e-07 	 2.48292845630108e-14
68.58582582582584 	 2.3801951806171282e-07 	 2.409354396557957e-14
69.08630630630631 	 2.3408808609631412e-07 	 2.338498966534464e-14
69.58678678678679 	 2.3025676599174812e-07 	 2.270245845103841e-14
70.08726726726728 	 2.2652275914722682e-07 	 2.204478494445962e-14
70.58774774774776 	 2.2288332725504397e-07 	 2.1410852316407384e-14
71.08822822822823 	 2.193340453832342e-07 	 2.079969026148582e-14
71.58870870870871 	 2.1587107039572885e-07 	 2.0210306677682738e-14
72.0891891891892 	 2.1249323064584945e-07 	 1.9641752476674534e-14
72.58966966966968 	 2.091980057991758e-07 	 1.9093123162081574e-14
73.09015015015015 	 2.0598094204374978e-07 	 1.856364389781725e-14
73.59063063063064 	 2.0284086788178452e-07 	 1.8052458443929444e-14
74.09111111111112 	 1.9977436769912012e-07 	 1.7558854948969498e-14
74.5915915915916 	 1.9677961643774054e-07 	 1.7082069035701132e-14
75.09207207207209 	 1.9385397136908562e-07 	 1.6621430296314856e-14
75.59255255255256 	 1.9099593002053688e-07 	 1.617628351302503e-14
76.09303303303304 	 1.8820212767847222e-07 	 1.5746034708138318e-14
76.59351351351351 	 1.854715807651753e-07 	 1.5330035936307954e-14
77.093993993994 	 1.8280208343958988e-07 	 1.4927755283693055e-14
77.59447447447448 	 1.8019202942353455e-07 	 1.4538629192325252e-14
78.09495495495496 	 1.7763879248692304e-07 	 1.4162169838195094e-14
78.59543543543545 	 1.7514117060154827e-07 	 1.3797857168372628e-14
79.09591591591592 	 1.7269796341338776e-07 	 1.3445230521164946e-14
79.5963963963964 	 1.7030735051576076e-07 	 1.3103841107950778e-14
80.09687687687689 	 1.679679407850133e-07 	 1.2773263021736295e-14
80.59735735735737 	 1.656773651347701e-07 	 1.2453086865626298e-14
81.09783783783784 	 1.6343470179444619e-07 	 1.2142926447709278e-14
81.59831831831832 	 1.6123824231402384e-07 	 1.1842406437932387e-14
82.09879879879881 	 1.5908767755862987e-07 	 1.1551149525174953e-14
82.59927927927929 	 1.5698120330260058e-07 	 1.1268814511969925e-14
83.09975975975976 	 1.5491776386800842e-07 	 1.0995098518169825e-14
83.60024024024025 	 1.5289441879415583e-07 	 1.072968732620163e-14
84.10072072072073 	 1.5091317473279774e-07 	 1.04722407151397e-14
84.6012012012012 	 1.4897030709717034e-07 	 1.0222513835576618e-14
85.10168168168168 	 1.47066614732577e-07 	 9.980192485647978e-15
85.60216216216217 	 1.4519965275193503e-07 	 9.745052849459416e-15
86.10264264264265 	 1.4336874344014276e-07 	 9.51682286797005e-15
86.60312312312313 	 1.415741701858036e-07 	 9.295243777321448e-15
87.10360360360362 	 1.3981354885637144e-07 	 9.080100344637216e-15
87.60408408408409 	 1.380858141464296e-07 	 8.871170894137063e-15
88.10456456456457 	 1.3639181357882585e-07 	 8.66822656729628e-15
88.60504504504506 	 1.3472836677141616e-07 	 8.471093629664446e-15
89.10552552552554 	 1.3309707544475251e-07 	 8.279525694232421e-15
89.60600600600601 	 1.314950771467863e-07 	 8.093369769811533e-15
90.10648648648649 	 1.2992277700929833e-07 	 7.912438534406115e-15
90.60696696696698 	 1.2837934898243668e-07 	 7.736547134814897e-15
91.10744744744746 	 1.2686375526243487e-07 	 7.565528649266276e-15
91.60792792792793 	 1.253758544567718e-07 	 7.39921813615078e-15
92.10840840840842 	 1.2391424371386313e-07 	 7.237477875577938e-15
92.6088888888889 	 1.2247904665614981e-07 	 7.080132001682249e-15
93.10936936936938 	 1.2106911368633811e-07 	 6.927061701609987e-15
93.60984984984987 	 1.196832631965787e-07 	 6.7781166884001794e-15
94.11033033033034 	 1.1832277018733811e-07 	 6.633154396044083e-15
94.61081081081082 	 1.1698528637658734e-07 	 6.492068658713104e-15
95.1112912912913 	 1.1567051748318182e-07 	 6.354725515722977e-15
95.61177177177179 	 1.1437898008364817e-07 	 6.220994179499747e-15
96.11225225225226 	 1.1310829204464677e-07 	 6.090786028662471e-15
96.61273273273274 	 1.1186021890334974e-07 	 5.9639665589501235e-15
97.11321321321323 	 1.1063267478072144e-07 	 5.8404422130662285e-15
97.6136936936937 	 1.0942604197920216e-07 	 5.7201026308338555e-15
98.11417417417418 	 1.0823932427254242e-07 	 5.602855144830238e-15
98.61465465465466 	 1.0707192461498915e-07 	 5.488608038560793e-15
99.11513513513515 	 1.0592337904167844e-07 	 5.377269800216395e-15
99.61561561561562 	 1.047939961287912e-07 	 5.268741405885639e-15
100.1160960960961 	 1.038775654179416e-07 	 5.163348437911473e-15
100.61657657657659 	 1.0336086433726084e-07 	 5.06137963134737e-15
101.11705705705707 	 1.0284927809699676e-07 	 4.961915617158902e-15
101.61753753753754 	 1.0234273112325179e-07 	 4.864882922582355e-15
102.11801801801803 	 1.0184114932367932e-07 	 4.7702105769688104e-15
102.61849849849851 	 1.0134446005135534e-07 	 4.677830014873869e-15
103.11897897897899 	 1.0085259206970209e-07 	 4.587674983349672e-15
103.61945945945946 	 1.0036547551842829e-07 	 4.499681453237693e-15
104.11993993993995 	 9.988304188045182e-08 	 4.413787534271403e-15
104.62042042042043 	 9.940522394977161e-08 	 4.32993339380786e-15
105.1209009009009 	 9.893195580025726e-08 	 4.2480611790166364e-15
105.6213813813814 	 9.846317275532621e-08 	 4.1681149423635256e-15
106.12186186186187 	 9.799881135847883e-08 	 4.090040570234647e-15
106.62234234234235 	 9.75388093446633e-08 	 4.013785714554633e-15
107.12282282282284 	 9.70831056124432e-08 	 3.939299727259973e-15
107.62330330330332 	 9.663164019694188e-08 	 3.866533597495713e-15
108.1237837837838 	 9.618435424353782e-08 	 3.7954398914102325e-15
108.62426426426427 	 9.57411899822877e-08 	 3.725972694429349e-15
109.12474474474476 	 9.530209070305282e-08 	 3.658087555896717e-15
109.62522522522524 	 9.486700073130712e-08 	 3.591741435973296e-15
110.12570570570571 	 9.443586540460487e-08 	 3.5268926546938864e-15
110.6261861861862 	 9.400863104968693e-08 	 3.4635008430838322e-15
111.12666666666668 	 9.358524496020592e-08 	 3.4015268962437375e-15
111.62714714714716 	 9.316565537505038e-08 	 3.340932928314507e-15
112.12762762762763 	 9.274981145724957e-08 	 3.2816822292394305e-15
112.62810810810812 	 9.233766327344058e-08 	 3.2237392232438985e-15
113.1285885885886 	 9.192916177388067e-08 	 3.1670694289573492e-15
113.62906906906908 	 9.152425877298753e-08 	 3.1116394211055076e-15
114.12954954954957 	 9.112290693039186e-08 	 3.0574167937046017e-15
114.63003003003004 	 9.072505973248609e-08 	 3.0043701246923296e-15
115.13051051051052 	 9.033067147445446e-08 	 2.9524689419335823e-15
115.63099099099101 	 8.99396972427696e-08 	 2.9016836905417632e-15
116.13147147147149 	 8.955209289814208e-08 	 2.8519857014594298e-15
116.63195195195196 	 8.916781505890847e-08 	 2.803347161244502e-15
117.13243243243244 	 8.878682108484565e-08 	 2.7557410830109064e-15
117.63291291291293 	 8.840906906139813e-08 	 2.709141278474833e-15
118.1333933933934 	 8.803451778430636e-08 	 2.6635223310600645e-15
118.63387387387388 	 8.766312674462406e-08 	 2.6188595700179815e-15
119.13435435435437 	 8.729485611411329e-08 	 2.5751290455198943e-15
119.63483483483485 	 8.692966673100609e-08 	 2.5323075046812666e-15
120.13531531531532 	 8.656752008612192e-08 	 2.4903723684792646e-15
120.63579579579581 	 8.620837830933087e-08 	 2.4493017095267973e-15
121.13627627627629 	 8.585220415635215e-08 	 2.409074230667875e-15
121.63675675675677 	 8.549896099587886e-08 	 2.3696692443607097e-15
122.13723723723724 	 8.514861279701888e-08 	 2.331066652816475e-15
122.63771771771773 	 8.480112411704371e-08 	 2.2932469288630685e-15
123.13819819819821 	 8.445646008943571e-08 	 2.2561910975046072e-15
123.63867867867869 	 8.411458641222591e-08 	 2.219880718148644e-15
124.13915915915918 	 8.377546933661373e-08 	 2.184297867474355e-15
124.63963963963965 	 8.343907565586106e-08 	 2.1494251229161356e-15
125.14012012012013 	 8.31053726944526e-08 	 2.1152455467380967e-15
125.64060060060062 	 8.27743282975156e-08 	 2.0817426706761178e-15
126.1410810810811 	 8.244591082049112e-08 	 2.0489004811250223e-15
126.64156156156157 	 8.212008911905046e-08 	 2.0167034048494976e-15
127.14204204204205 	 8.179683253924964e-08 	 1.9851362951982404e-15
127.64252252252254 	 8.147611090791551e-08 	 1.9541844188017322e-15
128.14300300300303 	 8.11578945232572e-08 	 1.923833442734848e-15
128.64348348348352 	 8.084215414569661e-08 	 1.894069422126333e-15
129.14396396396398 	 8.052886098891228e-08 	 1.864878788197928e-15
129.64444444444447 	 8.021798671109046e-08 	 1.8362483367166376e-15
130.14492492492496 	 7.990950340637839e-08 	 1.8081652168443904e-15
130.64540540540543 	 7.960338359653374e-08 	 1.7806169203698857e-15
131.14588588588592 	 7.929960022276529e-08 	 1.7535912713081885e-15
131.6463663663664 	 7.899812663775992e-08 	 1.7270764158541473e-15
132.14684684684687 	 7.869893659789052e-08 	 1.701060812676293e-15
132.64732732732736 	 7.84020042556005e-08 	 1.6755332235384814e-15
133.14780780780782 	 7.810730415195994e-08 	 1.650482704237003e-15
133.6482882882883 	 7.781481120938901e-08 	 1.6258985958414141e-15
134.1487687687688 	 7.752450072454437e-08 	 1.6017705162278457e-15
134.64924924924927 	 7.723634836136402e-08 	 1.5780883518939449e-15
135.14972972972976 	 7.695033014426693e-08 	 1.5548422500451033e-15
135.65021021021025 	 7.66664224515029e-08 	 1.5320226109420107e-15
136.1506906906907 	 7.638460200864951e-08 	 1.5096200804999813e-15
136.6511711711712 	 7.610484588225148e-08 	 1.487625543130869e-15
137.1516516516517 	 7.582713147359978e-08 	 1.4660301148188058e-15
137.65213213213215 	 7.555143651264608e-08 	 1.444825136421258e-15
138.15261261261264 	 7.52777390520496e-08 	 1.424002167187316e-15
138.65309309309313 	 7.500601746135302e-08 	 1.4035529784854168e-15
139.1535735735736 	 7.473625042128392e-08 	 1.383469547732994e-15
139.6540540540541 	 7.446841691817861e-08 	 1.3637440525208569e-15
140.15453453453458 	 7.42024962385259e-08 	 1.34436886492541e-15
140.65501501501504 	 7.393846796362691e-08 	 1.3253365460020257e-15
141.15549549549553 	 7.367631196436856e-08 	 1.3066398404532036e-15
141.65597597597602 	 7.341600839610816e-08 	 1.288271671465386e-15
142.15645645645648 	 7.315753769366563e-08 	 1.2702251357084872e-15
142.65693693693697 	 7.29008805664214e-08 	 1.2524934984924877e-15
143.15741741741743 	 7.264601799351714e-08 	 1.2350701890756315e-15
143.65789789789793 	 7.239293121915663e-08 	 1.2179487961189424e-15
144.15837837837842 	 7.214160174800472e-08 	 1.201123063282051e-15
144.65885885885888 	 7.189201134068166e-08 	 1.1845868849554252e-15
145.15933933933937 	 7.164414200935065e-08 	 1.1683343021243535e-15
145.65981981981986 	 7.139797601339647e-08 	 1.1523594983601727e-15
146.16030030030032 	 7.115349585519277e-08 	 1.1366567959343941e-15
146.6607807807808 	 7.091068427595604e-08 	 1.1212206520515677e-15
147.1612612612613 	 7.066952425168426e-08 	 1.1060456551968627e-15
147.66174174174176 	 7.042999898917811e-08 	 1.0911265215944966e-15
148.16222222222225 	 7.019209192214266e-08 	 1.07645809177328e-15
148.66270270270275 	 6.995578670736812e-08 	 1.0620353272357078e-15
149.1631831831832 	 6.972106722098724e-08 	 1.0478533072271197e-15
149.6636636636637 	 6.948791755480782e-08 	 1.0339072256016088e-15
150.1641441441442 	 6.925632201271866e-08 	 1.0201923877814763e-15
150.66462462462465 	 6.902626510716705e-08 	 1.0067042078071276e-15
151.16510510510514 	 6.87977315557063e-08 	 9.934382054744414e-16
151.6655855855856 	 6.857070627761157e-08 	 9.803900035567343e-16
152.1660660660661 	 6.834517439056257e-08 	 9.675553251085494e-16
152.66654654654658 	 6.812112120739134e-08 	 9.549299908486095e-16
153.16702702702705 	 6.789853223289405e-08 	 9.425099166193538e-16
153.66750750750754 	 6.767739316070484e-08 	 9.302911109205671e-16
154.16798798798803 	 6.745768987023072e-08 	 9.182696725147352e-16
154.6684684684685 	 6.72394084236459e-08 	 9.064417881017828e-16
155.16894894894898 	 6.702253506294433e-08 	 8.948037300609937e-16
155.66942942942947 	 6.680705620704905e-08 	 8.833518542579528e-16
156.16990990990993 	 6.659295844897724e-08 	 8.720825979144329e-16
156.67039039039042 	 6.638022855305936e-08 	 8.609924775392283e-16
157.1708708708709 	 6.616885345221172e-08 	 8.5007808691801555e-16
157.67135135135138 	 6.595882024526084e-08 	 8.393360951603526e-16
158.17183183183187 	 6.57501161943185e-08 	 8.287632448020359e-16
158.67231231231236 	 6.554272872220673e-08 	 8.183563499610762e-16
159.17279279279282 	 6.533664540993116e-08 	 8.081122945456027e-16
159.6732732732733 	 6.513185399420197e-08 	 7.98028030512089e-16
160.1737537537538 	 6.492834236500137e-08 	 7.881005761723318e-16
160.67423423423426 	 6.47260985631964e-08 	 7.783270145476641e-16
161.17471471471475 	 6.452511077819628e-08 	 7.687044917689527e-16
161.67519519519522 	 6.43253673456534e-08 	 7.592302155209649e-16
162.1756756756757 	 6.412685674520664e-08 	 7.499014535297417e-16
162.6761561561562 	 6.392956759826654e-08 	 7.407155320916595e-16
163.17663663663666 	 6.373348866584107e-08 	 7.316698346429095e-16
163.67711711711715 	 6.353860884640149e-08 	 7.227618003681627e-16
164.17759759759764 	 6.334491717378697e-08 	 7.13988922847233e-16
164.6780780780781 	 6.31524028151478e-08 	 7.053487487385932e-16
165.1785585585586 	 6.296105506892555e-08 	 6.968388764986154e-16
165.67903903903908 	 6.277086336287014e-08 	 6.884569551354872e-16
166.17951951951954 	 6.258181725209275e-08 	 6.802006829967437e-16
166.68000000000004 	 6.239390641715352e-08 	 6.720678065894136e-16
167.18048048048053 	 6.220712066218402e-08 	 6.640561194318225e-16
167.680960960961 	 6.202144991304294e-08 	 6.561634609360902e-16
168.18144144144148 	 6.1836884215505e-08 	 6.483877153204287e-16
168.68192192192197 	 6.165341373348194e-08 	 6.407268105503565e-16
169.18240240240243 	 6.147102874727515e-08 	 6.33178717307977e-16
169.68288288288292 	 6.128971965185919e-08 	 6.257414479884919e-16
170.18336336336338 	 6.11094769551957e-08 	 6.184130557231658e-16
170.68384384384387 	 6.093029127657676e-08 	 6.111916334279528e-16
171.18432432432436 	 6.075215334499756e-08 	 6.040753128770523e-16
171.68480480480483 	 6.057505399755738e-08 	 5.970622638006609e-16
172.18528528528532 	 6.039898417788843e-08 	 5.901506930062251e-16
172.6857657657658 	 6.022393493461213e-08 	 5.833388435225178e-16
173.18624624624627 	 6.004989741982217e-08 	 5.766249937658778e-16
173.68672672672676 	 5.987686288759357e-08 	 5.700074567279735e-16
174.18720720720725 	 5.970482269251771e-08 	 5.63484579184491e-16
174.6876876876877 	 5.953376828826242e-08 	 5.570547409241266e-16
175.1881681681682 	 5.936369122615669e-08 	 5.507163539973241e-16
175.6886486486487 	 5.91945831537998e-08 	 5.444678619841928e-16
176.18912912912916 	 5.902643581369381e-08 	 5.383077392810544e-16
176.68960960960965 	 5.885924104189959e-08 	 5.322344904051062e-16
177.19009009009014 	 5.869299076671553e-08 	 5.26246649316685e-16
177.6905705705706 	 5.8527677007378503e-08 	 5.20342778758636e-16
178.1910510510511 	 5.836329187278682e-08 	 5.14521469612312e-16
178.69153153153155 	 5.8199827560244624e-08 	 5.0878134026974025e-16
179.19201201201204 	 5.803727635422725e-08 	 5.031210360214987e-16
179.69249249249253 	 5.787563062516733e-08 	 4.975392284598798e-16
180.192972972973 	 5.771488282826107e-08 	 4.920346148969064e-16
180.6934534534535 	 5.7555025502294336e-08 	 4.866059177967952e-16
181.19393393393398 	 5.7396051268488275e-08 	 4.812518842224729e-16
181.69441441441444 	 5.7237952829363904e-08 	 4.759712852957545e-16
182.19489489489493 	 5.708072296762554e-08 	 4.707629156708124e-16
182.69537537537542 	 5.692435454506249e-08 	 4.656255930205761e-16
183.19585585585588 	 5.676884050146879e-08 	 4.605581575357054e-16
183.69633633633637 	 5.661417385358053e-08 	 4.555594714357992e-16
184.19681681681686 	 5.646034769403064e-08 	 4.506284184925109e-16
184.69729729729733 	 5.630735519032054e-08 	 4.457639035642439e-16
185.19777777777782 	 5.61551895838085e-08 	 4.409648521421179e-16
185.6982582582583 	 5.6003844188714434e-08 	 4.362302099069076e-16
186.19873873873877 	 5.5853312391140615e-08 	 4.315589422966512e-16
186.69921921921926 	 5.570358764810822e-08 	 4.269500340846517e-16
187.19969969969975 	 5.555466348660939e-08 	 4.2240248896759344e-16
187.7001801801802 	 5.540653350267426e-08 	 4.179153291634965e-16
188.2006606606607 	 5.525919136045312e-08 	 4.1348759501926303e-16
188.70114114114116 	 5.511263079131296e-08 	 4.0911834462754867e-16
189.20162162162165 	 5.496684559294854e-08 	 4.0480665345272154e-16
189.70210210210215 	 5.4821829628507355e-08 	 4.0055161396566636e-16
190.2025825825826 	 5.4677576825728605e-08 	 3.963523352872035e-16
190.7030630630631 	 5.453408117609554e-08 	 3.922079428398962e-16
191.2035435435436 	 5.439133673400126e-08 	 3.8811757800802946e-16
191.70402402402405 	 5.4249337615927475e-08 	 3.8408039780554644e-16
192.20450450450454 	 5.4108077999636155e-08 	 3.8009557455173414e-16
192.70498498498503 	 5.396755212337383e-08 	 3.761622955544656e-16
193.2054654654655 	 5.3827754285088094e-08 	 3.7227976280079163e-16
193.70594594594598 	 5.368867884165642e-08 	 3.684471926547042e-16
194.20642642642648 	 5.355032020812678e-08 	 3.646638155618798e-16
194.70690690690694 	 5.341267285697009e-08 	 3.609288757612293e-16
195.20738738738743 	 5.327573131734407e-08 	 3.572416310030762e-16
195.70786786786792 	 5.313949017436838e-08 	 3.536013522737964e-16
196.20834834834838 	 5.300394406841095e-08 	 3.5000732352675673e-16
196.70882882882887 	 5.286908769438514e-08 	 3.464588414193889e-16
197.20930930930933 	 5.273491580105759e-08 	 3.4295521505624783e-16
197.70978978978982 	 5.2601423190366573e-08 	 3.394957657378998e-16
198.2102702702703 	 5.2468604716750774e-08 	 3.360798267154968e-16
198.71075075075078 	 5.233645528648811e-08 	 3.3270674295089375e-16
199.21123123123127 	 5.220496985704451e-08 	 3.2937587088216485e-16
199.71171171171176 	 5.207414343643258e-08 	 3.260865781943957e-16
200.21219219219222 	 5.194397108257985e-08 	 3.2283824359560735e-16
200.7126726726727 	 5.181444790270635e-08 	 3.1963025659769e-16
201.2131531531532 	 5.1685569052711676e-08 	 3.164620173022266e-16
201.71363363363366 	 5.1557329736571115e-08 	 3.1333293619107847e-16
202.21411411411415 	 5.1429725205740544e-08 	 3.102424339216167e-16
202.71459459459464 	 5.13027507585705e-08 	 3.0718994112649044e-16
203.2150750750751 	 5.1176401739728597e-08 	 3.0417489821781474e-16
203.7155555555556 	 5.1050673539630605e-08 	 3.0119675519567136e-16
204.2160360360361 	 5.0925561593879884e-08 	 2.9825497146082027e-16
204.71651651651655 	 5.080106138271502e-08 	 2.9534901563151445e-16
205.21699699699704 	 5.06771684304655e-08 	 2.924783653643224e-16
205.71747747747753 	 5.0553878305015424e-08 	 2.8964250717885857e-16
206.217957957958 	 5.0431186617275005e-08 	 2.8684093628632874e-16
206.71843843843848 	 5.030908902065964e-08 	 2.840731564217971e-16
207.21891891891894 	 5.018758121057669e-08 	 2.8133867968008766e-16
207.71939939939944 	 5.006665892391954e-08 	 2.7863702635522844e-16
208.21987987987993 	 4.9946317938569106e-08 	 2.7596772478335995e-16
208.7203603603604 	 4.9826554072902296e-08 	 2.7333031118901843e-16
209.22084084084088 	 4.9707363185307776e-08 	 2.707243295347181e-16
209.72132132132137 	 4.958874117370846e-08 	 2.6814933137375236e-16
210.22180180180183 	 4.947068397509099e-08 	 2.6560487570613827e-16
210.72228228228232 	 4.935318756504174e-08 	 2.6309052883762687e-16
211.2227627627628 	 4.9236247957289626e-08 	 2.606058642417132e-16
211.72324324324327 	 4.9119861203255215e-08 	 2.581504624245681e-16
212.22372372372377 	 4.90040233916063e-08 	 2.5572391079282856e-16
212.72420420420426 	 4.8888730647819767e-08 	 2.5332580352417736e-16
213.22468468468472 	 4.8773979133749606e-08 	 2.5095574144064674e-16
213.7251651651652 	 4.865976504720093e-08 	 2.486133318845826e-16
214.2256456456457 	 4.854608462151009e-08 	 2.462981885972083e-16
214.72612612612616 	 4.8432934125130596e-08 	 2.440099315997269e-16
215.22660660660665 	 4.832030986122473e-08 	 2.417481870769013e-16
215.7270870870871 	 4.820820816726106e-08 	 2.3951258726306005e-16
216.2275675675676 	 4.80966254146173e-08 	 2.37302770330466e-16
216.7280480480481 	 4.7985558008188845e-08 	 2.351183802799993e-16
217.22852852852856 	 4.787500238600266e-08 	 2.329590668340989e-16
217.72900900900905 	 4.776495501883644e-08 	 2.3082448533191027e-16
218.22948948948954 	 4.765541240984313e-08 	 2.287142966265908e-16
218.72996996997 	 4.7546371094180505e-08 	 2.2662816698472294e-16
219.2304504504505 	 4.743782763864581e-08 	 2.245657679877853e-16
219.73093093093098 	 4.7329778641315514e-08 	 2.2252677643563887e-16
220.23141141141144 	 4.722222073118984e-08 	 2.2051087425197874e-16
220.73189189189193 	 4.711515056784218e-08 	 2.185177483917093e-16
221.23237237237242 	 4.7008564841073343e-08 	 2.1654709075019912e-16
221.7328528528529 	 4.690246027057034e-08 	 2.1459859807437262e-16
222.23333333333338 	 4.6796833605569895e-08 	 2.1267197187559724e-16
222.73381381381387 	 4.6691681624526464e-08 	 2.107669183443279e-16
223.23429429429433 	 4.6587001134784696e-08 	 2.0888314826646626e-16
223.73477477477482 	 4.6482788972256305e-08 	 2.0702037694139878e-16
224.23525525525528 	 4.6379042001101277e-08 	 2.0517832410167636e-16
224.73573573573577 	 4.627575711341332e-08 	 2.033567138342972e-16
225.23621621621626 	 4.617293122890953e-08 	 2.015552745035597e-16
225.73669669669673 	 4.607056129462417e-08 	 1.997737386754494e-16
226.23717717717722 	 4.596864428460648e-08 	 1.980118430435251e-16
226.7376576576577 	 4.58671771996226e-08 	 1.9626932835627511e-16
227.23813813813817 	 4.5766157066861275e-08 	 1.9454593934590564e-16
227.73861861861866 	 4.5665580939643584e-08 	 1.9284142465853523e-16
228.23909909909915 	 4.556544589713638e-08 	 1.91155536785761e-16
228.7395795795796 	 4.5465749044069583e-08 	 1.8948803199756917e-16
229.2400600600601 	 4.53664875104571e-08 	 1.8783867027655817e-16
229.7405405405406 	 4.5267658451321404e-08 	 1.8620721525344815e-16
230.24102102102106 	 4.516925904642181e-08 	 1.8459343414384808e-16
230.74150150150155 	 4.5071286499986104e-08 	 1.8299709768625215e-16
231.24198198198204 	 4.4973738040445815e-08 	 1.814179800812416e-16
231.7424624624625 	 4.487661092017483e-08 	 1.7985585893186272e-16
232.242942942943 	 4.4779902415231436e-08 	 1.7831051518515883e-16
232.74342342342348 	 4.468360982510368e-08 	 1.7678173307482985e-16
233.24390390390394 	 4.4587730472457947e-08 	 1.752693000649948e-16
233.74438438438443 	 4.4492261702890875e-08 	 1.7377300679503545e-16
234.2448648648649 	 4.439720088468437e-08 	 1.7229264702549733e-16
234.74534534534538 	 4.430254540856379e-08 	 1.708280175850242e-16
235.24582582582588 	 4.420829268745917e-08 	 1.69378918318307e-16
235.74630630630634 	 4.4114440156269587e-08 	 1.679451520350229e-16
236.24678678678683 	 4.40209852716304e-08 	 1.665265244597451e-16
236.74726726726732 	 4.392792551168353e-08 	 1.651228441828034e-16
237.24774774774778 	 4.383525837585059e-08 	 1.6373392261207326e-16
237.74822822822827 	 4.374298138460895e-08 	 1.6235957392567675e-16
238.24870870870876 	 4.365109207927054e-08 	 1.609996150255745e-16
238.74918918918922 	 4.355958802176348e-08 	 1.5965386549202989e-16
239.24966966966971 	 4.346846679441649e-08 	 1.5832214753892847e-16
239.7501501501502 	 4.337772599974589e-08 	 1.5700428596993407e-16
240.25063063063067 	 4.32873632602454e-08 	 1.5570010813546446e-16
240.75111111111116 	 4.319737621817845e-08 	 1.5440944389046882e-16
241.25159159159165 	 4.310776253537312e-08 	 1.5313212555299206e-16
241.7520720720721 	 4.3018519893019635e-08 	 1.518679878635078e-16
242.2525525525526 	 4.292964599147035e-08 	 1.5061686794500582e-16
242.75303303303306 	 4.284113855004225e-08 	 1.4937860526381784e-16
243.25351351351355 	 4.275299530682177e-08 	 1.4815304159116538e-16
243.75399399399404 	 4.266521401847223e-08 	 1.46940020965418e-16
244.2544744744745 	 4.2577792460043425e-08 	 1.457393896550433e-16
244.754954954955 	 4.249072842478366e-08 	 1.4455099612223764e-16
245.2554354354355 	 4.240401972395407e-08 	 1.4337469098722303e-16
245.75591591591595 	 4.2317664186645226e-08 	 1.4221032699319632e-16
246.25639639639644 	 4.223165965959589e-08 	 1.4105775897191614e-16
246.75687687687693 	 4.214600400701415e-08 	 1.3991684380991893e-16
247.2573573573574 	 4.20606951104005e-08 	 1.3878744041534552e-16
247.75783783783788 	 4.197573086837327e-08 	 1.37669409685371e-16
248.25831831831837 	 4.189110919649605e-08 	 1.3656261447422316e-16
248.75879879879884 	 4.180682802710723e-08 	 1.3546691956177805e-16
249.25927927927933 	 4.172288530915156e-08 	 1.3438219162272137e-16
249.75975975975982 	 4.163927900801386e-08 	 1.333082991962649e-16
250.26024024024028 	 4.1556007105354505e-08 	 1.3224511265640562e-16
250.76072072072077 	 4.147306759894712e-08 	 1.3119250418271778e-16
251.26120120120126 	 4.1390458502518015e-08 	 1.3015034773166714e-16
251.76168168168172 	 4.130817784558771e-08 	 1.2911851900843715e-16
252.2621621621622 	 4.1226223673314176e-08 	 1.2809689543925542e-16
252.76264264264267 	 4.114459404633807e-08 	 1.2708535614421346e-16
253.26312312312317 	 4.106328704062971e-08 	 1.2608378191056767e-16
253.76360360360366 	 4.0982300747338e-08 	 1.2509205516651261e-16
254.26408408408412 	 4.090163327264095e-08 	 1.2411005995541821e-16
254.7645645645646 	 4.082128273759807e-08 	 1.2313768191051998e-16
255.2650450450451 	 4.074124727800454e-08 	 1.2217480823005605e-16
255.76552552552556 	 4.0661525044247e-08 	 1.212213276528396e-16
256.266006006006 	 4.0582114201161017e-08 	 1.202771304342594e-16
256.7664864864865 	 4.0503012927890374e-08 	 1.193421083227013e-16
257.266966966967 	 4.042421941774781e-08 	 1.184161545363797e-16
257.76744744744747 	 4.034573187807752e-08 	 1.1749916374057446e-16
258.26792792792793 	 4.026754853011914e-08 	 1.1659103202526156e-16
258.76840840840845 	 4.0189667608873455e-08 	 1.1569165688313413e-16
259.2688888888889 	 4.0112087362969526e-08 	 1.1480093718800301e-16
259.7693693693694 	 4.003480605453339e-08 	 1.139187731735707e-16
260.2698498498499 	 3.995782195905835e-08 	 1.1304506641257214e-16
260.77033033033035 	 3.988113336527665e-08 	 1.121797197962747e-16
261.2708108108108 	 3.980473857503269e-08 	 1.113226375143298e-16
261.77129129129133 	 3.9728635903157705e-08 	 1.1047372503497154e-16
262.2717717717718 	 3.9652823677345815e-08 	 1.0963288908555333e-16
262.77225225225226 	 3.957730023803156e-08 	 1.0880003763341745e-16
263.2727327327328 	 3.9502063938268754e-08 	 1.079750798670913e-16
263.77321321321324 	 3.942711314361086e-08 	 1.0715792617780387e-16
264.2736936936937 	 3.9352446231992554e-08 	 1.0634848814131581e-16
264.7741741741742 	 3.927806159361269e-08 	 1.0554667850005773e-16
265.2746546546547 	 3.920395763081872e-08 	 1.0475241114557235e-16
265.77513513513514 	 3.9130132757992185e-08 	 1.0396560110125104e-16
266.2756156156156 	 3.9056585401435675e-08 	 1.0318616450536345e-16
266.7760960960961 	 3.8983313999261036e-08 	 1.0241401859437218e-16
267.2765765765766 	 3.8910317001278756e-08 	 1.0164908168652793e-16
267.77705705705705 	 3.883759286888866e-08 	 1.0089127316573938e-16
268.27753753753757 	 3.876514007497181e-08 	 1.0014051346571389e-16
268.77801801801803 	 3.8692957103783616e-08 	 9.939672405436318e-17
269.2784984984985 	 3.862104245084812e-08 	 9.865982741846801e-17
269.778978978979 	 3.854939462285346e-08 	 9.792974704859958e-17
270.2794594594595 	 3.8478012137548575e-08 	 9.720640742429126e-17
270.77993993993994 	 3.84068935236409e-08 	 9.64897339994552e-17
271.28042042042046 	 3.8336037320695305e-08 	 9.577965318804157e-17
271.7809009009009 	 3.826544207903418e-08 	 9.507609234993506e-17
272.2813813813814 	 3.819510635963848e-08 	 9.437897977708226e-17
272.7818618618619 	 3.8125028734050036e-08 	 9.368824467984971e-17
273.28234234234236 	 3.8055207784274776e-08 	 9.300381717360471e-17
273.7828228228228 	 3.798564210268713e-08 	 9.232562826551666e-17
274.28330330330334 	 3.791633029193542e-08 	 9.165360984157483e-17
274.7837837837838 	 3.784727096484829e-08 	 9.098769465381821e-17
275.28426426426427 	 3.7778462744342164e-08 	 9.032781630777328e-17
275.7847447447448 	 3.7709904263329726e-08 	 8.967390925009723e-17
276.28522522522525 	 3.764159416462938e-08 	 8.902590875642167e-17
276.7857057057057 	 3.757353110087566e-08 	 8.838375091939314e-17
277.2861861861862 	 3.750571373443069e-08 	 8.77473726369085e-17
277.7866666666667 	 3.7438140737296546e-08 	 8.711671160053951e-17
278.28714714714715 	 3.737081079102853e-08 	 8.649170628414464e-17
278.78762762762767 	 3.730372258664945e-08 	 8.587229593266461e-17
279.28810810810813 	 3.7236874824564827e-08 	 8.52584205510981e-17
279.7885885885886 	 3.71702662144789e-08 	 8.465002089365376e-17
280.2890690690691 	 3.710389547531166e-08 	 8.404703845307713e-17
280.7895495495496 	 3.703776133511673e-08 	 8.344941545014777e-17
281.29003003003004 	 3.697186253100006e-08 	 8.285709482334394e-17
281.79051051051056 	 3.690619780903958e-08 	 8.227002021867244e-17
282.290990990991 	 3.684076592420567e-08 	 8.168813597966038e-17
282.7914714714715 	 3.677556564028242e-08 	 8.111138713750509e-17
283.291951951952 	 3.6710595729789813e-08 	 8.05397194013813e-17
283.79243243243246 	 3.664585497390675e-08 	 7.997307914890153e-17
284.2929129129129 	 3.6581342162394717e-08 	 7.941141341672624e-17
284.7933933933934 	 3.651705609352244e-08 	 7.88546698913235e-17
285.2938738738739 	 3.645299557399128e-08 	 7.830279689987326e-17
285.79435435435437 	 3.638915941886135e-08 	 7.775574340131497e-17
286.29483483483483 	 3.632554645147847e-08 	 7.721345897753535e-17
286.79531531531535 	 3.626215550340192e-08 	 7.667589382469468e-17
287.2957957957958 	 3.6198985414332814e-08 	 7.614299874468836e-17
287.7962762762763 	 3.613603503204337e-08 	 7.561472513674178e-17
288.2967567567568 	 3.607330321230681e-08 	 7.509102498913627e-17
288.79723723723725 	 3.60107888188281e-08 	 7.457185087106397e-17
289.2977177177177 	 3.594849072317526e-08 	 7.40571559246086e-17
289.79819819819824 	 3.58864078047115e-08 	 7.354689385685106e-17
290.2986786786787 	 3.582453895052805e-08 	 7.30410189320973e-17
290.79915915915916 	 3.576288305537762e-08 	 7.253948596422562e-17
291.2996396396397 	 3.5701439021608586e-08 	 7.204225030915249e-17
291.80012012012014 	 3.5640205759099905e-08 	 7.154926785741472e-17
292.3006006006006 	 3.557918218519658e-08 	 7.106049502686442e-17
292.8010810810811 	 3.551836722464587e-08 	 7.05758887554775e-17
293.3015615615616 	 3.545775980953417e-08 	 7.009540649427144e-17
293.80204204204205 	 3.5397358879224445e-08 	 6.961900620033142e-17
294.30252252252257 	 3.53371633802944e-08 	 6.914664632994327e-17
294.803003003003 	 3.527717226647522e-08 	 6.867828583183094e-17
295.3034834834835 	 3.521738449859099e-08 	 6.821388414049653e-17
295.803963963964 	 3.515779904449859e-08 	 6.775340116966188e-17
296.30444444444447 	 3.509841487902845e-08 	 6.729679730580974e-17
296.80492492492493 	 3.5039230983925635e-08 	 6.684403340182197e-17
297.30540540540545 	 3.4980246347791654e-08 	 6.639507077071448e-17
297.8058858858859 	 3.492145996602694e-08 	 6.594987117946705e-17
298.3063663663664 	 3.4862870840773696e-08 	 6.550839684294479e-17
298.8068468468469 	 3.480447798085954e-08 	 6.507061041791249e-17
299.30732732732736 	 3.474628040174153e-08 	 6.463647499713779e-17
299.8078078078078 	 3.468827712545087e-08 	 6.420595410358314e-17
300.30828828828834 	 3.463046718053813e-08 	 6.377901168468466e-17
300.8087687687688 	 3.457284960201898e-08 	 6.335561210671623e-17
301.30924924924926 	 3.4515423431320586e-08 	 6.293572014923809e-17
301.8097297297298 	 3.4458187716228276e-08 	 6.251930099962725e-17
302.31021021021024 	 3.4401141510833117e-08 	 6.21063202476903e-17
302.8106906906907 	 3.434428387547967e-08 	 6.169674388035518e-17
303.31117117117117 	 3.428761387671442e-08 	 6.129053827644205e-17
303.8116516516517 	 3.423113058723471e-08 	 6.088767020151143e-17
304.31213213213215 	 3.417483308583819e-08 	 6.048810680278864e-17
304.8126126126126 	 3.411872045737265e-08 	 6.009181560416236e-17
305.31309309309313 	 3.4062791792686534e-08 	 5.969876450125757e-17
305.8135735735736 	 3.400704618857976e-08 	 5.930892175658061e-17
306.31405405405405 	 3.395148274775513e-08 	 5.892225599473506e-17
306.8145345345346 	 3.3896100578770215e-08 	 5.853873619770849e-17
307.31501501501504 	 3.384089879598961e-08 	 5.815833170022733e-17
307.8154954954955 	 3.3785876519537785e-08 	 5.778101218518001e-17
308.315975975976 	 3.373103287525232e-08 	 5.740674767910665e-17
308.8164564564565 	 3.3676366994637604e-08 	 5.703550854775448e-17
309.31693693693694 	 3.362187801481899e-08 	 5.666726549169767e-17
309.81741741741746 	 3.3567565078497386e-08 	 5.630198954202066e-17
310.3178978978979 	 3.351342733390435e-08 	 5.59396520560645e-17
310.8183783783784 	 3.3459463934757464e-08 	 5.558022471323378e-17
311.3188588588589 	 3.3405674040216314e-08 	 5.522367951086483e-17
311.81933933933936 	 3.335205681483882e-08 	 5.4869988760153466e-17
312.3198198198198 	 3.32986114285379e-08 	 5.451912508214054e-17
312.82030030030035 	 3.324533705653874e-08 	 5.417106140375611e-17
313.3207807807808 	 3.3192232879336294e-08 	 5.3825770953919845e-17
313.82126126126127 	 3.313929808265328e-08 	 5.348322725969718e-17
314.3217417417418 	 3.308653185739859e-08 	 5.314340414251083e-17
314.82222222222225 	 3.3033933399626014e-08 	 5.2806275714406013e-17
315.3227027027027 	 3.2981501910493457e-08 	 5.2471816374369005e-17
315.82318318318323 	 3.2929236596222474e-08 	 5.214000080469814e-17
316.3236636636637 	 3.287713666805821e-08 	 5.181080396742637e-17
316.82414414414416 	 3.2825201342229745e-08 	 5.148420110079442e-17
317.3246246246247 	 3.277342983991075e-08 	 5.1160167715773977e-17
317.82510510510514 	 3.27218213871806e-08 	 5.083867959264019e-17
318.3255855855856 	 3.267037521498578e-08 	 5.0519712777592155e-17
318.8260660660661 	 3.26190905591017e-08 	 5.020324357942154e-17
319.3265465465466 	 3.256796666009484e-08 	 4.9889248566227735e-17
319.82702702702704 	 3.251700276328527e-08 	 4.957770456217916e-17
320.32750750750756 	 3.2466198118709515e-08 	 4.926858864432018e-17
320.827987987988 	 3.241555198108379e-08 	 4.896187813942285e-17
321.3284684684685 	 3.2365063609767494e-08 	 4.865755062088211e-17
321.82894894894895 	 3.2314732268727174e-08 	 4.8355583905655043e-17
322.32942942942947 	 3.226455722650072e-08 	 4.805595605124241e-17
322.82990990990993 	 3.221453775616194e-08 	 4.775864535271229e-17
323.3303903903904 	 3.2164673135285464e-08 	 4.746363033976504e-17
323.8308708708709 	 3.2114962645911937e-08 	 4.717088977383907e-17
324.3313513513514 	 3.20654055745136e-08 	 4.688040264525667e-17
324.83183183183183 	 3.201600121196011e-08 	 4.6592148170409297e-17
325.33231231231235 	 3.196674885348474e-08 	 4.6306105788981767e-17
325.8327927927928 	 3.1917647798650874e-08 	 4.602225516121493e-17
326.3332732732733 	 3.186869735131878e-08 	 4.574057616520558e-17
326.8337537537538 	 3.18198968196127e-08 	 4.5461048894243826e-17
327.33423423423426 	 3.177124551588832e-08 	 4.518365365418718e-17
327.8347147147147 	 3.172274275670038e-08 	 4.490837096087015e-17
328.33519519519524 	 3.167438786277073e-08 	 4.463518153754957e-17
328.8356756756757 	 3.1626180158956624e-08 	 4.436406631238513e-17
329.33615615615616 	 3.157811897421926e-08 	 4.409500641595359e-17
329.8366366366367 	 3.1530203641592643e-08 	 4.382798317879748e-17
330.33711711711715 	 3.1482433498152794e-08 	 4.3562978129006957e-17
330.8375975975976 	 3.14348078849871e-08 	 4.329997298983432e-17
331.3380780780781 	 3.1387326147164067e-08 	 4.30389496773411e-17
331.8385585585586 	 3.1339987633703286e-08 	 4.277989029807717e-17
332.33903903903905 	 3.129279169754568e-08 	 4.252277714679064e-17
332.83951951951957 	 3.1245737695524005e-08 	 4.226759270416933e-17
333.34000000000003 	 3.119882498833369e-08 	 4.201431963461246e-17
333.8404804804805 	 3.115205294050379e-08 	 4.1762940784032004e-17
334.340960960961 	 3.11054209203684e-08 	 4.151343917768423e-17
334.8414414414415 	 3.1058928300038145e-08 	 4.126579801802986e-17
335.34192192192194 	 3.101257445537201e-08 	 4.1020000682623034e-17
335.84240240240246 	 3.096635876594943e-08 	 4.077603072202852e-17
336.3428828828829 	 3.0920280615042605e-08 	 4.0533871857767015e-17
336.8433633633634 	 3.087433938958906e-08 	 4.029350798028735e-17
337.3438438438439 	 3.082853448016444e-08 	 4.0054923146966035e-17
337.84432432432436 	 3.078286528095561e-08 	 3.9818101580133626e-17
338.3448048048048 	 3.073733118973389e-08 	 3.958302766512666e-17
338.8452852852853 	 3.0691931607828615e-08 	 3.934968594836616e-17
339.3457657657658 	 3.064666594010089e-08 	 3.911806113546101e-17
339.84624624624627 	 3.060153359491762e-08 	 3.8888138089336885e-17
340.34672672672673 	 3.055653398412565e-08 	 3.8659901828389366e-17
340.84720720720725 	 3.051166652302629e-08 	 3.843333752466194e-17
341.3476876876877 	 3.046693063034998e-08 	 3.8208430502047734e-17
341.8481681681682 	 3.0422325728231144e-08 	 3.798516623451465e-17
342.3486486486487 	 3.0377851242183374e-08 	 3.7763530344354427e-17
342.84912912912915 	 3.0333506601074697e-08 	 3.754350860045399e-17
343.3496096096096 	 3.0289291237103194e-08 	 3.732508691658988e-17
343.85009009009013 	 3.02452045857727e-08 	 3.7108251349744714e-17
344.3505705705706 	 3.020124608586885e-08 	 3.689298809844588e-17
344.85105105105106 	 3.01574151794352e-08 	 3.667928350112555e-17
345.3515315315316 	 3.0113711311749654e-08 	 3.646712403450229e-17
345.85201201201204 	 3.0070133931301075e-08 	 3.625649631198375e-17
346.3524924924925 	 3.002668248976604e-08 	 3.60473870820897e-17
346.852972972973 	 2.9983356441985894e-08 	 3.583978322689597e-17
347.3534534534535 	 2.994015524594392e-08 	 3.56336717604983e-17
347.85393393393394 	 2.9897078362742725e-08 	 3.5429039827495907e-17
348.35441441441446 	 2.9854125256581845e-08 	 3.5225874701494816e-17
348.8548948948949 	 2.98112953947356e-08 	 3.502416378363073e-17
349.3553753753754 	 2.9768588247530914e-08 	 3.482389460111003e-17
349.8558558558559 	 2.9726003288325626e-08 	 3.462505480577052e-17
350.35633633633637 	 2.968353999348679e-08 	 3.442763217266007e-17
350.85681681681683 	 2.9641197842369184e-08 	 3.42316145986336e-17
351.35729729729735 	 2.959897631729406e-08 	 3.403699010096792e-17
351.8577777777778 	 2.9556874903528047e-08 	 3.384374681599452e-17
352.3582582582583 	 2.9514893089262253e-08 	 3.365187299774959e-17
352.8587387387388 	 2.947303036559146e-08 	 3.34613570166411e-17
353.35921921921926 	 2.943128622649363e-08 	 3.327218735813331e-17
353.8596996996997 	 2.938966016880949e-08 	 3.3084352621447483e-17
354.36018018018024 	 2.934815169222228e-08 	 3.289784151827931e-17
354.8606606606607 	 2.9306760299237803e-08 	 3.271264287153271e-17
355.36114114114116 	 2.926548549516444e-08 	 3.252874561406933e-17
355.8616216216217 	 2.92243267880935e-08 	 3.234613878747404e-17
356.36210210210214 	 2.9183283688879675e-08 	 3.216481154083605e-17
356.8625825825826 	 2.9142355711121658e-08 	 3.1984753129545224e-17
357.36306306306307 	 2.9101542371142925e-08 	 3.1805952914103597e-17
357.8635435435436 	 2.906084318797267e-08 	 3.162840035895185e-17
358.36402402402405 	 2.9020257683326963e-08 	 3.145208503131059e-17
358.8645045045045 	 2.8979785381589924e-08 	 3.1276996600035726e-17
359.364984984985 	 2.893942580979523e-08 	 3.1103124834488854e-17
359.8654654654655 	 2.8899178497607657e-08 	 3.0930459603421135e-17
360.36594594594595 	 2.8859042977304792e-08 	 3.075899087387132e-17
360.8664264264265 	 2.8819018783758948e-08 	 3.058870871007765e-17
361.36690690690693 	 2.8779105454419173e-08 	 3.0419603272403036e-17
361.8673873873874 	 2.873930252929344e-08 	 3.025166481627372e-17
362.3678678678679 	 2.869960955093096e-08 	 3.008488369113115e-17
362.8683483483484 	 2.8660026064404708e-08 	 2.9919250339396725e-17
363.36882882882884 	 2.8620551617293962e-08 	 2.975475529544933e-17
363.86930930930936 	 2.8581185759667142e-08 	 2.959138918461571e-17
364.3697897897898 	 2.8541928044064677e-08 	 2.94291427221731e-17
364.8702702702703 	 2.850277802548204e-08 	 2.926800671236407e-17
365.3707507507508 	 2.8463735261352963e-08 	 2.910797204742382e-17
365.87123123123126 	 2.8424799311532772e-08 	 2.894902970661916e-17
366.3717117117117 	 2.8385969738281792e-08 	 2.879117075529926e-17
366.87219219219224 	 2.8347246106248985e-08 	 2.86343863439582e-17
367.3726726726727 	 2.830862798245567e-08 	 2.847866770730888e-17
367.87315315315317 	 2.827011493627939e-08 	 2.83240061633683e-17
368.3736336336337 	 2.8231706539437882e-08 	 2.8170393112553895e-17
368.87411411411415 	 2.819340236597325e-08 	 2.801782003679113e-17
369.3745945945946 	 2.815520199223615e-08 	 2.786627849863153e-17
369.87507507507513 	 2.8117104996870243e-08 	 2.7715760140381958e-17
370.3755555555556 	 2.8079110960796653e-08 	 2.7566256683244045e-17
370.87603603603606 	 2.8041219467198618e-08 	 2.7417759926464118e-17
371.3765165165166 	 2.8003430101506245e-08 	 2.7270261746493726e-17
371.87699699699704 	 2.7965742451381393e-08 	 2.712375409615986e-17
372.3774774774775 	 2.792815610670268e-08 	 2.6978229003845524e-17
372.877957957958 	 2.789067065955057e-08 	 2.6833678572680012e-17
373.3784384384385 	 2.7853285704192692e-08 	 2.669009497973909e-17
373.87891891891894 	 2.781600083706913e-08 	 2.6547470475254618e-17
374.37939939939946 	 2.777881565677792e-08 	 2.6405797381833704e-17
374.8798798798799 	 2.774172976406066e-08 	 2.6265068093687384e-17
375.3803603603604 	 2.7704742761788232e-08 	 2.6125275075868355e-17
375.88084084084085 	 2.7667854254946567e-08 	 2.5986410863517774e-17
376.38132132132137 	 2.7631063850622648e-08 	 2.5848468061121346e-17
376.8818018018018 	 2.759437115799055e-08 	 2.5711439341774047e-17
377.3822822822823 	 2.755777578829755e-08 	 2.557531744645359e-17
377.8827627627628 	 2.752127735485046e-08 	 2.5440095183302646e-17
378.38324324324327 	 2.748487547300196e-08 	 2.5305765426919566e-17
378.88372372372373 	 2.744856976013712e-08 	 2.5172321117657486e-17
379.38420420420425 	 2.7412359835659974e-08 	 2.5039755260931775e-17
379.8846846846847 	 2.737624532098023e-08 	 2.4908060926535645e-17
380.3851651651652 	 2.734022583950007e-08 	 2.4777231247963878e-17
380.8856456456457 	 2.7304301016601053e-08 	 2.464725942174445e-17
381.38612612612616 	 2.7268470479631146e-08 	 2.4518138706778192e-17
381.8866066066066 	 2.7232733857891828e-08 	 2.4389862423686114e-17
382.38708708708714 	 2.7197090782625284e-08 	 2.4262423954164342e-17
382.8875675675676 	 2.71615408870018e-08 	 2.413581674034691e-17
383.38804804804806 	 2.712608380610706e-08 	 2.401003428417555e-17
383.8885285285286 	 2.7090719176929748e-08 	 2.3885070146777314e-17
384.38900900900904 	 2.7055446638349142e-08 	 2.3760917947849307e-17
384.8894894894895 	 2.7020265831122798e-08 	 2.3637571365050482e-17
385.38996996997 	 2.698517639787438e-08 	 2.351502413340076e-17
385.8904504504505 	 2.6950177983081543e-08 	 2.3393270044686924e-17
386.39093093093095 	 2.6915270233063944e-08 	 2.327230294687567e-17
386.89141141141147 	 2.688045279597128e-08 	 2.315211674353314e-17
387.39189189189193 	 2.6845725321771554e-08 	 2.303270539325167e-17
387.8923723723724 	 2.681108746223925e-08 	 2.2914062909082636e-17
388.3928528528529 	 2.6776538870943748e-08 	 2.27961833579763e-17
388.8933333333334 	 2.6742079203237778e-08 	 2.267906086022793e-17
389.39381381381384 	 2.670770811624593e-08 	 2.2562689588930323e-17
389.89429429429435 	 2.6673425268853283e-08 	 2.2447063769432635e-17
390.3947747747748 	 2.6639230321694175e-08 	 2.2332177678805653e-17
390.8952552552553 	 2.660512293714093e-08 	 2.2218025645312812e-17
391.3957357357358 	 2.6571102779292777e-08 	 2.210460204788763e-17
391.89621621621626 	 2.6537169513964844e-08 	 2.199190131561703e-17
392.3966966966967 	 2.6503322808677197e-08 	 2.1879917927230596e-17
392.89717717717724 	 2.6469562332643957e-08 	 2.176864641059552e-17
393.3976576576577 	 2.6435887756762578e-08 	 2.165808134221767e-17
393.89813813813817 	 2.6402298753603108e-08 	 2.154821734674792e-17
394.3986186186186 	 2.636879499739759e-08 	 2.1439049096494452e-17
394.89909909909915 	 2.6335376164029533e-08 	 2.133057131094043e-17
395.3995795795796 	 2.6302041931023463e-08 	 2.1222778756267264e-17
395.90006006006007 	 2.626879197753454e-08 	 2.111566624488316e-17
396.4005405405406 	 2.6235625984338292e-08 	 2.100922863495718e-17
396.90102102102105 	 2.6202543633820345e-08 	 2.090346082995837e-17
397.4015015015015 	 2.6169544609966344e-08 	 2.0798357778200362e-17
397.90198198198203 	 2.6136628598351838e-08 	 2.0693914472390812e-17
398.4024624624625 	 2.6103795286132356e-08 	 2.0590125949186328e-17
398.90294294294296 	 2.6071044362033422e-08 	 2.0486987288751935e-17
399.4034234234235 	 2.603837551634076e-08 	 2.0384493614325843e-17
399.90390390390394 	 2.600578844089055e-08 	 2.028264009178908e-17
400.4043843843844 	 2.59732828290597e-08 	 2.018142192923979e-17
400.9048648648649 	 2.5940858375756228e-08 	 2.0080834376572386e-17
401.4053453453454 	 2.5908514777409762e-08 	 1.9980872725061548e-17
401.90582582582584 	 2.587625173196202e-08 	 1.9881532306950635e-17
402.40630630630636 	 2.5844068938857408e-08 	 1.9782808495044815e-17
402.9067867867868 	 2.5811966099033728e-08 	 1.9684696702308865e-17
403.4072672672673 	 2.5779942914912872e-08 	 1.9587192381469204e-17
403.9077477477478 	 2.574799909039165e-08 	 1.9490291024620517e-17
404.40822822822827 	 2.5716134330832663e-08 	 1.9393988162836742e-17
404.90870870870873 	 2.5684348343055218e-08 	 1.9298279365786267e-17
405.40918918918925 	 2.5652640835326372e-08 	 1.920316024135158e-17
405.9096696696697 	 2.5621011517351993e-08 	 1.9108626435252963e-17
406.4101501501502 	 2.5589460100267892e-08 	 1.90146736306764e-17
406.9106306306307 	 2.5557986296631033e-08 	 1.8921297547905635e-17
407.41111111111115 	 2.552658982041082e-08 	 1.882849394395832e-17
407.9115915915916 	 2.5495270386980403e-08 	 1.8736258612225978e-17
408.41207207207214 	 2.546402771310811e-08 	 1.8644587382118203e-17
408.9125525525526 	 2.543286151694888e-08 	 1.8553476118710586e-17
409.41303303303306 	 2.5401771518035803e-08 	 1.8462920722396545e-17
409.9135135135136 	 2.5370757437271704e-08 	 1.837291712854301e-17
410.41399399399404 	 2.5339818996920806e-08 	 1.8283461307149873e-17
410.9144744744745 	 2.5308955920600393e-08 	 1.8194549262513094e-17
411.414954954955 	 2.5278167933272637e-08 	 1.8106177032891605e-17
411.9154354354355 	 2.5247454761236398e-08 	 1.8018340690177775e-17
412.41591591591595 	 2.5216816132119118e-08 	 1.7931036339571474e-17
412.9163963963964 	 2.518625177486876e-08 	 1.7844260119257654e-17
413.4168768768769 	 2.5155761419745827e-08 	 1.7758008200087543e-17
413.9173573573574 	 2.5125344798315436e-08 	 1.7672276785263232e-17
414.41783783783785 	 2.5095001643439418e-08 	 1.7587062110025624e-17
414.91831831831837 	 2.50647316892685e-08 	 1.7502360441345873e-17
415.41879879879883 	 2.5034534671234577e-08 	 1.7418168077620153e-17
415.9192792792793 	 2.5004410326042945e-08 	 1.73344813483676e-17
416.4197597597598 	 2.4974358391664687e-08 	 1.7251296613931667e-17
416.9202402402403 	 2.4944378607329085e-08 	 1.7168610265184663e-17
417.42072072072074 	 2.4914470713516032e-08 	 1.7086418723235384e-17
417.92120120120126 	 2.4884634451948587e-08 	 1.7004718439139986e-17
418.4216816816817 	 2.485486956558554e-08 	 1.6923505893615976e-17
418.9221621621622 	 2.482517579861398e-08 	 1.6842777596759163e-17
419.4226426426427 	 2.4795552896442032e-08 	 1.6762530087763735e-17
419.92312312312316 	 2.4766000605691544e-08 	 1.668275993464538e-17
420.4236036036036 	 2.4736518674190845e-08 	 1.6603463733967148e-17
420.92408408408414 	 2.4707106850967635e-08 	 1.6524638110568562e-17
421.4245645645646 	 2.4677764886241793e-08 	 1.6446279717297325e-17
421.92504504504507 	 2.4648492531418368e-08 	 1.6368385234744082e-17
422.4255255255256 	 2.461928953908049e-08 	 1.6290951370979866e-17
422.92600600600605 	 2.4590155662982475e-08 	 1.621397486129649e-17
423.4264864864865 	 2.456109065804285e-08 	 1.6137452467949544e-17
423.92696696696703 	 2.4532094280337486e-08 	 1.6061380979904174e-17
424.4274474474475 	 2.4503166287092812e-08 	 1.5985757212583634e-17
424.92792792792795 	 2.4474306436678988e-08 	 1.591057800762035e-17
425.4284084084085 	 2.4445514488603207e-08 	 1.5835840232609716e-17
425.92888888888893 	 2.4416790203503023e-08 	 1.576154078086651e-17
426.4293693693694 	 2.4388133343139697e-08 	 1.5687676571183788e-17
426.9298498498499 	 2.435954367039161e-08 	 1.5614244547594338e-17
427.4303303303304 	 2.4331020949247743e-08 	 1.5541241679134746e-17
427.93081081081084 	 2.4302564944801165e-08 	 1.5468664959611796e-17
428.43129129129136 	 2.427417542324259e-08 	 1.539651140737142e-17
428.9317717717718 	 2.4245852151853972e-08 	 1.532477806507004e-17
429.4322522522523 	 2.4217594899002153e-08 	 1.5253461999448287e-17
429.9327327327328 	 2.418940343413253e-08 	 1.5182560301107116e-17
430.43321321321326 	 2.416127752776282e-08 	 1.511207008428627e-17
430.9336936936937 	 2.413321695147678e-08 	 1.504198848664495e-17
431.4341741741742 	 2.4105221477918072e-08 	 1.497231266904496e-17
431.9346546546547 	 2.4077290880784108e-08 	 1.490303981533593e-17
432.43513513513517 	 2.4049424934819943e-08 	 1.4834167132142882e-17
432.93561561561563 	 2.402162341581222e-08 	 1.476569184865594e-17
433.43609609609615 	 2.3993886100583164e-08 	 1.4697611216422246e-17
433.9365765765766 	 2.3966212766984624e-08 	 1.4629922509140092e-17
434.4370570570571 	 2.39386031938921e-08 	 1.4562623022455033e-17
434.9375375375376 	 2.3911057161198893e-08 	 1.4495710073758242e-17
435.43801801801806 	 2.388357444981025e-08 	 1.4429181001986942e-17
435.9384984984985 	 2.385615484163753e-08 	 1.43630331674268e-17
436.43897897897904 	 2.3828798119592466e-08 	 1.4297263951516425e-17
436.9394594594595 	 2.3801504067581418e-08 	 1.423187075665393e-17
437.43993993993996 	 2.3774272470499686e-08 	 1.416685100600531e-17
437.9404204204205 	 2.374710311422586e-08 	 1.4102202143315e-17
438.44090090090094 	 2.3719995785616224e-08 	 1.4037921632718232e-17
438.9413813813814 	 2.369295027249914e-08 	 1.3974006958555363e-17
439.4418618618619 	 2.3665966363669563e-08 	 1.3910455625188062e-17
439.9423423423424 	 2.3639043848883507e-08 	 1.3847265156817484e-17
440.44282282282285 	 2.36121825188526e-08 	 1.3784433097304165e-17
440.94330330330337 	 2.3585382165238656e-08 	 1.3721957009989826e-17
441.44378378378383 	 2.35586425806483e-08 	 1.3659834477521008e-17
441.9442642642643 	 2.3531963558627596e-08 	 1.3598063101674453e-17
442.4447447447448 	 2.350534489365675e-08 	 1.353664050318426e-17
442.9452252252253 	 2.3478786381144838e-08 	 1.347556432157089e-17
443.44570570570573 	 2.345228781742454e-08 	 1.3414832214971746e-17
443.94618618618625 	 2.342584899974696e-08 	 1.3354441859973602e-17
444.4466666666667 	 2.3399469726276457e-08 	 1.32943909514467e-17
444.9471471471472 	 2.3373149796085462e-08 	 1.3234677202380435e-17
445.4476276276277 	 2.3346889009149433e-08 	 1.317529834372083e-17
445.94810810810816 	 2.332068716634177e-08 	 1.3116252124209584e-17
446.4485885885886 	 2.3294544069428767e-08 	 1.3057536310224706e-17
446.94906906906914 	 2.326845952106462e-08 	 1.299914868562282e-17
447.4495495495496 	 2.324243332478648e-08 	 1.2941087051583027e-17
447.95003003003006 	 2.3216465285009488e-08 	 1.2883349226452324e-17
448.4505105105105 	 2.3190555207021903e-08 	 1.2825933045592582e-17
448.95099099099104 	 2.316470289698022e-08 	 1.276883636122907e-17
449.4514714714715 	 2.3138908161904346e-08 	 1.2712057042300463e-17
449.95195195195197 	 2.3113170809672793e-08 	 1.2655592974310391e-17
450.4524324324325 	 2.3087490649017897e-08 	 1.2599442059180413e-17
450.95291291291295 	 2.3061867489521108e-08 	 1.2543602215104537e-17
451.4533933933934 	 2.303630114160826e-08 	 1.2488071376405114e-17
451.95387387387393 	 2.301079141654489e-08 	 1.2432847493390162e-17
452.4543543543544 	 2.2985338126431634e-08 	 1.2377928532212243e-17
452.95483483483486 	 2.2959941084199558e-08 	 1.2323312474728512e-17
453.4553153153154 	 2.293460010360562e-08 	 1.2268997318362383e-17
453.95579579579584 	 2.2909314999228093e-08 	 1.2214981075966404e-17
454.4562762762763 	 2.2884085586462054e-08 	 1.2161261775686573e-17
454.9567567567568 	 2.2858911681514875e-08 	 1.2107837460827954e-17
455.4572372372373 	 2.28337931014018e-08 	 1.2054706189721674e-17
455.95771771771774 	 2.280872966394145e-08 	 1.2001866035593133e-17
456.45819819819826 	 2.2783721187751475e-08 	 1.1949315086431621e-17
456.9586786786787 	 2.2758767492244145e-08 	 1.1897051444861155e-17
457.4591591591592 	 2.273386839762202e-08 	 1.18450732280126e-17
457.9596396396397 	 2.2709023724873616e-08 	 1.1793378567397044e-17
458.46012012012017 	 2.2684233295769143e-08 	 1.174196560878044e-17
458.9606006006006 	 2.2659496932856202e-08 	 1.1690832512059406e-17
459.46108108108115 	 2.2634814459455586e-08 	 1.163997745113834e-17
459.9615615615616 	 2.261018569965706e-08 	 1.1589398613807646e-17
460.46204204204207 	 2.258561047831518e-08 	 1.1539094201623227e-17
460.9625225225226 	 2.2561088621045147e-08 	 1.1489062429787064e-17
461.46300300300305 	 2.2536619954218676e-08 	 1.1439301527029074e-17
461.9634834834835 	 2.2512204304959905e-08 	 1.1389809735489982e-17
462.46396396396403 	 2.2487841501141314e-08 	 1.1340585310605463e-17
462.9644444444445 	 2.2463531371379694e-08 	 1.129162652099133e-17
463.46492492492496 	 2.243927374503212e-08 	 1.1242931648329829e-17
463.9654054054055 	 2.2415068452191945e-08 	 1.1194498987257107e-17
464.46588588588594 	 2.2390915323684867e-08 	 1.1146326845251709e-17
464.9663663663664 	 2.2366814191064955e-08 	 1.1098413542524151e-17
465.4668468468469 	 2.234276488661074e-08 	 1.10507574119076e-17
465.9673273273274 	 2.231876724332135e-08 	 1.1003356798749594e-17
466.46780780780784 	 2.22948210949126e-08 	 1.0956210060804775e-17
466.9682882882883 	 2.2270926275813195e-08 	 1.0909315568128703e-17
467.4687687687688 	 2.224708262116088e-08 	 1.0862671702972647e-17
467.9692492492493 	 2.2223289966798677e-08 	 1.0816276859679455e-17
468.46972972972975 	 2.2199548149271093e-08 	 1.0770129444580295e-17
468.97021021021027 	 2.2175857005820387e-08 	 1.0724227875892545e-17
469.47069069069073 	 2.215221637438286e-08 	 1.0678570583618562e-17
469.9711711711712 	 2.212862609358515e-08 	 1.0633156009445421e-17
470.4716516516517 	 2.2105086002740545e-08 	 1.058798260664565e-17
470.9721321321322 	 2.208159594184537e-08 	 1.0543048839978904e-17
471.47261261261264 	 2.2058155751575333e-08 	 1.0498353185594551e-17
471.97309309309315 	 2.2034765273281935e-08 	 1.0453894130935219e-17
472.4735735735736 	 2.2011424348988887e-08 	 1.0409670174641243e-17
472.9740540540541 	 2.1988132821388555e-08 	 1.0365679826456022e-17
473.4745345345346 	 2.1964890533838422e-08 	 1.0321921607132264e-17
473.97501501501506 	 2.194169733035758e-08 	 1.0278394048339164e-17
474.4754954954955 	 2.1918553055623253e-08 	 1.0235095692570415e-17
474.97597597597604 	 2.1895457554967297e-08 	 1.0192025093053086e-17
475.4764564564565 	 2.18724106743728e-08 	 1.0149180813657431e-17
475.97693693693697 	 2.1849412260470597e-08 	 1.0106561428807437e-17
476.4774174174175 	 2.182646216053594e-08 	 1.006416552339235e-17
476.97789789789795 	 2.1803560222485065e-08 	 1.0021991692678906e-17
477.4783783783784 	 2.1780706294871853e-08 	 9.980038542224492e-18
477.9788588588589 	 2.175790022688448e-08 	 9.938304687791052e-18
478.4793393393394 	 2.1735141868342117e-08 	 9.896788755259841e-18
478.97981981981985 	 2.1712431069691622e-08 	 9.855489380546986e-18
479.48030030030037 	 2.168976768200426e-08 	 9.81440520951978e-18
479.98078078078083 	 2.1667151556972457e-08 	 9.773534897913844e-18
480.4812612612613 	 2.164458254690657e-08 	 9.732877111251016e-18
480.9817417417418 	 2.1622060504731643e-08 	 9.692430524757975e-18
481.4822222222223 	 2.1599585283984258e-08 	 9.652193823285731e-18
481.98270270270274 	 2.1577156738809316e-08 	 9.612165701229748e-18
482.48318318318326 	 2.155477472395691e-08 	 9.572344862450873e-18
482.9836636636637 	 2.153243909477918e-08 	 9.532730020197013e-18
483.4841441441442 	 2.1510149707227188e-08 	 9.49331989702549e-18
483.9846246246247 	 2.148790641784784e-08 	 9.454113224726175e-18
484.48510510510516 	 2.1465709083780798e-08 	 9.415108744245281e-18
484.9855855855856 	 2.1443557562755423e-08 	 9.376305205609923e-18
485.4860660660661 	 2.1421451713087725e-08 	 9.33770136785329e-18
485.9865465465466 	 2.139939139367736e-08 	 9.299295998940614e-18
486.48702702702707 	 2.1377376464004626e-08 	 9.261087875695763e-18
486.98750750750753 	 2.135540678412747e-08 	 9.223075783728487e-18
487.48798798798805 	 2.1333482214678503e-08 	 9.185258517362387e-18
487.9884684684685 	 2.1311602616862118e-08 	 9.147634879563561e-18
488.488948948949 	 2.1289767852451492e-08 	 9.110203681869843e-18
488.9894294294295 	 2.1267977783785697e-08 	 9.07296374432069e-18
489.48990990990995 	 2.1246232273766837e-08 	 9.03591389538785e-18
489.9903903903904 	 2.122453118585713e-08 	 8.999052971906461e-18
490.49087087087094 	 2.1202874384076066e-08 	 8.96237981900694e-18
490.9913513513514 	 2.1181261732997583e-08 	 8.925893290047442e-18
491.49183183183186 	 2.1159693097747222e-08 	 8.889592246546922e-18
491.9923123123124 	 2.1138168343999324e-08 	 8.853475558118799e-18
492.49279279279284 	 2.111668733797426e-08 	 8.817542102405323e-18
492.9932732732733 	 2.1095249946435643e-08 	 8.781790765012399e-18
493.4937537537538 	 2.1073856036687562e-08 	 8.746220439445088e-18
493.9942342342343 	 2.1052505476571885e-08 	 8.71083002704372e-18
494.49471471471475 	 2.1031198134465486e-08 	 8.675618436920502e-18
494.99519519519527 	 2.100993387927758e-08 	 8.64058458589676e-18
495.4956756756757 	 2.0988712580447017e-08 	 8.605727398440778e-18
495.9961561561562 	 2.096753410793962e-08 	 8.57104580660611e-18
496.4966366366367 	 2.094639833224551e-08 	 8.536538749970538e-18
496.99711711711717 	 2.092530512437648e-08 	 8.502205175575522e-18
497.49759759759763 	 2.0904254355863388e-08 	 8.46804403786626e-18
497.99807807807815 	 2.08832458987535e-08 	 8.434054298632204e-18
498.4985585585586 	 2.0862279625607955e-08 	 8.400234926948215e-18
498.9990390390391 	 2.0841355409499142e-08 	 8.366584899116144e-18
499.4995195195196 	 2.0820473124008167e-08 	 8.333103198607023e-18
500.0 	 2.0799632643222304e-08 	 8.299788816003744e-18
