3.5233633633633636 	 2.8403360596709053e-06 	 7.695397010281434e-10
4.023843843843844 	 2.8608095636580623e-06 	 4.3206891373542615e-10
4.524324324324325 	 2.8823850829736877e-06 	 2.555163380098572e-10
5.0248048048048055 	 2.903611708501487e-06 	 1.5669369191345094e-10
5.525285285285285 	 2.9219891650281716e-06 	 9.836435285049557e-11
6.025765765765766 	 2.933140143481078e-06 	 6.244314577401563e-11
6.526246246246247 	 2.9294111297784532e-06 	 3.955021744775183e-11
7.026726726726727 	 2.8969503097140975e-06 	 2.456089129452142e-11
7.527207207207208 	 2.8101280373057594e-06 	 1.4556830771736604e-11
8.027687687687688 	 2.6198623087468994e-06 	 7.834427086458162e-12
8.528168168168168 	 2.2282706626242108e-06 	 3.4130436777109733e-12
9.02864864864865 	 1.431048311327204e-06 	 8.110301000092289e-13
9.52912912912913 	 2.1758774180107928e-07 	 1.275757024933093e-14
10.029609609609611 	 3.7143230128127957e-06 	 1.6516655806706356e-12
10.530090090090091 	 1.1145502453205332e-05 	 7.387824870434787e-12
11.030570570570571 	 2.5323499979400246e-05 	 1.934468513345128e-11
11.531051051051053 	 4.345343350919224e-05 	 3.414141846901945e-11
12.031531531531533 	 5.246447272574258e-05 	 3.9840383583564674e-11
12.532012012012013 	 5.063076829128405e-05 	 3.6051230010442994e-11
13.032492492492494 	 4.656612776632263e-05 	 3.115196335746468e-11
13.532972972972974 	 4.2491791739700646e-05 	 2.713101705464717e-11
14.033453453453454 	 3.8419862661819e-05 	 2.276470669423254e-11
14.533933933933936 	 3.671971866777797e-05 	 2.052991389666552e-11
15.034414414414416 	 3.592464570123242e-05 	 1.9829392437241315e-11
15.534894894894897 	 3.449020717806352e-05 	 1.9567828788966713e-11
16.035375375375377 	 3.124423587942627e-05 	 1.8798281984865143e-11
16.535855855855857 	 2.6055597807064146e-05 	 1.6759170972670145e-11
17.036336336336337 	 2.0925852577023853e-05 	 1.3938064418102463e-11
17.53681681681682 	 1.721452689158521e-05 	 1.1501093054660806e-11
18.0372972972973 	 1.443327203110971e-05 	 9.618531055794781e-12
18.53777777777778 	 1.217047423862262e-05 	 8.095746530483519e-12
19.03825825825826 	 1.0323400636452329e-05 	 6.828107059956354e-12
19.53873873873874 	 8.858042305369012e-06 	 5.7698528676877e-12
20.039219219219223 	 7.739241375610256e-06 	 4.8912499610437996e-12
20.539699699699703 	 6.927632179365494e-06 	 4.1675202922931915e-12
21.040180180180183 	 6.382708087885634e-06 	 3.577323635599421e-12
21.540660660660663 	 6.060940623876698e-06 	 3.1023892426669183e-12
22.041141141141143 	 5.9111986356782604e-06 	 2.726356691919007e-12
22.541621621621623 	 5.872173224994485e-06 	 2.4329687684120327e-12
23.042102102102106 	 5.876992796414054e-06 	 2.2050134417078444e-12
23.542582582582586 	 5.8655526123853185e-06 	 2.024821759933077e-12
24.043063063063066 	 5.79762010403386e-06 	 1.876272667448668e-12
24.543543543543546 	 5.658559446761949e-06 	 1.7469002849827922e-12
25.044024024024026 	 5.454832005282127e-06 	 1.628735141449109e-12
25.54450450450451 	 5.204265712596795e-06 	 1.5177231786085235e-12
26.04498498498499 	 4.927122355477754e-06 	 1.4123521873016059e-12
26.54546546546547 	 4.640625517681773e-06 	 1.312429388321765e-12
27.04594594594595 	 4.357329946347998e-06 	 1.2182162219810178e-12
27.54642642642643 	 4.0852717306892725e-06 	 1.1299998180586565e-12
28.04690690690691 	 3.828930408023464e-06 	 1.047905629817199e-12
28.547387387387392 	 3.59035824863394e-06 	 9.718905018766475e-13
29.047867867867872 	 3.3700169745146385e-06 	 9.017660397617923e-13
29.548348348348352 	 3.1673849067713358e-06 	 8.37238957150797e-13
30.04882882882883 	 2.9814936500101028e-06 	 7.77956824752473e-13
30.54930930930931 	 2.811095986892153e-06 	 7.235413764839991e-13
31.049789789789795 	 2.6548769970497895e-06 	 6.736085308618906e-13
31.550270270270275 	 2.5115321637905823e-06 	 6.277822211587615e-13
32.05075075075076 	 2.3798411641191084e-06 	 5.857075053752124e-13
32.55123123123124 	 2.258651938775955e-06 	 5.470503199851553e-13
33.05171171171172 	 2.1469307741702394e-06 	 5.115041193651776e-13
33.5521921921922 	 2.043757481674514e-06 	 4.787872956759047e-13
34.05267267267268 	 1.9482878641168622e-06 	 4.486436823774783e-13
34.55315315315316 	 1.8597812118970643e-06 	 4.208402865221004e-13
35.053633633633645 	 1.7775766558857968e-06 	 3.95167436128994e-13
35.55411411411412 	 1.7010654445639013e-06 	 3.714342030049026e-13
36.054594594594604 	 1.6297479386864775e-06 	 3.494697637501749e-13
36.55507507507508 	 1.5631420218888577e-06 	 3.291190086982455e-13
37.055555555555564 	 1.5008244015294057e-06 	 3.1024171925811955e-13
37.55603603603605 	 1.4424365010065093e-06 	 2.927125194342062e-13
38.056516516516524 	 1.387644293443111e-06 	 2.7641674074277265e-13
38.55699699699701 	 1.3361364453690006e-06 	 2.612517030566549e-13
39.057477477477484 	 1.2876557346439597e-06 	 2.471238853946383e-13
39.55795795795797 	 1.2419642649541865e-06 	 2.339489759401963e-13
40.05843843843845 	 1.1988331121466342e-06 	 2.216504262179024e-13
40.55891891891893 	 1.1580666550140068e-06 	 2.101587107647595e-13
41.05939939939941 	 1.1194964386762544e-06 	 1.9941084008695154e-13
41.55987987987989 	 1.0829576297701895e-06 	 1.8934900553177837e-13
42.06036036036037 	 1.0483007432668474e-06 	 1.7992100145035124e-13
42.56084084084085 	 1.0153947979713659e-06 	 1.710792036751683e-13
43.06132132132133 	 9.841206452170086e-07 	 1.6277992491567927e-13
43.56180180180181 	 9.54364411203469e-07 	 1.5498340066161197e-13
44.06228228228229 	 9.260291131843691e-07 	 1.476531046935225e-13
44.56276276276277 	 8.990161774067492e-07 	 1.4075586445075263e-13
45.06324324324325 	 8.732498749951516e-07 	 1.342607219395476e-13
45.56372372372373 	 8.486408305608839e-07 	 1.2813998869307946e-13
46.064204204204216 	 8.251247853948091e-07 	 1.2236755552755766e-13
46.56468468468469 	 8.026326496531518e-07 	 1.169198546370909e-13
47.065165165165176 	 7.811036987807762e-07 	 1.1177492287306325e-13
47.56564564564565 	 7.604813822207016e-07 	 1.0691264135635883e-13
48.066126126126136 	 7.407134985687649e-07 	 1.0231439413696799e-13
48.56660660660662 	 7.217476088545668e-07 	 9.796314865912124e-14
49.067087087087096 	 7.035455248220735e-07 	 9.384283194846199e-14
49.56756756756758 	 6.860614059654855e-07 	 8.993882778976882e-14
50.068048048048055 	 6.692565197372023e-07 	 8.623754985575829e-14
50.56852852852854 	 6.530990085497822e-07 	 8.27262911926136e-14
51.06900900900902 	 6.375467328594272e-07 	 7.939355826906881e-14
51.5694894894895 	 6.225748971455289e-07 	 7.62283365319544e-14
52.06996996996998 	 6.081500495430958e-07 	 7.32206487399239e-14
52.57045045045046 	 5.942486719997524e-07 	 7.036095344025877e-14
53.07093093093094 	 5.808404246186067e-07 	 6.764070448335505e-14
53.571411411411425 	 5.679051898985633e-07 	 6.505163085559538e-14
54.0718918918919 	 5.554154558685122e-07 	 6.258628002348541e-14
54.572372372372385 	 5.433564742912832e-07 	 6.023738823348832e-14
55.07285285285286 	 5.317018332614106e-07 	 5.799856997796725e-14
55.573333333333345 	 5.204378701760819e-07 	 5.5863477282340885e-14
56.07381381381382 	 5.095426603872597e-07 	 5.3826490712775994e-14
56.574294294294305 	 4.990034438789251e-07 	 5.188212120705802e-14
57.07477477477479 	 4.888034302302485e-07 	 5.002531183975144e-14
57.575255255255264 	 4.789241157467522e-07 	 4.825147833316148e-14
58.07573573573575 	 4.6935525171435354e-07 	 4.65560470757846e-14
58.576216216216224 	 4.6008177083363505e-07 	 4.493495973410238e-14
59.07669669669671 	 4.510926395755885e-07 	 4.338422489249652e-14
59.57717717717719 	 4.4237561422457204e-07 	 4.190023454216294e-14
60.07765765765767 	 4.339178863458513e-07 	 4.0479595014580515e-14
60.57813813813815 	 4.257119344563866e-07 	 3.911895548062469e-14
61.07861861861863 	 4.177443784740079e-07 	 3.7815390980907446e-14
61.57909909909911 	 4.1000791743157315e-07 	 3.656598023661436e-14
62.079579579579594 	 4.0249305011445776e-07 	 3.536802192073744e-14
62.58006006006007 	 3.951903419408572e-07 	 3.421902453442552e-14
63.080540540540554 	 3.8809202609297e-07 	 3.311657161030845e-14
63.58102102102103 	 3.8118968235070007e-07 	 3.205839492987631e-14
64.0815015015015 	 3.7447715995119044e-07 	 3.104239062457841e-14
64.58198198198198 	 3.679482248374659e-07 	 3.006647274965188e-14
65.08246246246247 	 3.6159150632659214e-07 	 2.91288844288941e-14
65.58294294294295 	 3.5540588783676287e-07 	 2.8227702398113875e-14
66.08342342342343 	 3.4938344245838947e-07 	 2.736127292583532e-14
66.5839039039039 	 3.4351617739372754e-07 	 2.6528030749944976e-14
67.08438438438439 	 3.378023480959936e-07 	 2.5726392600196127e-14
67.58486486486487 	 3.3223237342832575e-07 	 2.4954992949868588e-14
68.08534534534535 	 3.2680476725277625e-07 	 2.421240573606021e-14
68.58582582582584 	 3.2151458263350766e-07 	 2.3497330748323715e-14
69.08630630630631 	 3.163542160205009e-07 	 2.2808632251360916e-14
69.58678678678679 	 3.11320945175766e-07 	 2.2145083209907425e-14
70.08726726726728 	 3.0641126018363687e-07 	 2.1505576214200212e-14
70.58774774774776 	 3.0162014152899273e-07 	 2.0889105168764778e-14
71.08822822822823 	 2.969439843617048e-07 	 2.0294658659334604e-14
71.58870870870871 	 2.9237923961138644e-07 	 1.9721287517310516e-14
72.0891891891892 	 2.879209710971828e-07 	 1.9168131472950225e-14
72.58966966966968 	 2.8356869702620204e-07 	 1.8634281461559434e-14
73.09015015015015 	 2.7931541328763134e-07 	 1.8118998938948985e-14
73.59063063063064 	 2.7516126501778665e-07 	 1.7621441138891446e-14
74.09111111111112 	 2.711003591719967e-07 	 1.714094576263024e-14
74.5915915915916 	 2.671323262217432e-07 	 1.6676758531420523e-14
75.09207207207209 	 2.632521366734551e-07 	 1.622824542300935e-14
75.59255255255256 	 2.5945843274718216e-07 	 1.5794772015082074e-14
76.09303303303304 	 2.557474829602196e-07 	 1.5375745932377435e-14
76.59351351351351 	 2.5211869486221113e-07 	 1.497055265563965e-14
77.093993993994 	 2.4856941637730723e-07 	 1.4578659917418816e-14
77.59447447447448 	 2.4509536555197634e-07 	 1.4199563965113283e-14
78.09495495495496 	 2.4169532887468e-07 	 1.3832768696194814e-14
78.59543543543545 	 2.3836756654465428e-07 	 1.347777223003743e-14
79.09591591591592 	 2.3510958891347615e-07 	 1.3134123879048464e-14
79.5963963963964 	 2.3192088777156876e-07 	 1.2801389828678141e-14
80.09687687687689 	 2.2879638459536466e-07 	 1.247918118971713e-14
80.59735735735737 	 2.257366482929908e-07 	 1.2167074881757427e-14
81.09783783783784 	 2.2274062387309592e-07 	 1.186467156774152e-14
81.59831831831832 	 2.198039645120165e-07 	 1.1571656604638582e-14
82.09879879879881 	 2.1692647080621205e-07 	 1.1287659927257408e-14
82.59927927927929 	 2.1410665457566915e-07 	 1.1012350294551451e-14
83.09975975975976 	 2.1134228341519849e-07 	 1.0745411117083282e-14
83.60024024024025 	 2.086319292435483e-07 	 1.0486538402070075e-14
84.10072072072073 	 2.059747687298162e-07 	 1.023544201129377e-14
84.6012012012012 	 2.0337007650463196e-07 	 9.991821997147932e-15
85.10168168168168 	 2.0081512141340465e-07 	 9.755432806870453e-15
85.60216216216217 	 1.9830852318668256e-07 	 9.526018745888306e-15
86.10264264264265 	 1.9584953498694233e-07 	 9.303334775408604e-15
86.60312312312313 	 1.9343749895781162e-07 	 9.087126650093745e-15
87.10360360360362 	 1.9107049850611064e-07 	 8.877186906302496e-15
87.60408408408409 	 1.8874677440569208e-07 	 8.673297779732988e-15
88.10456456456457 	 1.8646715693096108e-07 	 8.475238228223228e-15
88.60504504504506 	 1.8422840916137177e-07 	 8.282820151300586e-15
89.10552552552554 	 1.820312952785164e-07 	 8.095841855281585e-15
89.60600600600601 	 1.7987444043245455e-07 	 7.914114218313267e-15
90.10648648648649 	 1.7775564071363435e-07 	 7.737482104736533e-15
90.60696696696698 	 1.7567429372115434e-07 	 7.565768655259745e-15
91.10744744744746 	 1.736315725258193e-07 	 7.39878727155977e-15
91.60792792792793 	 1.716234222777302e-07 	 7.23642020729699e-15
92.10840840840842 	 1.696511062422086e-07 	 7.078478341937013e-15
92.6088888888889 	 1.6771286986130163e-07 	 6.9248412047952595e-15
93.10936936936938 	 1.6580859880630707e-07 	 6.775356285096515e-15
93.60984984984987 	 1.6393769328410106e-07 	 6.629889799706311e-15
94.11033033033034 	 1.6209852374252556e-07 	 6.488315440982635e-15
94.61081081081082 	 1.6029012740158623e-07 	 6.350514339521941e-15
95.1112912912913 	 1.5851279990780115e-07 	 6.216361669382728e-15
95.61177177177179 	 1.5676512626304764e-07 	 6.085738948419249e-15
96.11225225225226 	 1.550468740524463e-07 	 5.958535571053384e-15
96.61273273273274 	 1.5335707906795736e-07 	 5.834647971082935e-15
97.11321321321323 	 1.516955824495904e-07 	 5.713966737941338e-15
97.6136936936937 	 1.5006132130645997e-07 	 5.5963957666242646e-15
98.11417417417418 	 1.4845363882551855e-07 	 5.481842927828913e-15
98.61465465465466 	 1.4687147679949748e-07 	 5.370217395436157e-15
99.11513513513515 	 1.453153246963508e-07 	 5.2614201960322515e-15
99.61561561561562 	 1.4378432990758414e-07 	 5.155367096786929e-15
100.1160960960961 	 1.425377259436217e-07 	 5.052341498260973e-15
100.61657657657659 	 1.418287239879393e-07 	 4.9525649212728145e-15
101.11705705705707 	 1.411267404651459e-07 	 4.8552392860748756e-15
101.61753753753754 	 1.4043167167497225e-07 	 4.760292699495979e-15
102.11801801801803 	 1.3974341595008963e-07 	 4.667655716686722e-15
102.61849849849851 	 1.3906187360653538e-07 	 4.577261246292672e-15
103.11897897897899 	 1.383869468955824e-07 	 4.4890444597395316e-15
103.61945945945946 	 1.3771853995700322e-07 	 4.402942704433037e-15
104.11993993993995 	 1.3705655877368222e-07 	 4.318895420686836e-15
104.62042042042043 	 1.364009111275305e-07 	 4.236844062201269e-15
105.1209009009009 	 1.3575150655665988e-07 	 4.156732019925162e-15
105.6213813813814 	 1.3510825631377483e-07 	 4.078504549141554e-15
106.12186186186187 	 1.3447107332574152e-07 	 4.0021086996263214e-15
106.62234234234235 	 1.3383987215429563e-07 	 3.927493248736495e-15
107.12282282282284 	 1.332145689578515e-07 	 3.8546086372923824e-15
107.62330330330332 	 1.3259508145437717e-07 	 3.783406908124454e-15
108.1237837837838 	 1.3198132888530006e-07 	 3.713841647162494e-15
108.62426426426427 	 1.3137323198041084e-07 	 3.6458679269507416e-15
109.12474474474476 	 1.3077071292373285e-07 	 3.579442252478472e-15
109.62522522522524 	 1.3017369532032652e-07 	 3.514522509221073e-15
110.12570570570571 	 1.2958210416399887e-07 	 3.45106791329182e-15
110.6261861861862 	 1.2899586580588968e-07 	 3.3890389636095156e-15
111.12666666666668 	 1.284149079239064e-07 	 3.3283973959918394e-15
111.62714714714716 	 1.2783915949298133e-07 	 3.2691061390886013e-15
112.12762762762763 	 1.2726855075612528e-07 	 3.211129272073392e-15
112.62810810810812 	 1.2670301319625307e-07 	 3.15443198401595e-15
113.1285885885886 	 1.2614247950875703e-07 	 3.0989805348614437e-15
113.62906906906908 	 1.255868835748049e-07 	 3.044742217946293e-15
114.12954954954957 	 1.250361604353407e-07 	 2.9916853239836714e-15
114.63003003003004 	 1.2449024626576642e-07 	 2.939779106454873e-15
115.13051051051052 	 1.2394907835128443e-07 	 2.8889937483458787e-15
115.63099099099101 	 1.234125950628795e-07 	 2.8393003301712398e-15
116.13147147147149 	 1.228807358339229e-07 	 2.7906707992301987e-15
116.63195195195196 	 1.2235344113737791e-07 	 2.743077940042467e-15
117.13243243243244 	 1.2183065246359025e-07 	 2.696495345913619e-15
117.63291291291293 	 1.2131231229864533e-07 	 2.650897391582323e-15
118.1333933933934 	 1.207983641032757e-07 	 2.6062592069038847e-15
118.63387387387388 	 1.2028875229230223e-07 	 2.5625566515266405e-15
119.13435435435437 	 1.1978342221459366e-07 	 2.5197662905197877e-15
119.63483483483485 	 1.1928232013352904e-07 	 2.4778653709130554e-15
120.13531531531532 	 1.1878539320794877e-07 	 2.43683179911051e-15
120.63579579579581 	 1.182925894735795e-07 	 2.3966441191424296e-15
121.13627627627629 	 1.1780385782491967e-07 	 2.3572814917208413e-15
121.63675675675677 	 1.1731914799757225e-07 	 2.3187236740658653e-15
122.13723723723724 	 1.1683841055101172e-07 	 2.280951000471471e-15
122.63771771771773 	 1.1636159685177327e-07 	 2.2439443635806514e-15
123.13819819819821 	 1.1588865905705163e-07 	 2.2076851963413703e-15
123.63867867867869 	 1.1541955009869851e-07 	 2.1721554546158746e-15
124.13915915915918 	 1.1495422366760695e-07 	 2.1373376004172046e-15
124.63963963963965 	 1.1449263419847208e-07 	 2.1032145857478686e-15
125.14012012012013 	 1.140347368549173e-07 	 2.0697698370167278e-15
125.64060060060062 	 1.135804875149763e-07 	 2.036987240011228e-15
126.1410810810811 	 1.1312984275692032e-07 	 2.0048511254030354e-15
126.64156156156157 	 1.1268275984542179e-07 	 1.9733462547661614e-15
127.14204204204205 	 1.122391967180445e-07 	 1.942457807087486e-15
127.64252252252254 	 1.1179911197205181e-07 	 1.9121713657505197e-15
128.14300300300303 	 1.1136246485152387e-07 	 1.8824729059740045e-15
128.64348348348352 	 1.1092921523477558e-07 	 1.8533487826877744e-15
129.14396396396398 	 1.1049932362206721e-07 	 1.8247857188290277e-15
129.64444444444447 	 1.1007275112359938e-07 	 1.79677079404286e-15
130.14492492492496 	 1.0964945944778547e-07 	 1.7692914337716437e-15
130.64540540540543 	 1.0922941088979322e-07 	 1.7423353987183833e-15
131.14588588588592 	 1.088125683203489e-07 	 1.7158907746699083e-15
131.6463663663664 	 1.0839889517479677e-07 	 1.6899459626662794e-15
132.14684684684687 	 1.0798835544240715e-07 	 1.6644896695033624e-15
132.64732732732736 	 1.0758091365592664e-07 	 1.6395108985560948e-15
133.14780780780782 	 1.0717653488136383e-07 	 1.6149989409104396e-15
133.6482882882883 	 1.0677518470800466e-07 	 1.5909433667925282e-15
134.1487687687688 	 1.0637682923865134e-07 	 1.567334017283998e-15
134.64924924924927 	 1.0598143508007866e-07 	 1.5441609963129014e-15
135.14972972972976 	 1.055889693337027e-07 	 1.521414662910074e-15
135.65021021021025 	 1.0519939958645585e-07 	 1.499085623721208e-15
136.1506906906907 	 1.0481269390186336e-07 	 1.4771647257652874e-15
136.6511711711712 	 1.0442882081131551e-07 	 1.455643049430392e-15
137.1516516516517 	 1.040477493055315e-07 	 1.4345119016983035e-15
137.65213213213215 	 1.0366944882620906e-07 	 1.41376280958958e-15
138.15261261261264 	 1.0329388925785566e-07 	 1.3933875138211984e-15
138.65309309309313 	 1.0292104091979685e-07 	 1.3733779626691237e-15
139.1535735735736 	 1.0255087455835697e-07 	 1.3537263060284655e-15
139.6540540540541 	 1.0218336133920763e-07 	 1.3344248896641768e-15
140.15453453453458 	 1.0181847283988077e-07 	 1.3154662496455572e-15
140.65501501501504 	 1.0145618104244114e-07 	 1.296843106958009e-15
141.15549549549553 	 1.0109645832631452e-07 	 1.278548362285831e-15
141.65597597597602 	 1.0073927746126856e-07 	 1.2605750909600324e-15
142.15645645645648 	 1.0038461160054128e-07 	 1.2429165380653704e-15
142.65693693693697 	 1.0003243427411449e-07 	 1.2255661137010717e-15
143.15741741741743 	 9.96827193821284e-08 	 1.2085173883898992e-15
143.65789789789793 	 9.933544118843362e-08 	 1.191764088630392e-15
144.15837837837842 	 9.899057431427776e-08 	 1.175300092587378e-15
144.65885885885888 	 9.864809373212286e-08 	 1.1591194259159554e-15
145.15933933933937 	 9.830797475959074e-08 	 1.1432162577143995e-15
145.65981981981986 	 9.797019305353339e-08 	 1.1275848966015722e-15
146.16030030030032 	 9.763472460422496e-08 	 1.1122197869145928e-15
146.6607807807808 	 9.730154572967265e-08 	 1.0971155050226898e-15
147.1612612612613 	 9.697063307004394e-08 	 1.0822667557533073e-15
147.66174174174176 	 9.664196358220685e-08 	 1.0676683689266719e-15
148.16222222222225 	 9.631551453438105e-08 	 1.0533152959951776e-15
148.66270270270275 	 9.599126350089693e-08 	 1.0392026067840854e-15
149.1631831831832 	 9.566918835706028e-08 	 1.0253254863301464e-15
149.6636636636637 	 9.53492672741198e-08 	 1.0116792318148874e-15
150.1641441441442 	 9.503147871433548e-08 	 9.982592495894378e-16
150.66462462462465 	 9.471580142614511e-08 	 9.850610522878476e-16
151.16510510510514 	 9.440221443942691e-08 	 9.72080256026e-16
151.6655855855856 	 9.409069706085585e-08 	 9.59312577683303e-16
152.1660660660661 	 9.378122886935174e-08 	 9.467538322644425e-16
152.66654654654658 	 9.347378971161673e-08 	 9.343999303386004e-16
153.16702702702705 	 9.316835969776038e-08 	 9.222468755536063e-16
153.66750750750754 	 9.286491919701016e-08 	 9.102907622225956e-16
154.16798798798803 	 9.256344883350565e-08 	 8.98527772980843e-16
154.6684684684685 	 9.226392948217408e-08 	 8.869541765104941e-16
155.16894894894898 	 9.196634226468607e-08 	 8.755663253310311e-16
155.66942942942947 	 9.167066854548914e-08 	 8.643606536533634e-16
156.16990990990993 	 9.137688992791757e-08 	 8.533336752955101e-16
156.67039039039042 	 9.10849882503767e-08 	 8.424819816579178e-16
157.1708708708709 	 9.07949455826004e-08 	 8.318022397565386e-16
157.67135135135138 	 9.050674422197964e-08 	 8.212911903118164e-16
158.17183183183187 	 9.022036668996053e-08 	 8.109456458918404e-16
158.67231231231236 	 8.993579572851111e-08 	 8.00762489107967e-16
159.17279279279282 	 8.965301429665426e-08 	 7.907386708612525e-16
159.6732732732733 	 8.937200556706605e-08 	 7.808712086381239e-16
160.1737537537538 	 8.909275292273784e-08 	 7.711571848537568e-16
160.67423423423426 	 8.88152399537008e-08 	 7.615937452416721e-16
161.17471471471475 	 8.853945045381122e-08 	 7.5217809728813e-16
161.67519519519522 	 8.826536841759593e-08 	 7.429075087099438e-16
162.1756756756757 	 8.799297803715584e-08 	 7.337793059743716e-16
162.6761561561562 	 8.772226369912666e-08 	 7.247908728598013e-16
163.17663663663666 	 8.745320998169567e-08 	 7.159396490559864e-16
163.67711711711715 	 8.71858016516731e-08 	 7.072231288026217e-16
164.17759759759764 	 8.692002366161712e-08 	 6.98638859565103e-16
164.6780780780781 	 8.665586114701143e-08 	 6.901844407463456e-16
165.1785585585586 	 8.639329942349371e-08 	 6.818575224335596e-16
165.67903903903908 	 8.613232398413485e-08 	 6.73655804178957e-16
166.17951951951954 	 8.587292049676701e-08 	 6.655770338133487e-16
166.68000000000004 	 8.561507480135973e-08 	 6.576190062916573e-16
167.18048048048053 	 8.535877290744359e-08 	 6.497795625694059e-16
167.680960960961 	 8.510400099157958e-08 	 6.420565885092395e-16
168.18144144144148 	 8.48507453948739e-08 	 6.344480138166089e-16
168.68192192192197 	 8.459899262053681e-08 	 6.269518110037464e-16
169.18240240240243 	 8.434872933148513e-08 	 6.195659943811046e-16
169.68288288288292 	 8.409994234798675e-08 	 6.122886190754441e-16
170.18336336336338 	 8.385261864534708e-08 	 6.051177800738024e-16
170.68384384384387 	 8.36067453516359e-08 	 5.980516112925747e-16
171.18432432432436 	 8.336230974545433e-08 	 5.910882846709868e-16
171.68480480480483 	 8.311929925374077e-08 	 5.842260092882462e-16
172.18528528528532 	 8.287770144961488e-08 	 5.77463030503684e-16
172.6857657657658 	 8.263750405025954e-08 	 5.707976291192362e-16
173.18624624624627 	 8.23986949148391e-08 	 5.642281205636057e-16
173.68672672672676 	 8.216126204245369e-08 	 5.577528540974891e-16
174.18720720720725 	 8.192519357012911e-08 	 5.513702120392784e-16
174.6876876876877 	 8.169047777084086e-08 	 5.4507860901062695e-16
175.1881681681682 	 8.145710305157221e-08 	 5.388764912013412e-16
175.6886486486487 	 8.122505795140569e-08 	 5.327623356530349e-16
176.18912912912916 	 8.09943311396466e-08 	 5.26734649561016e-16
176.68960960960965 	 8.076491141397893e-08 	 5.207919695938993e-16
177.19009009009014 	 8.053678769865219e-08 	 5.149328612304398e-16
177.6905705705706 	 8.030994904269905e-08 	 5.091559181131056e-16
178.1910510510511 	 8.008438461818292e-08 	 5.034597614179212e-16
178.69153153153155 	 7.98600837184751e-08 	 4.978430392401338e-16
179.19201201201204 	 7.963703575656063e-08 	 4.923044259952488e-16
179.69249249249253 	 7.941523026337257e-08 	 4.86842621835024e-16
180.192972972973 	 7.919465688615413e-08 	 4.814563520779998e-16
180.6934534534535 	 7.89753053868477e-08 	 4.761443666541621e-16
181.19393393393398 	 7.875716564051099e-08 	 4.709054395633589e-16
181.69441441441444 	 7.854022763375894e-08 	 4.657383683470837e-16
182.19489489489493 	 7.832448146323167e-08 	 4.6064197357326495e-16
182.69537537537542 	 7.81099173340874e-08 	 4.556150983337076e-16
183.19585585585588 	 7.789652555852009e-08 	 4.506566077538372e-16
183.69633633633637 	 7.768429655430136e-08 	 4.457653885144182e-16
184.19681681681686 	 7.747322084334622e-08 	 4.4094034838492154e-16
184.69729729729733 	 7.726328905030198e-08 	 4.3618041576822316e-16
185.19777777777782 	 7.705449190116017e-08 	 4.3148453925633253e-16
185.6982582582583 	 7.684682022189089e-08 	 4.2685168719685615e-16
186.19873873873877 	 7.664026493709915e-08 	 4.222808472699023e-16
186.69921921921926 	 7.643481706870266e-08 	 4.1777102607515465e-16
187.19969969969975 	 7.623046773463137e-08 	 4.133212487288438e-16
187.7001801801802 	 7.602720814754702e-08 	 4.08930558470346e-16
188.2006606606607 	 7.582502961358384e-08 	 4.0459801627816605e-16
188.70114114114116 	 7.562392353110886e-08 	 4.00322700495046e-16
189.20162162162165 	 7.542388138950207e-08 	 3.961037064619654e-16
189.70210210210215 	 7.52248947679558e-08 	 3.91940146160797e-16
190.2025825825826 	 7.502695533429321e-08 	 3.878311478653919e-16
190.7030630630631 	 7.483005484380513e-08 	 3.837758558008727e-16
191.2035435435436 	 7.463418513810547e-08 	 3.797734298109222e-16
191.70402402402405 	 7.443933814400426e-08 	 3.7582304503285887e-16
192.20450450450454 	 7.424550587239853e-08 	 3.719238915802953e-16
192.70498498498503 	 7.405268041718039e-08 	 3.680751742331901e-16
193.2054654654655 	 7.386085395416202e-08 	 3.6427611213509186e-16
193.70594594594598 	 7.367001874001742e-08 	 3.605259384973999e-16
194.20642642642648 	 7.348016711124046e-08 	 3.5682390031045575e-16
194.70690690690694 	 7.329129148311905e-08 	 3.531692580612943e-16
195.20738738738743 	 7.310338434872503e-08 	 3.4956128545788087e-16
195.70786786786792 	 7.291643827791964e-08 	 3.4599926915967103e-16
196.20834834834838 	 7.27304459163741e-08 	 3.4248250851433356e-16
196.70882882882887 	 7.254539998460526e-08 	 3.3901031530047747e-16
197.20930930930933 	 7.236129327702587e-08 	 3.355820134762335e-16
197.70978978978982 	 7.217811866100924e-08 	 3.3219693893354206e-16
198.2102702702703 	 7.199586907596814e-08 	 3.2885443925800266e-16
198.71075075075078 	 7.181453753244765e-08 	 3.2555387349414956e-16
199.21123123123127 	 7.163411711123153e-08 	 3.22294611916009e-16
199.71171171171176 	 7.145460096246214e-08 	 3.190760358028183e-16
200.21219219219222 	 7.127598230477369e-08 	 3.158975372197682e-16
200.7126726726727 	 7.109825442443807e-08 	 3.1275851880364604e-16
201.2131531531532 	 7.092141067452384e-08 	 3.09658393553264e-16
201.71363363363366 	 7.07454444740676e-08 	 3.0659658462454625e-16
202.21411411411415 	 7.05703493072574e-08 	 3.0357252513016364e-16
202.71459459459464 	 7.039611872262876e-08 	 3.005856579436065e-16
203.2150750750751 	 7.022274633227216e-08 	 2.9763543550758173e-16
203.7155555555556 	 7.005022581105232e-08 	 2.9472131964663133e-16
204.2160360360361 	 6.987855089583901e-08 	 2.9184278138386996e-16
204.71651651651655 	 6.970771538474918e-08 	 2.889993007617383e-16
205.21699699699704 	 6.953771313640001e-08 	 2.861903666666775e-16
205.71747747747753 	 6.936853806917301e-08 	 2.8341547665762795e-16
206.217957957958 	 6.920018416048886e-08 	 2.806741367982607e-16
206.71843843843848 	 6.903264544609259e-08 	 2.779658614928504e-16
207.21891891891894 	 6.886591601934938e-08 	 2.752901733257051e-16
207.71939939939944 	 6.869999003055031e-08 	 2.7264660290406183e-16
208.21987987987993 	 6.85348616862283e-08 	 2.700346887043725e-16
208.7203603603604 	 6.837052524848373e-08 	 2.6745397692189227e-16
209.22084084084088 	 6.820697503431985e-08 	 2.649040213234949e-16
209.72132132132137 	 6.804420541498775e-08 	 2.623843831036394e-16
210.22180180180183 	 6.788221081534053e-08 	 2.59894630743411e-16
210.72228228228232 	 6.772098571319669e-08 	 2.5743433987256256e-16
211.2227627627628 	 6.756052463871288e-08 	 2.5500309313449196e-16
211.72324324324327 	 6.740082217376505e-08 	 2.5260048005407677e-16
212.22372372372377 	 6.724187295133873e-08 	 2.5022609690830757e-16
212.72420420420426 	 6.708367165492776e-08 	 2.4787954659964995e-16
213.22468468468472 	 6.692621301794162e-08 	 2.4556043853207206e-16
213.7251651651652 	 6.676949182312081e-08 	 2.4326838848967497e-16
214.2256456456457 	 6.661350290196078e-08 	 2.410030185178679e-16
214.72612612612616 	 6.645824113414368e-08 	 2.3876395680702626e-16
215.22660660660665 	 6.630370144697805e-08 	 2.3655083757857495e-16
215.7270870870871 	 6.614987881484646e-08 	 2.3436330097344447e-16
216.2275675675676 	 6.599676825866063e-08 	 2.3220099294283996e-16
216.7280480480481 	 6.584436484532424e-08 	 2.300635651412746e-16
217.22852852852856 	 6.569266368720315e-08 	 2.27950674821812e-16
217.72900900900905 	 6.55416599416028e-08 	 2.258619847334689e-16
218.22948948948954 	 6.539134881025295e-08 	 2.237971630207278e-16
218.72996996997 	 6.524172553879952e-08 	 2.2175588312511335e-16
219.2304504504505 	 6.509278541630309e-08 	 2.1973782368878076e-16
219.73093093093098 	 6.494452377474474e-08 	 2.1774266846007811e-16
220.23141141141144 	 6.479693598853818e-08 	 2.157701062010297e-16
220.73189189189193 	 6.465001747404871e-08 	 2.1381983059670314e-16
221.23237237237242 	 6.450376368911879e-08 	 2.1189154016641518e-16
221.7328528528529 	 6.435817013259989e-08 	 2.0998493817673464e-16
222.23333333333338 	 6.421323234389068e-08 	 2.080997325562426e-16
222.73381381381387 	 6.406894590248157e-08 	 2.062356358120116e-16
223.23429429429433 	 6.39253064275052e-08 	 2.0439236494776362e-16
223.73477477477482 	 6.378230957729314e-08 	 2.025696413836697e-16
224.23525525525528 	 6.363995104893835e-08 	 2.0076719087775658e-16
224.73573573573577 	 6.349822657786367e-08 	 1.9898474344888222e-16
225.23621621621626 	 6.335713193739589e-08 	 1.9722203330124672e-16
225.73669669669673 	 6.321666293834566e-08 	 1.954787987504052e-16
226.23717717717722 	 6.307681542859274e-08 	 1.937547821507475e-16
226.7376576576577 	 6.293758529267706e-08 	 1.9204972982441582e-16
227.23813813813817 	 6.279896845139485e-08 	 1.9036339199162402e-16
227.73861861861866 	 6.266096086140034e-08 	 1.886955227023532e-16
228.23909909909915 	 6.252355851481262e-08 	 1.8704587976938904e-16
228.7395795795796 	 6.238675743882762e-08 	 1.8541422470267462e-16
229.2400600600601 	 6.225055369533522e-08 	 1.8380032264494756e-16
229.7405405405406 	 6.211494338054135e-08 	 1.8220394230863638e-16
230.24102102102106 	 6.197992262459503e-08 	 1.8062485591398662e-16
230.74150150150155 	 6.184548759122024e-08 	 1.7906283912839055e-16
231.24198198198204 	 6.171163447735264e-08 	 1.7751767100689602e-16
231.7424624624625 	 6.157835951278087e-08 	 1.7598913393386628e-16
232.242942942943 	 6.144565895979258e-08 	 1.7447701356576885e-16
232.74342342342348 	 6.131352911282504e-08 	 1.7298109877506793e-16
233.24390390390394 	 6.118196629812021e-08 	 1.7150118159519615e-16
233.74438438438443 	 6.105096687338423e-08 	 1.7003705716658366e-16
234.2448648648649 	 6.092052722745125e-08 	 1.6858852368372256e-16
234.74534534534538 	 6.079064377995174e-08 	 1.6715538234324193e-16
235.24582582582588 	 6.066131298098472e-08 	 1.657374372929759e-16
235.74630630630634 	 6.053253131079452e-08 	 1.6433449558200097e-16
236.24678678678683 	 6.040429527945128e-08 	 1.629463671116217e-16
236.74726726726732 	 6.027660142653591e-08 	 1.6157286458728852e-16
237.24774774774778 	 6.01494463208286e-08 	 1.6021380347142311e-16
237.74822822822827 	 6.002282656000168e-08 	 1.5886900193713617e-16
238.24870870870876 	 5.989673877031601e-08 	 1.5753828082281696e-16
238.74918918918922 	 5.977117960632142e-08 	 1.5622146358757666e-16
239.24966966966971 	 5.964614575056079e-08 	 1.5491837626752845e-16
239.7501501501502 	 5.952163391327787e-08 	 1.5362884743288581e-16
240.25063063063067 	 5.939764083212879e-08 	 1.5235270814586373e-16
240.75111111111116 	 5.9274163271897094e-08 	 1.510897919193635e-16
241.25159159159165 	 5.915119802421235e-08 	 1.4983993467642792e-16
241.7520720720721 	 5.902874190727233e-08 	 1.4860297471044887e-16
242.2525525525526 	 5.8906791765568444e-08 	 1.473787526461124e-16
242.75303303303306 	 5.8785344469614856e-08 	 1.4616711140106705e-16
243.25351351351355 	 5.866439691568063e-08 	 1.449678961482983e-16
243.75399399399404 	 5.8543946025525444e-08 	 1.4378095427919818e-16
244.2544744744745 	 5.842398874613837e-08 	 1.4260613536731175e-16
244.754954954955 	 5.830452204947993e-08 	 1.4144329113274994e-16
245.2554354354355 	 5.818554293222734e-08 	 1.402922754072539e-16
245.75591591591595 	 5.806704841552281e-08 	 1.3915294409989754e-16
246.25639639639644 	 5.7949035544724896e-08 	 1.380251551634147e-16
246.75687687687693 	 5.783150138916305e-08 	 1.369087685611413e-16
247.2573573573574 	 5.771444304189485e-08 	 1.3580364623455508e-16
247.75783783783788 	 5.759785761946644e-08 	 1.3470965207140577e-16
248.25831831831837 	 5.748174226167579e-08 	 1.3362665187442108e-16
248.75879879879884 	 5.7366094131338714e-08 	 1.325545133305774e-16
249.25927927927933 	 5.725091041405783e-08 	 1.3149310598092433e-16
249.75975975975982 	 5.7136188317994264e-08 	 1.3044230119095187e-16
250.26024024024028 	 5.7021925073642055e-08 	 1.2940197212148926e-16
250.76072072072077 	 5.690811793360531e-08 	 1.2837199370012488e-16
251.26120120120126 	 5.6794764172377985e-08 	 1.2735224259313719e-16
251.76168168168172 	 5.668186108612634e-08 	 1.263425971779265e-16
252.2621621621622 	 5.6569405992473906e-08 	 1.2534293751593666e-16
252.76264264264267 	 5.645739623028909e-08 	 1.243531453260589e-16
253.26312312312317 	 5.634582915947524e-08 	 1.2337310395850706e-16
253.76360360360366 	 5.623470216076326e-08 	 1.2240269836915443e-16
254.26408408408412 	 5.612401263550657e-08 	 1.2144181509432499e-16
254.7645645645646 	 5.6013758005478566e-08 	 1.2049034222602784e-16
255.2650450450451 	 5.590393571267246e-08 	 1.1954816938762863e-16
255.76552552552556 	 5.579454321910345e-08 	 1.1861518770994714e-16
256.266006006006 	 5.568557800661315e-08 	 1.1769128980777406e-16
256.7664864864865 	 5.557703757667644e-08 	 1.1677636975679888e-16
257.266966966967 	 5.5468919450210435e-08 	 1.1587032307093997e-16
257.76744744744747 	 5.536122116738583e-08 	 1.1497304668007056e-16
258.26792792792793 	 5.525394028744021e-08 	 1.140844389081306e-16
258.76840840840845 	 5.5147074388493787e-08 	 1.1320439945161996e-16
259.2688888888889 	 5.5040621067367116e-08 	 1.123328293584636e-16
259.7693693693694 	 5.4934577939400894e-08 	 1.1146963100724177e-16
260.2698498498499 	 5.4828942638277974e-08 	 1.1061470808677937e-16
260.77033033033035 	 5.472371281584734e-08 	 1.0976796557608652e-16
261.2708108108108 	 5.461888614195002e-08 	 1.0892930972464335e-16
261.77129129129133 	 5.4514460304247235e-08 	 1.0809864803302443e-16
262.2717717717718 	 5.441043300805028e-08 	 1.0727588923385388e-16
262.77225225225226 	 5.430680197615245e-08 	 1.0646094327308602e-16
263.2727327327328 	 5.4203564948662865e-08 	 1.0565372129160606e-16
263.77321321321324 	 5.410071968284229e-08 	 1.0485413560714394e-16
264.2736936936937 	 5.3998263952940586e-08 	 1.0406209969649488e-16
264.7741741741742 	 5.389619555003621e-08 	 1.0327752817804192e-16
265.2746546546547 	 5.379451228187753e-08 	 1.0250033679457535e-16
265.77513513513514 	 5.369321197272575e-08 	 1.0173044239640044e-16
266.2756156156156 	 5.3592292463199797e-08 	 1.0096776292473208e-16
266.7760960960961 	 5.3491751610122865e-08 	 1.0021221739536782e-16
267.2765765765766 	 5.3391587286370745e-08 	 9.946372588263619e-17
267.77705705705705 	 5.329179738072171e-08 	 9.872220950361288e-17
268.27753753753757 	 5.3192379797708296e-08 	 9.798759040260272e-17
268.77801801801803 	 5.3093332457470555e-08 	 9.725979173588047e-17
269.2784984984985 	 5.299465329561103e-08 	 9.653873765668535e-17
269.778978978979 	 5.289634026305131e-08 	 9.582435330046628e-17
270.2794594594595 	 5.279839132589029e-08 	 9.511656477037288e-17
270.77993993993994 	 5.270080446526377e-08 	 9.44152991229852e-17
271.28042042042046 	 5.2603577677205826e-08 	 9.372048435428155e-17
271.7809009009009 	 5.250670897251169e-08 	 9.303204938583797e-17
272.2813813813814 	 5.2410196376601926e-08 	 9.234992405125406e-17
272.7818618618619 	 5.231403792938845e-08 	 9.167403908280423e-17
273.28234234234236 	 5.22182316851417e-08 	 9.100432609830699e-17
273.7828228228228 	 5.2122775712359454e-08 	 9.034071758821007e-17
274.28330330330334 	 5.202766809363702e-08 	 8.96831469028874e-17
274.7837837837838 	 5.1932906925538875e-08 	 8.903154824014329e-17
275.28426426426427 	 5.1838490318471605e-08 	 8.838585663292044e-17
275.7847447447448 	 5.174441639655839e-08 	 8.77460079372088e-17
276.28522522522525 	 5.1650683297514756e-08 	 8.711193882015054e-17
276.7857057057057 	 5.1557289172525615e-08 	 8.648358674833783e-17
277.2861861861862 	 5.14642321861238e-08 	 8.586088997630092e-17
277.7866666666667 	 5.137151051606979e-08 	 8.524378753518188e-17
278.28714714714715 	 5.127912235323274e-08 	 8.463221922159102e-17
278.78762762762767 	 5.118706590147282e-08 	 8.402612558664337e-17
279.28810810810813 	 5.109533937752488e-08 	 8.34254479251715e-17
279.7885885885886 	 5.1003941010883204e-08 	 8.283012826511049e-17
280.2890690690691 	 5.0912869043687665e-08 	 8.224010935705473e-17
280.7895495495496 	 5.082212173061102e-08 	 8.165533466398045e-17
281.29003003003004 	 5.073169733874736e-08 	 8.107574835113274e-17
281.79051051051056 	 5.0641594147501895e-08 	 8.050129527607424e-17
282.290990990991 	 5.055181044848173e-08 	 7.993192097889163e-17
282.7914714714715 	 5.0462344545387954e-08 	 7.936757167255781e-17
283.291951951952 	 5.037319475390876e-08 	 7.880819423344713e-17
283.79243243243246 	 5.028435940161383e-08 	 7.825373619200094e-17
284.2929129129129 	 5.019583682784963e-08 	 7.770414572353971e-17
284.7933933933934 	 5.0107625383636036e-08 	 7.715937163922124e-17
285.2938738738739 	 5.0019723431563884e-08 	 7.661936337714057e-17
285.79435435435437 	 4.9932129345693705e-08 	 7.608407099357003e-17
286.29483483483483 	 4.9844841511455394e-08 	 7.555344515433642e-17
286.79531531531535 	 4.9757858325549095e-08 	 7.502743712633386e-17
287.2957957957958 	 4.9671178195846987e-08 	 7.450599876916886e-17
287.7962762762763 	 4.958479954129614e-08 	 7.39890825269359e-17
288.2967567567568 	 4.9498720791822396e-08 	 7.347664142012133e-17
288.79723723723725 	 4.941294038823526e-08 	 7.29686290376332e-17
289.2977177177177 	 4.932745678213372e-08 	 7.246499952895461e-17
289.79819819819824 	 4.924226843581309e-08 	 7.196570759641895e-17
290.2986786786787 	 4.9157373822172826e-08 	 7.147070848760481e-17
290.79915915915916 	 4.9072771424625275e-08 	 7.09799579878479e-17
291.2996396396397 	 4.89884597370053e-08 	 7.049341241286884e-17
291.80012012012014 	 4.890443726348102e-08 	 7.00110286015147e-17
292.3006006006006 	 4.8820702518465236e-08 	 6.953276390861116e-17
292.8010810810811 	 4.873725402652789e-08 	 6.905857619792546e-17
293.3015615615616 	 4.865409032230951e-08 	 6.858842383523666e-17
293.80204204204205 	 4.85712099504353e-08 	 6.812226568151144e-17
294.30252252252257 	 4.848861146543029e-08 	 6.766006108618482e-17
294.803003003003 	 4.8406293431635345e-08 	 6.720176988054302e-17
295.3034834834835 	 4.8324254423123965e-08 	 6.674735237120666e-17
295.803963963964 	 4.824249302361989e-08 	 6.62967693337134e-17
296.30444444444447 	 4.8161007826415685e-08 	 6.584998200619777e-17
296.80492492492493 	 4.807979743429202e-08 	 6.540695208316637e-17
297.30540540540545 	 4.7998860459437804e-08 	 6.49676417093675e-17
297.8058858858859 	 4.791819552337117e-08 	 6.453201347375339e-17
298.3063663663664 	 4.783780125686114e-08 	 6.410003040353262e-17
298.8068468468469 	 4.775767629985025e-08 	 6.367165595831299e-17
299.30732732732736 	 4.767781930137777e-08 	 6.324685402433149e-17
299.8078078078078 	 4.759822891950382e-08 	 6.282558890877127e-17
300.30828828828834 	 4.751890382123419e-08 	 6.240782533416323e-17
300.8087687687688 	 4.7439842682445905e-08 	 6.199352843287152e-17
301.30924924924926 	 4.7361044187813625e-08 	 6.15826637416614e-17
301.8097297297298 	 4.7282507030736535e-08 	 6.117519719634717e-17
302.31021021021024 	 4.720422991326633e-08 	 6.077109512652093e-17
302.8106906906907 	 4.712621154603559e-08 	 6.03703242503584e-17
303.31117117117117 	 4.704845064818699e-08 	 5.997285166950222e-17
303.8116516516517 	 4.697094594730321e-08 	 5.95786448640208e-17
304.31213213213215 	 4.68936961793376e-08 	 5.918767168744203e-17
304.8126126126126 	 4.681670008854536e-08 	 5.879990036185917e-17
305.31309309309313 	 4.673995642741556e-08 	 5.841529947310986e-17
305.8135735735736 	 4.666346395660376e-08 	 5.803383796602549e-17
306.31405405405405 	 4.658722144486525e-08 	 5.765548513975001e-17
306.8145345345346 	 4.651122766898905e-08 	 5.728021064312787e-17
307.31501501501504 	 4.643548141373246e-08 	 5.690798447015888e-17
307.8154954954955 	 4.635998147175625e-08 	 5.653877695551971e-17
308.315975975976 	 4.6284726643560584e-08 	 5.617255877015056e-17
308.8164564564565 	 4.620971573742145e-08 	 5.58093009169061e-17
309.31693693693694 	 4.6134947569327745e-08 	 5.544897472626945e-17
309.81741741741746 	 4.6060420962919004e-08 	 5.509155185212845e-17
310.3178978978979 	 4.598613474942371e-08 	 5.473700426761324e-17
310.8183783783784 	 4.591208776759816e-08 	 5.438530426099353e-17
311.3188588588589 	 4.583827886366597e-08 	 5.403642443163551e-17
311.81933933933936 	 4.576470689125819e-08 	 5.3690337686017214e-17
312.3198198198198 	 4.56913707113539e-08 	 5.334701723380034e-17
312.82030030030035 	 4.561826919222142e-08 	 5.3006436583959394e-17
313.3207807807808 	 4.554540120936016e-08 	 5.266856954096616e-17
313.82126126126127 	 4.547276564544289e-08 	 5.233339020102819e-17
314.3217417417418 	 4.5400361390258706e-08 	 5.200087294838208e-17
314.82222222222225 	 4.532818734065637e-08 	 5.1670992451638676e-17
315.3227027027027 	 4.5256242400488364e-08 	 5.134372366018105e-17
315.82318318318323 	 4.518452548055535e-08 	 5.101904180061332e-17
316.3236636636637 	 4.5113035498551234e-08 	 5.0696922373260253e-17
316.82414414414416 	 4.504177137900871e-08 	 5.037734114871614e-17
317.3246246246247 	 4.4970732053245305e-08 	 5.006027416444287e-17
317.82510510510514 	 4.4899916459310006e-08 	 4.974569772141594e-17
318.3255855855856 	 4.48293235419303e-08 	 4.943358838081773e-17
318.8260660660661 	 4.4758952252459786e-08 	 4.912392296077772e-17
319.3265465465466 	 4.4688801548826233e-08 	 4.8816678533158226e-17
319.82702702702704 	 4.461887039548014e-08 	 4.851183242038541e-17
320.32750750750756 	 4.454915776334377e-08 	 4.8209362192324694e-17
320.827987987988 	 4.4479662629760754e-08 	 4.7909245663200403e-17
321.3284684684685 	 4.441038397844593e-08 	 4.761146088855752e-17
321.82894894894895 	 4.434132079943595e-08 	 4.731598616226685e-17
322.32942942942947 	 4.427247208904012e-08 	 4.7022800013571414e-17
322.82990990990993 	 4.42038368497918e-08 	 4.6731881204174106e-17
323.3303903903904 	 4.4135414090400224e-08 	 4.64432087253657e-17
323.8308708708709 	 4.40672028257028e-08 	 4.6156761795192907e-17
324.3313513513514 	 4.3999202076617817e-08 	 4.587251985566555e-17
324.83183183183183 	 4.393141087009757e-08 	 4.559046257000233e-17
325.33231231231235 	 4.3863828239081964e-08 	 4.5310569819914684e-17
325.8327927927928 	 4.3796453222452596e-08 	 4.503282170292844e-17
326.3332732732733 	 4.372928486498708e-08 	 4.475719852974159e-17
326.8337537537538 	 4.366232221731395e-08 	 4.448368082161904e-17
327.33423423423426 	 4.359556433586799e-08 	 4.4212249307823086e-17
327.8347147147147 	 4.352901028284582e-08 	 4.3942884923078756e-17
328.33519519519524 	 4.346265912616202e-08 	 4.367556880507396e-17
328.8356756756757 	 4.3396509939405676e-08 	 4.341028229199435e-17
329.33615615615616 	 4.333056180179715e-08 	 4.314700692009076e-17
329.8366366366367 	 4.3264813798145435e-08 	 4.288572442128084e-17
330.33711711711715 	 4.319926501880583e-08 	 4.262641672078273e-17
330.8375975975976 	 4.313391455963791e-08 	 4.236906593478091e-17
331.3380780780781 	 4.3068761521964016e-08 	 4.211365436812388e-17
331.8385585585586 	 4.30038050125281e-08 	 4.186016451205322e-17
332.33903903903905 	 4.293904414345479e-08 	 4.160857904196261e-17
332.83951951951957 	 4.2874478032209e-08 	 4.135888081518794e-17
333.34000000000003 	 4.2810105801555895e-08 	 4.111105286882689e-17
333.8404804804805 	 4.274592657952103e-08 	 4.0865078417587564e-17
334.340960960961 	 4.268193949935109e-08 	 4.0620940851666564e-17
334.8414414414415 	 4.261814369947484e-08 	 4.0378623734655316e-17
335.34192192192194 	 4.2554538323464424e-08 	 4.013811080147426e-17
335.84240240240246 	 4.249112251999707e-08 	 3.9899385956334946e-17
336.3428828828829 	 4.242789544281712e-08 	 3.966243327072945e-17
336.8433633633634 	 4.2364856250698356e-08 	 3.942723698144616e-17
337.3438438438439 	 4.2302004107406675e-08 	 3.9193781488612415e-17
337.84432432432436 	 4.223933818166321e-08 	 3.896205135376322e-17
338.3448048048048 	 4.217685764710754e-08 	 3.873203129793512e-17
338.8452852852853 	 4.21145616822615e-08 	 3.850370619978594e-17
339.3457657657658 	 4.205244947049306e-08 	 3.8277061093739026e-17
339.84624624624627 	 4.199052019998076e-08 	 3.805208116815232e-17
340.34672672672673 	 4.192877306367825e-08 	 3.7828751763511286e-17
340.84720720720725 	 4.186720725927924e-08 	 3.7607058370645926e-17
341.3476876876877 	 4.180582198918282e-08 	 3.738698662897131e-17
341.8481681681682 	 4.174461646045891e-08 	 3.7168522324750824e-17
342.3486486486487 	 4.168358988481426e-08 	 3.695165138938287e-17
342.84912912912915 	 4.162274147855843e-08 	 3.673635989770937e-17
343.3496096096096 	 4.1562070462570424e-08 	 3.652263406634692e-17
343.85009009009013 	 4.1501576062265273e-08 	 3.631046025203935e-17
344.3505705705706 	 4.1441257507561206e-08 	 3.609982495003219e-17
344.85105105105106 	 4.138111403284687e-08 	 3.5890714792467955e-17
345.3515315315316 	 4.1321144876949016e-08 	 3.5683116546802575e-17
345.85201201201204 	 4.126134928310034e-08 	 3.547701711424227e-17
346.3524924924925 	 4.1201726498907646e-08 	 3.527240352820072e-17
346.852972972973 	 4.114227577632034e-08 	 3.506926295277627e-17
347.3534534534535 	 4.1082996371599095e-08 	 3.486758268124891e-17
347.85393393393394 	 4.102388754528483e-08 	 3.466735013459637e-17
348.35441441441446 	 4.096494856216799e-08 	 3.4468552860029755e-17
348.8548948948949 	 4.090617869125812e-08 	 3.427117852954795e-17
349.3553753753754 	 4.0847577205753505e-08 	 3.4075214938510224e-17
349.8558558558559 	 4.0789143383011297e-08 	 3.3880650004227785e-17
350.35633633633637 	 4.073087650451786e-08 	 3.368747176457304e-17
350.85681681681683 	 4.0672775855859203e-08 	 3.3495668376606655e-17
351.35729729729735 	 4.061484072669184e-08 	 3.330522811522227e-17
351.8577777777778 	 4.055707041071385e-08 	 3.3116139371808646e-17
352.3582582582583 	 4.049946420563619e-08 	 3.29283906529287e-17
352.8587387387388 	 4.044202141315416e-08 	 3.274197057901525e-17
353.35921921921926 	 4.038474133891928e-08 	 3.2556867883083825e-17
353.8596996996997 	 4.032762329251124e-08 	 3.2373071409461254e-17
354.36018018018024 	 4.027066658741019e-08 	 3.219057011253074e-17
354.8606606606607 	 4.021387054096928e-08 	 3.200935305549283e-17
355.36114114114116 	 4.015723447438729e-08 	 3.18294094091418e-17
355.8616216216217 	 4.010075771268164e-08 	 3.1650728450657755e-17
356.36210210210214 	 4.004443958466161e-08 	 3.147329956241385e-17
356.8625825825826 	 3.9988279422901687e-08 	 3.1297112230798567e-17
357.36306306306307 	 3.9932276563715235e-08 	 3.112215604505273e-17
357.8635435435436 	 3.9876430347128327e-08 	 3.0948420696121244e-17
358.36402402402405 	 3.9820740116853886e-08 	 3.077589597551924e-17
358.8645045045045 	 3.976520522026586e-08 	 3.060457177421215e-17
359.364984984985 	 3.9709825008373824e-08 	 3.043443808151027e-17
359.8654654654655 	 3.9654598835797695e-08 	 3.02654849839767e-17
360.36594594594595 	 3.959952606074259e-08 	 3.0097702664349043e-17
360.8664264264265 	 3.9544606044974036e-08 	 2.9931081400474697e-17
361.36690690690693 	 3.94898381537933e-08 	 2.9765611564259156e-17
361.8673873873874 	 3.943522175601289e-08 	 2.960128362062744e-17
362.3678678678679 	 3.9380756223932365e-08 	 2.943808812649857e-17
362.8683483483484 	 3.93264409333143e-08 	 2.9276015729772543e-17
363.36882882882884 	 3.9272275263360365e-08 	 2.911505716832984e-17
363.86930930930936 	 3.921825859668771e-08 	 2.8955203269043494e-17
364.3697897897898 	 3.916439031930556e-08 	 2.87964449468032e-17
364.8702702702703 	 3.911066982059183e-08 	 2.8638773203551337e-17
365.3707507507508 	 3.9057096493270174e-08 	 2.8482179127331096e-17
365.87123123123126 	 3.9003669733387086e-08 	 2.832665389134627e-17
366.3717117117117 	 3.89503889402891e-08 	 2.8172188753032243e-17
366.87219219219224 	 3.8897253516600384e-08 	 2.801877505313882e-17
367.3726726726727 	 3.8844262868200404e-08 	 2.786640421482403e-17
367.87315315315317 	 3.8791416404201734e-08 	 2.771506774275898e-17
368.3736336336337 	 3.873871353692811e-08 	 2.7564757222243722e-17
368.87411411411415 	 3.8686153681892696e-08 	 2.7415464318334002e-17
369.3745945945946 	 3.863373625777638e-08 	 2.7267180774978223e-17
369.87507507507513 	 3.858146068640644e-08 	 2.711989841416547e-17
370.3755555555556 	 3.8529326392735235e-08 	 2.697360913508345e-17
370.87603603603606 	 3.84773328048191e-08 	 2.6828304913286665e-17
371.3765165165166 	 3.84254793537975e-08 	 2.6683977799875e-17
371.87699699699704 	 3.83737654738722e-08 	 2.65406199206818e-17
372.3774774774775 	 3.832219060228678e-08 	 2.6398223475472042e-17
372.877957957958 	 3.827075417930609e-08 	 2.6256780737149995e-17
373.3784384384385 	 3.821945564819616e-08 	 2.6116284050976662e-17
373.87891891891894 	 3.8168294455204005e-08 	 2.597672583379633e-17
374.37939939939946 	 3.8117270049537706e-08 	 2.583809857327253e-17
374.8798798798799 	 3.806638188334668e-08 	 2.5700394827133335e-17
375.3803603603604 	 3.801562941170208e-08 	 2.5563607222425424e-17
375.88084084084085 	 3.796501209257729e-08 	 2.5427728454777133e-17
376.38132132132137 	 3.791452938682866e-08 	 2.5292751287670467e-17
376.8818018018018 	 3.786418075817642e-08 	 2.5158668551721714e-17
377.3822822822823 	 3.781396567318555e-08 	 2.5025473143970455e-17
377.8827627627628 	 3.776388360124709e-08 	 2.489315802717724e-17
378.38324324324327 	 3.7713934014559366e-08 	 2.4761716229129606e-17
378.88372372372373 	 3.766411638810946e-08 	 2.4631140841956184e-17
379.38420420420425 	 3.7614430199654844e-08 	 2.4501425021449066e-17
379.8846846846847 	 3.75648749297051e-08 	 2.4372561986394133e-17
380.3851651651652 	 3.7515450061503836e-08 	 2.4244545017909308e-17
380.8856456456457 	 3.746615508101069e-08 	 2.4117367458790563e-17
381.38612612612616 	 3.741698947688354e-08 	 2.3991022712865755e-17
381.8866066066066 	 3.736795274046086e-08 	 2.386550424435602e-17
382.38708708708714 	 3.7319044365744054e-08 	 2.3740805577244544e-17
382.8875675675676 	 3.7270263849380224e-08 	 2.3616920294653047e-17
383.38804804804806 	 3.7221610690644734e-08 	 2.349384203822517e-17
383.8885285285286 	 3.717308439142418e-08 	 2.3371564507517422e-17
384.38900900900904 	 3.712468445619939e-08 	 2.32500814593972e-17
384.8894894894895 	 3.707641039202847e-08 	 2.312938670744758e-17
385.38996996997 	 3.7028261708530196e-08 	 2.3009474121379425e-17
385.8904504504505 	 3.69802379178673e-08 	 2.2890337626450047e-17
386.39093093093095 	 3.6932338534730065e-08 	 2.2771971202888824e-17
386.89141141141147 	 3.688456307631991e-08 	 2.2654368885329274e-17
387.39189189189193 	 3.6836911062333256e-08 	 2.2537524762248072e-17
387.8923723723724 	 3.678938201494535e-08 	 2.242143297541014e-17
388.3928528528529 	 3.674197545879434e-08 	 2.2306087719320506e-17
388.8933333333334 	 3.669469092096541e-08 	 2.219148324068234e-17
389.39381381381384 	 3.664752793097506e-08 	 2.2077613837861227e-17
389.89429429429435 	 3.660048602075547e-08 	 2.1964473860355683e-17
390.3947747747748 	 3.655356472463911e-08 	 2.1852057708273863e-17
390.8952552552553 	 3.650676357934326e-08 	 2.1740359831815995e-17
391.3957357357358 	 3.646008212395481e-08 	 2.162937473076303e-17
391.89621621621626 	 3.6413519899915146e-08 	 2.1519096953971058e-17
392.3966966966967 	 3.636707645100513e-08 	 2.1409521098871592e-17
392.89717717717724 	 3.632075132333015e-08 	 2.130064181097732e-17
393.3976576576577 	 3.627454406530542e-08 	 2.1192453783393913e-17
393.89813813813817 	 3.622845422764123e-08 	 2.1084951756337007e-17
394.3986186186186 	 3.618248136332842e-08 	 2.0978130516654948e-17
394.89909909909915 	 3.613662502762392e-08 	 2.087198489735684e-17
395.3995795795796 	 3.60908847780364e-08 	 2.076650977714607e-17
395.90006006006007 	 3.604526017431207e-08 	 2.0661700079958998e-17
396.4005405405406 	 3.5999750778420523e-08 	 2.0557550774509013e-17
396.90102102102105 	 3.595435615454071e-08 	 2.0454056873835593e-17
397.4015015015015 	 3.590907586904707e-08 	 2.0351213434858685e-17
397.90198198198203 	 3.586390949049566e-08 	 2.0249015557937832e-17
398.4024624624625 	 3.581885658961055e-08 	 2.0147458386436673e-17
398.90294294294296 	 3.577391673927008e-08 	 2.004653710629186e-17
399.4034234234235 	 3.572908951449349e-08 	 1.9946246945587222e-17
399.90390390390394 	 3.5684374492427485e-08 	 1.984658317413261e-17
400.4043843843844 	 3.563977125233292e-08 	 1.974754110304737e-17
400.9048648648649 	 3.5595279375571585e-08 	 1.964911608434853e-17
401.4053453453454 	 3.55508984455932e-08 	 1.9551303510543772e-17
401.90582582582584 	 3.55066280479223e-08 	 1.945409881422864e-17
402.40630630630636 	 3.5462467770145394e-08 	 1.9357497467688485e-17
402.9067867867868 	 3.5418417201898155e-08 	 1.9261494982504834e-17
403.4072672672673 	 3.537447593485271e-08 	 1.9166086909166044e-17
403.9077477477478 	 3.5330643562705e-08 	 1.9071268836682357e-17
404.40822822822827 	 3.52869196811623e-08 	 1.897703639220525e-17
404.90870870870873 	 3.524330388793072e-08 	 1.8883385240650908e-17
405.40918918918925 	 3.519979578270294e-08 	 1.8790311084328035e-17
405.9096696696697 	 3.5156394967145925e-08 	 1.869780966256968e-17
406.4101501501502 	 3.5113101044888776e-08 	 1.8605876751369095e-17
406.9106306306307 	 3.506991362151065e-08 	 1.851450816301975e-17
407.41111111111115 	 3.5026832304528805e-08 	 1.842369974575925e-17
407.9115915915916 	 3.49838567033867e-08 	 1.8333447383417096e-17
408.41207207207214 	 3.49409864294422e-08 	 1.8243746995066493e-17
408.9125525525526 	 3.4898221095955836e-08 	 1.815459453467986e-17
409.41303303303306 	 3.485556031807921e-08 	 1.8065985990788144e-17
409.9135135135136 	 3.4813003712843427e-08 	 1.7977917386143912e-17
410.41399399399404 	 3.477055089914764e-08 	 1.7890384777388116e-17
410.9144744744745 	 3.472820149774767e-08 	 1.7803384254720438e-17
411.414954954955 	 3.468595513124473e-08 	 1.771691194157337e-17
411.9154354354355 	 3.464381142407421e-08 	 1.7630963994289763e-17
412.41591591591595 	 3.460177000249452e-08 	 1.754553660180385e-17
412.9163963963964 	 3.455983049457607e-08 	 1.7460625985325853e-17
413.4168768768769 	 3.4517992530190303e-08 	 1.7376228398029954e-17
413.9173573573574 	 3.447625574099879e-08 	 1.729234012474567e-17
414.41783783783785 	 3.443461976044244e-08 	 1.720895748165255e-17
414.91831831831837 	 3.439308422373073e-08 	 1.7126076815978208e-17
415.41879879879883 	 3.435164876783112e-08 	 1.704369450569969e-17
415.9192792792793 	 3.43103130314584e-08 	 1.6961806959247868e-17
416.4197597597598 	 3.426907665506424e-08 	 1.6880410615215265e-17
416.9202402402403 	 3.4227939280826744e-08 	 1.6799501942066887e-17
417.42072072072074 	 3.4186900552640117e-08 	 1.6719077437854194e-17
417.92120120120126 	 3.4145960116104355e-08 	 1.6639133629932165e-17
418.4216816816817 	 3.4105117618515106e-08 	 1.6559667074679446e-17
418.9221621621622 	 3.406437270885346e-08 	 1.648067435722135e-17
419.4226426426427 	 3.402372503777596e-08 	 1.6402152091156023e-17
419.92312312312316 	 3.398317425760459e-08 	 1.6324096918283453e-17
420.4236036036036 	 3.3942720022316855e-08 	 1.624650550833726e-17
420.92408408408414 	 3.3902361987535954e-08 	 1.6169374558719592e-17
421.4245645645646 	 3.386209981052101e-08 	 1.6092700794238682e-17
421.92504504504507 	 3.382193315015735e-08 	 1.6016480966849205e-17
422.4255255255256 	 3.378186166694688e-08 	 1.594071185539546e-17
422.92600600600605 	 3.374188502299853e-08 	 1.5865390265357294e-17
423.4264864864865 	 3.370200288201875e-08 	 1.5790513028598615e-17
423.92696696696703 	 3.366221490930206e-08 	 1.5716077003118696e-17
424.4274474474475 	 3.362252077172174e-08 	 1.5642079072806063e-17
424.92792792792795 	 3.358292013772047e-08 	 1.5568516147194964e-17
425.4284084084085 	 3.354341267730111e-08 	 1.5495385161224425e-17
425.92888888888893 	 3.3503998062017595e-08 	 1.542268307499992e-17
426.4293693693694 	 3.3464675964965756e-08 	 1.535040687355742e-17
426.9298498498499 	 3.342544606077433e-08 	 1.5278553566630044e-17
427.4303303303304 	 3.3386308025595963e-08 	 1.5207120188417112e-17
427.93081081081084 	 3.33472615370983e-08 	 1.5136103797355622e-17
428.43129129129136 	 3.3308306274455153e-08 	 1.506550147589415e-17
428.9317717717718 	 3.326944191833769e-08 	 1.4995310330269123e-17
429.4322522522523 	 3.3230668150905744e-08 	 1.4925527490283367e-17
429.9327327327328 	 3.31919846557991e-08 	 1.4856150109087072e-17
430.43321321321326 	 3.315339111812894e-08 	 1.4787175362961003e-17
430.9336936936937 	 3.3114887224469246e-08 	 1.4718600451101888e-17
431.4341741741742 	 3.307647266284839e-08 	 1.465042259541023e-17
431.9346546546547 	 3.303814712274061e-08 	 1.4582639040280124e-17
432.43513513513517 	 3.299991029505776e-08 	 1.4515247052391434e-17
432.93561561561563 	 3.2961761872140884e-08 	 1.4448243920503984e-17
433.43609609609615 	 3.292370154775204e-08 	 1.4381626955253962e-17
433.9365765765766 	 3.2885729017066077e-08 	 1.4315393488952465e-17
434.4370570570571 	 3.2847843976662516e-08 	 1.4249540875386038e-17
434.9375375375376 	 3.281004612451744e-08 	 1.4184066489619324e-17
435.43801801801806 	 3.2772335159995486e-08 	 1.4118967727799776e-17
435.9384984984985 	 3.2734710783841896e-08 	 1.405424200696435e-17
436.43897897897904 	 3.269717269817453e-08 	 1.3989886764848152e-17
436.9394594594595 	 3.265972060647611e-08 	 1.3925899459695205e-17
437.43993993993996 	 3.2622354213586306e-08 	 1.3862277570070898e-17
437.9404204204205 	 3.258507322569406e-08 	 1.3799018594676682e-17
438.44090090090094 	 3.2547877350329834e-08 	 1.3736120052166387e-17
438.9413813813814 	 3.251076629635801e-08 	 1.3673579480964587e-17
439.4418618618619 	 3.247373977396924e-08 	 1.361139443908674e-17
439.9423423423424 	 3.243679749467295e-08 	 1.3549562503961252e-17
440.44282282282285 	 3.2399939171289824e-08 	 1.3488081272253261e-17
440.94330330330337 	 3.236316451794435e-08 	 1.3426948359690247e-17
441.44378378378383 	 3.232647325005747e-08 	 1.3366161400889488e-17
441.9442642642643 	 3.2289865084339196e-08 	 1.3305718049187184e-17
442.4447447447448 	 3.225333973878133e-08 	 1.3245615976469322e-17
442.9452252252253 	 3.2216896932650266e-08 	 1.3185852873004361e-17
443.44570570570573 	 3.218053638647972e-08 	 1.312642644727746e-17
443.94618618618625 	 3.2144257822063646e-08 	 1.3067334425826502e-17
444.4466666666667 	 3.2108060962449125e-08 	 1.3008574553079763e-17
444.9471471471472 	 3.2071945531929316e-08 	 1.2950144591195135e-17
445.4476276276277 	 3.2035911256036425e-08 	 1.2892042319901073e-17
445.94810810810816 	 3.199995786153483e-08 	 1.2834265536339132e-17
446.4485885885886 	 3.1964085076414096e-08 	 1.277681205490801e-17
446.94906906906914 	 3.1928292629882135e-08 	 1.2719679707109243e-17
447.4495495495496 	 3.189258025235843e-08 	 1.2662866341394422e-17
447.95003003003006 	 3.185694767546723e-08 	 1.2606369823013964e-17
448.4505105105105 	 3.182139463203082e-08 	 1.2550188033867334e-17
448.95099099099104 	 3.1785920856062886e-08 	 1.2494318872354853e-17
449.4514714714715 	 3.1750526082761834e-08 	 1.2438760253230936e-17
449.95195195195197 	 3.171521004850424e-08 	 1.2383510107458814e-17
450.4524324324325 	 3.167997249083826e-08 	 1.2328566382066678e-17
450.95291291291295 	 3.16448131484772e-08 	 1.227392704000533e-17
451.4533933933934 	 3.1609731761292984e-08 	 1.221959006000717e-17
451.95387387387393 	 3.157472807030975e-08 	 1.2165553436446586e-17
452.4543543543544 	 3.153980181769756e-08 	 1.2111815179201872e-17
452.95483483483486 	 3.150495274676593e-08 	 1.2058373313518274e-17
453.4553153153154 	 3.147018060195768e-08 	 1.2005225879872654e-17
453.95579579579584 	 3.143548512884259e-08 	 1.1952370933839279e-17
454.4562762762763 	 3.140086607411122e-08 	 1.1899806545957075e-17
454.9567567567568 	 3.136632318556879e-08 	 1.1847530801598145e-17
455.4572372372373 	 3.1331856212129e-08 	 1.1795541800837587e-17
455.95771771771774 	 3.1297464903807946e-08 	 1.1743837658324567e-17
456.45819819819826 	 3.1263149011718136e-08 	 1.1692416503154744e-17
456.9586786786787 	 3.122890828806242e-08 	 1.1641276478743858e-17
457.4591591591592 	 3.1194742486128063e-08 	 1.1590415742702621e-17
457.9596396396397 	 3.1160651360280794e-08 	 1.15398324667128e-17
458.46012012012017 	 3.112663466595896e-08 	 1.1489524836404567e-17
458.9606006006006 	 3.109269215966763e-08 	 1.1439491051234962e-17
459.46108108108115 	 3.105882359897281e-08 	 1.1389729324367653e-17
459.9615615615616 	 3.102502874249567e-08 	 1.1340237882553779e-17
460.46204204204207 	 3.099130734990682e-08 	 1.1291014966014028e-17
460.9625225225226 	 3.095765918192058e-08 	 1.1242058828321797e-17
461.46300300300305 	 3.092408400028935e-08 	 1.119336773628757e-17
461.9634834834835 	 3.089058156779798e-08 	 1.1144939969844333e-17
462.46396396396403 	 3.085715164825817e-08 	 1.1096773821934181e-17
462.9644444444445 	 3.082379400650296e-08 	 1.1048867598395999e-17
463.46492492492496 	 3.0790508408381156e-08 	 1.1001219617854182e-17
463.9654054054055 	 3.075729462075188e-08 	 1.095382821160853e-17
464.46588588588594 	 3.072415241147915e-08 	 1.090669172352514e-17
464.9663663663664 	 3.0691081549426435e-08 	 1.0859808509928364e-17
465.4668468468469 	 3.065808180445131e-08 	 1.0813176939493824e-17
465.9673273273274 	 3.062515294740009e-08 	 1.0766795393142463e-17
466.46780780780784 	 3.059229475010254e-08 	 1.0720662263935597e-17
466.9682882882883 	 3.055950698536662e-08 	 1.0674775956970992e-17
467.4687687687688 	 3.0526789426973217e-08 	 1.0629134889279937e-17
467.9692492492493 	 3.049414184967098e-08 	 1.0583737489725333e-17
468.46972972972975 	 3.04615640291711e-08 	 1.0538582198900669e-17
468.97021021021027 	 3.042905574214222e-08 	 1.0493667469030103e-17
469.47069069069073 	 3.039661676620532e-08 	 1.0448991763869408e-17
469.9711711711712 	 3.0364246879928635e-08 	 1.0404553558607857e-17
470.4716516516517 	 3.033194586282262e-08 	 1.0360351339771112e-17
470.9721321321322 	 3.029971349533495e-08 	 1.0316383605124984e-17
471.47261261261264 	 3.0267549558845546e-08 	 1.0272648863580151e-17
471.97309309309315 	 3.023545383566162e-08 	 1.022914563509773e-17
472.4735735735736 	 3.0203426109012776e-08 	 1.0185872450595833e-17
472.9740540540541 	 3.017146616304613e-08 	 1.0142827851856911e-17
473.4745345345346 	 3.013957378282144e-08 	 1.0100010391436043e-17
473.97501501501506 	 3.0107748754306325e-08 	 1.0057418632570099e-17
474.4754954954955 	 3.0075990864371455e-08 	 1.001505114908773e-17
474.97597597597604 	 3.004429990078577e-08 	 9.972906525320214e-18
475.4764564564565 	 3.0012675652211814e-08 	 9.930983356013182e-18
475.97693693693697 	 2.9981117908200965e-08 	 9.889280246239116e-18
476.4774174174175 	 2.9949626459188816e-08 	 9.847795811310753e-18
476.97789789789795 	 2.991820109649054e-08 	 9.806528676695227e-18
477.4783783783784 	 2.988684161229622e-08 	 9.765477477929071e-18
477.9788588588589 	 2.985554779966636e-08 	 9.724640860533996e-18
478.4793393393394 	 2.982431945252724e-08 	 9.684017479933465e-18
478.97981981981985 	 2.9793156365666464e-08 	 9.643606001370071e-18
479.48030030030037 	 2.9762058334728426e-08 	 9.603405099823638e-18
479.98078078078083 	 2.9731025156209854e-08 	 9.56341345993016e-18
480.4812612612613 	 2.970005662745538e-08 	 9.523629775901439e-18
480.9817417417418 	 2.96691525466531e-08 	 9.484052751445493e-18
481.4822222222223 	 2.9638312712830232e-08 	 9.444681099687746e-18
481.98270270270274 	 2.9607536925848728e-08 	 9.405513543092883e-18
482.48318318318326 	 2.957682498640095e-08 	 9.366548813387475e-18
482.9836636636637 	 2.954617669600538e-08 	 9.327785651483335e-18
483.4841441441442 	 2.9515591857002326e-08 	 9.28922280740156e-18
483.9846246246247 	 2.948507027254969e-08 	 9.250859040197292e-18
484.48510510510516 	 2.9454611746618733e-08 	 9.212693117885173e-18
484.9855855855856 	 2.9424216083989887e-08 	 9.17472381736551e-18
485.4860660660661 	 2.9393883090248575e-08 	 9.136949924351066e-18
485.9865465465466 	 2.936361257178107e-08 	 9.099370233294612e-18
486.48702702702707 	 2.933340433577039e-08 	 9.06198354731711e-18
486.98750750750753 	 2.9303258190192176e-08 	 9.024788678136505e-18
487.48798798798805 	 2.9273173943810633e-08 	 8.987784445997271e-18
487.9884684684685 	 2.924315140617451e-08 	 8.950969679600558e-18
488.488948948949 	 2.9213190387613062e-08 	 8.914343216034971e-18
488.9894294294295 	 2.9183290699232018e-08 	 8.877903900707972e-18
489.48990990990995 	 2.9153452152909705e-08 	 8.841650587278014e-18
489.9903903903904 	 2.912367456129301e-08 	 8.805582137587146e-18
490.49087087087094 	 2.9093957737793486e-08 	 8.769697421594344e-18
490.9913513513514 	 2.9064301496583506e-08 	 8.733995317309448e-18
491.49183183183186 	 2.903470565259232e-08 	 8.698474710727637e-18
491.9923123123124 	 2.900517002150222e-08 	 8.663134495764542e-18
492.49279279279284 	 2.8975694419744764e-08 	 8.627973574191997e-18
492.9932732732733 	 2.8946278664496903e-08 	 8.592990855574296e-18
493.4937537537538 	 2.891692257367724e-08 	 8.558185257205059e-18
493.9942342342343 	 2.8887625965942288e-08 	 8.523555704044721e-18
494.49471471471475 	 2.8858388660682685e-08 	 8.489101128658511e-18
494.99519519519527 	 2.882921047801952e-08 	 8.454820471155037e-18
495.4956756756757 	 2.880009123880066e-08 	 8.420712679125462e-18
495.9961561561562 	 2.8771030764597027e-08 	 8.386776707583143e-18
496.4966366366367 	 2.8742028877699007e-08 	 8.353011518903902e-18
496.99711711711717 	 2.871308540111279e-08 	 8.31941608276678e-18
497.49759759759763 	 2.868420015855681e-08 	 8.285989376095377e-18
497.99807807807815 	 2.8655372974458113e-08 	 8.252730382999656e-18
498.4985585585586 	 2.8626603673948856e-08 	 8.219638094718363e-18
498.9990390390391 	 2.859789208286272e-08 	 8.186711509561855e-18
499.4995195195196 	 2.856923802773144e-08 	 8.153949632855546e-18
500.0 	 2.8540641335781286e-08 	 8.121351476883803e-18
