3.5233633633633636 	 3.517847064993383e-06 	 9.530995353315338e-10
4.023843843843844 	 3.5076164117400027e-06 	 5.297563431251868e-10
4.524324324324325 	 3.4929365461761683e-06 	 3.096402213749176e-10
5.0248048048048055 	 3.4717164556498397e-06 	 1.8735152056305854e-10
5.525285285285285 	 3.4407233355504973e-06 	 1.158267553794164e-10
6.025765765765766 	 3.3947892989566238e-06 	 7.227111992515822e-11
6.526246246246247 	 3.325519615376329e-06 	 4.4898110264517525e-11
7.026726726726727 	 3.2187114388104957e-06 	 2.7288842853800678e-11
7.527207207207208 	 3.049501705264246e-06 	 1.5796817679600907e-11
8.027687687687688 	 2.772316559548783e-06 	 8.290325744925923e-12
8.528168168168168 	 2.2987687358113247e-06 	 3.5210256239879654e-12
9.02864864864865 	 1.4442690166772712e-06 	 8.185227820503497e-13
9.52912912912913 	 2.1762720696504118e-07 	 1.2759884164616221e-14
10.029609609609611 	 3.8144425075445507e-06 	 1.6961861898993271e-12
10.530090090090091 	 1.2331546455445082e-05 	 8.17399717751251e-12
11.030570570570571 	 2.569077032723756e-05 	 1.9625243873102014e-11
11.531051051051053 	 3.466336710885898e-05 	 2.7235052018580953e-11
12.031531531531533 	 3.810501417683485e-05 	 2.8936121958152836e-11
12.532012012012013 	 3.847923466365617e-05 	 2.7398828544422594e-11
13.032492492492494 	 3.7994239909778095e-05 	 2.5417513249193213e-11
13.532972972972974 	 3.751044920511918e-05 	 2.3950428905089388e-11
14.033453453453454 	 3.632144583586488e-05 	 2.1521343489486864e-11
14.533933933933936 	 3.581374759711285e-05 	 2.0023387464861833e-11
15.034414414414416 	 3.6275039937043114e-05 	 2.0022800184875668e-11
15.534894894894897 	 3.73237291773339e-05 	 2.1175411865091527e-11
16.035375375375377 	 3.858318771493891e-05 	 2.3213806391021416e-11
16.535855855855857 	 3.9419311182029787e-05 	 2.5354819360368512e-11
17.036336336336337 	 3.91362804545665e-05 	 2.6067468269350334e-11
17.53681681681682 	 3.8098458310836886e-05 	 2.5453729691882393e-11
18.0372972972973 	 3.687106386707655e-05 	 2.4571384236454492e-11
18.53777777777778 	 3.543711198912958e-05 	 2.3572612768524303e-11
19.03825825825826 	 3.363901387477784e-05 	 2.2249527671850032e-11
19.53873873873874 	 3.1393098371137085e-05 	 2.044848651857524e-11
20.039219219219223 	 2.874286487306364e-05 	 1.8165674110348315e-11
20.539699699699703 	 2.5896598180717573e-05 	 1.5578858060762157e-11
21.040180180180183 	 2.3192142554134103e-05 	 1.2998526421185383e-11
21.540660660660663 	 2.0950763532076087e-05 	 1.0723982866870188e-11
22.041141141141143 	 1.9331616121129347e-05 	 8.916107244195645e-12
22.541621621621623 	 1.8308909018951096e-05 	 7.585778232359151e-12
23.042102102102106 	 1.7745119321923338e-05 	 6.657865337766842e-12
23.542582582582586 	 1.747103175168082e-05 	 6.031098448352154e-12
24.043063063063066 	 1.733591578482904e-05 	 5.610389154272996e-12
24.543543543543546 	 1.7229061933746943e-05 	 5.318924981741009e-12
25.044024024024026 	 1.708191913663501e-05 	 5.100417749673759e-12
25.54450450450451 	 1.6860799425540717e-05 	 4.9171252029027655e-12
26.04498498498499 	 1.655550389827511e-05 	 4.745610207267093e-12
26.54546546546547 	 1.6170214504977223e-05 	 4.573147445519496e-12
27.04594594594595 	 1.571641216059038e-05 	 4.393972566024689e-12
27.54642642642643 	 1.520864167222871e-05 	 4.206761130094556e-12
28.04690690690691 	 1.4661501946873588e-05 	 4.01257499992946e-12
28.547387387387392 	 1.4088776507997845e-05 	 3.813755375635779e-12
29.047867867867872 	 1.3502621208153567e-05 	 3.6130990868477417e-12
29.548348348348352 	 1.2913142306586457e-05 	 3.413347640570415e-12
30.04882882882883 	 1.2328652051017075e-05 	 3.2168973437373605e-12
30.54930930930931 	 1.1755706750493891e-05 	 3.025773678115571e-12
31.049789789789795 	 1.1199277396715274e-05 	 2.8415360870952904e-12
31.550270270270275 	 1.0662891900479188e-05 	 2.665294937396132e-12
32.05075075075076 	 1.014905016551129e-05 	 2.497803191235159e-12
32.55123123123124 	 9.659155134760856e-06 	 2.3394679882022e-12
33.05171171171172 	 9.193961467836988e-06 	 2.1904521657904343e-12
33.5521921921922 	 8.753624838514082e-06 	 2.0506955455202386e-12
34.05267267267268 	 8.337814568051967e-06 	 1.9199975012352913e-12
34.55315315315316 	 7.945877344552362e-06 	 1.79803155175436e-12
35.053633633633645 	 7.576980913326426e-06 	 1.6844146277480664e-12
35.55411411411412 	 7.23000911011021e-06 	 1.5787003845818762e-12
36.054594594594604 	 6.903954432129305e-06 	 1.4804272900524579e-12
36.55507507507508 	 6.597603012774261e-06 	 1.389123018217479e-12
37.055555555555564 	 6.3097409050838024e-06 	 1.3043130591904412e-12
37.55603603603605 	 6.039293571532379e-06 	 1.2255491563701567e-12
38.056516516516524 	 5.785101567336149e-06 	 1.1523838837265553e-12
38.55699699699701 	 5.546065510905843e-06 	 1.0844095039917728e-12
39.057477477477484 	 5.321180044705751e-06 	 1.0212284635968316e-12
39.55795795795797 	 5.109495695895784e-06 	 9.624763927243539e-13
40.05843843843845 	 4.910067787638109e-06 	 9.078149467693909e-13
40.55891891891893 	 4.722047593679923e-06 	 8.569277339615695e-13
41.05939939939941 	 4.544683300703269e-06 	 8.095238927191072e-13
41.55987987987989 	 4.3772075698289725e-06 	 7.653299423442533e-13
42.06036036036037 	 4.218934201779294e-06 	 7.24100284687144e-13
42.56084084084085 	 4.069243647111622e-06 	 6.856081635428328e-13
43.06132132132133 	 3.927551407713453e-06 	 6.49642425811612e-13
43.56180180180181 	 3.7933091308006478e-06 	 6.160120200950038e-13
44.06228228228229 	 3.666026079916236e-06 	 5.845390008589125e-13
44.56276276276277 	 3.5452324712199055e-06 	 5.550648294281624e-13
45.06324324324325 	 3.430512333255302e-06 	 5.274355893700368e-13
45.56372372372373 	 3.3214574066789627e-06 	 5.015213730113504e-13
46.064204204204216 	 3.2177117507548743e-06 	 4.77192696549252e-13
46.56468468468469 	 3.1189398753119464e-06 	 4.5433735719682625e-13
47.065165165165176 	 3.0248256987550774e-06 	 4.3284862139373783e-13
47.56564564564565 	 2.9350830053650455e-06 	 4.126300578028731e-13
48.066126126126136 	 2.8494437812495695e-06 	 3.935922791595184e-13
48.56660660660662 	 2.7676559941292505e-06 	 3.7565527376042127e-13
49.067087087087096 	 2.68950068211747e-06 	 3.5874062392913816e-13
49.56756756756758 	 2.6147553791882022e-06 	 3.4277986156389373e-13
50.068048048048055 	 2.5432236728515235e-06 	 3.2770899022096806e-13
50.56852852852854 	 2.4747297794197158e-06 	 3.134673513130938e-13
51.06900900900902 	 2.4090872229819123e-06 	 3.0000311656409336e-13
51.5694894894895 	 2.3461491354044243e-06 	 2.872635030222832e-13
52.06996996996998 	 2.285760920767472e-06 	 2.7520329499060574e-13
52.57045045045046 	 2.2277867066897088e-06 	 2.6377710902867165e-13
53.07093093093094 	 2.1720946856866024e-06 	 2.5294729587883943e-13
53.571411411411425 	 2.118568171150087e-06 	 2.42674863803737e-13
54.0718918918919 	 2.0670868709357487e-06 	 2.3292703933662606e-13
54.572372372372385 	 2.0175534921122287e-06 	 2.2366928294120838e-13
55.07285285285286 	 1.969862989936089e-06 	 2.1487463334106197e-13
55.573333333333345 	 1.9239267305616804e-06 	 2.0651309861301518e-13
56.07381381381382 	 1.8796541986753424e-06 	 1.9856078231277856e-13
56.574294294294305 	 1.8369698467338073e-06 	 1.9099245388189861e-13
57.07477477477479 	 1.7957924207154716e-06 	 1.8378569029975344e-13
57.575255255255264 	 1.7560485859518539e-06 	 1.7692143183251124e-13
58.07573573573575 	 1.717672153060995e-06 	 1.7037846136073488e-13
58.576216216216224 	 1.6806008512574185e-06 	 1.641398037647038e-13
59.07669669669671 	 1.6447721281413093e-06 	 1.581873824661143e-13
59.57717717717719 	 1.6101323153128642e-06 	 1.5250596887846598e-13
60.07765765765767 	 1.5766264326635786e-06 	 1.4708128309934704e-13
60.57813813813815 	 1.544204764385884e-06 	 1.418980125800739e-13
61.07861861861863 	 1.5128182648797296e-06 	 1.3694454579726787e-13
61.57909909909911 	 1.4824246317458367e-06 	 1.3220795863225046e-13
62.079579579579594 	 1.4529792343807883e-06 	 1.2767674223776642e-13
62.58006006006007 	 1.4244432495512255e-06 	 1.2334071289521776e-13
63.080540540540554 	 1.3967779886847877e-06 	 1.1918950964197685e-13
63.58102102102103 	 1.3699441573719167e-06 	 1.1521353505182266e-13
64.0815015015015 	 1.3439142817112855e-06 	 1.1140415640908253e-13
64.58198198198198 	 1.3186516351279788e-06 	 1.0775212591764145e-13
65.08246246246247 	 1.2941228788343978e-06 	 1.0425122027149405e-13
65.58294294294295 	 1.270304735832614e-06 	 1.0089248733680824e-13
66.08342342342343 	 1.2471672192745374e-06 	 9.766943284609086e-14
66.5839039039039 	 1.2246803867503404e-06 	 9.457592130029554e-14
67.08438438438439 	 1.20282585081921e-06 	 9.160495846833617e-14
67.58486486486487 	 1.1815722730784898e-06 	 8.875151882450466e-14
68.08534534534535 	 1.160902741486879e-06 	 8.600929672254084e-14
68.58582582582584 	 1.1407941275989477e-06 	 8.337294287672614e-14
69.08630630630631 	 1.1212246634301957e-06 	 8.083850229983339e-14
69.58678678678679 	 1.102173595522017e-06 	 7.84005264111535e-14
70.08726726726728 	 1.0836238647953553e-06 	 7.605450138456494e-14
70.58774774774776 	 1.0655583680958693e-06 	 7.379666590492736e-14
71.08822822822823 	 1.0479588829306473e-06 	 7.162282766499408e-14
71.58870870870871 	 1.030808883966047e-06 	 6.952914441911935e-14
72.0891891891892 	 1.0140919820541761e-06 	 6.751244400019086e-14
72.58966966966968 	 9.977968230214848e-07 	 6.55686859537748e-14
73.09015015015015 	 9.81904417149761e-07 	 6.369546486203047e-14
73.59063063063064 	 9.664040714305577e-07 	 6.188891615975752e-14
74.09111111111112 	 9.512810436909261e-07 	 6.014693903293348e-14
74.5915915915916 	 9.365248921736169e-07 	 5.846615310974973e-14
75.09207207207209 	 9.221195377427131e-07 	 5.684429519522912e-14
75.59255255255256 	 9.080578590552158e-07 	 5.5278861852434564e-14
76.09303303303304 	 8.943262598504875e-07 	 5.376761950088617e-14
76.59351351351351 	 8.809157965588279e-07 	 5.2307887460611057e-14
77.093993993994 	 8.678173492648559e-07 	 5.089770974142743e-14
77.59447447447448 	 8.550168516577883e-07 	 4.953527558149555e-14
78.09495495495496 	 8.425088094063245e-07 	 4.821867902572057e-14
78.59543543543545 	 8.302823750653356e-07 	 4.6945802652429106e-14
79.09591591591592 	 8.183279667679006e-07 	 4.571494058957712e-14
79.5963963963964 	 8.066423786805737e-07 	 4.452442227624192e-14
80.09687687687689 	 7.952103536206972e-07 	 4.3372949726989523e-14
80.59735735735737 	 7.840289837184242e-07 	 4.225870910419839e-14
81.09783783783784 	 7.730906166671836e-07 	 4.118003307777752e-14
81.59831831831832 	 7.623857203150542e-07 	 4.013606294750678e-14
82.09879879879881 	 7.519093171770943e-07 	 3.912522356948021e-14
82.59927927927929 	 7.416553207275736e-07 	 3.81462603572812e-14
83.09975975975976 	 7.316152406121772e-07 	 3.7197982404955396e-14
83.60024024024025 	 7.217832412086298e-07 	 3.627923925330316e-14
84.10072072072073 	 7.121557281622846e-07 	 3.5388939643268986e-14
84.6012012012012 	 7.027262763046342e-07 	 3.4525806284950566e-14
85.10168168168168 	 6.934878767002397e-07 	 3.368906851193358e-14
85.60216216216217 	 6.844351106084132e-07 	 3.287776838447924e-14
86.10264264264265 	 6.755647582026088e-07 	 3.2090988158056484e-14
86.60312312312313 	 6.668710167652346e-07 	 3.132764547345672e-14
87.10360360360362 	 6.583494394467362e-07 	 3.058709256176064e-14
87.60408408408409 	 6.499932505050736e-07 	 2.986851051732235e-14
88.10456456456457 	 6.418025808794541e-07 	 2.917098033760343e-14
88.60504504504506 	 6.337676403930205e-07 	 2.849388651286364e-14
89.10552552552554 	 6.258888346851002e-07 	 2.7836405914950806e-14
89.60600600600601 	 6.181601049024003e-07 	 2.719780344355926e-14
90.10648648648649 	 6.105769278820974e-07 	 2.6577654774194566e-14
90.60696696696698 	 6.031356581946231e-07 	 2.597525660118163e-14
91.10744744744746 	 5.958359175029539e-07 	 2.538975566614446e-14
91.60792792792793 	 5.886699985354736e-07 	 2.4820991309321707e-14
92.10840840840842 	 5.816353640894015e-07 	 2.4268001658259505e-14
92.6088888888889 	 5.747297695743527e-07 	 2.3730512710576987e-14
93.10936936936938 	 5.679502284898062e-07 	 2.3207874488557807e-14
93.60984984984987 	 5.612943826966091e-07 	 2.2699599024025056e-14
94.11033033033034 	 5.547568479533853e-07 	 2.220524493044791e-14
94.61081081081082 	 5.483349848295198e-07 	 2.172441460039011e-14
95.1112912912913 	 5.420285584651705e-07 	 2.1256614964302545e-14
95.61177177177179 	 5.358318959489759e-07 	 2.0801393248076464e-14
96.11225225225226 	 5.29743961390393e-07 	 2.0358348123985182e-14
96.61273273273274 	 5.237618158982758e-07 	 1.9927125862298106e-14
97.11321321321323 	 5.178834663775054e-07 	 1.9507284610573163e-14
97.6136936936937 	 5.12105633008986e-07 	 1.9098497678712312e-14
98.11417417417418 	 5.064265117493992e-07 	 1.8700454996333184e-14
98.61465465465466 	 5.008425802535245e-07 	 1.831283783252467e-14
99.11513513513515 	 4.953533495305269e-07 	 1.7935218620872587e-14
99.61561561561562 	 4.899559989561274e-07 	 1.7567304013693897e-14
100.1160960960961 	 4.855932436244462e-07 	 1.721216526920973e-14
100.61657657657659 	 4.831778370566996e-07 	 1.6872249423515742e-14
101.11705705705707 	 4.807863406753205e-07 	 1.654068337269864e-14
101.61753753753754 	 4.784184011973466e-07 	 1.6217222193262176e-14
102.11801801801803 	 4.760736722655756e-07 	 1.5901629302579172e-14
102.61849849849851 	 4.737518142796778e-07 	 1.5593676135838444e-14
103.11897897897899 	 4.7145249423222546e-07 	 1.5293141837000192e-14
103.61945945945946 	 4.6917538554947484e-07 	 1.4999812963088057e-14
104.11993993993995 	 4.6692016793674017e-07 	 1.4713483201181482e-14
104.62042042042043 	 4.6468652722820615e-07 	 1.4433953097505224e-14
105.1209009009009 	 4.6247415524102896e-07 	 1.4161029798043995e-14
105.6213813813814 	 4.6028274963358785e-07 	 1.3894526800140313e-14
106.12186186186187 	 4.581120137677456e-07 	 1.3634263714560989e-14
106.62234234234235 	 4.5596165657498956e-07 	 1.3380066037544435e-14
107.12282282282284 	 4.5383139242632375e-07 	 1.3131764932365773e-14
107.62330330330332 	 4.517209410057932e-07 	 1.2889197019980253e-14
108.1237837837838 	 4.496300271875184e-07 	 1.2652204178327508e-14
108.62426426426427 	 4.47558380916131e-07 	 1.2420633349900645e-14
109.12474474474476 	 4.45505737090499e-07 	 1.21943363572035e-14
109.62522522522524 	 4.4347183545063664e-07 	 1.197316972573854e-14
110.12570570570571 	 4.414564204676987e-07 	 1.1756994514185412e-14
110.6261861861862 	 4.394592412369601e-07 	 1.1545676151447103e-14
111.12666666666668 	 4.374800513736882e-07 	 1.1339084280256555e-14
111.62714714714716 	 4.355186089118155e-07 	 1.1137092607051372e-14
112.12762762762763 	 4.3357467620532646e-07 	 1.093957875783903e-14
112.62810810810812 	 4.3164801983227323e-07 	 1.074642413978786e-14
113.1285885885886 	 4.297384105013398e-07 	 1.055751380829244e-14
113.62906906906908 	 4.2784562296087424e-07 	 1.0372736339273633e-14
114.12954954954957 	 4.2596943591031585e-07 	 1.0191983706485467e-14
114.63003003003004 	 4.241096319139412e-07 	 1.0015151163611486e-14
115.13051051051052 	 4.2226599731686096e-07 	 9.842137130943882e-15
115.63099099099101 	 4.204383221631975e-07 	 9.672843086448229e-15
116.13147147147149 	 4.186264001163789e-07 	 9.507173461026142e-15
116.63195195195196 	 4.168300283814845e-07 	 9.3450355377968e-15
117.13243243243244 	 4.150490076295813e-07 	 9.186339355226752e-15
117.63291291291293 	 4.132831419239927e-07 	 9.030997613945351e-15
118.1333933933934 	 4.115322386484404e-07 	 8.878925587090626e-15
118.63387387387388 	 4.0979610843700557e-07 	 8.730041034037586e-15
119.13435435435437 	 4.0807456510585574e-07 	 8.584264117367837e-15
119.63483483483485 	 4.0636742558668475e-07 	 8.441517322945649e-15
120.13531531531532 	 4.04674509861817e-07 	 8.301725382971977e-15
120.63579579579581 	 4.0299564090092686e-07 	 8.1648152018936e-15
121.13627627627629 	 4.013306445993265e-07 	 8.03071578505016e-15
121.63675675675677 	 3.9967934971777785e-07 	 7.899358169947154e-15
122.13723723723724 	 3.9804158782378366e-07 	 7.77067536004794e-15
122.63771771771773 	 3.964171932343165e-07 	 7.644602260982554e-15
123.13819819819821 	 3.9480600295994443e-07 	 7.521075619075778e-15
123.63867867867869 	 3.9320785665031353e-07 	 7.400033962101076e-15
124.13915915915918 	 3.916225965409491e-07 	 7.28141754217122e-15
124.63963963963965 	 3.9005006740133915e-07 	 7.165168280680396e-15
125.14012012012013 	 3.884901164842624e-07 	 7.0512297152161e-15
125.64060060060062 	 3.8694259347632933e-07 	 6.9395469483629924e-15
126.1410810810811 	 3.8540735044969856e-07 	 6.830066598323933e-15
126.64156156156157 	 3.8388424181493966e-07 	 6.7227367512869515e-15
127.14204204204205 	 3.8237312427500826e-07 	 6.6175069154696975e-15
127.64252252252254 	 3.808738567803047e-07 	 6.514327976776119e-15
128.14300300300303 	 3.793863004847854e-07 	 6.413152156002661e-15
128.64348348348352 	 3.779103187030986e-07 	 6.3139329675341114e-15
129.14396396396398 	 3.764457768687174e-07 	 6.216625179471694e-15
129.64444444444447 	 3.7499254249304126e-07 	 6.121184775138381e-15
130.14492492492496 	 3.7355048512544295e-07 	 6.027568915908926e-15
130.64540540540543 	 3.7211947631423247e-07 	 5.9357359053139316e-15
131.14588588588592 	 3.706993895685152e-07 	 5.845645154369812e-15
131.6463663663664 	 3.6929010032092023e-07 	 5.7572571480882206e-15
132.14684684684687 	 3.6789148589117526e-07 	 5.670533413120504e-15
132.64732732732736 	 3.665034254505066e-07 	 5.585436486494683e-15
133.14780780780782 	 3.651257999868416e-07 	 5.501929885404058e-15
133.6482882882883 	 3.637584922707932e-07 	 5.419978078008274e-15
134.1487687687688 	 3.6240138682240596e-07 	 5.339546455209374e-15
134.64924924924927 	 3.610543698786432e-07 	 5.2606013033666754e-15
135.14972972972976 	 3.597173293615974e-07 	 5.183109777915996e-15
135.65021021021025 	 3.5839015484740336e-07 	 5.1070398778600115e-15
136.1506906906907 	 3.57072737535838e-07 	 5.032360421097902e-15
136.6511711711712 	 3.5576497022058705e-07 	 4.959041020563682e-15
137.1516516516517 	 3.544667472601639e-07 	 4.887052061143978e-15
137.65213213213215 	 3.531779645494623e-07 	 4.816364677346915e-15
138.15261261261264 	 3.518985194919267e-07 	 4.746950731695156e-15
138.65309309309313 	 3.50628310972327e-07 	 4.678782793817092e-15
139.1535735735736 	 3.4936723933011945e-07 	 4.611834120211161e-15
139.6540540540541 	 3.481152063333802e-07 	 4.546078634659301e-15
140.15453453453458 	 3.4687211515329875e-07 	 4.4814909092665795e-15
140.65501501501504 	 3.4563787033921474e-07 	 4.418046146104689e-15
141.15549549549553 	 3.4441237779418555e-07 	 4.355720159438129e-15
141.65597597597602 	 3.4319554475107347e-07 	 4.294489358512563e-15
142.15645645645648 	 3.419872797491361e-07 	 4.234330730885625e-15
142.65693693693697 	 3.4078749261111053e-07 	 4.17522182628129e-15
143.15741741741743 	 3.3959609442077835e-07 	 4.1171407409496145e-15
143.65789789789793 	 3.3841299750099875e-07 	 4.060066102514248e-15
144.15837837837842 	 3.372381153922004e-07 	 4.003977055290992e-15
144.65885885885888 	 3.3607136283131856e-07 	 3.948853246061077e-15
145.15933933933937 	 3.3491265573116876e-07 	 3.894674810283639e-15
145.65981981981986 	 3.337619111602454e-07 	 3.841422358732355e-15
146.16030030030032 	 3.3261904732293555e-07 	 3.789076964541789e-15
146.6607807807808 	 3.314839835401375e-07 	 3.737620150649527e-15
147.1612612612613 	 3.303566402302754e-07 	 3.687033877620747e-15
147.66174174174176 	 3.2923693889069936e-07 	 3.637300531842281e-15
148.16222222222225 	 3.2812480207946287e-07 	 3.5884029140737794e-15
148.66270270270275 	 3.2702015339746825e-07 	 3.5403242283440208e-15
149.1631831831832 	 3.2592291747097175e-07 	 3.4930480711808228e-15
149.6636636636637 	 3.2483301993443915e-07 	 3.4465584211634634e-15
150.1641441441442 	 3.237503874137446e-07 	 3.400839628786938e-15
150.66462462462465 	 3.2267494750970437e-07 	 3.3558764066277075e-15
151.16510510510514 	 3.216066287819372e-07 	 3.311653819801032e-15
151.6655855855856 	 3.2054536073304513e-07 	 3.2681572767003226e-15
152.1660660660661 	 3.1949107379310536e-07 	 3.22537252000924e-15
152.66654654654658 	 3.184436993044681e-07 	 3.1832856179776976e-15
153.16702702702705 	 3.174031695068521e-07 	 3.1418829559531538e-15
153.66750750750754 	 3.1636941752273105e-07 	 3.101151228158904e-15
154.16798798798803 	 3.153423773430056e-07 	 3.061077429711457e-15
154.6684684684685 	 3.143219838129522e-07 	 3.0216488488692167e-15
155.16894894894898 	 3.133081726184455e-07 	 2.9828530595051075e-15
155.66942942942947 	 3.123008802724449e-07 	 2.9446779137959533e-15
156.16990990990993 	 3.113000441017422e-07 	 2.907111535121689e-15
156.67039039039042 	 3.103056022339622e-07 	 2.8701423111677343e-15
157.1708708708709 	 3.093174935848128e-07 	 2.83375888722414e-15
157.67135135135138 	 3.083356578455772e-07 	 2.797950159675207e-15
158.17183183183187 	 3.073600354708431e-07 	 2.7627052696736367e-15
158.67231231231236 	 3.063905676664654e-07 	 2.7280135969934287e-15
159.17279279279282 	 3.0542719637775514e-07 	 2.69386475405588e-15
159.6732732732733 	 3.044698642778906e-07 	 2.660248580123332e-15
160.1737537537538 	 3.035185147565458e-07 	 2.627155135655433e-15
160.67423423423426 	 3.025730919087318e-07 	 2.5945746968228704e-15
161.17471471471475 	 3.01633540523845e-07 	 2.5624977501737085e-15
161.67519519519522 	 3.0069980607492014e-07 	 2.530914987447652e-15
162.1756756756757 	 2.997718347080813e-07 	 2.499817300533653e-15
162.6761561561562 	 2.988495732321881e-07 	 2.469195776566504e-15
163.17663663663666 	 2.97932969108672e-07 	 2.439041693158155e-15
163.67711711711715 	 2.970219704415597e-07 	 2.4093465137596584e-15
164.17759759759764 	 2.961165259676783e-07 	 2.3801018831497873e-15
164.6780780780781 	 2.9521658504704015e-07 	 2.351299623046495e-15
165.1785585585586 	 2.9432209765340083e-07 	 2.3229317278374693e-15
165.67903903903908 	 2.934330143649898e-07 	 2.294990360426279e-15
166.17951951951954 	 2.925492863554082e-07 	 2.267467848190574e-15
166.68000000000004 	 2.9167086538468957e-07 	 2.240356679049015e-15
167.18048048048053 	 2.907977037905229e-07 	 2.2136494976337242e-15
167.680960960961 	 2.899297544796313e-07 	 2.187339101565058e-15
168.18144144144148 	 2.8906697091930566e-07 	 2.161418437825728e-15
168.68192192192197 	 2.882093071290881e-07 	 2.1358805992313034e-15
169.18240240240243 	 2.873567176726042e-07 	 2.1107188209942727e-15
169.68288288288292 	 2.8650915764953843e-07 	 2.0859264773788998e-15
170.18336336336338 	 2.8566658268775246e-07 	 2.061497078444241e-15
170.68384384384387 	 2.84828948935541e-07 	 2.0374242668727174e-15
171.18432432432436 	 2.839962130540246e-07 	 2.0137018148817924e-15
171.68480480480483 	 2.831683322096744e-07 	 1.9903236212162974e-15
172.18528528528532 	 2.823452640669678e-07 	 1.967283708219104e-15
172.6857657657658 	 2.815269667811724e-07 	 1.944576218977883e-15
173.18624624624627 	 2.807133989912539e-07 	 1.9221954145457356e-15
173.68672672672676 	 2.799045198129071e-07 	 1.9001356712335837e-15
174.18720720720725 	 2.7910028883170773e-07 	 1.8783914779723114e-15
174.6876876876877 	 2.7830066609638105e-07 	 1.856957433742585e-15
175.1881681681682 	 2.7750561211218583e-07 	 1.8358282450705052e-15
175.6886486486487 	 2.7671508783441255e-07 	 1.8149987235871836e-15
176.18912912912916 	 2.75929054661991e-07 	 1.7944637836504322e-15
176.68960960960965 	 2.751474744312073e-07 	 1.7742184400268386e-15
177.19009009009014 	 2.7437030940952746e-07 	 1.7542578056325117e-15
177.6905705705706 	 2.7359752228952483e-07 	 1.734577089330851e-15
178.1910510510511 	 2.728290761829103e-07 	 1.715171593785751e-15
178.69153153153155 	 2.720649346146627e-07 	 1.696036713368703e-15
179.19201201201204 	 2.713050615172575e-07 	 1.677167932118265e-15
179.69249249249253 	 2.70549421224992e-07 	 1.6585608217504874e-15
180.192972972973 	 2.6979797846840506e-07 	 1.6402110397188578e-15
180.6934534534535 	 2.690506983687897e-07 	 1.6221143273223977e-15
181.19393393393398 	 2.683075464327966e-07 	 1.6042665078606131e-15
181.69441441441444 	 2.675684885471263e-07 	 1.5866634848339793e-15
182.19489489489493 	 2.6683349097330975e-07 	 1.5693012401887396e-15
182.69537537537542 	 2.661025203425742e-07 	 1.5521758326048022e-15
183.19585585585588 	 2.65375543650793e-07 	 1.5352833958255531e-15
183.69633633633637 	 2.646525282535183e-07 	 1.5186201370284596e-15
184.19681681681686 	 2.639334418610948e-07 	 1.5021823352353599e-15
184.69729729729733 	 2.6321825253385264e-07 	 1.4859663397613576e-15
185.19777777777782 	 2.625069286773782e-07 	 1.469968568701289e-15
185.6982582582583 	 2.617994390378621e-07 	 1.4541855074527666e-15
186.19873873873877 	 2.6109575269752107e-07 	 1.438613707274787e-15
186.69921921921926 	 2.603958390700942e-07 	 1.4232497838809904e-15
187.19969969969975 	 2.5969966789641194e-07 	 1.4080904160666313e-15
187.7001801801802 	 2.5900720924003424e-07 	 1.3931323443683535e-15
188.2006606606607 	 2.583184334829603e-07 	 1.3783723697559301e-15
188.70114114114116 	 2.576333113214053e-07 	 1.3638073523550966e-15
189.20162162162165 	 2.5695181376164456e-07 	 1.3494342102006741e-15
189.70210210210215 	 2.5627391211592345e-07 	 1.335249918019178e-15
190.2025825825826 	 2.555995779984322e-07 	 1.3212515060401469e-15
190.7030630630631 	 2.5492878332134323e-07 	 1.3074360588354312e-15
191.2035435435436 	 2.5426150029091176e-07 	 1.2938007141857233e-15
191.70402402402405 	 2.5359770140363684e-07 	 1.2803426619736155e-15
192.20450450450454 	 2.5293735944248227e-07 	 1.267059143102487e-15
192.70498498498503 	 2.522804474731572e-07 	 1.2539474484405863e-15
193.2054654654655 	 2.516269388404536e-07 	 1.2410049177896068e-15
193.70594594594598 	 2.509768071646411e-07 	 1.2282289388771749e-15
194.20642642642648 	 2.5033002633791695e-07 	 1.2156169463726022e-15
194.70690690690694 	 2.49686570520912e-07 	 1.2031664209253307e-15
195.20738738738743 	 2.490464141392488e-07 	 1.190874888225471e-15
195.70786786786792 	 2.484095318801538e-07 	 1.1787399180858814e-15
196.20834834834838 	 2.4777589868912066e-07 	 1.166759123545244e-15
196.70882882882887 	 2.471454897666247e-07 	 1.1549301599915947e-15
197.20930930930933 	 2.4651828056488783e-07 	 1.1432507243057981e-15
197.70978978978982 	 2.4589424678469157e-07 	 1.1317185540244633e-15
198.2102702702703 	 2.4527336437223943e-07 	 1.120331426521806e-15
198.71075075075078 	 2.4465560951606634e-07 	 1.1090871582099967e-15
199.21123123123127 	 2.440409586439942e-07 	 1.097983603757502e-15
199.71171171171176 	 2.434293884201338e-07 	 1.0870186553250102e-15
200.21219219219222 	 2.4282087574193177e-07 	 1.076190241818473e-15
200.7126726726727 	 2.4221539773726085e-07 	 1.0654963281588392e-15
201.2131531531532 	 2.416129317615547e-07 	 1.0549349145680926e-15
201.71363363363366 	 2.410134553949848e-07 	 1.0445040358711614e-15
202.21411411411415 	 2.404169464396788e-07 	 1.034201760813319e-15
202.71459459459464 	 2.3982338291698117e-07 	 1.0240261913927054e-15
203.2150750750751 	 2.3923274306475366e-07 	 1.0139754622075807e-15
203.7155555555556 	 2.3864500533471536e-07 	 1.0040477398179583e-15
204.2160360360361 	 2.3806014838982236e-07 	 9.942412221212731e-16
204.71651651651655 	 2.3747815110168575e-07 	 9.845541377417293e-16
205.21699699699704 	 2.3689899254802694e-07 	 9.749847454330056e-16
205.71747747747753 	 2.3632265201017077e-07 	 9.655313334939909e-16
206.217957957958 	 2.3574910897057487e-07 	 9.561922191972353e-16
206.71843843843848 	 2.351783431103946e-07 	 9.469657482298062e-16
207.21891891891894 	 2.346103343070838e-07 	 9.378502941462638e-16
207.71939939939944 	 2.3404506263202982e-07 	 9.288442578334412e-16
208.21987987987993 	 2.3348250834822307e-07 	 9.199460669867768e-16
208.7203603603604 	 2.3292265190795937e-07 	 9.111541755978957e-16
209.22084084084088 	 2.3236547395057624e-07 	 9.024670634531865e-16
209.72132132132137 	 2.3181095530022078e-07 	 8.938832356431112e-16
210.22180180180183 	 2.3125907696365004e-07 	 8.854012220819917e-16
210.72228228228232 	 2.3070982012806203e-07 	 8.770195770380162e-16
211.2227627627628 	 2.3016316615895858e-07 	 8.687368786732475e-16
211.72324324324327 	 2.2961909659803752e-07 	 8.605517285933677e-16
212.22372372372377 	 2.2907759316111505e-07 	 8.524627514069537e-16
212.72420420420426 	 2.2853863773607778e-07 	 8.444685942940525e-16
213.22468468468472 	 2.2800221238086318e-07 	 8.365679265838336e-16
213.7251651651652 	 2.274682993214684e-07 	 8.287594393411131e-16
214.2256456456457 	 2.2693688094998732e-07 	 8.210418449615428e-16
214.72612612612616 	 2.264079398226749e-07 	 8.134138767752614e-16
215.22660660660665 	 2.2588145865803817e-07 	 8.058742886588045e-16
215.7270870870871 	 2.253574203349547e-07 	 7.984218546551029e-16
216.2275675675676 	 2.24835807890816e-07 	 7.910553686013565e-16
216.7280480480481 	 2.243166045196978e-07 	 7.83773643764623e-16
217.22852852852856 	 2.237997935705548e-07 	 7.765755124849339e-16
217.72900900900905 	 2.2328535854544068e-07 	 7.694598258257687e-16
218.22948948948954 	 2.2277328309775253e-07 	 7.624254532317181e-16
218.72996996997 	 2.2226355103049956e-07 	 7.554712821931757e-16
219.2304504504505 	 2.21756146294595e-07 	 7.485962179178887e-16
219.73093093093098 	 2.2125105298717212e-07 	 7.417991830092275e-16
220.23141141141144 	 2.207482553499224e-07 	 7.350791171510043e-16
220.73189189189193 	 2.2024773776745693e-07 	 7.28434976798708e-16
221.23237237237242 	 2.197494847656898e-07 	 7.218657348770018e-16
221.7328528528529 	 2.192534810102434e-07 	 7.153703804833448e-16
222.23333333333338 	 2.1875971130487502e-07 	 7.089479185975992e-16
222.73381381381387 	 2.182681605899254e-07 	 7.025973697974946e-16
223.23429429429433 	 2.1777881394078723e-07 	 6.963177699798109e-16
223.73477477477482 	 2.1729165656639482e-07 	 6.901081700871538e-16
224.23525525525528 	 2.1680667380773382e-07 	 6.839676358402061e-16
224.73573573573577 	 2.1632385113637078e-07 	 6.778952474753215e-16
225.23621621621626 	 2.1584317415300237e-07 	 6.718900994873522e-16
225.73669669669673 	 2.1536462858602414e-07 	 6.659513003775913e-16
226.23717717717722 	 2.1488820029011754e-07 	 6.600779724067123e-16
226.7376576576577 	 2.144138752448568e-07 	 6.542692513526081e-16
227.23813813813817 	 2.139416395533331e-07 	 6.485242862730063e-16
227.73861861861866 	 2.1347147944079746e-07 	 6.428422392727689e-16
228.23909909909915 	 2.1300338125332158e-07 	 6.372222852757684e-16
228.7395795795796 	 2.1253733145647593e-07 	 6.316636118012421e-16
229.2400600600601 	 2.1207331663402516e-07 	 6.261654187445224e-16
229.7405405405406 	 2.1161132348664087e-07 	 6.207269181620572e-16
230.24102102102106 	 2.1115133883063105e-07 	 6.153473340606207e-16
230.74150150150155 	 2.1069334959668578e-07 	 6.100259021906228e-16
231.24198198198204 	 2.1023734282863963e-07 	 6.047618698434364e-16
231.7424624624625 	 2.0978330568224977e-07 	 5.995544956526463e-16
232.242942942943 	 2.0933122542399008e-07 	 5.944030493991439e-16
232.74342342342348 	 2.0888108942986073e-07 	 5.893068118199814e-16
233.24390390390394 	 2.084328851842132e-07 	 5.842650744209035e-16
233.74438438438443 	 2.0798660027859004e-07 	 5.792771392924804e-16
234.2448648648649 	 2.075422224105801e-07 	 5.743423189297691e-16
234.74534534534538 	 2.070997393826878e-07 	 5.694599360554167e-16
235.24582582582588 	 2.066591391012172e-07 	 5.646293234461469e-16
235.74630630630634 	 2.062204095751704e-07 	 5.598498237625487e-16
236.24678678678683 	 2.057835389151592e-07 	 5.551207893820962e-16
236.74726726726732 	 2.053485153323317e-07 	 5.504415822353431e-16
237.24774774774778 	 2.0491532713731137e-07 	 5.458115736452106e-16
237.74822822822827 	 2.0448396273915042e-07 	 5.412301441693128e-16
238.24870870870876 	 2.0405441064429578e-07 	 5.36696683445256e-16
238.74918918918922 	 2.0362665945556823e-07 	 5.32210590038842e-16
239.24966966966971 	 2.032006978711545e-07 	 5.277712712951266e-16
239.7501501501502 	 2.027765146836118e-07 	 5.233781431922617e-16
240.25063063063067 	 2.0235409877888504e-07 	 5.190306301980755e-16
240.75111111111116 	 2.0193343913533592e-07 	 5.1472816512932065e-16
241.25159159159165 	 2.015145248227845e-07 	 5.104701890135471e-16
241.7520720720721 	 2.0109734500156243e-07 	 5.062561509535397e-16
242.2525525525526 	 2.0068188892157787e-07 	 5.020855079942652e-16
242.75303303303306 	 2.0026814592139246e-07 	 4.979577249922868e-16
243.25351351351355 	 1.9985610542730885e-07 	 4.938722744875817e-16
243.75399399399404 	 1.9944575695247038e-07 	 4.898286365777278e-16
244.2544744744745 	 1.9903709009597113e-07 	 4.858262987943965e-16
244.754954954955 	 1.9863009454197712e-07 	 4.818647559821154e-16
245.2554354354355 	 1.982247600588585e-07 	 4.779435101792502e-16
245.75591591591595 	 1.9782107649833205e-07 	 4.740620705011619e-16
246.25639639639644 	 1.9741903379461406e-07 	 4.702199530254905e-16
246.75687687687693 	 1.9701862196358405e-07 	 4.664166806795344e-16
247.2573573573574 	 1.9661983110195796e-07 	 4.626517831296673e-16
247.75783783783788 	 1.9622265138647178e-07 	 4.589247966727625e-16
248.25831831831837 	 1.958270730730751e-07 	 4.552352641295835e-16
248.75879879879884 	 1.9543308649613406e-07 	 4.515827347400957e-16
249.25927927927933 	 1.9504068206764425e-07 	 4.47966764060665e-16
249.75975975975982 	 1.9464985027645278e-07 	 4.443869138631064e-16
250.26024024024028 	 1.9426058168749e-07 	 4.4084275203554244e-16
250.76072072072077 	 1.9387286694101e-07 	 4.3733385248503787e-16
251.26120120120126 	 1.934866967518407e-07 	 4.3385979504197445e-16
251.76168168168172 	 1.9310206190864256e-07 	 4.3042016536613255e-16
252.2621621621622 	 1.9271895327317594e-07 	 4.270145548544413e-16
252.76264264264267 	 1.9233736177957767e-07 	 4.2364256055037203e-16
253.26312312312317 	 1.9195727843364578e-07 	 4.203037850549366e-16
253.76360360360366 	 1.9157869431213296e-07 	 4.169978364392599e-16
254.26408408408412 	 1.912016005620481e-07 	 4.137243281586979e-16
254.7645645645646 	 1.9082598839996628e-07 	 4.1048287896846876e-16
255.2650450450451 	 1.9045184911134677e-07 	 4.072731128407694e-16
255.76552552552556 	 1.9007917404985915e-07 	 4.040946588833468e-16
256.266006006006 	 1.8970795463671711e-07 	 4.0094715125949493e-16
256.7664864864865 	 1.893381823600203e-07 	 3.978302291094544e-16
257.266966966967 	 1.8896984877410363e-07 	 3.947435364731805e-16
257.76744744744747 	 1.8860294549889444e-07 	 3.9168672221446106e-16
258.26792792792793 	 1.882374642192767e-07 	 3.886594399463485e-16
258.76840840840845 	 1.8787339668446306e-07 	 3.8566134795789115e-16
259.2688888888889 	 1.8751073470737397e-07 	 3.8269210914213184e-16
259.7693693693694 	 1.8714947016402376e-07 	 3.797513909253499e-16
260.2698498498499 	 1.8678959499291423e-07 	 3.768388651975266e-16
260.77033033033035 	 1.8643110119443504e-07 	 3.739542082440077e-16
261.2708108108108 	 1.8607398083027057e-07 	 3.7109710067833773e-16
261.77129129129133 	 1.8571822602281454e-07 	 3.682672273762525e-16
262.2717717717718 	 1.8536382895459036e-07 	 3.65464277410797e-16
262.77225225225226 	 1.8501078186767865e-07 	 3.626879439885531e-16
263.2727327327328 	 1.8465907706315102e-07 	 3.5993792438695767e-16
263.77321321321324 	 1.843087069005108e-07 	 3.5721391989268635e-16
264.2736936936937 	 1.839596637971393e-07 	 3.5451563574108393e-16
264.7741741741742 	 1.8361194022774893e-07 	 3.518427810566223e-16
265.2746546546547 	 1.832655287238427e-07 	 3.4919506879436986e-16
265.77513513513514 	 1.8292042187317897e-07 	 3.4657221568244414e-16
266.2756156156156 	 1.8257661231924317e-07 	 3.4397394216544057e-16
266.7760960960961 	 1.82234092760725e-07 	 3.4139997234881076e-16
267.2765765765766 	 1.818928559510015e-07 	 3.3885003394417754e-16
267.77705705705705 	 1.81552894697626e-07 	 3.3632385821556375e-16
268.27753753753757 	 1.8121420186182276e-07 	 3.3382117992652545e-16
268.77801801801803 	 1.808767703579875e-07 	 3.3134173728816744e-16
269.2784984984985 	 1.8054059315319285e-07 	 3.288852719080231e-16
269.778978978979 	 1.8020566326670014e-07 	 3.264515287397886e-16
270.2794594594595 	 1.7987197376947606e-07 	 3.240402560338933e-16
270.77993993993994 	 1.795395177837148e-07 	 3.216512052888852e-16
271.28042042042046 	 1.7920828848236534e-07 	 3.192841312036256e-16
271.7809009009009 	 1.7887827908866468e-07 	 3.169387916302748e-16
272.2813813813814 	 1.7854948287567494e-07 	 3.146149475280473e-16
272.7818618618619 	 1.782218931658268e-07 	 3.123123629177359e-16
273.28234234234236 	 1.778955033304673e-07 	 3.1003080483697867e-16
273.7828228228228 	 1.7757030678941268e-07 	 3.0777004329626063e-16
274.28330330330334 	 1.7724629701050622e-07 	 3.0552985123563744e-16
274.7837837837838 	 1.7692346750918091e-07 	 3.033100044821652e-16
275.28426426426427 	 1.7660181184802671e-07 	 3.011102817080244e-16
275.7847447447448 	 1.7628132363636283e-07 	 2.989304643893282e-16
276.28522522522525 	 1.7596199652981438e-07 	 2.967703367655986e-16
276.7857057057057 	 1.7564382422989372e-07 	 2.9462968579990015e-16
277.2861861861862 	 1.7532680048358642e-07 	 2.92508301139621e-16
277.7866666666667 	 1.7501091908294157e-07 	 2.904059750778871e-16
278.28714714714715 	 1.7469617386466657e-07 	 2.883225025155987e-16
278.78762762762767 	 1.743825587097262e-07 	 2.8625768092408006e-16
279.28810810810813 	 1.740700675429463e-07 	 2.842113103083299e-16
279.7885885885886 	 1.7375869433262117e-07 	 2.8218319317085875e-16
280.2890690690691 	 1.7344843309012575e-07 	 2.8017313447611097e-16
280.7895495495496 	 1.7313927786953157e-07 	 2.7818094161545213e-16
281.29003003003004 	 1.7283122276722688e-07 	 2.762064243727162e-16
281.79051051051056 	 1.7252426192154097e-07 	 2.742493948903037e-16
282.290990990991 	 1.722183895123723e-07 	 2.723096676358178e-16
282.7914714714715 	 1.719135997608206e-07 	 2.7038705936922986e-16
283.291951951952 	 1.7160988692882308e-07 	 2.684813891105678e-16
283.79243243243246 	 1.7130724531879432e-07 	 2.6659247810811493e-16
284.2929129129129 	 1.7100566927326975e-07 	 2.647201498071097e-16
284.7933933933934 	 1.7070515317455342e-07 	 2.62864229818942e-16
285.2938738738739 	 1.7040569144436896e-07 	 2.610245458908326e-16
285.79435435435437 	 1.701072785435146e-07 	 2.5920092787598997e-16
286.29483483483483 	 1.6980990897152143e-07 	 2.573932077042348e-16
286.79531531531535 	 1.6951357726631565e-07 	 2.5560121935308567e-16
287.2957957957958 	 1.69218278003884e-07 	 2.5382479881929583e-16
287.7962762762763 	 1.689240057979429e-07 	 2.520637840908348e-16
288.2967567567568 	 1.6863075529961078e-07 	 2.5031801511930644e-16
288.79723723723725 	 1.6833852119708436e-07 	 2.4858733379279664e-16
289.2977177177177 	 1.6804729821531757e-07 	 2.4687158390914166e-16
289.79819819819824 	 1.677570811157042e-07 	 2.451706111496112e-16
290.2986786786787 	 1.6746786469576412e-07 	 2.4348426305300036e-16
290.79915915915916 	 1.6717964378883193e-07 	 2.418123889901187e-16
291.2996396396397 	 1.6689241326374954e-07 	 2.4015484013867527e-16
291.80012012012014 	 1.6660616802456184e-07 	 2.385114694585507e-16
292.3006006006006 	 1.6632090301021494e-07 	 2.368821316674459e-16
292.8010810810811 	 1.6603661319425808e-07 	 2.3526668321690874e-16
293.3015615615616 	 1.6575329358454857e-07 	 2.3366498226872573e-16
293.80204204204205 	 1.6547093922295927e-07 	 2.3207688867167374e-16
294.30252252252257 	 1.651895451850895e-07 	 2.30502263938629e-16
294.803003003003 	 1.649091065799789e-07 	 2.289409712240239e-16
295.3034834834835 	 1.6462961854982375e-07 	 2.273928753016457e-16
295.803963963964 	 1.6435107626969672e-07 	 2.258578425427742e-16
296.30444444444447 	 1.6407347494726915e-07 	 2.2433574089465025e-16
296.80492492492493 	 1.6379680982253621e-07 	 2.2282643985926974e-16
297.30540540540545 	 1.6352107616754472e-07 	 2.213298104724978e-16
297.8058858858859 	 1.6324626928612408e-07 	 2.1984572528350075e-16
298.3063663663664 	 1.6297238451361934e-07 	 2.183740583344832e-16
298.8068468468469 	 1.6269941721662754e-07 	 2.1691468514073446e-16
299.30732732732736 	 1.6242736279273627e-07 	 2.154674826709715e-16
299.8078078078078 	 1.6215621667026503e-07 	 2.140323293279777e-16
300.30828828828834 	 1.6188597430800922e-07 	 2.1260910492953106e-16
300.8087687687688 	 1.6161663119498642e-07 	 2.1119769068961703e-16
301.30924924924926 	 1.6134818285018578e-07 	 2.0979796919992245e-16
301.8097297297298 	 1.610806248223189e-07 	 2.0840982441160275e-16
302.31021021021024 	 1.6081395268957446e-07 	 2.0703314161732345e-16
302.8106906906907 	 1.6054816205937425e-07 	 2.056678074335653e-16
303.31117117117117 	 1.6028324856813203e-07 	 2.043137097831926e-16
303.8116516516517 	 1.6001920788101467e-07 	 2.02970737878279e-16
304.31213213213215 	 1.5975603569170604e-07 	 2.0163878220318895e-16
304.8126126126126 	 1.5949372772217248e-07 	 2.003177344979042e-16
305.31309309309313 	 1.5923227972243116e-07 	 1.9900748774159986e-16
305.8135735735736 	 1.5897168747032071e-07 	 1.977079361364604e-16
306.31405405405405 	 1.5871194677127362e-07 	 1.9641897509173137e-16
306.8145345345346 	 1.584530534580915e-07 	 1.951405012080077e-16
307.31501501501504 	 1.5819500339072193e-07 	 1.9387241226174926e-16
307.8154954954955 	 1.57937792456038e-07 	 1.9261460719002346e-16
308.315975975976 	 1.576814165676196e-07 	 1.913669860754702e-16
308.8164564564565 	 1.574258716655372e-07 	 1.901294501314858e-16
309.31693693693694 	 1.5717115371613732e-07 	 1.889019016876212e-16
309.81741741741746 	 1.5691725871183046e-07 	 1.8768424417519285e-16
310.3178978978979 	 1.5666418267088096e-07 	 1.8647638211310237e-16
310.8183783783784 	 1.5641192163719863e-07 	 1.8527822109385928e-16
311.3188588588589 	 1.5616047168013268e-07 	 1.8408966776980728e-16
311.81933933933936 	 1.559098288942679e-07 	 1.8291062983954952e-16
312.3198198198198 	 1.5565998939922197e-07 	 1.817410160345661e-16
312.82030030030035 	 1.5541094933944537e-07 	 1.80580736106027e-16
313.3207807807808 	 1.5516270488402336e-07 	 1.7942970081179355e-16
313.82126126126127 	 1.5491525222647903e-07 	 1.7828782190360363e-16
314.3217417417418 	 1.5466858758457918e-07 	 1.771550121144438e-16
314.82222222222225 	 1.5442270720014137e-07 	 1.7603118514609835e-16
315.3227027027027 	 1.541776073388431e-07 	 1.7491625565687797e-16
315.82318318318323 	 1.5393328429003287e-07 	 1.7381013924952157e-16
316.3236636636637 	 1.536897343665427e-07 	 1.727127524592714e-16
316.82414414414416 	 1.534469539045029e-07 	 1.7162401274211592e-16
317.3246246246247 	 1.5320493926315812e-07 	 1.705438384631999e-16
317.82510510510514 	 1.5296368682468554e-07 	 1.6947214888539849e-16
318.3255855855856 	 1.527231929940145e-07 	 1.684088641580519e-16
318.8260660660661 	 1.5248345419864787e-07 	 1.6735390530585982e-16
319.3265465465466 	 1.522444668884853e-07 	 1.6630719421793143e-16
319.82702702702704 	 1.5200622753564785e-07 	 1.652686536369893e-16
320.32750750750756 	 1.5176873263430443e-07 	 1.6423820714872469e-16
320.827987987988 	 1.5153197870050002e-07 	 1.6321577917130338e-16
321.3284684684685 	 1.512959622719848e-07 	 1.62201294945015e-16
321.82894894894895 	 1.5106067990804603e-07 	 1.6119468052207074e-16
322.32942942942947 	 1.508261281893404e-07 	 1.6019586275654045e-16
322.82990990990993 	 1.5059230371772843e-07 	 1.5920476929443147e-16
323.3303903903904 	 1.5035920311611067e-07 	 1.5822132856390428e-16
323.8308708708709 	 1.5012682302826467e-07 	 1.5724546976562451e-16
324.3313513513514 	 1.4989516011868428e-07 	 1.5627712286324873e-16
324.83183183183183 	 1.4966421107241987e-07 	 1.5531621857404124e-16
325.33231231231235 	 1.4943397259492007e-07 	 1.5436268835962078e-16
325.8327927927928 	 1.4920444141187562e-07 	 1.5341646441683614e-16
326.3332732732733 	 1.4897561426906354e-07 	 1.5247747966876455e-16
326.8337537537538 	 1.4874748793219371e-07 	 1.5154566775583643e-16
327.33423423423426 	 1.4852005918675643e-07 	 1.5062096302708128e-16
327.8347147147147 	 1.4829332483787136e-07 	 1.49703300531493e-16
328.33519519519524 	 1.4806728171013782e-07 	 1.4879261600951326e-16
328.8356756756757 	 1.4784192664748697e-07 	 1.4788884588463348e-16
329.33615615615616 	 1.476172565130344e-07 	 1.4699192725510752e-16
329.8366366366367 	 1.473932681889349e-07 	 1.461017978857812e-16
330.33711711711715 	 1.4716995857623818e-07 	 1.4521839620003043e-16
330.8375975975976 	 1.469473245947458e-07 	 1.4434166127180973e-16
331.3380780780781 	 1.4672536318286973e-07 	 1.4347153281780843e-16
331.8385585585586 	 1.4650407129749207e-07 	 1.4260795118971415e-16
332.33903903903905 	 1.4628344591382566e-07 	 1.4175085736657848e-16
332.83951951951957 	 1.4606348402527653e-07 	 1.4090019294728825e-16
333.34000000000003 	 1.4584418264330735e-07 	 1.4005590014313726e-16
333.8404804804805 	 1.4562553879730174e-07 	 1.3921792177049718e-16
334.340960960961 	 1.454075495344306e-07 	 1.383862012435888e-16
334.8414414414415 	 1.4519021191951892e-07 	 1.3756068256734899e-16
335.34192192192194 	 1.4497352303491396e-07 	 1.3674131033039316e-16
335.84240240240246 	 1.447574799803549e-07 	 1.3592802969807274e-16
336.3428828828829 	 1.4454207987284338e-07 	 1.3512078640562532e-16
336.8433633633634 	 1.4432731984651513e-07 	 1.3431952675141502e-16
337.3438438438439 	 1.4411319705251304e-07 	 1.3352419759026426e-16
337.84432432432436 	 1.4389970865886112e-07 	 1.327347463268741e-16
338.3448048048048 	 1.436868518503396e-07 	 1.3195112090933079e-16
338.8452852852853 	 1.4347462382836129e-07 	 1.311732698227e-16
339.3457657657658 	 1.432630218108487e-07 	 1.3040114208270464e-16
339.84624624624627 	 1.4305204303211292e-07 	 1.296346872294874e-16
340.34672672672673 	 1.4284168474273261e-07 	 1.2887385532145452e-16
340.84720720720725 	 1.4263194420943484e-07 	 1.2811859692920133e-16
341.3476876876877 	 1.4242281871497684e-07 	 1.2736886312951854e-16
341.8481681681682 	 1.4221430555802816e-07 	 1.266246054994751e-16
342.3486486486487 	 1.42006402053055e-07 	 1.258857761105816e-16
342.84912912912915 	 1.417991055302044e-07 	 1.2515232752302783e-16
343.3496096096096 	 1.415924133351903e-07 	 1.244242127799971e-16
343.85009009009013 	 1.4138632282917987e-07 	 1.237013854020541e-16
344.3505705705706 	 1.411808313886817e-07 	 1.2298379938160694e-16
344.85105105105106 	 1.4097593640543405e-07 	 1.2227140917744024e-16
345.3515315315316 	 1.4077163528629469e-07 	 1.2156416970932025e-16
345.85201201201204 	 1.4056792545313154e-07 	 1.208620363526698e-16
346.3524924924925 	 1.403648043427141e-07 	 1.2016496493331207e-16
346.852972972973 	 1.4016226940660597e-07 	 1.1947291172228278e-16
347.3534534534535 	 1.3996031811105841e-07 	 1.1878583343070987e-16
347.85393393393394 	 1.3975894793690446e-07 	 1.1810368720475814e-16
348.35441441441446 	 1.3955815637945424e-07 	 1.1742643062064026e-16
348.8548948948949 	 1.3935794094839144e-07 	 1.1675402167969243e-16
349.3553753753754 	 1.3915829916766978e-07 	 1.1608641880351113e-16
349.8558558558559 	 1.3895922857541137e-07 	 1.1542358082915511e-16
350.35633633633637 	 1.387607267238055e-07 	 1.1476546700440732e-16
350.85681681681683 	 1.3856279117900806e-07 	 1.1411203698309778e-16
351.35729729729735 	 1.3836541952104215e-07 	 1.1346325082048627e-16
351.8577777777778 	 1.3816860934369964e-07 	 1.1281906896870473e-16
352.3582582582583 	 1.379723582544433e-07 	 1.121794522722569e-16
352.8587387387388 	 1.3777666387430968e-07 	 1.1154436196357507e-16
353.35921921921926 	 1.375815238378132e-07 	 1.1091375965863494e-16
353.8596996996997 	 1.3738693579285067e-07 	 1.1028760735262423e-16
354.36018018018024 	 1.3719289740060696e-07 	 1.0966586741566744e-16
354.8606606606607 	 1.369994063354612e-07 	 1.0904850258860459e-16
355.36114114114116 	 1.3680646028489378e-07 	 1.0843547597882291e-16
355.8616216216217 	 1.366140569493944e-07 	 1.0782675105614167e-16
356.36210210210214 	 1.3642219404237062e-07 	 1.0722229164874862e-16
356.8625825825826 	 1.3623086929005725e-07 	 1.0662206193918778e-16
357.36306306306307 	 1.360400804314266e-07 	 1.060260264603975e-16
357.8635435435436 	 1.358498252180993e-07 	 1.0543415009179852e-16
358.36402402402405 	 1.3566010141425627e-07 	 1.0484639805543122e-16
358.8645045045045 	 1.3547090679655067e-07 	 1.0426273591214026e-16
359.364984984985 	 1.3528223915402143e-07 	 1.0368312955780855e-16
359.8654654654655 	 1.3509409628800704e-07 	 1.031075452196371e-16
360.36594594594595 	 1.3490647601205999e-07 	 1.025359494524712e-16
360.8664264264265 	 1.3471937615186225e-07 	 1.0196830913517338e-16
361.36690690690693 	 1.345327945451412e-07 	 1.0140459146704044e-16
361.8673873873874 	 1.3434672904158628e-07 	 1.0084476396426533e-16
362.3678678678679 	 1.341611775027665e-07 	 1.0028879445644341e-16
362.8683483483484 	 1.339761378020485e-07 	 9.973665108312125e-17
363.36882882882884 	 1.337916078245152e-07 	 9.918830229038827e-17
363.86930930930936 	 1.336075854668853e-07 	 9.864371682751109e-17
364.3697897897898 	 1.3342406863743335e-07 	 9.810286374360871e-17
364.8702702702703 	 1.3324105525591047e-07 	 9.75657123843687e-17
365.3707507507508 	 1.3305854325346583e-07 	 9.703223238880434e-17
365.87123123123126 	 1.3287653057256872e-07 	 9.650239368605131e-17
366.3717117117117 	 1.3269501516693102e-07 	 9.597616649220322e-17
366.87219219219224 	 1.3251399500143064e-07 	 9.545352130718644e-17
367.3726726726727 	 1.323334680520356e-07 	 9.49344289116734e-17
367.87315315315317 	 1.3215343230572835e-07 	 9.441886036403279e-17
368.3736336336337 	 1.3197388576043108e-07 	 9.390678699731756e-17
368.87411411411415 	 1.3179482642493158e-07 	 9.339818041628998e-17
369.3745945945946 	 1.3161625231880932e-07 	 9.28930124944814e-17
369.87507507507513 	 1.3143816147236287e-07 	 9.23912553712899e-17
370.3755555555556 	 1.312605519265372e-07 	 9.189288144911144e-17
370.87603603603606 	 1.3108342173285182e-07 	 9.139786339050613e-17
371.3765165165166 	 1.309067689533297e-07 	 9.09061741153998e-17
371.87699699699704 	 1.3073059166042649e-07 	 9.0417786798318e-17
372.3774774774775 	 1.305548879369604e-07 	 8.99326748656543e-17
372.877957957958 	 1.3037965587604266e-07 	 8.945081199297111e-17
373.3784384384385 	 1.3020489358100862e-07 	 8.897217210233345e-17
373.87891891891894 	 1.3003059916534926e-07 	 8.849672935967424e-17
374.37939939939946 	 1.298567707526432e-07 	 8.802445817219121e-17
374.8798798798799 	 1.296834064764896e-07 	 8.755533318577592e-17
375.3803603603604 	 1.2951050448044117e-07 	 8.708932928247242e-17
375.88084084084085 	 1.293380629179379e-07 	 8.66264215779667e-17
376.38132132132137 	 1.2916607995224143e-07 	 8.616658541910664e-17
376.8818018018018 	 1.289945537563699e-07 	 8.570979638145109e-17
377.3822822822823 	 1.2882348251303297e-07 	 8.525603026684788e-17
377.8827627627628 	 1.2865286441456796e-07 	 8.480526310104101e-17
378.38324324324327 	 1.2848269766287595e-07 	 8.435747113130645e-17
378.88372372372373 	 1.283129804693587e-07 	 8.391263082411549e-17
379.38420420420425 	 1.2814371105485607e-07 	 8.347071886282622e-17
379.8846846846847 	 1.279748876495837e-07 	 8.303171214540205e-17
380.3851651651652 	 1.2780650849307145e-07 	 8.259558778215731e-17
380.8856456456457 	 1.27638571834102e-07 	 8.216232309352927e-17
381.38612612612616 	 1.2747107593065048e-07 	 8.173189560787682e-17
381.8866066066066 	 1.2730401904982396e-07 	 8.130428305930478e-17
382.38708708708714 	 1.2713739946780166e-07 	 8.087946338551358e-17
382.8875675675676 	 1.2697121546977606e-07 	 8.045741472567505e-17
383.38804804804806 	 1.2680546534989353e-07 	 8.003811541833174e-17
383.8885285285286 	 1.2664014741119623e-07 	 7.962154399932194e-17
384.38900900900904 	 1.2647525996556434e-07 	 7.920767919972906e-17
384.8894894894895 	 1.2631080133365829e-07 	 7.87964999438537e-17
385.38996996997 	 1.2614676984486196e-07 	 7.838798534721096e-17
385.8904504504505 	 1.2598316383722606e-07 	 7.798211471454992e-17
386.39093093093095 	 1.2581998165741198e-07 	 7.75788675378968e-17
386.89141141141147 	 1.2565722166063605e-07 	 7.717822349462027e-17
387.39189189189193 	 1.2549488221061445e-07 	 7.678016244552021e-17
387.8923723723724 	 1.253329616795082e-07 	 7.638466443293733e-17
388.3928528528529 	 1.2517145844786872e-07 	 7.599170967888568e-17
388.8933333333334 	 1.2501037090458412e-07 	 7.560127858320643e-17
389.39381381381384 	 1.2484969744682528e-07 	 7.521335172174271e-17
389.89429429429435 	 1.2468943647999288e-07 	 7.482790984453582e-17
390.3947747747748 	 1.245295864176647e-07 	 7.444493387404236e-17
390.8952552552553 	 1.2437014568154308e-07 	 7.406440490337116e-17
391.3957357357358 	 1.242111127014031e-07 	 7.368630419454117e-17
391.89621621621626 	 1.2405248591504108e-07 	 7.331061317675908e-17
392.3966966966967 	 1.2389426376822332e-07 	 7.293731344471678e-17
392.89717717717724 	 1.237364447146353e-07 	 7.256638675690774e-17
393.3976576576577 	 1.2357902721583156e-07 	 7.219781503396377e-17
393.89813813813817 	 1.2342200974118537e-07 	 7.183158035700945e-17
394.3986186186186 	 1.2326539076783936e-07 	 7.14676649660363e-17
394.89909909909915 	 1.2310916878065618e-07 	 7.110605125829494e-17
395.3995795795796 	 1.2295334227216974e-07 	 7.07467217867059e-17
395.90006006006007 	 1.2279790974253656e-07 	 7.0389659258288e-17
396.4005405405406 	 1.2264286969948785e-07 	 7.003484653260516e-17
396.90102102102105 	 1.2248822065828154e-07 	 6.968226662023003e-17
397.4015015015015 	 1.2233396114165507e-07 	 6.933190268122595e-17
397.90198198198203 	 1.221800896797782e-07 	 6.8983738023645e-17
398.4024624624625 	 1.2202660481020658e-07 	 6.863775610204428e-17
398.90294294294296 	 1.2187350507783497e-07 	 6.829394051601734e-17
399.4034234234235 	 1.217207890348517e-07 	 6.795227500874356e-17
399.90390390390394 	 1.215684552406928e-07 	 6.761274346555313e-17
400.4043843843844 	 1.2141650226199685e-07 	 6.727532991250831e-17
400.9048648648649 	 1.2126492867255978e-07 	 6.694001851500034e-17
401.4053453453454 	 1.2111373305329054e-07 	 6.660679357636273e-17
401.90582582582584 	 1.2096291399216661e-07 	 6.627563953649918e-17
402.40630630630636 	 1.208124700841901e-07 	 6.59465409705274e-17
402.9067867867868 	 1.2066239993134414e-07 	 6.561948258743817e-17
403.4072672672673 	 1.2051270214254958e-07 	 6.529444922876885e-17
403.9077477477478 	 1.2036337533362194e-07 	 6.497142586729202e-17
404.40822822822827 	 1.2021441812722896e-07 	 6.465039760571868e-17
404.90870870870873 	 1.2006582915284786e-07 	 6.433134967541547e-17
405.40918918918925 	 1.1991760704672372e-07 	 6.40142674351368e-17
405.9096696696697 	 1.1976975045182748e-07 	 6.369913636977042e-17
406.4101501501502 	 1.1962225801781468e-07 	 6.338594208909706e-17
406.9106306306307 	 1.1947512840098422e-07 	 6.307467032656385e-17
407.41111111111115 	 1.1932836026423776e-07 	 6.27653069380714e-17
407.9115915915916 	 1.1918195227703892e-07 	 6.245783790077366e-17
408.41207207207214 	 1.1903590311537338e-07 	 6.215224931189178e-17
408.9125525525526 	 1.1889021146170874e-07 	 6.184852738754056e-17
409.41303303303306 	 1.1874487600495502e-07 	 6.154665846156768e-17
409.9135135135136 	 1.1859989544042527e-07 	 6.124662898440605e-17
410.41399399399404 	 1.1845526846979664e-07 	 6.094842552193852e-17
410.9144744744745 	 1.1831099380107141e-07 	 6.065203475437478e-17
411.414954954955 	 1.181670701485387e-07 	 6.035744347514108e-17
411.9154354354355 	 1.1802349623273633e-07 	 6.006463858978168e-17
412.41591591591595 	 1.1788027078041265e-07 	 5.977360711487224e-17
412.9163963963964 	 1.1773739252448911e-07 	 5.948433617694517e-17
413.4168768768769 	 1.1759486020402285e-07 	 5.919681301142686e-17
413.9173573573574 	 1.1745267256416958e-07 	 5.891102496158605e-17
414.41783783783785 	 1.1731082835614678e-07 	 5.862695947749391e-17
414.91831831831837 	 1.1716932633719708e-07 	 5.834460411499518e-17
415.41879879879883 	 1.1702816527055211e-07 	 5.806394653469083e-17
415.9192792792793 	 1.1688734392539629e-07 	 5.778497450093105e-17
416.4197597597598 	 1.1674686107683112e-07 	 5.750767588081979e-17
416.9202402402403 	 1.1660671550583978e-07 	 5.723203864322971e-17
417.42072072072074 	 1.1646690599925168e-07 	 5.695805085782771e-17
417.92120120120126 	 1.1632743134970757e-07 	 5.668570069411104e-17
418.4216816816817 	 1.1618829035562485e-07 	 5.641497642045389e-17
418.9221621621622 	 1.1604948182116282e-07 	 5.614586640316374e-17
419.4226426426427 	 1.159110045561887e-07 	 5.587835910554848e-17
419.92312312312316 	 1.157728573762435e-07 	 5.561244308699316e-17
420.4236036036036 	 1.1563503910250808e-07 	 5.5348107002046275e-17
420.92408408408414 	 1.1549754856177e-07 	 5.508533959951672e-17
421.4245645645646 	 1.1536038458638987e-07 	 5.482412972157949e-17
421.92504504504507 	 1.1522354601426852e-07 	 5.4564466302891376e-17
422.4255255255256 	 1.1508703168881399e-07 	 5.430633836971585e-17
422.92600600600605 	 1.1495084045890917e-07 	 5.404973503905761e-17
423.4264864864865 	 1.1481497117887928e-07 	 5.3794645517805787e-17
423.92696696696703 	 1.1467942270845975e-07 	 5.354105910188667e-17
424.4274474474475 	 1.1454419391276445e-07 	 5.328896517542527e-17
424.92792792792795 	 1.1440928366225386e-07 	 5.303835320991568e-17
425.4284084084085 	 1.1427469083270366e-07 	 5.2789212763400247e-17
425.92888888888893 	 1.1414041430517367e-07 	 5.2541533479657596e-17
426.4293693693694 	 1.1400645296597658e-07 	 5.2295305087398844e-17
426.9298498498499 	 1.1387280570664732e-07 	 5.205051739947257e-17
427.4303303303304 	 1.1373947142391245e-07 	 5.180716031207812e-17
427.93081081081084 	 1.136064490196598e-07 	 5.1565223803986974e-17
428.43129129129136 	 1.1347373740090836e-07 	 5.1324697935772606e-17
428.9317717717718 	 1.1334133547977825e-07 	 5.1085572849048164e-17
429.4322522522523 	 1.1320924217346111e-07 	 5.0847838765712135e-17
429.9327327327328 	 1.1307745640419048e-07 	 5.0611485987202097e-17
430.43321321321326 	 1.1294597709921258e-07 	 5.0376504893756145e-17
430.9336936936937 	 1.1281480319075711e-07 	 5.0142885943681845e-17
431.4341741741742 	 1.1268393361600843e-07 	 4.991061967263324e-17
431.9346546546547 	 1.1255336731707679e-07 	 4.9679696692894936e-17
432.43513513513517 	 1.1242310324096989e-07 	 4.945010769267396e-17
432.93561561561563 	 1.1229314033956447e-07 	 4.9221843435398705e-17
433.43609609609615 	 1.121634775695783e-07 	 4.8994894759025324e-17
433.9365765765766 	 1.1203411389254225e-07 	 4.87692525753514e-17
434.4370570570571 	 1.119050482747725e-07 	 4.8544907869336405e-17
434.9375375375376 	 1.1177627968734304e-07 	 4.832185169842938e-17
435.43801801801806 	 1.1164780710605841e-07 	 4.810007519190373e-17
435.9384984984985 	 1.115196295114264e-07 	 4.787956955019847e-17
436.43897897897904 	 1.1139174588863116e-07 	 4.766032604426657e-17
436.9394594594595 	 1.1126415522750646e-07 	 4.7442336014930074e-17
437.43993993993996 	 1.1113685652250901e-07 	 4.7225590872241307e-17
437.9404204204205 	 1.1100984877269207e-07 	 4.7010082094851475e-17
438.44090090090094 	 1.1088313098167929e-07 	 4.679580122938499e-17
438.9413813813814 	 1.1075670215763849e-07 	 4.6582739889820614e-17
439.4418618618619 	 1.1063056131325595e-07 	 4.6370889756878766e-17
439.9423423423424 	 1.1050470746571063e-07 	 4.6160242577415284e-17
440.44282282282285 	 1.1037913963664865e-07 	 4.595079016382116e-17
440.94330330330337 	 1.1025385685215793e-07 	 4.5742524393428376e-17
441.44378378378383 	 1.1012885814274306e-07 	 4.553543720792213e-17
441.9442642642643 	 1.1000414254330022e-07 	 4.5329520612758655e-17
442.4447447447448 	 1.0987970909309237e-07 	 4.512476667658906e-17
442.9452252252253 	 1.0975555683572466e-07 	 4.492116753068932e-17
443.44570570570573 	 1.0963168481911975e-07 	 4.4718715368395466e-17
443.94618618618625 	 1.0950809209549367e-07 	 4.451740244454508e-17
444.4466666666667 	 1.0938477772133153e-07 	 4.431722107492414e-17
444.9471471471472 	 1.092617407573635e-07 	 4.411816363571936e-17
445.4476276276277 	 1.0913898026854101e-07 	 4.392022256297635e-17
445.94810810810816 	 1.090164953240131e-07 	 4.372339035206309e-17
446.4485885885886 	 1.088942849971028e-07 	 4.352765955713873e-17
446.94906906906914 	 1.0877234836528377e-07 	 4.333302279062783e-17
447.4495495495496 	 1.086506845101572e-07 	 4.31394727226999e-17
447.95003003003006 	 1.0852929251742861e-07 	 4.294700208075415e-17
448.4505105105105 	 1.0840817147688504e-07 	 4.275560364890933e-17
448.95099099099104 	 1.0828732048237226e-07 	 4.256527026749875e-17
449.4514714714715 	 1.0816673863177217e-07 	 4.237599483257039e-17
449.95195195195197 	 1.0804642502698041e-07 	 4.218777029539193e-17
450.4524324324325 	 1.0792637877388393e-07 	 4.2000589661960674e-17
450.95291291291295 	 1.0780659898233904e-07 	 4.18144459925186e-17
451.4533933933934 	 1.0768708476614922e-07 	 4.162933240107193e-17
451.95387387387393 	 1.0756783524304334e-07 	 4.144524205491561e-17
452.4543543543544 	 1.0744884953465405e-07 	 4.1262168174162756e-17
452.95483483483486 	 1.0733012676649596e-07 	 4.10801040312782e-17
453.4553153153154 	 1.072116660679445e-07 	 4.089904295061735e-17
453.95579579579584 	 1.0709346657221445e-07 	 4.071897830796903e-17
454.4562762762763 	 1.0697552741633887e-07 	 4.053990353010322e-17
454.9567567567568 	 1.0685784774114808e-07 	 4.036181209432307e-17
455.4572372372373 	 1.0674042669124887e-07 	 4.018469752802153e-17
455.95771771771774 	 1.0662326341500358e-07 	 4.000855340824198e-17
456.45819819819826 	 1.0650635706450976e-07 	 3.9833373361243714e-17
456.9586786786787 	 1.0638970679557953e-07 	 3.9659151062071225e-17
457.4591591591592 	 1.0627331176771934e-07 	 3.948588023412803e-17
457.9596396396397 	 1.0615717114410975e-07 	 3.931355464875449e-17
458.46012012012017 	 1.0604128409158548e-07 	 3.914216812480997e-17
458.9606006006006 	 1.0592564978061527e-07 	 3.897171452825878e-17
459.46108108108115 	 1.058102673852823e-07 	 3.880218777176059e-17
459.9615615615616 	 1.0569513608326444e-07 	 3.8633581814264435e-17
460.46204204204207 	 1.0558025505581469e-07 	 3.8465890660607005e-17
460.9625225225226 	 1.054656234877418e-07 	 3.8299108361114594e-17
461.46300300300305 	 1.0535124056739104e-07 	 3.813322901120924e-17
461.9634834834835 	 1.0523710548662493e-07 	 3.7968246751018274e-17
462.46396396396403 	 1.0512321744080428e-07 	 3.7804155764988116e-17
462.9644444444445 	 1.0500957562876932e-07 	 3.764095028150155e-17
463.46492492492496 	 1.0489617925282081e-07 	 3.7478624572498676e-17
463.9654054054055 	 1.0478302751870143e-07 	 3.731717295310177e-17
464.46588588588594 	 1.0467011963557728e-07 	 3.71565897812436e-17
464.9663663663664 	 1.0455745481601937e-07 	 3.699686945729932e-17
465.4668468468469 	 1.0444503227598537e-07 	 3.683800642372204e-17
465.9673273273274 	 1.0433285123480142e-07 	 3.667999516468186e-17
466.46780780780784 	 1.0422091091514403e-07 	 3.652283020570835e-17
466.9682882882883 	 1.0410921054302215e-07 	 3.6366506113336474e-17
467.4687687687688 	 1.0399774934775928e-07 	 3.621101749475595e-17
467.9692492492493 	 1.0388652656197593e-07 	 3.6056358997464116e-17
468.46972972972975 	 1.0377554142157169e-07 	 3.5902525308921705e-17
468.97021021021027 	 1.0366479316570803e-07 	 3.574951115621248e-17
469.47069069069073 	 1.0355428103679079e-07 	 3.559731130570573e-17
469.9711711711712 	 1.0344400428045284e-07 	 3.544592056272208e-17
470.4716516516517 	 1.0333396214553705e-07 	 3.5295333771202594e-17
470.9721321321322 	 1.0322415388407915e-07 	 3.514554581338098e-17
471.47261261261264 	 1.031145787512908e-07 	 3.4996551609458905e-17
471.97309309309315 	 1.0300523600554277e-07 	 3.484834611728437e-17
472.4735735735736 	 1.0289612490834819e-07 	 3.470092433203331e-17
472.9740540540541 	 1.0278724472434591e-07 	 3.4554281285893974e-17
473.4745345345346 	 1.0267859472128401e-07 	 3.440841204775449e-17
473.97501501501506 	 1.0257017417000338e-07 	 3.426331172289337e-17
474.4754954954955 	 1.0246198234442142e-07 	 3.4118975452672916e-17
474.97597597597604 	 1.0235401852151573e-07 	 3.397539841423542e-17
475.4764564564565 	 1.0224628198130822e-07 	 3.3832575820202526e-17
475.97693693693697 	 1.0213877200684882e-07 	 3.369050291837705e-17
476.4774174174175 	 1.0203148788419984e-07 	 3.3549174991448007e-17
476.97789789789795 	 1.0192442890242005e-07 	 3.3408587356698134e-17
477.4783783783784 	 1.018175943535489e-07 	 3.3268735365714254e-17
477.9788588588589 	 1.0171098353259107e-07 	 3.312961440410043e-17
478.4793393393394 	 1.0160459573750086e-07 	 3.299121989119368e-17
478.97981981981985 	 1.014984302691668e-07 	 3.2853547279782584e-17
479.48030030030037 	 1.013924864313964e-07 	 3.271659205582819e-17
479.98078078078083 	 1.0128676353090077e-07 	 3.25803497381879e-17
480.4812612612613 	 1.0118126087727971e-07 	 3.244481587834172e-17
480.9817417417418 	 1.010759777830065e-07 	 3.230998606012104e-17
481.4822222222223 	 1.009709135634131e-07 	 3.217585589944022e-17
481.98270270270274 	 1.0086606753667521e-07 	 3.204242104403032e-17
482.48318318318326 	 1.0076143902379755e-07 	 3.1909677173175506e-17
482.9836636636637 	 1.0065702734859926e-07 	 3.1777619997451966e-17
483.4841441441442 	 1.0055283183769922e-07 	 3.164624525846911e-17
483.9846246246247 	 1.0044885182050171e-07 	 3.151554872861328e-17
484.48510510510516 	 1.0034508662918188e-07 	 3.138552621079374e-17
484.9855855855856 	 1.002415355986716e-07 	 3.125617353819121e-17
485.4860660660661 	 1.0013819806664509e-07 	 3.112748657400839e-17
485.9865465465466 	 1.0003507337350494e-07 	 3.0999461211223206e-17
486.48702702702707 	 9.993216086236806e-08 	 3.087209337234408e-17
486.98750750750753 	 9.982945987905162e-08 	 3.0745379009167413e-17
487.48798798798805 	 9.972696977205925e-08 	 3.06193141025375e-17
487.9884684684685 	 9.962468989256736e-08 	 3.0493894662108606e-17
488.488948948949 	 9.952261959441134e-08 	 3.0369116726109117e-17
488.9894294294295 	 9.942075823407187e-08 	 3.024497636110785e-17
489.48990990990995 	 9.93191051706617e-08 	 3.012146966178286e-17
489.9903903903904 	 9.921765976591184e-08 	 2.999859275069182e-17
490.49087087087094 	 9.911642138415839e-08 	 2.9876341778044906e-17
490.9913513513514 	 9.901538939232937e-08 	 2.9754712921479746e-17
491.49183183183186 	 9.891456315993131e-08 	 2.963370238583817e-17
491.9923123123124 	 9.881394205903617e-08 	 2.951330640294518e-17
492.49279279279284 	 9.87135254642685e-08 	 2.9393521231390034e-17
492.9932732732733 	 9.861331275279224e-08 	 2.927434315630913e-17
493.4937537537538 	 9.851330330429793e-08 	 2.915576848917088e-17
493.9942342342343 	 9.841349650099005e-08 	 2.90377935675628e-17
494.49471471471475 	 9.831389172757403e-08 	 2.892041475498015e-17
494.99519519519527 	 9.821448837124381e-08 	 2.8803628440616784e-17
495.4956756756757 	 9.811528582166928e-08 	 2.8687431039157883e-17
495.9961561561562 	 9.801628347098362e-08 	 2.8571818990574344e-17
496.4966366366367 	 9.791748071377105e-08 	 2.845678875991927e-17
496.99711711711717 	 9.78188769470544e-08 	 2.834233683712618e-17
497.49759759759763 	 9.772047157028287e-08 	 2.82284597368091e-17
497.99807807807815 	 9.762226398531984e-08 	 2.8115153998064385e-17
498.4985585585586 	 9.752425359643078e-08 	 2.8002416184274484e-17
498.9990390390391 	 9.742643981027111e-08 	 2.78902428829132e-17
499.4995195195196 	 9.732882203587435e-08 	 2.7778630705353044e-17
500.0 	 9.723139968464015e-08 	 2.766757628667405e-17
