3.5233633633633636 	 9.537916277396697e-07 	 1.1918135712461631e-09
4.023843843843844 	 9.609386294063808e-07 	 6.775414826644259e-10
4.524324324324325 	 9.681680290653607e-07 	 4.0691854545973397e-10
5.0248048048048055 	 9.744681999347016e-07 	 2.543795260172153e-10
5.525285285285285 	 9.77902342953575e-07 	 1.635895051100784e-10
6.025765765765766 	 9.749416311809018e-07 	 1.0709946796544757e-10
6.526246246246247 	 9.590211638659748e-07 	 7.063172370802364e-11
7.026726726726727 	 9.178491766246431e-07 	 4.634345925542739e-11
7.527207207207208 	 8.279447513037237e-07 	 2.9732241562888256e-11
8.027687687687688 	 6.429557842439152e-07 	 1.813415728145488e-11
8.528168168168168 	 2.6773612949877697e-07 	 9.95849520521028e-12
9.02864864864865 	 5.030206736947183e-07 	 4.33286113716943e-12
9.52912912912913 	 2.1374385935241298e-06 	 1.0279646801821351e-12
10.029609609609611 	 5.753925974140969e-06 	 7.612741778730945e-13
10.530090090090091 	 1.3968654550199617e-05 	 6.155893544291875e-12
11.030570570570571 	 3.110650030870054e-05 	 2.2397249146082846e-11
11.531051051051053 	 5.397983484708053e-05 	 4.745246208178521e-11
12.031531531531533 	 6.239416707602963e-05 	 5.849157772158831e-11
12.532012012012013 	 5.681048869703499e-05 	 5.343026495713495e-11
13.032492492492494 	 5.001227857300613e-05 	 4.742855371804131e-11
13.532972972972974 	 4.105493773650031e-05 	 4.001873163854892e-11
14.033453453453454 	 3.385029444808853e-05 	 3.098314704952172e-11
14.533933933933936 	 3.105027836222552e-05 	 2.7086440411719802e-11
15.034414414414416 	 2.7937483382199e-05 	 2.5494906400583947e-11
15.534894894894897 	 2.2181074927910827e-05 	 2.2816383158032424e-11
16.035375375375377 	 1.5938862980352054e-05 	 1.8432491424895695e-11
16.535855855855857 	 1.1841420275705109e-05 	 1.4264461974758614e-11
17.036336336336337 	 9.726406123163902e-06 	 1.122877927178948e-11
17.53681681681682 	 8.658535060008962e-06 	 9.152107266009453e-12
18.0372972972973 	 8.041052559712399e-06 	 7.69785499588312e-12
18.53777777777778 	 7.58882847563261e-06 	 6.626999460130687e-12
19.03825825825826 	 7.178998699652162e-06 	 5.794449237511596e-12
19.53873873873874 	 6.767488648096361e-06 	 5.114515172838815e-12
20.039219219219223 	 6.351151257971713e-06 	 4.536777790690827e-12
20.539699699699703 	 5.950407874071814e-06 	 4.032572851867072e-12
21.040180180180183 	 5.598617182581716e-06 	 3.5874355521094097e-12
21.540660660660663 	 5.330880955576647e-06 	 3.1966119145577692e-12
22.041141141141143 	 5.16792746187399e-06 	 2.860793873586961e-12
22.541621621621623 	 5.100281659300277e-06 	 2.580876488588624e-12
23.042102102102106 	 5.085990990052356e-06 	 2.352950065281982e-12
23.542582582582586 	 5.070308062557921e-06 	 2.1670484816405034e-12
24.043063063063066 	 5.012464560834063e-06 	 2.0105491111677586e-12
24.543543543543546 	 4.897854346219746e-06 	 1.8726559473729357e-12
25.044024024024026 	 4.732542077079849e-06 	 1.746462078408921e-12
25.54450450450451 	 4.531698993202706e-06 	 1.6285203849949157e-12
26.04498498498499 	 4.311052361431152e-06 	 1.5174870871637494e-12
26.54546546546547 	 4.083267670454375e-06 	 1.4130185648306134e-12
27.04594594594595 	 3.857179025736683e-06 	 1.3150748252751528e-12
27.54642642642643 	 3.638343007355444e-06 	 1.2236418076155155e-12
28.04690690690691 	 3.4300393279806844e-06 	 1.1386111882639154e-12
28.547387387387392 	 3.2338424464737602e-06 	 1.0597796835428988e-12
29.047867867867872 	 3.0503337198243336e-06 	 9.868600840227003e-13
29.548348348348352 	 2.8794635129055107e-06 	 9.195138048049441e-13
30.04882882882883 	 2.7207642188018923e-06 	 8.573771589214469e-13
30.54930930930931 	 2.5735932343968926e-06 	 8.00074450866021e-13
31.049789789789795 	 2.4371768839766644e-06 	 7.472388845508797e-13
31.550270270270275 	 2.310753595150733e-06 	 6.985150373111203e-13
32.05075075075076 	 2.193534298896824e-06 	 6.535647609568472e-13
32.55123123123124 	 2.0847603747163535e-06 	 6.120754179757833e-13
33.05171171171172 	 1.9837526704820698e-06 	 5.737552535256152e-13
33.5521921921922 	 1.889842251764076e-06 	 5.38335062253987e-13
34.05267267267268 	 1.8024282272554602e-06 	 5.055684271235425e-13
34.55315315315316 	 1.7209667817843786e-06 	 4.752302850953097e-13
35.053633633633645 	 1.6449563778937555e-06 	 4.4711529272177297e-13
35.55411411411412 	 1.5739382507156022e-06 	 4.2103675779639127e-13
36.054594594594604 	 1.5075026065753597e-06 	 3.968236890153408e-13
36.55507507507508 	 1.445277362996073e-06 	 3.74322179563108e-13
37.055555555555564 	 1.3869155936246145e-06 	 3.5339054923705476e-13
37.55603603603605 	 1.33210927845613e-06 	 3.33901782056478e-13
38.056516516516524 	 1.2805876908084596e-06 	 3.1573882918412314e-13
38.55699699699701 	 1.2320878007945396e-06 	 2.987961882852025e-13
39.057477477477484 	 1.1863826388457312e-06 	 2.829773173487712e-13
39.55795795795797 	 1.1432597627572524e-06 	 2.6819466922024936e-13
40.05843843843845 	 1.1025274784348919e-06 	 2.543679660376635e-13
40.55891891891893 	 1.064014680917274e-06 	 2.4142409356251736e-13
41.05939939939941 	 1.0275614464618149e-06 	 2.2929667949908497e-13
41.55987987987989 	 9.93026109075283e-07 	 2.1792456432070165e-13
42.06036036036037 	 9.602657539451847e-07 	 2.0725214775183788e-13
42.56084084084085 	 9.291718649265986e-07 	 1.9722827409735872e-13
43.06132132132133 	 8.99621879590436e-07 	 1.8780622586144134e-13
43.56180180180181 	 8.715204671323303e-07 	 1.789430023003776e-13
44.06228228228229 	 8.447697334740327e-07 	 1.7059938157431455e-13
44.56276276276277 	 8.192832428457919e-07 	 1.6273899151054306e-13
45.06324324324325 	 7.949794694049748e-07 	 1.5532868202973044e-13
45.56372372372373 	 7.717902581698034e-07 	 1.483376823242207e-13
46.064204204204216 	 7.496434067350615e-07 	 1.4173774043322394e-13
46.56468468468469 	 7.284807049401072e-07 	 1.3550295199968547e-13
47.065165165165176 	 7.082388260783957e-07 	 1.2960908474380504e-13
47.56564564564565 	 6.888639078957364e-07 	 1.2403399062937068e-13
48.066126126126136 	 6.703090553102784e-07 	 1.187572437811696e-13
48.56660660660662 	 6.525260300691566e-07 	 1.1375956451119264e-13
49.067087087087096 	 6.354730323411998e-07 	 1.090235688363741e-13
49.56756756756758 	 6.191089051400674e-07 	 1.0453287996050954e-13
50.068048048048055 	 6.033933687068834e-07 	 1.0027225101290535e-13
50.56852852852854 	 5.882975559809189e-07 	 9.62277133815567e-14
51.06900900900902 	 5.737811191920649e-07 	 9.238615997204596e-14
51.5694894894895 	 5.598217007698985e-07 	 8.87354121540187e-14
52.06996996996998 	 5.463876534307012e-07 	 8.526423884423277e-14
52.57045045045046 	 5.334498380898927e-07 	 8.196197814259437e-14
53.07093093093094 	 5.209875212421586e-07 	 7.881887948314603e-14
53.571411411411425 	 5.089748885071169e-07 	 7.582582254011346e-14
54.0718918918919 	 4.973893900468276e-07 	 7.297419937790514e-14
54.572372372372385 	 4.862110089984856e-07 	 7.025605842047494e-14
55.07285285285286 	 4.7542121701304174e-07 	 6.766396202871511e-14
55.573333333333345 	 4.6500228043195526e-07 	 6.519086385111477e-14
56.07381381381382 	 4.549358847133485e-07 	 6.283027305473526e-14
56.574294294294305 	 4.452043288168203e-07 	 6.057611457915951e-14
57.07477477477479 	 4.357956000875683e-07 	 5.842260795461883e-14
57.575255255255264 	 4.2669351897025e-07 	 5.636440098405663e-14
58.07573573573575 	 4.1788478232273593e-07 	 5.439646185467683e-14
58.576216216216224 	 4.093563167222232e-07 	 5.251406968600705e-14
59.07669669669671 	 4.010973860320876e-07 	 5.0712745771285214e-14
59.57717717717719 	 3.9309490900531614e-07 	 4.898835811844778e-14
60.07765765765767 	 3.8533956041555736e-07 	 4.7336949165260974e-14
60.57813813813815 	 3.778186894613041e-07 	 4.575486877269999e-14
61.07861861861863 	 3.7052530627984506e-07 	 4.4238603332284276e-14
61.57909909909911 	 3.6344856483686227e-07 	 4.2784898156257054e-14
62.079579579579594 	 3.5657996462480105e-07 	 4.139067004985185e-14
62.58006006006007 	 3.4991158351661896e-07 	 4.005300433562663e-14
63.080540540540554 	 3.4343543968559486e-07 	 3.876916205431598e-14
63.58102102102103 	 3.371431868223243e-07 	 3.7536564551996726e-14
64.0815015015015 	 3.310289642412639e-07 	 3.635275307478557e-14
64.58198198198198 	 3.2508500958020376e-07 	 3.5215430173083816e-14
65.08246246246247 	 3.1930577847588064e-07 	 3.412240976125688e-14
65.58294294294295 	 3.1368467885478856e-07 	 3.307162063617909e-14
66.08342342342343 	 3.082167157385741e-07 	 3.2061109964054183e-14
66.5839039039039 	 3.0289369888261024e-07 	 3.1089075134314713e-14
67.08438438438439 	 2.9771261999347913e-07 	 3.015372442415642e-14
67.58486486486487 	 2.9266855947366675e-07 	 2.925339895173439e-14
68.08534534534535 	 2.877552601206587e-07 	 2.8386557336034716e-14
68.58582582582584 	 2.829683662073006e-07 	 2.7551706579545312e-14
69.08630630630631 	 2.783043245639644e-07 	 2.6747418976890683e-14
69.58678678678679 	 2.7375843113086867e-07 	 2.5972369746328998e-14
70.08726726726728 	 2.6932674238125046e-07 	 2.522527924382786e-14
70.58774774774776 	 2.6500436524108644e-07 	 2.4504964779127415e-14
71.08822822822823 	 2.607892307852685e-07 	 2.3810250242885212e-14
71.58870870870871 	 2.5667683364398707e-07 	 2.3140062746206954e-14
72.0891891891892 	 2.526639591889174e-07 	 2.2493368961185898e-14
72.58966966966968 	 2.4874725231362553e-07 	 2.1869175908701627e-14
73.09015015015015 	 2.449234346512428e-07 	 2.126656060132597e-14
73.59063063063064 	 2.411901060111133e-07 	 2.068461892166673e-14
74.09111111111112 	 2.375445583605376e-07 	 2.012250264505043e-14
74.5915915915916 	 2.3398284488724422e-07 	 1.9579411861312796e-14
75.09207207207209 	 2.305023015526993e-07 	 1.9054588074529378e-14
75.59255255255256 	 2.2710174842892804e-07 	 1.8547272503502993e-14
76.09303303303304 	 2.237783457895135e-07 	 1.8056775201101004e-14
76.59351351351351 	 2.2052906719869213e-07 	 1.758243678941688e-14
77.093993993994 	 2.1735255662704126e-07 	 1.712361179568644e-14
77.59447447447448 	 2.1424527103114786e-07 	 1.6679707361953617e-14
78.09495495495496 	 2.112063007313197e-07 	 1.625012602096651e-14
78.59543543543545 	 2.082327182284995e-07 	 1.5834335298184423e-14
79.09591591591592 	 2.053247607114216e-07 	 1.5431773775402944e-14
79.5963963963964 	 2.024771031090597e-07 	 1.5041981849864416e-14
80.09687687687689 	 1.9969110170192324e-07 	 1.466443429262289e-14
80.59735735735737 	 1.9696302234562273e-07 	 1.429869901428055e-14
81.09783783783784 	 1.9429219317483503e-07 	 1.3944320564107266e-14
81.59831831831832 	 1.916770752785731e-07 	 1.3600877797329187e-14
82.09879879879881 	 1.8911589715625734e-07 	 1.3267967316126836e-14
82.59927927927929 	 1.8660620974745283e-07 	 1.2945216232819973e-14
83.09975975975976 	 1.8414762465926856e-07 	 1.2632242158896746e-14
83.60024024024025 	 1.8173846933716098e-07 	 1.2328690663391424e-14
84.10072072072073 	 1.7937771461844745e-07 	 1.2034223339477115e-14
84.6012012012012 	 1.7706370806487185e-07 	 1.1748515070990662e-14
85.10168168168168 	 1.7479542682560514e-07 	 1.147125541045534e-14
85.60216216216217 	 1.7257163658793014e-07 	 1.1202145248579406e-14
86.10264264264265 	 1.7039072630914865e-07 	 1.0940898956588646e-14
86.60312312312313 	 1.6825213002834687e-07 	 1.0687241596506423e-14
87.10360360360362 	 1.6615429816991046e-07 	 1.0440909914953416e-14
87.60408408408409 	 1.6409606303654927e-07 	 1.0201651148068915e-14
88.10456456456457 	 1.6207683172195628e-07 	 9.969223226931787e-15
88.60504504504506 	 1.600954673427252e-07 	 9.743393117777067e-15
89.10552552552554 	 1.5815134164660048e-07 	 9.523928005506924e-15
89.60600600600601 	 1.5624267721076334e-07 	 9.310630243745894e-15
90.10648648648649 	 1.543693201827368e-07 	 9.10327655831875e-15
90.60696696696698 	 1.5253098370604216e-07 	 8.901669953670452e-15
91.10744744744746 	 1.5072488183260187e-07 	 8.70563537842335e-15
91.60792792792793 	 1.489520745496537e-07 	 8.514972716439864e-15
92.10840840840842 	 1.4721070920304503e-07 	 8.329514620474105e-15
92.6088888888889 	 1.455007380464562e-07 	 8.149084514791154e-15
93.10936936936938 	 1.4382090278077834e-07 	 7.973525055821419e-15
93.60984984984987 	 1.4217006979661243e-07 	 7.802680386705344e-15
94.11033033033034 	 1.4054858732885256e-07 	 7.636391534399803e-15
94.61081081081082 	 1.389548001496012e-07 	 7.474521086134918e-15
95.1112912912913 	 1.3738906282985777e-07 	 7.316921367936631e-15
95.61177177177179 	 1.3584986830599707e-07 	 7.163465255304383e-15
96.11225225225226 	 1.3433669916038806e-07 	 7.014016763560228e-15
96.61273273273274 	 1.3284945706947808e-07 	 6.868453305127229e-15
97.11321321321323 	 1.3138719378500644e-07 	 6.7266520172656844e-15
97.6136936936937 	 1.2994955973393826e-07 	 6.5884971387743375e-15
98.11417417417418 	 1.28535609315238e-07 	 6.453879798703787e-15
98.61465465465466 	 1.2714527946335505e-07 	 6.322686876329219e-15
99.11513513513515 	 1.257777586445128e-07 	 6.194816274455275e-15
99.61561561561562 	 1.2443259890212668e-07 	 6.070168182114296e-15
100.1160960960961 	 1.2334107235739143e-07 	 5.9489929437986034e-15
100.61657657657659 	 1.2272755715684765e-07 	 5.8315087728130845e-15
101.11705705705707 	 1.2212011516276948e-07 	 5.716910518272581e-15
101.61753753753754 	 1.2151865664100186e-07 	 5.6051135279483844e-15
102.11801801801803 	 1.209230936165383e-07 	 5.496036032443229e-15
102.61849849849851 	 1.2033333983062344e-07 	 5.389599033535355e-15
103.11897897897899 	 1.1974931069910416e-07 	 5.285726197364275e-15
103.61945945945946 	 1.1917092327198828e-07 	 5.18434375222605e-15
104.11993993993995 	 1.1859809619416943e-07 	 5.085380390758166e-15
104.62042042042043 	 1.1803074966727916e-07 	 4.988767176305474e-15
105.1209009009009 	 1.174688054126286e-07 	 4.894437453269552e-15
105.6213813813814 	 1.169121866352042e-07 	 4.802326761254161e-15
106.12186186186187 	 1.163608179886818e-07 	 4.712372752828948e-15
106.62234234234235 	 1.1581462554142632e-07 	 4.624515114742783e-15
107.12282282282284 	 1.152735367434443e-07 	 4.5386954924267186e-15
107.62330330330332 	 1.1473748039425891e-07 	 4.454857417634653e-15
108.1237837837838 	 1.1420638661167662e-07 	 4.372946239077413e-15
108.62426426426427 	 1.1368018680141788e-07 	 4.2929090559134e-15
109.12474474474476 	 1.1315881362758304e-07 	 4.214694653965587e-15
109.62522522522524 	 1.1264220098392752e-07 	 4.138253444541321e-15
110.12570570570571 	 1.1213028396592022e-07 	 4.063537405737401e-15
110.6261861861862 	 1.1162299884356024e-07 	 3.990500026118806e-15
111.12666666666668 	 1.1112028303492838e-07 	 3.9190962506648685e-15
111.62714714714716 	 1.1062207508044991e-07 	 3.849282428881895e-15
112.12762762762763 	 1.1012831461784676e-07 	 3.781016264986253e-15
112.62810810810812 	 1.0963894235775746e-07 	 3.7142567700664555e-15
113.1285885885886 	 1.0915390006000431e-07 	 3.64896421613733e-15
113.62906906906908 	 1.086731305104875e-07 	 3.585100092003439e-15
114.12954954954957 	 1.0819657749868758e-07 	 3.522627060853001e-15
114.63003003003004 	 1.0772418579575683e-07 	 3.4615089195071744e-15
115.13051051051052 	 1.0725590113318249e-07 	 3.401710559253284e-15
115.63099099099101 	 1.0679167018200361e-07 	 3.3431979281938213e-15
116.13147147147149 	 1.0633144053256589e-07 	 3.2859379950463754e-15
116.63195195195196 	 1.0587516067479721e-07 	 3.2298987143325776e-15
117.13243243243244 	 1.054227799789892e-07 	 3.1750489928971335e-15
117.63291291291293 	 1.0497424867706917e-07 	 3.1213586577006903e-15
118.1333933933934 	 1.0452951784434837e-07 	 3.068798424832937e-15
118.63387387387388 	 1.0408853938173195e-07 	 3.017339869694755e-15
119.13435435435437 	 1.0365126599837747e-07 	 2.9669553983006532e-15
119.63483483483485 	 1.0321765119478872e-07 	 2.9176182196548854e-15
120.13531531531532 	 1.0278764924633211e-07 	 2.8693023191568255e-15
120.63579579579581 	 1.0236121518716328e-07 	 2.821982432993145e-15
121.13627627627629 	 1.0193830479455226e-07 	 2.77563402347629e-15
121.63675675675677 	 1.0151887457359556e-07 	 2.730233255290553e-15
122.13723723723724 	 1.0110288174230413e-07 	 2.685756972608789e-15
122.63771771771773 	 1.0069028421705649e-07 	 2.642182677044449e-15
123.13819819819821 	 1.0028104059840651e-07 	 2.5994885064052033e-15
123.63867867867869 	 9.987511015723602e-08 	 2.557653214215887e-15
124.13915915915918 	 9.947245282124224e-08 	 2.5166561499799496e-15
124.63963963963965 	 9.90730291617509e-08 	 2.476477240149945e-15
125.14012012012013 	 9.867680038084566e-08 	 2.43709696977884e-15
125.64060060060062 	 9.828372829880527e-08 	 2.398496364825227e-15
126.1410810810811 	 9.789377534183973e-08 	 2.3606569750866194e-15
126.64156156156157 	 9.75069045301172e-08 	 2.323560857736167e-15
127.14204204204205 	 9.712307946607378e-08 	 2.287190561439176e-15
127.64252252252254 	 9.674226432299833e-08 	 2.2515291110268483e-15
128.14300300300303 	 9.63644238338847e-08 	 2.216559992705573e-15
128.64348348348352 	 9.598952328054417e-08 	 2.1822671397810946e-15
129.14396396396398 	 9.561752848297129e-08 	 2.1486349188776894e-15
129.64444444444447 	 9.524840578895549e-08 	 2.115648116633359e-15
130.14492492492496 	 9.488212206393313e-08 	 2.0832919268528702e-15
130.64540540540543 	 9.451864468107219e-08 	 2.0515519381011546e-15
131.14588588588592 	 9.41579415115842e-08 	 2.020414121720386e-15
131.6463663663664 	 9.379998091525733e-08 	 1.98986482025474e-15
132.14684684684687 	 9.344473173120427e-08 	 1.9598907362674268e-15
132.64732732732736 	 9.309216326881981e-08 	 1.9304789215353457e-15
133.14780780780782 	 9.274224529894235e-08 	 1.9016167666072032e-15
133.6482882882883 	 9.23949480452137e-08 	 1.873291990711564e-15
134.1487687687688 	 9.205024217563288e-08 	 1.8454926320018918e-15
134.64924924924927 	 9.170809879429751e-08 	 1.8182070381260615e-15
135.14972972972976 	 9.136848943332944e-08 	 1.7914238571084508e-15
135.65021021021025 	 9.103138604497856e-08 	 1.7651320285331084e-15
136.1506906906907 	 9.069676099390119e-08 	 1.7393207750170135e-15
136.6511711711712 	 9.03645870496077e-08 	 1.7139795939628273e-15
137.1516516516517 	 9.0034837379076e-08 	 1.6890982495810528e-15
137.65213213213215 	 8.970748553952582e-08 	 1.6646667651717925e-15
138.15261261261264 	 8.938250547134998e-08 	 1.6406754156567937e-15
138.65309309309313 	 8.905987149119912e-08 	 1.617114720352796e-15
139.1535735735736 	 8.87395582852154e-08 	 1.5939754359775278e-15
139.6540540540541 	 8.842154090241159e-08 	 1.5712485498800629e-15
140.15453453453458 	 8.810579474819236e-08 	 1.5489252734876006e-15
140.65501501501504 	 8.779229557801361e-08 	 1.5269970359609585e-15
141.15549549549553 	 8.748101949117665e-08 	 1.5054554780514535e-15
141.65597597597602 	 8.717194292475426e-08 	 1.4842924461520941e-15
142.15645645645648 	 8.686504264764472e-08 	 1.463499986536251e-15
142.65693693693697 	 8.656029575475112e-08 	 1.4430703397772875e-15
143.15741741741743 	 8.625767966128282e-08 	 1.4229959353428614e-15
143.65789789789793 	 8.595717209717594e-08 	 1.4032693863578106e-15
144.15837837837842 	 8.565875110163019e-08 	 1.3838834845298496e-15
144.65885885885888 	 8.53623950177589e-08 	 1.3648311952324256e-15
145.15933933933937 	 8.506808248734993e-08 	 1.3461056527393728e-15
145.65981981981986 	 8.477579244573456e-08 	 1.3277001556061755e-15
146.16030030030032 	 8.448550411676165e-08 	 1.3096081621928254e-15
146.6607807807808 	 8.419719700787481e-08 	 1.2918232863234877e-15
147.1612612612613 	 8.391085090529011e-08 	 1.2743392930783369e-15
147.66174174174176 	 8.362644586927167e-08 	 1.2571500947131056e-15
148.16222222222225 	 8.334396222950316e-08 	 1.2402497467020544e-15
148.66270270270275 	 8.306338058055259e-08 	 1.2236324439002331e-15
149.1631831831832 	 8.278468177742881e-08 	 1.2072925168210476e-15
149.6636636636637 	 8.250784693122658e-08 	 1.1912244280252885e-15
150.1641441441442 	 8.223285740485928e-08 	 1.1754227686179462e-15
150.66462462462465 	 8.195969480887629e-08 	 1.159882254849222e-15
151.16510510510514 	 8.168834099736364e-08 	 1.1445977248163253e-15
151.6655855855856 	 8.141877806392583e-08 	 1.1295641352627416e-15
152.1660660660661 	 8.115098833774684e-08 	 1.1147765584717666e-15
152.66654654654658 	 8.088495437972866e-08 	 1.100230179251258e-15
153.16702702702705 	 8.062065897870567e-08 	 1.0859202920066186e-15
153.66750750750754 	 8.035808514773269e-08 	 1.0718422978991499e-15
154.16798798798803 	 8.009721612044563e-08 	 1.0579917020870392e-15
154.6684684684685 	 7.983803534749267e-08 	 1.0443641110462955e-15
155.16894894894898 	 7.958052649303444e-08 	 1.030955229969082e-15
155.66942942942947 	 7.932467343131187e-08 	 1.017760860236966e-15
156.16990990990993 	 7.907046024327994e-08 	 1.004776896966694e-15
156.67039039039042 	 7.881787121330585e-08 	 9.919993266261854e-16
157.1708708708709 	 7.856689082593054e-08 	 9.794242247185327e-16
157.67135135135138 	 7.831750376269168e-08 	 9.670477535318374e-16
158.17183183183187 	 7.806969489900691e-08 	 9.548661599528253e-16
158.67231231231236 	 7.782344930111637e-08 	 9.428757733422392e-16
159.17279279279282 	 7.75787522230826e-08 	 9.310730034700623e-16
159.6732732732733 	 7.733558910384701e-08 	 9.194543385087178e-16
160.1737537537538 	 7.709394556434154e-08 	 9.08016343082442e-16
160.67423423423426 	 7.685380740465424e-08 	 8.96755656371079e-16
161.17471471471475 	 7.661516060124765e-08 	 8.856689902666213e-16
161.67519519519522 	 7.637799130422897e-08 	 8.747531275808802e-16
162.1756756756757 	 7.614228583467063e-08 	 8.640049203026954e-16
162.6761561561562 	 7.590803068198041e-08 	 8.534212879031854e-16
163.17663663663666 	 7.567521250131991e-08 	 8.429992156875602e-16
163.67711711711715 	 7.544381811107034e-08 	 8.327357531920828e-16
164.17759759759764 	 7.521383449034481e-08 	 8.226280126248144e-16
164.6780780780781 	 7.498524877654594e-08 	 8.126731673488136e-16
165.1785585585586 	 7.47580482629676e-08 	 8.028684504065006e-16
165.67903903903908 	 7.453222039644056e-08 	 7.93211153083972e-16
166.17951951951954 	 7.430775277502045e-08 	 7.836986235140456e-16
166.68000000000004 	 7.408463314571719e-08 	 7.743282653168827e-16
167.18048048048053 	 7.386284940226563e-08 	 7.650975362770835e-16
167.680960960961 	 7.364238958293582e-08 	 7.560039470561484e-16
168.18144144144148 	 7.342324186838237e-08 	 7.470450599392729e-16
168.68192192192197 	 7.320539457953223e-08 	 7.382184876154602e-16
169.18240240240243 	 7.29888361755099e-08 	 7.295218919899645e-16
169.68288288288292 	 7.277355525159936e-08 	 7.209529830281197e-16
170.18336336336338 	 7.255954053724196e-08 	 7.125095176296377e-16
170.68384384384387 	 7.234678089406947e-08 	 7.041892985324758e-16
171.18432432432436 	 7.213526531397185e-08 	 6.959901732454284e-16
171.68480480480483 	 7.192498291719849e-08 	 6.879100330085938e-16
172.18528528528532 	 7.17159229504928e-08 	 6.799468117809179e-16
172.6857657657658 	 7.150807478525924e-08 	 6.720984852540364e-16
173.18624624624627 	 7.130142791576205e-08 	 6.643630698916498e-16
173.68672672672676 	 7.109597195735498e-08 	 6.567386219936996e-16
174.18720720720725 	 7.089169664474194e-08 	 6.492232367846519e-16
174.6876876876877 	 7.068859183026716e-08 	 6.418150475251745e-16
175.1881681681682 	 7.048664748223481e-08 	 6.345122246465651e-16
175.6886486486487 	 7.028585368325743e-08 	 6.273129749072746e-16
176.18912912912916 	 7.008620062863227e-08 	 6.20215540570899e-16
176.68960960960965 	 6.98876786247455e-08 	 6.132181986050403e-16
177.19009009009014 	 6.969027808750331e-08 	 6.063192599004478e-16
177.6905705705706 	 6.949398954078946e-08 	 5.995170685098663e-16
178.1910510510511 	 6.929880361494902e-08 	 5.928100009060462e-16
178.69153153153155 	 6.910471104529744e-08 	 5.861964652583794e-16
179.19201201201204 	 6.891170267065461e-08 	 5.796749007276383e-16
179.69249249249253 	 6.871976943190353e-08 	 5.73243776778323e-16
180.192972972973 	 6.852890237057287e-08 	 5.669015925081262e-16
180.6934534534535 	 6.833909262744313e-08 	 5.606468759940408e-16
181.19393393393398 	 6.815033144117598e-08 	 5.544781836546589e-16
181.69441441441444 	 6.796261014696608e-08 	 5.483940996282116e-16
182.19489489489493 	 6.777592017521531e-08 	 5.423932351659232e-16
182.69537537537542 	 6.759025305022867e-08 	 5.364742280402615e-16
183.19585585585588 	 6.740560038893162e-08 	 5.306357419676763e-16
183.69633633633637 	 6.722195389960829e-08 	 5.24876466045435e-16
184.19681681681686 	 6.703930538066037e-08 	 5.191951142021755e-16
184.69729729729733 	 6.685764671938617e-08 	 5.135904246618026e-16
185.19777777777782 	 6.667696989077938e-08 	 5.08061159420369e-16
185.6982582582583 	 6.649726695634738e-08 	 5.026061037355991e-16
186.19873873873877 	 6.631853006294853e-08 	 4.972240656287053e-16
186.69921921921926 	 6.614075144164805e-08 	 4.91913875398179e-16
187.19969969969975 	 6.596392340659267e-08 	 4.866743851452359e-16
187.7001801801802 	 6.578803835390269e-08 	 4.815044683105962e-16
188.2006606606607 	 6.56130887605822e-08 	 4.764030192223151e-16
188.70114114114116 	 6.543906718344642e-08 	 4.713689526543593e-16
189.20162162162165 	 6.526596625806608e-08 	 4.664012033956513e-16
189.70210210210215 	 6.509377869772856e-08 	 4.614987258293078e-16
190.2025825825826 	 6.492249729241543e-08 	 4.566604935218006e-16
190.7030630630631 	 6.475211490779607e-08 	 4.518854988217847e-16
191.2035435435436 	 6.458262448423705e-08 	 4.471727524683389e-16
191.70402402402405 	 6.441401903582711e-08 	 4.425212832083775e-16
192.20450450450454 	 6.424629164941732e-08 	 4.379301374229881e-16
192.70498498498503 	 6.407943548367621e-08 	 4.33398378762477e-16
193.2054654654655 	 6.391344376815965e-08 	 4.289250877898818e-16
193.70594594594598 	 6.3748309802395e-08 	 4.245093616327469e-16
194.20642642642648 	 6.35840269549795e-08 	 4.2015031364294174e-16
194.70690690690694 	 6.342058866269269e-08 	 4.1584707306432025e-16
195.20738738738743 	 6.325798842962225e-08 	 4.1159878470801787e-16
195.70786786786792 	 6.309621982630344e-08 	 4.07404608635193e-16
196.20834834834838 	 6.293527648887161e-08 	 4.0326371984702576e-16
196.70882882882887 	 6.277515211822768e-08 	 3.9917530798178577e-16
197.20930930930933 	 6.261584047921631e-08 	 3.951385770187937e-16
197.70978978978982 	 6.245733539981662e-08 	 3.911527449891031e-16
198.2102702702703 	 6.229963077034505e-08 	 3.8721704369272845e-16
198.71075075075078 	 6.214272054267043e-08 	 3.833307184222646e-16
199.21123123123127 	 6.198659872944063e-08 	 3.794930276927234e-16
199.71171171171176 	 6.183125940332116e-08 	 3.7570324297745015e-16
200.21219219219222 	 6.167669669624496e-08 	 3.719606484499529e-16
200.7126726726727 	 6.152290479867342e-08 	 3.682645407315035e-16
201.2131531531532 	 6.136987795886856e-08 	 3.6461422864437256e-16
201.71363363363366 	 6.121761048217601e-08 	 3.6100903297055065e-16
202.21411411411415 	 6.106609673031843e-08 	 3.574482862158229e-16
202.71459459459464 	 6.091533112069974e-08 	 3.5393133237907045e-16
203.2150750750751 	 6.076530812571942e-08 	 3.5045752672666386e-16
203.7155555555556 	 6.061602227209686e-08 	 3.470262355718256e-16
204.2160360360361 	 6.046746814020585e-08 	 3.436368360588442e-16
204.71651651651655 	 6.03196403634187e-08 	 3.4028871595201606e-16
205.21699699699704 	 6.017253362745991e-08 	 3.3698127342920495e-16
205.71747747747753 	 6.002614266976941e-08 	 3.3371391687990286e-16
206.217957957958 	 5.988046227887504e-08 	 3.3048606470768877e-16
206.71843843843848 	 5.9735487293774e-08 	 3.2729714513697183e-16
207.21891891891894 	 5.959121260332345e-08 	 3.2414659602392555e-16
207.71939939939944 	 5.9447633145639854e-08 	 3.210338646715013e-16
208.21987987987993 	 5.930474390750698e-08 	 3.1795840764843447e-16
208.7203603603604 	 5.9162539923792324e-08 	 3.1491969061213807e-16
209.22084084084088 	 5.9021016276872136e-08 	 3.11917188135398e-16
209.72132132132137 	 5.8880168096064424e-08 	 3.089503835367767e-16
210.22180180180183 	 5.87399905570703e-08 	 3.0601876871463864e-16
210.72228228228232 	 5.8600478881423e-08 	 3.0312184398470756e-16
211.2227627627628 	 5.84616283359451e-08 	 3.0025911792108067e-16
211.72324324324327 	 5.832343423221304e-08 	 2.9743010720060817e-16
212.22372372372377 	 5.818589192602955e-08 	 2.946343364505674e-16
212.72420420420426 	 5.8048996816903315e-08 	 2.918713380995499e-16
213.22468468468472 	 5.7912744347536104e-08 	 2.8914065223148726e-16
213.7251651651652 	 5.777713000331698e-08 	 2.864418264427422e-16
214.2256456456457 	 5.764214931182369e-08 	 2.8377441570219504e-16
214.72612612612616 	 5.7507797842331053e-08 	 2.8113798221425465e-16
215.22660660660665 	 5.737407120532602e-08 	 2.7853209528472433e-16
215.7270870870871 	 5.72409650520298e-08 	 2.7595633118946234e-16
216.2275675675676 	 5.710847507392627e-08 	 2.7341027304576547e-16
216.7280480480481 	 5.697659700229721e-08 	 2.7089351068641825e-16
217.22852852852856 	 5.6845326607763803e-08 	 2.6840564053634426e-16
217.72900900900905 	 5.671465969983448e-08 	 2.659462654918006e-16
218.22948948948954 	 5.6584592126459024e-08 	 2.6351499480205676e-16
218.72996996997 	 5.6455119773588825e-08 	 2.611114439535029e-16
219.2304504504505 	 5.632623856474299e-08 	 2.5873523455612933e-16
219.73093093093098 	 5.619794446058066e-08 	 2.563859942323269e-16
220.23141141141144 	 5.6070233458478854e-08 	 2.5406335650795265e-16
220.73189189189193 	 5.59431015921163e-08 	 2.5176696070561133e-16
221.23237237237242 	 5.581654493106281e-08 	 2.494964518401029e-16
221.7328528528529 	 5.569055958037418e-08 	 2.47251480515986e-16
222.23333333333338 	 5.5565141680192626e-08 	 2.4503170282721004e-16
222.73381381381387 	 5.5440287405352634e-08 	 2.428367802587722e-16
223.23429429429433 	 5.5315992964992014e-08 	 2.406663795903504e-16
223.73477477477482 	 5.519225460216825e-08 	 2.3852017280186975e-16
224.23525525525528 	 5.5069068593479964e-08 	 2.363978369809609e-16
224.73573573573577 	 5.494643124869344e-08 	 2.34299054232266e-16
225.23621621621626 	 5.4824338910374114e-08 	 2.322235115885521e-16
225.73669669669673 	 5.4702787953523026e-08 	 2.301709009235938e-16
226.23717717717722 	 5.458177478521797e-08 	 2.2814091886678206e-16
226.7376576576577 	 5.4461295844259575e-08 	 2.2613326671942696e-16
227.23813813813817 	 5.434134760082187e-08 	 2.2414765037271093e-16
227.73861861861866 	 5.4221926556107613e-08 	 2.2218378022726136e-16
228.23909909909915 	 5.4103029242008084e-08 	 2.2024137111430474e-16
228.7395795795796 	 5.398465222076735e-08 	 2.1832014221836844e-16
229.2400600600601 	 5.3866792084650906e-08 	 2.164198170014952e-16
229.7405405405406 	 5.37494454556187e-08 	 2.1454012312894066e-16
230.24102102102106 	 5.363260898500241e-08 	 2.1268079239631833e-16
230.74150150150155 	 5.351627935318686e-08 	 2.1084156065816202e-16
231.24198198198204 	 5.340045326929567e-08 	 2.0902216775787656e-16
231.7424624624625 	 5.328512747088088e-08 	 2.0722235745904413e-16
232.242942942943 	 5.3170298723616675e-08 	 2.0544187737805948e-16
232.74342342342348 	 5.3055963820997e-08 	 2.036804789180649e-16
233.24390390390394 	 5.294211958403711e-08 	 2.0193791720415585e-16
233.74438438438443 	 5.2828762860978894e-08 	 2.0021395101983182e-16
234.2448648648649 	 5.271589052700007e-08 	 1.9850834274466612e-16
234.74534534534538 	 5.260349948392701e-08 	 1.9682085829316577e-16
235.24582582582588 	 5.249158665995127e-08 	 1.9515126705480035e-16
235.74630630630634 	 5.238014900934978e-08 	 1.934993418351723e-16
236.24678678678683 	 5.2269183512208445e-08 	 1.918648587983042e-16
236.74726726726732 	 5.215868717414943e-08 	 1.902475974100231e-16
237.24774774774778 	 5.2048657026061766e-08 	 1.8864734038241381e-16
237.74822822822827 	 5.1939090123835424e-08 	 1.8706387361932265e-16
238.24870870870876 	 5.1829983548098734e-08 	 1.8549698616288812e-16
238.74918918918922 	 5.1721334403959056e-08 	 1.8394647014107656e-16
239.24966966966971 	 5.1613139820746784e-08 	 1.8241212071620324e-16
239.7501501501502 	 5.150539695176248e-08 	 1.8089373603441672e-16
240.25063063063067 	 5.1398102974027255e-08 	 1.7939111717612856e-16
240.75111111111116 	 5.1291255088036175e-08 	 1.7790406810736617e-16
241.25159159159165 	 5.1184850517514774e-08 	 1.7643239563203206e-16
241.7520720720721 	 5.107888650917863e-08 	 1.7497590934504935e-16
242.2525525525526 	 5.097336033249582e-08 	 1.7353442158637606e-16
242.75303303303306 	 5.086826927945246e-08 	 1.7210774739587027e-16
243.25351351351355 	 5.076361066432097e-08 	 1.7069570446898726e-16
243.75399399399404 	 5.065938182343137e-08 	 1.692981131132948e-16
244.2544744744745 	 5.0555580114945234e-08 	 1.6791479620578587e-16
244.754954954955 	 5.045220291863248e-08 	 1.6654557915097553e-16
245.2554354354355 	 5.034924763565094e-08 	 1.6519028983976522e-16
245.75591591591595 	 5.0246711688328557e-08 	 1.6384875860905868e-16
246.25639639639644 	 5.014459251994821e-08 	 1.6252081820211278e-16
246.75687687687693 	 5.004288759453532e-08 	 1.6120630372961284e-16
247.2573573573574 	 4.99415943966478e-08 	 1.59905052631452e-16
247.75783783783788 	 4.984071043116876e-08 	 1.5861690463920484e-16
248.25831831831837 	 4.974023322310156e-08 	 1.5734170173927966e-16
248.75879879879884 	 4.964016031736751e-08 	 1.56079288136736e-16
249.25927927927933 	 4.9540489278605785e-08 	 1.5482951021975326e-16
249.75975975975982 	 4.944121769097596e-08 	 1.5359221652473927e-16
250.26024024024028 	 4.9342343157962783e-08 	 1.523672577020643e-16
250.76072072072077 	 4.9243863302183325e-08 	 1.5115448648240886e-16
251.26120120120126 	 4.9145775765196435e-08 	 1.4995375764371324e-16
251.76168168168172 	 4.90480782073145e-08 	 1.487649279787165e-16
252.2621621621622 	 4.895076830741734e-08 	 1.4758785626307243e-16
252.76264264264267 	 4.885384376276847e-08 	 1.4642240322403373e-16
253.26312312312317 	 4.875730228883338e-08 	 1.4526843150969028e-16
253.76360360360366 	 4.866114161910012e-08 	 1.4412580565875193e-16
254.26408408408412 	 4.856535950490187e-08 	 1.429943920708656e-16
254.7645645645646 	 4.8469953715241666e-08 	 1.4187405897745462e-16
255.2650450450451 	 4.837492203661919e-08 	 1.4076467641307235e-16
255.76552552552556 	 4.828026227285961e-08 	 1.3966611618725806e-16
256.266006006006 	 4.818597224494433e-08 	 1.385782518568857e-16
256.7664864864865 	 4.809204979084385e-08 	 1.375009586989975e-16
257.266966966967 	 4.7998492765352484e-08 	 1.3643411368411042e-16
257.76744744744747 	 4.790529903992508e-08 	 1.3537759544998942e-16
258.26792792792793 	 4.7812466502515506e-08 	 1.343312842758744e-16
258.76840840840845 	 4.7719993057417175e-08 	 1.3329506205715695e-16
259.2688888888889 	 4.7627876625105334e-08 	 1.3226881228049442e-16
259.7693693693694 	 4.753611514208112e-08 	 1.3125241999935417e-16
260.2698498498499 	 4.744470656071754e-08 	 1.3024577180998033e-16
260.77033033033035 	 4.735364884910717e-08 	 1.2924875582777488e-16
261.2708108108108 	 4.7262939990911494e-08 	 1.2826126166408303e-16
261.77129129129133 	 4.717257798521221e-08 	 1.2728318040337933e-16
262.2717717717718 	 4.708256084636402e-08 	 1.2631440458084267e-16
262.77225225225226 	 4.6992886603849185e-08 	 1.253548281603149e-16
263.2727327327328 	 4.690355330213374e-08 	 1.2440434651263604e-16
263.77321321321324 	 4.681455900052542e-08 	 1.2346285639434835e-16
264.2736936936937 	 4.6725901773033e-08 	 1.2253025592676155e-16
264.7741741741742 	 4.663757970822743e-08 	 1.2160644457537357e-16
265.2746546546547 	 4.654959090910448e-08 	 1.2069132312964092e-16
265.77513513513514 	 4.6461933492948854e-08 	 1.1978479368308844e-16
266.2756156156156 	 4.637460559119997e-08 	 1.1888675961375702e-16
266.7760960960961 	 4.628760534931917e-08 	 1.1799712556497917e-16
267.2765765765766 	 4.6200930926658414e-08 	 1.1711579742647815e-16
267.77705705705705 	 4.61145804963305e-08 	 1.162426823157836e-16
268.27753753753757 	 4.602855224508068e-08 	 1.1537768855995903e-16
268.77801801801803 	 4.59428443731598e-08 	 1.145207256776347e-16
269.2784984984985 	 4.585745509419869e-08 	 1.1367170436133895e-16
269.778978978979 	 4.577238263508412e-08 	 1.1283053646012523e-16
270.2794594594595 	 4.56876252358361e-08 	 1.119971349624876e-16
270.77993993993994 	 4.5603181149486455e-08 	 1.1117141397955853e-16
271.28042042042046 	 4.551904864195877e-08 	 1.1035328872858571e-16
271.7809009009009 	 4.5435225991949794e-08 	 1.095426755166829e-16
272.2813813813814 	 4.535171149081194e-08 	 1.0873949172484646e-16
272.7818618618619 	 4.5268503442437274e-08 	 1.0794365579223746e-16
273.28234234234236 	 4.5185600163142625e-08 	 1.0715508720072087e-16
273.7828228228228 	 4.510299998155605e-08 	 1.0637370645965855e-16
274.28330330330334 	 4.502070123850453e-08 	 1.055994350909516e-16
274.7837837837838 	 4.4938702286902845e-08 	 1.0483219561432721e-16
275.28426426426427 	 4.4857001491643704e-08 	 1.0407191153286503e-16
275.7847447447448 	 4.477559722948906e-08 	 1.0331850731876004e-16
276.28522522522525 	 4.4694487888962636e-08 	 1.0257190839931674e-16
276.7857057057057 	 4.461367187024351e-08 	 1.0183204114316991e-16
277.2861861861862 	 4.453314758506103e-08 	 1.0109883284672979e-16
277.7866666666667 	 4.44529134565907e-08 	 1.0037221172084554e-16
278.28714714714715 	 4.437296791935125e-08 	 9.965210687768418e-17
278.78762762762767 	 4.4293309419102864e-08 	 9.893844831782123e-17
279.28810810810813 	 4.421393641274643e-08 	 9.823116691753907e-17
279.7885885885886 	 4.413484736822388e-08 	 9.753019441632822e-17
280.2890690690691 	 4.405604076441965e-08 	 9.683546340459044e-17
280.7895495495496 	 4.397751509106316e-08 	 9.614690731153771e-17
281.29003003003004 	 4.38992688486323e-08 	 9.546446039328404e-17
281.79051051051056 	 4.382130054825802e-08 	 9.478805772112841e-17
282.290990990991 	 4.3743608711629865e-08 	 9.411763517002304e-17
282.7914714714715 	 4.366619187090257e-08 	 9.345312940722511e-17
283.291951951952 	 4.3589048568603565e-08 	 9.279447788112877e-17
283.79243243243246 	 4.3512177357541606e-08 	 9.214161881027396e-17
284.2929129129129 	 4.343557680071617e-08 	 9.149449117252814e-17
284.7933933933934 	 4.3359245471227987e-08 	 9.085303469443964e-17
285.2938738738739 	 4.32831819521904e-08 	 9.021718984075811e-17
285.79435435435437 	 4.320738483664173e-08 	 8.958689780411995e-17
286.29483483483483 	 4.313185272745847e-08 	 8.896210049489523e-17
286.79531531531535 	 4.30565842372695e-08 	 8.834274053119409e-17
287.2957957957958 	 4.298157798837112e-08 	 8.772876122902929e-17
287.7962762762763 	 4.290683261264299e-08 	 8.712010659263204e-17
288.2967567567568 	 4.2832346751464914e-08 	 8.65167213049191e-17
288.79723723723725 	 4.2758119055634606e-08 	 8.591855071810813e-17
289.2977177177177 	 4.268414818528614e-08 	 8.532554084447848e-17
289.79819819819824 	 4.2610432809809364e-08 	 8.473763834727542e-17
290.2986786786787 	 4.253697160777014e-08 	 8.415479053175553e-17
290.79915915915916 	 4.246376326683134e-08 	 8.35769453363695e-17
291.2996396396397 	 4.23908064836747e-08 	 8.30040513240817e-17
291.80012012012014 	 4.2318099963923544e-08 	 8.243605767382345e-17
292.3006006006006 	 4.224564242206613e-08 	 8.187291417207668e-17
292.8010810810811 	 4.217343258137996e-08 	 8.131457120458803e-17
293.3015615615616 	 4.210146917385678e-08 	 8.076097974820912e-17
293.80204204204205 	 4.202975094012834e-08 	 8.021209136286142e-17
294.30252252252257 	 4.1958276629392926e-08 	 7.966785818362449e-17
294.803003003003 	 4.188704499934268e-08 	 7.912823291294426e-17
295.3034834834835 	 4.181605481609159e-08 	 7.859316881295993e-17
295.803963963964 	 4.174530485410424e-08 	 7.806261969794753e-17
296.30444444444447 	 4.1674793896125334e-08 	 7.75365399268782e-17
296.80492492492493 	 4.160452073310982e-08 	 7.701488439608867e-17
297.30540540540545 	 4.1534484164153816e-08 	 7.649760853206273e-17
297.8058858858859 	 4.146468299642623e-08 	 7.598466828432218e-17
298.3063663663664 	 4.1395116045100976e-08 	 7.547602011842357e-17
298.8068468468469 	 4.132578213328999e-08 	 7.497162100906163e-17
299.30732732732736 	 4.125668009197684e-08 	 7.447142843327519e-17
299.8078078078078 	 4.1187808759951035e-08 	 7.397540036375556e-17
300.30828828828834 	 4.1119166983742946e-08 	 7.348349526225465e-17
300.8087687687688 	 4.105075361755945e-08 	 7.29956720730917e-17
301.30924924924926 	 4.09825675232202e-08 	 7.251189021675711e-17
301.8097297297298 	 4.091460757009439e-08 	 7.203210958361054e-17
302.31021021021024 	 4.0846872635038396e-08 	 7.155629052767418e-17
302.8106906906907 	 4.077936160233384e-08 	 7.108439386051666e-17
303.31117117117117 	 4.071207336362633e-08 	 7.061638084522846e-17
303.8116516516517 	 4.064500681786478e-08 	 7.015221319048587e-17
304.31213213213215 	 4.057816087124145e-08 	 6.969185304470354e-17
304.8126126126126 	 4.0511534437132366e-08 	 6.923526299027157e-17
305.31309309309313 	 4.0445126436038496e-08 	 6.878240603787913e-17
305.8135735735736 	 4.037893579552747e-08 	 6.833324562092062e-17
306.31405405405405 	 4.031296145017578e-08 	 6.788774558998371e-17
306.8145345345346 	 4.02472023415117e-08 	 6.744587020741878e-17
307.31501501501504 	 4.0181657417958616e-08 	 6.700758414198717e-17
307.8154954954955 	 4.0116325634778985e-08 	 6.657285246358779e-17
308.315975975976 	 4.005120595401885e-08 	 6.614164063806062e-17
308.8164564564565 	 3.998629734445285e-08 	 6.571391452206577e-17
309.31693693693694 	 3.9921598781529774e-08 	 6.528964035803686e-17
309.81741741741746 	 3.985710924731869e-08 	 6.486878476920763e-17
310.3178978978979 	 3.979282773045554e-08 	 6.445131475471082e-17
310.8183783783784 	 3.972875322609026e-08 	 6.403719768474737e-17
311.3188588588589 	 3.9664884735834417e-08 	 6.362640129582576e-17
311.81933933933936 	 3.960122126770941e-08 	 6.321889368607013e-17
312.3198198198198 	 3.953776183609501e-08 	 6.28146433105951e-17
312.82030030030035 	 3.947450546167859e-08 	 6.241361897694793e-17
313.3207807807808 	 3.9411451171404717e-08 	 6.201578984061565e-17
313.82126126126127 	 3.9348597998425215e-08 	 6.162112540059624e-17
314.3217417417418 	 3.928594498204983e-08 	 6.122959549503384e-17
314.82222222222225 	 3.922349116769721e-08 	 6.084117029691558e-17
315.3227027027027 	 3.916123560684646e-08 	 6.045582030982997e-17
315.82318318318323 	 3.9099177356989115e-08 	 6.00735163637858e-17
316.3236636636637 	 3.9037315481581573e-08 	 5.969422961109035e-17
316.82414414414416 	 3.8975649049998e-08 	 5.931793152228583e-17
317.3246246246247 	 3.8914177137483625e-08 	 5.894459388214364e-17
317.82510510510514 	 3.8852898825108556e-08 	 5.857418878571525e-17
318.3255855855856 	 3.879181319972196e-08 	 5.820668863443856e-17
318.8260660660661 	 3.8730919353906726e-08 	 5.784206613229963e-17
319.3265465465466 	 3.8670216385934506e-08 	 5.748029428204781e-17
319.82702702702704 	 3.860970339972124e-08 	 5.712134638146465e-17
320.32750750750756 	 3.854937950478302e-08 	 5.676519601968454e-17
320.827987987988 	 3.848924381619248e-08 	 5.641181707356772e-17
321.3284684684685 	 3.8429295454535413e-08 	 5.606118370412288e-17
321.82894894894895 	 3.836953354586802e-08 	 5.571327035298084e-17
322.32942942942947 	 3.830995722167435e-08 	 5.5368051738916656e-17
322.82990990990993 	 3.8250565618824285e-08 	 5.50255028544205e-17
323.3303903903904 	 3.819135787953184e-08 	 5.4685598962315995e-17
323.8308708708709 	 3.8132333151313844e-08 	 5.4348315592425566e-17
324.3313513513514 	 3.807349058694905e-08 	 5.4013628538282067e-17
324.83183183183183 	 3.801482934443761e-08 	 5.368151385388573e-17
325.33231231231235 	 3.795634858696084e-08 	 5.3351947850505927e-17
325.8327927927928 	 3.7898047482841574e-08 	 5.3024907093527556e-17
326.3332732732733 	 3.7839925205504565e-08 	 5.270036839933985e-17
326.8337537537538 	 3.778198093343753e-08 	 5.23783088322688e-17
327.33423423423426 	 3.7724213850152437e-08 	 5.205870570155159e-17
327.8347147147147 	 3.7666623144147125e-08 	 5.1741536558352093e-17
328.33519519519524 	 3.760920800886729e-08 	 5.142677919281743e-17
328.8356756756757 	 3.755196764266891e-08 	 5.1114411631175205e-17
329.33615615615616 	 3.749490124878084e-08 	 5.0804412132869424e-17
329.8366366366367 	 3.74380080352679e-08 	 5.049675918773631e-17
330.33711711711715 	 3.738128721499423e-08 	 5.019143151321809e-17
330.8375975975976 	 3.7324738005586984e-08 	 4.988840805161463e-17
331.3380780780781 	 3.726835962940033e-08 	 4.958766796737246e-17
331.8385585585586 	 3.72121513134799e-08 	 4.9289190644410834e-17
332.33903903903905 	 3.715611228952733e-08 	 4.899295568348301e-17
332.83951951951957 	 3.7100241793865346e-08 	 4.869894289957424e-17
333.34000000000003 	 3.7044539067403084e-08 	 4.840713231933429e-17
333.8404804804805 	 3.69890033556016e-08 	 4.8117504178544273e-17
334.340960960961 	 3.693363390843994e-08 	 4.783003891961828e-17
334.8414414414415 	 3.6878429980381293e-08 	 4.7544717189137915e-17
335.34192192192194 	 3.682339083033955e-08 	 4.726151983542006e-17
335.84240240240246 	 3.6768515721646135e-08 	 4.698042790611717e-17
336.3428828828829 	 3.6713803922017155e-08 	 4.670142264584995e-17
336.8433633633634 	 3.6659254703520796e-08 	 4.6424485493870916e-17
337.3438438438439 	 3.660486734254506e-08 	 4.614959808175971e-17
337.84432432432436 	 3.65506411197658e-08 	 4.58767422311491e-17
338.3448048048048 	 3.6496575320114926e-08 	 4.5605899951480434e-17
338.8452852852853 	 3.644266923274906e-08 	 4.533705343778989e-17
339.3457657657658 	 3.6388922151018296e-08 	 4.507018506852314e-17
339.84624624624627 	 3.6335333372435435e-08 	 4.48052774033797e-17
340.34672672672673 	 3.6281902198645256e-08 	 4.4542313181184986e-17
340.84720720720725 	 3.6228627935394256e-08 	 4.4281275317791e-17
341.3476876876877 	 3.6175509892500576e-08 	 4.402214690400455e-17
341.8481681681682 	 3.612254738382415e-08 	 4.3764911203542334e-17
342.3486486486487 	 3.606973972723723e-08 	 4.350955165101346e-17
342.84912912912915 	 3.601708624459502e-08 	 4.3256051849927906e-17
343.3496096096096 	 3.5964586261706756e-08 	 4.300439557073134e-17
343.85009009009013 	 3.591223910830677e-08 	 4.275456674886547e-17
344.3505705705706 	 3.5860044118026165e-08 	 4.2506549482853906e-17
344.85105105105106 	 3.580800062836435e-08 	 4.226032803241268e-17
345.3515315315316 	 3.5756107980661133e-08 	 4.201588681658562e-17
345.85201201201204 	 3.570436552006891e-08 	 4.177321041190393e-17
346.3524924924925 	 3.565277259552508e-08 	 4.153228355056934e-17
346.852972972973 	 3.560132855972475e-08 	 4.129309111866125e-17
347.3534534534535 	 3.555003276909373e-08 	 4.1055618154366834e-17
347.85393393393394 	 3.5498884583761576e-08 	 4.0819849846233925e-17
348.35441441441446 	 3.5447883367535073e-08 	 4.058577153144655e-17
348.8548948948949 	 3.539702848787187e-08 	 4.0353368694123025e-17
349.3553753753754 	 3.534631931585425e-08 	 4.012262696363506e-17
349.8558558558559 	 3.529575522616324e-08 	 3.9893532112949444e-17
350.35633633633637 	 3.524533559705298e-08 	 3.966607005699042e-17
350.85681681681683 	 3.5195059810325094e-08 	 3.9440226851023166e-17
351.35729729729735 	 3.514492725130354e-08 	 3.921598868905791e-17
351.8577777777778 	 3.509493730880951e-08 	 3.8993341902274664e-17
352.3582582582583 	 3.504508937513665e-08 	 3.877227295746789e-17
352.8587387387388 	 3.499538284602632e-08 	 3.8552768455510686e-17
353.35921921921926 	 3.4945817120643305e-08 	 3.8334815129839166e-17
353.8596996996997 	 3.4896391601551516e-08 	 3.81183998449555e-17
354.36018018018024 	 3.484710569469002e-08 	 3.790350959495014e-17
354.8606606606607 	 3.479795880934927e-08 	 3.7690131502043016e-17
355.36114114114116 	 3.474895035814745e-08 	 3.747825281514268e-17
355.8616216216217 	 3.4700079757007065e-08 	 3.7267860908424057e-17
356.36210210210214 	 3.465134642513183e-08 	 3.7058943279924015e-17
356.8625825825826 	 3.4602749784983573e-08 	 3.68514875501546e-17
357.36306306306307 	 3.455428926225944e-08 	 3.6645481460733654e-17
357.8635435435436 	 3.450596428586928e-08 	 3.644091287303276e-17
358.36402402402405 	 3.445777428791326e-08 	 3.6237769766842224e-17
358.8645045045045 	 3.440971870365948e-08 	 3.6036040239052255e-17
359.364984984985 	 3.4361796971522096e-08 	 3.583571250235151e-17
359.8654654654655 	 3.4314008533039304e-08 	 3.563677488394111e-17
360.36594594594595 	 3.426635283285169e-08 	 3.543921582426498e-17
360.8664264264265 	 3.4218829318680726e-08 	 3.5243023875756253e-17
361.36690690690693 	 3.4171437441307453e-08 	 3.504818770159887e-17
361.8673873873874 	 3.412417665455126e-08 	 3.485469607450467e-17
362.3678678678679 	 3.407704641524897e-08 	 3.466253787550594e-17
362.8683483483484 	 3.4030046183234014e-08 	 3.4471702092762536e-17
363.36882882882884 	 3.3983175421315737e-08 	 3.4282177820383834e-17
363.86930930930936 	 3.3936433595259024e-08 	 3.4093954257265535e-17
364.3697897897898 	 3.388982017376394e-08 	 3.3907020705940493e-17
364.8702702702703 	 3.38433346284456e-08 	 3.3721366571443713e-17
365.3707507507508 	 3.3796976433814244e-08 	 3.353698136019157e-17
365.87123123123126 	 3.375074506725541e-08 	 3.3353854678874624e-17
366.3717117117117 	 3.370464000901029e-08 	 3.317197623336391e-17
366.87219219219224 	 3.365866074215625e-08 	 3.299133582763082e-17
367.3726726726727 	 3.361280675258753e-08 	 3.281192336268018e-17
367.87315315315317 	 3.3567077528996084e-08 	 3.263372883549625e-17
368.3736336336337 	 3.352147256285253e-08 	 3.245674233800163e-17
368.87411411411415 	 3.347599134838738e-08 	 3.2280954056029034e-17
369.3745945945946 	 3.343063338257224e-08 	 3.210635426830515e-17
369.87507507507513 	 3.3385398165101364e-08 	 3.193293334544737e-17
370.3755555555556 	 3.3340285198373205e-08 	 3.176068174897237e-17
370.87603603603606 	 3.329529398747217e-08 	 3.158959003031662e-17
371.3765165165166 	 3.325042404015053e-08 	 3.14196488298692e-17
371.87699699699704 	 3.3205674866810487e-08 	 3.125084887601576e-17
372.3774774774775 	 3.316104598048633e-08 	 3.108318098419442e-17
372.877957957958 	 3.311653689682679e-08 	 3.091663605596283e-17
373.3784384384385 	 3.307214713407752e-08 	 3.0751205078076644e-17
373.87891891891894 	 3.302787621306372e-08 	 3.058687912157892e-17
374.37939939939946 	 3.298372365717287e-08 	 3.042364934090037e-17
374.8798798798799 	 3.293968899233765e-08 	 3.0261506972970834e-17
375.3803603603604 	 3.289577174701898e-08 	 3.0100443336340864e-17
375.88084084084085 	 3.285197145218912e-08 	 2.9940449830314e-17
376.38132132132137 	 3.280828764131506e-08 	 2.978151793408968e-17
376.8818018018018 	 3.276471985034196e-08 	 2.962363920591603e-17
377.3822822822823 	 3.272126761767662e-08 	 2.946680528225284e-17
377.8827627627628 	 3.2677930484171266e-08 	 2.9311007876944506e-17
378.38324324324327 	 3.263470799310732e-08 	 2.9156238780402885e-17
378.88372372372373 	 3.2591599690179425e-08 	 2.900248985879974e-17
379.38420420420425 	 3.254860512347946e-08 	 2.884975305326878e-17
379.8846846846847 	 3.25057238434808e-08 	 2.869802037911717e-17
380.3851651651652 	 3.24629554030226e-08 	 2.854728392504635e-17
380.8856456456457 	 3.242029935729428e-08 	 2.839753585238195e-17
381.38612612612616 	 3.2377755263820116e-08 	 2.8248768394312974e-17
381.8866066066066 	 3.233532268244392e-08 	 2.810097385513984e-17
382.38708708708714 	 3.2293001175313844e-08 	 2.7954144609531117e-17
382.8875675675676 	 3.225079030686739e-08 	 2.7808273101789406e-17
383.38804804804806 	 3.220868964381639e-08 	 2.766335184512525e-17
383.8885285285286 	 3.216669875513218e-08 	 2.7519373420939973e-17
384.38900900900904 	 3.212481721203098e-08 	 2.7376330478116902e-17
384.8894894894895 	 3.208304458795919e-08 	 2.7234215732320526e-17
385.38996996997 	 3.2041380458578996e-08 	 2.7093021965304262e-17
385.8904504504505 	 3.199982440175393e-08 	 2.6952742024225913e-17
386.39093093093095 	 3.195837599753468e-08 	 2.6813368820971383e-17
386.89141141141147 	 3.1917034828144865e-08 	 2.6674895331485978e-17
387.39189189189193 	 3.187580047796709e-08 	 2.653731459511381e-17
387.8923723723724 	 3.183467253352894e-08 	 2.640061971394445e-17
388.3928528528529 	 3.17936505834892e-08 	 2.6264803852167476e-17
388.8933333333334 	 3.1752734218624155e-08 	 2.612986023543435e-17
389.39381381381384 	 3.171192303181392e-08 	 2.5995782150227615e-17
389.89429429429435 	 3.167121661802899e-08 	 2.586256294323741e-17
390.3947747747748 	 3.163061457431686e-08 	 2.5730196020745354e-17
390.8952552552553 	 3.1590116499788665e-08 	 2.559867484801507e-17
391.3957357357358 	 3.1549721995606015e-08 	 2.5467992948690147e-17
391.89621621621626 	 3.150943066496791e-08 	 2.533814390419879e-17
392.3966966966967 	 3.146924211309777e-08 	 2.5209121353165416e-17
392.89717717717724 	 3.142915594723046e-08 	 2.50809189908287e-17
393.3976576576577 	 3.13891717765996e-08 	 2.4953530568466776e-17
393.89813813813817 	 3.134928921242478e-08 	 2.482694989282842e-17
394.3986186186186 	 3.1309507867899014e-08 	 2.4701170825571165e-17
394.89909909909915 	 3.1269827358176196e-08 	 2.4576187282705554e-17
395.3995795795796 	 3.123024730035873e-08 	 2.445199323404591e-17
395.90006006006007 	 3.119076731348518e-08 	 2.4328582702667107e-17
396.4005405405406 	 3.115138701851807e-08 	 2.4205949764367758e-17
396.90102102102105 	 3.111210603833174e-08 	 2.4084088547139215e-17
397.4015015015015 	 3.107292399770031e-08 	 2.3962993230640874e-17
397.90198198198203 	 3.1033840523285725e-08 	 2.384265804568106e-17
398.4024624624625 	 3.099485524362594e-08 	 2.372307727370425e-17
398.90294294294296 	 3.095596778912308e-08 	 2.3604245246283445e-17
399.4034234234235 	 3.091717779203181e-08 	 2.3486156344618805e-17
399.90390390390394 	 3.087848488644773e-08 	 2.3368804999041726e-17
400.4043843843844 	 3.0839888708295886e-08 	 2.3252185688524392e-17
400.9048648648649 	 3.0801388895319315e-08 	 2.31362929401949e-17
401.4053453453454 	 3.0762985087067755e-08 	 2.3021121328857936e-17
401.90582582582584 	 3.072467692488635e-08 	 2.2906665476520596e-17
402.40630630630636 	 3.068646405190451e-08 	 2.2792920051923574e-17
402.9067867867868 	 3.0648346113024836e-08 	 2.2679879770077774e-17
403.4072672672673 	 3.061032275491211e-08 	 2.2567539391805793e-17
403.9077477477478 	 3.0572393625982375e-08 	 2.245589372328869e-17
404.40822822822827 	 3.053455837639212e-08 	 2.2344937615617785e-17
404.90870870870873 	 3.049681665802748e-08 	 2.2234665964351304e-17
405.40918918918925 	 3.045916812449359e-08 	 2.2125073709076135e-17
405.9096696696697 	 3.0421612431104004e-08 	 2.2016155832974288e-17
406.4101501501502 	 3.038414923487014e-08 	 2.1907907362394184e-17
406.9106306306307 	 3.0346778194490844e-08 	 2.1800323366426734e-17
407.41111111111115 	 3.0309498970342075e-08 	 2.1693398956486085e-17
407.9115915915916 	 3.027231122446652e-08 	 2.1587129285894847e-17
408.41207207207214 	 3.023521462056348e-08 	 2.1481509549474134e-17
408.9125525525526 	 3.0198208823978686e-08 	 2.1376534983137932e-17
409.41303303303306 	 3.0161293501694225e-08 	 2.1272200863491917e-17
409.9135135135136 	 3.0124468322318565e-08 	 2.116850250743679e-17
410.41399399399404 	 3.008773295607666e-08 	 2.1065435271775908e-17
410.9144744744745 	 3.005108707480007e-08 	 2.0962994552827096e-17
411.414954954955 	 3.001453035191719e-08 	 2.0861175786038878e-17
411.9154354354355 	 2.9978062462443605e-08 	 2.0759974445610843e-17
412.41591591591595 	 2.994168308297239e-08 	 2.0659386044118054e-17
412.9163963963964 	 2.990539189166456e-08 	 2.0559406132139605e-17
413.4168768768769 	 2.986918856823963e-08 	 2.046003029789131e-17
413.9173573573574 	 2.983307279396615e-08 	 2.0361254166862284e-17
414.41783783783785 	 2.979704425165235e-08 	 2.026307340145539e-17
414.91831831831837 	 2.9761102625636875e-08 	 2.0165483700631784e-17
415.41879879879883 	 2.9725247601779563e-08 	 2.0068480799559198e-17
415.9192792792793 	 2.9689478867452273e-08 	 1.9972060469263918e-17
416.4197597597598 	 2.9653796111529807e-08 	 1.987621851628674e-17
416.9202402402403 	 2.9618199024380922e-08 	 1.9780950782342495e-17
417.42072072072074 	 2.9582687297859312e-08 	 1.9686253143983237e-17
417.92120120120126 	 2.9547260625294756e-08 	 1.9592121512265102e-17
418.4216816816817 	 2.9511918701484325e-08 	 1.9498551832418806e-17
418.9221621621622 	 2.9476661222683517e-08 	 1.9405540083523483e-17
419.4226426426427 	 2.9441487886597656e-08 	 1.931308227818422e-17
419.92312312312316 	 2.9406398392373206e-08 	 1.9221174462213006e-17
420.4236036036036 	 2.9371392440589172e-08 	 1.9129812714312907e-17
420.92408408408414 	 2.933646973324865e-08 	 1.903899314576595e-17
421.4245645645646 	 2.9301629973770296e-08 	 1.8948711900124014e-17
421.92504504504507 	 2.926687286698e-08 	 1.885896515290323e-17
422.4255255255256 	 2.9232198119102474e-08 	 1.8769749111281464e-17
422.92600600600605 	 2.9197605437753054e-08 	 1.8681060013799238e-17
423.4264864864865 	 2.9163094531929423e-08 	 1.8592894130063582e-17
423.92696696696703 	 2.9128665112003476e-08 	 1.850524776045518e-17
424.4274474474475 	 2.9094316889713224e-08 	 1.841811723583861e-17
424.92792792792795 	 2.9060049578154725e-08 	 1.8331498917275575e-17
425.4284084084085 	 2.9025862891774108e-08 	 1.824538919574121e-17
425.92888888888893 	 2.899175654635966e-08 	 1.815978449184344e-17
426.4293693693694 	 2.8957730259033925e-08 	 1.8074681255545185e-17
426.9298498498499 	 2.8923783748245882e-08 	 1.799007596588955e-17
427.4303303303304 	 2.8889916733763197e-08 	 1.790596513072793e-17
427.93081081081084 	 2.8856128936664506e-08 	 1.7822345286450925e-17
428.43129129129136 	 2.8822420079331746e-08 	 1.7739212997722093e-17
428.9317717717718 	 2.8788789885442562e-08 	 1.7656564857214536e-17
429.4322522522523 	 2.875523807996277e-08 	 1.7574397485350146e-17
429.9327327327328 	 2.872176438913882e-08 	 1.7492707530041695e-17
430.43321321321326 	 2.86883685404904e-08 	 1.7411491666437557e-17
430.9336936936937 	 2.8655050262802993e-08 	 1.7330746596669036e-17
431.4341741741742 	 2.862180928612058e-08 	 1.7250469049600493e-17
431.9346546546547 	 2.8588645341738316e-08 	 1.7170655780581887e-17
432.43513513513517 	 2.8555558162195317e-08 	 1.7091303571204044e-17
432.93561561561563 	 2.8522547481267433e-08 	 1.7012409229056334e-17
433.43609609609615 	 2.8489613033960143e-08 	 1.693396958748696e-17
433.9365765765766 	 2.8456754556501463e-08 	 1.685598150536572e-17
434.4370570570571 	 2.842397178633487e-08 	 1.677844186684916e-17
434.9375375375376 	 2.839126446211234e-08 	 1.67013475811482e-17
435.43801801801806 	 2.83586323236874e-08 	 1.66246955822982e-17
435.9384984984985 	 2.8326075112108214e-08 	 1.6548482828931314e-17
436.43897897897904 	 2.829359256961075e-08 	 1.6472706304051223e-17
436.9394594594595 	 2.8261184439611972e-08 	 1.6397363014810262e-17
437.43993993993996 	 2.8228850466703083e-08 	 1.6322449992288653e-17
437.9404204204205 	 2.8196590396642808e-08 	 1.6247964291276222e-17
438.44090090090094 	 2.8164403976350757e-08 	 1.6173902990056233e-17
438.9413813813814 	 2.8132290953900768e-08 	 1.6100263190191417e-17
439.4418618618619 	 2.8100251078514357e-08 	 1.6027042016312248e-17
439.9423423423424 	 2.80682841005542e-08 	 1.5954236615907394e-17
440.44282282282285 	 2.803638977151763e-08 	 1.5881844159116263e-17
440.94330330330337 	 2.8004567844030195e-08 	 1.5809861838523643e-17
441.44378378378383 	 2.7972818071839286e-08 	 1.5738286868956532e-17
441.9442642642643 	 2.7941140209807765e-08 	 1.5667116487282944e-17
442.4447447447448 	 2.790953401390765e-08 	 1.559634795221276e-17
442.9452252252253 	 2.7877999241213883e-08 	 1.552597854410071e-17
443.44570570570573 	 2.7846535649898068e-08 	 1.5456005564751196e-17
443.94618618618625 	 2.781514299922231e-08 	 1.53864263372252e-17
444.4466666666667 	 2.778382104953307e-08 	 1.531723820564914e-17
444.9471471471472 	 2.7752569562255066e-08 	 1.5248438535025585e-17
445.4476276276277 	 2.772138829988521e-08 	 1.5180024711045948e-17
445.94810810810816 	 2.7690277025986614e-08 	 1.5111994139905086e-17
446.4485885885886 	 2.7659235505182585e-08 	 1.5044344248117674e-17
446.94906906906914 	 2.7628263503150695e-08 	 1.4977072482336497e-17
447.4495495495496 	 2.7597360786616914e-08 	 1.4910176309172583e-17
447.95003003003006 	 2.756652712334971e-08 	 1.484365321501708e-17
448.4505105105105 	 2.7535762282154268e-08 	 1.4777500705864976e-17
448.95099099099104 	 2.750506603286668e-08 	 1.4711716307140522e-17
449.4514714714715 	 2.7474438146348237e-08 	 1.464629756352449e-17
449.95195195195197 	 2.7443878394479703e-08 	 1.458124203878308e-17
450.4524324324325 	 2.741338655015565e-08 	 1.4516547315598524e-17
450.95291291291295 	 2.7382962387278878e-08 	 1.4452210995401514e-17
451.4533933933934 	 2.7352605680754755e-08 	 1.4388230698205127e-17
451.95387387387393 	 2.7322316206485704e-08 	 1.4324604062440448e-17
452.4543543543544 	 2.729209374136572e-08 	 1.426132874479399e-17
452.95483483483486 	 2.7261938063274817e-08 	 1.4198402420046435e-17
453.4553153153154 	 2.723184895107365e-08 	 1.4135822780913243e-17
453.95579579579584 	 2.720182618459809e-08 	 1.4073587537886692e-17
454.4562762762763 	 2.717186954465384e-08 	 1.401169441907951e-17
454.9567567567568 	 2.714197881301111e-08 	 1.3950141170070086e-17
455.4572372372373 	 2.711215377239934e-08 	 1.3888925553749188e-17
455.95771771771774 	 2.7082394206501888e-08 	 1.382804535016814e-17
456.45819819819826 	 2.705269989995085e-08 	 1.3767498356388613e-17
456.9586786786787 	 2.702307063832183e-08 	 1.3707282386333787e-17
457.4591591591592 	 2.6993506208128798e-08 	 1.3647395270641015e-17
457.9596396396397 	 2.696400639681894e-08 	 1.3587834856515952e-17
458.46012012012017 	 2.6934570992767607e-08 	 1.3528599007588099e-17
458.9606006006006 	 2.6905199785273206e-08 	 1.3469685603767722e-17
459.46108108108115 	 2.6875892564552198e-08 	 1.3411092541104248e-17
459.9615615615616 	 2.68466491217341e-08 	 1.3352817731646002e-17
460.46204204204207 	 2.681746924885652e-08 	 1.3294859103301312e-17
460.9625225225226 	 2.678835273886024e-08 	 1.3237214599700955e-17
461.46300300300305 	 2.6759299385584294e-08 	 1.3179882180062034e-17
461.9634834834835 	 2.6730308983761122e-08 	 1.3122859819053001e-17
462.46396396396403 	 2.6701381329011728e-08 	 1.3066145506660208e-17
462.9644444444445 	 2.6672516217840888e-08 	 1.3009737248055601e-17
463.46492492492496 	 2.6643713447632353e-08 	 1.2953633063465724e-17
463.9654054054055 	 2.6614972816644136e-08 	 1.2897830988042059e-17
464.46588588588594 	 2.6586294124003786e-08 	 1.2842329071732553e-17
464.9663663663664 	 2.6557677169703714e-08 	 1.2787125379154402e-17
465.4668468468469 	 2.652912175459654e-08 	 1.2732217989468093e-17
465.9673273273274 	 2.6500627680390478e-08 	 1.2677604996252633e-17
466.46780780780784 	 2.6472194749644738e-08 	 1.2623284507381985e-17
466.9682882882883 	 2.644382276576498e-08 	 1.2569254644902705e-17
467.4687687687688 	 2.6415511532998757e-08 	 1.2515513544912734e-17
467.9692492492493 	 2.6387260856431053e-08 	 1.2462059357441417e-17
468.46972972972975 	 2.6359070541979766e-08 	 1.2408890246330547e-17
468.97021021021027 	 2.6330940396391292e-08 	 1.2356004389116703e-17
469.47069069069073 	 2.6302870227236112e-08 	 1.2303399976914622e-17
469.9711711711712 	 2.6274859842904373e-08 	 1.2251075214301676e-17
470.4716516516517 	 2.6246909052601557e-08 	 1.2199028319203521e-17
470.9721321321322 	 2.6219017666344147e-08 	 1.2147257522780785e-17
471.47261261261264 	 2.6191185494955307e-08 	 1.2095761069316854e-17
471.97309309309315 	 2.6163412350060618e-08 	 1.2044537216106722e-17
472.4735735735736 	 2.6135698044083826e-08 	 1.1993584233346929e-17
472.9740540540541 	 2.610804239024261e-08 	 1.1942900404026477e-17
473.4745345345346 	 2.6080445202544397e-08 	 1.1892484023818847e-17
473.97501501501506 	 2.6052906295782186e-08 	 1.1842333400975023e-17
474.4754954954955 	 2.602542548553042e-08 	 1.1792446856217537e-17
474.97597597597604 	 2.599800258814083e-08 	 1.1742822722635453e-17
475.4764564564565 	 2.5970637420738406e-08 	 1.1693459345580468e-17
475.97693693693697 	 2.5943329801217255e-08 	 1.1644355082563854e-17
476.4774174174175 	 2.5916079548236633e-08 	 1.1595508303154493e-17
476.97789789789795 	 2.5888886481216895e-08 	 1.1546917388877805e-17
477.4783783783784 	 2.5861750420335504e-08 	 1.1498580733115641e-17
477.9788588588589 	 2.5834671186523078e-08 	 1.1450496741007125e-17
478.4793393393394 	 2.5807648601459447e-08 	 1.1402663829350424e-17
478.97981981981985 	 2.578068248756975e-08 	 1.1355080426505456e-17
479.48030030030037 	 2.5753772668020515e-08 	 1.1307744972297464e-17
479.98078078078083 	 2.572691896671583e-08 	 1.1260655917921562e-17
480.4812612612613 	 2.5700121208293486e-08 	 1.1213811725848116e-17
480.9817417417418 	 2.567337921812114e-08 	 1.116721086972903e-17
481.4822222222223 	 2.5646692822292566e-08 	 1.1120851834304926e-17
481.98270270270274 	 2.562006184762385e-08 	 1.1074733115313175e-17
482.48318318318326 	 2.5593486121649643e-08 	 1.1028853219396739e-17
482.9836636636637 	 2.5566965472619465e-08 	 1.0983210664013966e-17
483.4841441441442 	 2.5540499729493976e-08 	 1.0937803977349129e-17
483.9846246246247 	 2.5514088721941326e-08 	 1.0892631698223843e-17
484.48510510510516 	 2.548773228033347e-08 	 1.0847692376009278e-17
484.9855855855856 	 2.5461430235742564e-08 	 1.080298457053924e-17
485.4860660660661 	 2.5435182419937343e-08 	 1.0758506852023961e-17
485.9865465465466 	 2.5408988665379528e-08 	 1.0714257800964778e-17
486.48702702702707 	 2.538284880522029e-08 	 1.0670236008069597e-17
486.98750750750753 	 2.535676267329666e-08 	 1.062644007416903e-17
487.48798798798805 	 2.5330730104128053e-08 	 1.0582868610133443e-17
487.9884684684685 	 2.5304750932912748e-08 	 1.05395202367907e-17
488.488948948949 	 2.527882499552442e-08 	 1.0496393584844674e-17
488.9894294294295 	 2.5252952128508648e-08 	 1.0453487294794448e-17
489.48990990990995 	 2.5227132169079556e-08 	 1.0410800016854434e-17
489.9903903903904 	 2.520136495511631e-08 	 1.0368330410874988e-17
490.49087087087094 	 2.5175650325159773e-08 	 1.0326077146263942e-17
490.9913513513514 	 2.5149988118409154e-08 	 1.0284038901908784e-17
491.49183183183186 	 2.5124378174718603e-08 	 1.024221436609952e-17
491.9923123123124 	 2.5098820334593907e-08 	 1.0200602236452279e-17
492.49279279279284 	 2.507331443918919e-08 	 1.0159201219833645e-17
492.9932732732733 	 2.5047860330303597e-08 	 1.0118010032285608e-17
493.4937537537538 	 2.5022457850378033e-08 	 1.007702739895123e-17
493.9942342342343 	 2.499710684249194e-08 	 1.0036252054001043e-17
494.49471471471475 	 2.4971807150360003e-08 	 9.995682740559998e-18
494.99519519519527 	 2.4946558618328995e-08 	 9.95531821063518e-18
495.4956756756757 	 2.492136109137458e-08 	 9.915157225044178e-18
495.9961561561562 	 2.4896214415098097e-08 	 9.875198553343997e-18
496.4966366366367 	 2.4871118435723452e-08 	 9.835440973760752e-18
496.99711711711717 	 2.4846073000093964e-08 	 9.7958832731199e-18
497.49759759759763 	 2.4821077955669253e-08 	 9.756524246777152e-18
497.99807807807815 	 2.479613315052213e-08 	 9.71736269854998e-18
498.4985585585586 	 2.4771238433335558e-08 	 9.678397440649792e-18
498.9990390390391 	 2.4746393653399533e-08 	 9.639627293614627e-18
499.4995195195196 	 2.4721598660608095e-08 	 9.601051086242557e-18
500.0 	 2.469685330545629e-08 	 9.562667655525633e-18
