3.5233633633633636 	 7.137802809473859e-09 	 3.8152152670966525e-09
4.023843843843844 	 6.584832381430643e-09 	 2.1872081645044315e-09
4.524324324324325 	 1.1531531703064195e-08 	 1.3260841306930953e-09
5.0248048048048055 	 1.5819859327955504e-08 	 8.435701874754923e-10
5.525285285285285 	 2.3914488823322048e-08 	 5.511586450321483e-10
6.025765765765766 	 3.129518664380759e-08 	 3.7120979832942685e-10
6.526246246246247 	 4.5664030080935316e-08 	 2.4991562001486137e-10
7.026726726726727 	 5.9540613409007894e-08 	 1.7128397378239195e-10
7.527207207207208 	 9.015567858820117e-08 	 1.1410729488749628e-10
8.027687687687688 	 1.2179239488196777e-07 	 7.607875718984393e-11
8.528168168168168 	 2.059257055468735e-07 	 4.4656610761238264e-11
9.02864864864865 	 2.983411238881383e-07 	 2.4696520357980683e-11
9.52912912912913 	 5.634461952235037e-07 	 8.055423753604238e-12
10.029609609609611 	 1.8272198718691412e-06 	 3.937809794420506e-13
10.530090090090091 	 6.50529852379815e-05 	 8.946451794089769e-10
11.030570570570571 	 9.165482809327615e-05 	 3.3953078076757063e-09
11.531051051051053 	 9.917697710160789e-05 	 6.5409758138144905e-09
12.031531531531533 	 9.947857819732801e-05 	 9.27487283200165e-09
12.532012012012013 	 5.851864559373196e-05 	 6.6052169121969575e-09
13.032492492492494 	 1.983562001572688e-06 	 2.731151685714192e-10
13.532972972972974 	 7.872162275233963e-07 	 1.25072635364799e-10
14.033453453453454 	 4.766057879197982e-07 	 8.179815740436417e-11
14.533933933933936 	 3.1704224697805775e-07 	 5.846645509001454e-11
15.034414414414416 	 2.3015060320427634e-07 	 4.438392697658925e-11
15.534894894894897 	 1.8068639965638388e-07 	 3.571042854505403e-11
16.035375375375377 	 1.4269336730776487e-07 	 2.8874140471338652e-11
16.535855855855857 	 1.1967140003505534e-07 	 2.414671391884898e-11
17.036336336336337 	 9.795122406920232e-08 	 2.026261733055691e-11
17.53681681681682 	 8.474589053614898e-08 	 1.7369995682182557e-11
18.0372972972973 	 7.233561503341603e-08 	 1.4938842482481158e-11
18.53777777777778 	 6.416672377634962e-08 	 1.3008373639781302e-11
19.03825825825826 	 5.6466427187283026e-08 	 1.1361656355400198e-11
19.53873873873874 	 5.082762940125982e-08 	 1.0015460412175342e-11
20.039219219219223 	 4.558880532297987e-08 	 8.85796677323723e-12
20.539699699699703 	 4.257344445029376e-08 	 7.940771231070182e-12
21.040180180180183 	 3.968959749003606e-08 	 7.135036860204768e-12
21.540660660660663 	 3.692799190715395e-08 	 6.425187782985789e-12
22.041141141141143 	 3.4280196191334045e-08 	 5.798104008497444e-12
22.541621621621623 	 3.173852647801752e-08 	 5.2426913906988716e-12
23.042102102102106 	 2.9295965338524065e-08 	 4.749534141242177e-12
23.542582582582586 	 2.6946090928406444e-08 	 4.310612705905825e-12
24.043063063063066 	 2.4683014984709227e-08 	 3.919073662984548e-12
24.543543543543546 	 2.2501328409035022e-08 	 3.5690412312782772e-12
25.044024024024026 	 2.0494423393358836e-08 	 3.257073394407091e-12
25.54450450450451 	 1.9560309652696905e-08 	 2.9923182685815794e-12
26.04498498498499 	 1.866037691500936e-08 	 2.7532615736336943e-12
26.54546546546547 	 1.779268407242932e-08 	 2.5370041331687532e-12
27.04594594594595 	 1.6955433652741034e-08 	 2.341018639246799e-12
27.54642642642643 	 1.6146958770797582e-08 	 2.1630963568158974e-12
28.04690690690691 	 1.5365711477003078e-08 	 2.0013022453197298e-12
28.547387387387392 	 1.4610252331406353e-08 	 1.8539370488352643e-12
29.047867867867872 	 1.3879241055598704e-08 	 1.7195051753125214e-12
29.548348348348352 	 1.3171428134614734e-08 	 1.5966874010870584e-12
30.04882882882883 	 1.2514728679999138e-08 	 1.4849478103356902e-12
30.54930930930931 	 1.2143369640198679e-08 	 1.3879882265236895e-12
31.049789789789795 	 1.178384622147102e-08 	 1.2987518685755553e-12
31.550270270270275 	 1.1435595024433273e-08 	 1.2165150483978565e-12
32.05075075075076 	 1.1098087839971216e-08 	 1.1406317935605599e-12
32.55123123123124 	 1.0770828943958425e-08 	 1.0705244671259178e-12
33.05171171171172 	 1.0453352637761823e-08 	 1.0056756410094898e-12
33.5521921921922 	 1.0145221008865909e-08 	 9.45621039593401e-13
34.05267267267268 	 9.846021888979462e-09 	 8.899433993506488e-13
34.55315315315316 	 9.555366989588855e-09 	 8.382671143288834e-13
35.053633633633645 	 9.27289019723324e-09 	 7.902535573903271e-13
35.55411411411412 	 8.998246012759204e-09 	 7.45596983828588e-13
36.054594594594604 	 8.731108120565416e-09 	 7.040209379763877e-13
36.55507507507508 	 8.471168075379319e-09 	 6.652750951551494e-13
37.055555555555564 	 8.218134095453823e-09 	 6.291324811872149e-13
37.55603603603605 	 7.971729952256957e-09 	 5.953870200117049e-13
38.056516516516524 	 7.73169394777144e-09 	 5.638513669755793e-13
38.55699699699701 	 7.497777971443898e-09 	 5.343549913262336e-13
39.057477477477484 	 7.26974662963931e-09 	 5.067424764868563e-13
39.55795795795797 	 7.047376441179395e-09 	 4.808720109962641e-13
40.05843843843845 	 6.8304550931854935e-09 	 4.566140466614848e-13
40.55891891891893 	 6.618780752017052e-09 	 4.338501036038979e-13
41.05939939939941 	 6.412161424604609e-09 	 4.124717045614816e-13
41.55987987987989 	 6.210414365929343e-09 	 3.923794231101615e-13
42.06036036036037 	 6.01336552880595e-09 	 3.734820324443281e-13
42.56084084084085 	 5.820849052483087e-09 	 3.5569574305875353e-13
43.06132132132133 	 5.632706786912343e-09 	 3.3894351914351116e-13
43.56180180180181 	 5.448787849805195e-09 	 3.231544647712728e-13
44.06228228228229 	 5.268948213879827e-09 	 3.0826327205642994e-13
44.56276276276277 	 5.093050321921006e-09 	 2.942097244174278e-13
45.06324324324325 	 4.920962727491206e-09 	 2.809382489015812e-13
45.56372372372373 	 4.752559759320699e-09 	 2.683975122516537e-13
46.064204204204216 	 4.587721207575779e-09 	 2.5654005602094854e-13
46.56468468468469 	 4.426332030359032e-09 	 2.453219665913137e-13
47.065165165165176 	 4.26828207893565e-09 	 2.3470257642715557e-13
47.56564564564565 	 4.11346584030662e-09 	 2.2464419331762028e-13
48.066126126126136 	 3.961782195864356e-09 	 2.1511185472647744e-13
48.56660660660662 	 3.813134194970724e-09 	 2.0607310469177623e-13
49.067087087087096 	 3.6674288423919663e-09 	 1.9749779100089243e-13
49.56756756756758 	 3.524576898611182e-09 	 1.89357880616215e-13
50.068048048048055 	 3.39591865744526e-09 	 1.8165370627201162e-13
50.56852852852854 	 3.3416577547901325e-09 	 1.7449372882823815e-13
51.06900900900902 	 3.288455455686757e-09 	 1.67681638375531e-13
51.5694894894895 	 3.236280937344011e-09 	 1.6119738789362394e-13
52.06996996996998 	 3.185104562006716e-09 	 1.550222637123317e-13
52.57045045045046 	 3.134897820546845e-09 	 1.4913878518833873e-13
53.07093093093094 	 3.085633279246428e-09 	 1.435306127906911e-13
53.571411411411425 	 3.0372845295635235e-09 	 1.3818246381940067e-13
54.0718918918919 	 2.98982614068792e-09 	 1.330800350595196e-13
54.572372372372385 	 2.943233614707482e-09 	 1.2820993174252408e-13
55.07285285285286 	 2.897483344219103e-09 	 1.2355960224885758e-13
55.573333333333345 	 2.85255257223012e-09 	 1.191172780408678e-13
56.07381381381382 	 2.808419354207094e-09 	 1.1487191836490294e-13
56.574294294294305 	 2.7650625221390026e-09 	 1.1081315930567127e-13
57.07477477477479 	 2.7224616504911747e-09 	 1.0693126681569497e-13
57.575255255255264 	 2.6805970239349176e-09 	 1.0321709337832721e-13
58.07573573573575 	 2.6394496067457343e-09 	 9.966203799479277e-14
58.576216216216224 	 2.5990010137703326e-09 	 9.625800921446887e-14
59.07669669669671 	 2.5592334828693632e-09 	 9.29973909534822e-14
59.57717717717719 	 2.520129848749174e-09 	 8.987301086999262e-14
60.07765765765767 	 2.4816735181014982e-09 	 8.687811108551265e-14
60.57813813813815 	 2.4438484459755057e-09 	 8.400632106054627e-14
61.07861861861863 	 2.4066391133115004e-09 	 8.125163244992027e-14
61.57909909909911 	 2.370030505570164e-09 	 7.860837577861591e-14
62.079579579579594 	 2.3340080923955587e-09 	 7.607119879288294e-14
62.58006006006007 	 2.298557808253968e-09 	 7.363504635404606e-14
63.080540540540554 	 2.2636660339944306e-09 	 7.129514175387007e-14
63.58102102102103 	 2.229319579280139e-09 	 6.904696934072344e-14
64.0815015015015 	 2.195505665843111e-09 	 6.688625835519925e-14
64.58198198198198 	 2.1622119115174787e-09 	 6.48089678824013e-14
65.08246246246247 	 2.129426315009478e-09 	 6.281127283587123e-14
65.58294294294295 	 2.097137241364768e-09 	 6.088955089519987e-14
66.08342342342343 	 2.0653334080961462e-09 	 5.904037032579263e-14
66.5839039039039 	 2.034003871936878e-09 	 5.726047861511774e-14
67.08438438438439 	 2.003138016186996e-09 	 5.554679186509921e-14
67.58486486486487 	 1.9727255386218096e-09 	 5.3896384885185824e-14
68.08534534534535 	 1.942756439933708e-09 	 5.230648193506851e-14
68.58582582582584 	 1.913221012680019e-09 	 5.0774448070075475e-14
69.08630630630631 	 1.884109830711255e-09 	 4.9297781045982826e-14
69.58678678678679 	 1.8554137390555572e-09 	 4.787410374336715e-14
70.08726726726728 	 1.8279725218800197e-09 	 4.650465856439816e-14
70.58774774774776 	 1.8049089660896185e-09 	 4.519971199043702e-14
71.08822822822823 	 1.7821701577206852e-09 	 4.3940217913251944e-14
71.58870870870871 	 1.7597492857936087e-09 	 4.272428971507983e-14
72.0891891891892 	 1.7376397284701582e-09 	 4.1550131509573984e-14
72.58966966966968 	 1.71583504653318e-09 	 4.0416033189072605e-14
73.09015015015015 	 1.6943289771341514e-09 	 3.932036577394953e-14
73.59063063063064 	 1.67311542779588e-09 	 3.826157704371393e-14
74.09111111111112 	 1.6521884706582727e-09 	 3.7238187431020345e-14
74.5915915915916 	 1.6315423369557535e-09 	 3.624878616112641e-14
75.09207207207209 	 1.6111714117155184e-09 	 3.529202762060321e-14
75.59255255255256 	 1.5910702286664148e-09 	 3.436662794027211e-14
76.09303303303304 	 1.5712334653487211e-09 	 3.347136177841578e-14
76.59351351351351 	 1.5516559384156548e-09 	 3.2605059291306875e-14
77.093993993994 	 1.5323325991178894e-09 	 3.1766603279011834e-14
77.59447447447448 	 1.5132585289628252e-09 	 3.0954926495275073e-14
78.09495495495496 	 1.494428935540754e-09 	 3.01690091110684e-14
78.59543543543545 	 1.47583914851093e-09 	 2.940787632212417e-14
79.09591591591592 	 1.457484615737935e-09 	 2.867059609137715e-14
79.5963963963964 	 1.439360899577948e-09 	 2.7956277018036648e-14
80.09687687687689 	 1.4214636733001311e-09 	 2.7264066325287405e-14
80.59735735735737 	 1.4037887176433877e-09 	 2.6593147959443075e-14
81.09783783783784 	 1.3863319175002178e-09 	 2.594274079368995e-14
81.59831831831832 	 1.3690892587225995e-09 	 2.5312096930072567e-14
82.09879879879881 	 1.352056825044712e-09 	 2.4700500093788055e-14
82.59927927927929 	 1.3352307951175253e-09 	 2.4107264114246043e-14
83.09975975975976 	 1.3186074396505443e-09 	 2.3531731487716438e-14
83.60024024024025 	 1.3021831186562275e-09 	 2.2973272016724735e-14
84.10072072072073 	 1.2859542787927979e-09 	 2.2431281521668354e-14
84.6012012012012 	 1.2699174508013537e-09 	 2.19051806204192e-14
85.10168168168168 	 1.2540692470334375e-09 	 2.139441357195038e-14
85.60216216216217 	 1.2384063590653076e-09 	 2.0898447180275842e-14
86.10264264264265 	 1.2229255553954475e-09 	 2.0416769755228683e-14
86.60312312312313 	 1.2076236792218779e-09 	 1.9948890126821022e-14
87.10360360360362 	 1.1924976462961152e-09 	 1.949433671013407e-14
87.60408408408409 	 1.177544442850695e-09 	 1.9052656617876222e-14
88.10456456456457 	 1.162761123597316e-09 	 1.8623414817924208e-14
88.60504504504506 	 1.1481448097928405e-09 	 1.8206193333328287e-14
89.10552552552554 	 1.1336926873704708e-09 	 1.7800590482416617e-14
89.60600600600601 	 1.1194020051335436e-09 	 1.7406220156777652e-14
90.10648648648649 	 1.1052700730095312e-09 	 1.7022711135034396e-14
90.60696696696698 	 1.0912942603619002e-09 	 1.6649706430450053e-14
91.10744744744746 	 1.0774719943576125e-09 	 1.6286862670521668e-14
91.60792792792793 	 1.0638007583881404e-09 	 1.593384950682879e-14
92.10840840840842 	 1.0502780905419578e-09 	 1.5590349053506334e-14
92.6088888888889 	 1.0369015821265623e-09 	 1.5256055352807734e-14
93.10936936936938 	 1.0236688762381631e-09 	 1.493067386631346e-14
93.60984984984987 	 1.010577666377253e-09 	 1.4613920990425287e-14
94.11033033033034 	 9.976256951083532e-10 	 1.430552359486474e-14
94.61081081081082 	 9.84810752762297e-10 	 1.4005218582968734e-14
95.1112912912913 	 9.721306761794885e-10 	 1.371275247264444e-14
95.61177177177179 	 9.595833474926248e-10 	 1.342788099691033e-14
96.11225225225226 	 9.47166692947458e-10 	 1.3150368723011761e-14
96.61273273273274 	 9.348786817602053e-10 	 1.2879988689156089e-14
97.11321321321323 	 9.227173250102925e-10 	 1.2616522057966573e-14
97.6136936936937 	 9.10680674567155e-10 	 1.2359757785804172e-14
98.11417417417418 	 8.987668220498926e-10 	 1.2109492307154325e-14
98.61465465465466 	 8.869738978185955e-10 	 1.1865529233319772e-14
99.11513513513515 	 8.753000699962358e-10 	 1.1627679064702619e-14
99.61561561561562 	 8.637435435200425e-10 	 1.1395758915998013e-14
100.1160960960961 	 8.534615895226679e-10 	 1.116948037146106e-14
100.61657657657659 	 8.471002553307415e-10 	 1.0948426188333698e-14
101.11705705705707 	 8.408018413886536e-10 	 1.0732809024015161e-14
101.61753753753754 	 8.345654180218039e-10 	 1.0522469258569488e-14
102.11801801801803 	 8.28390073780937e-10 	 1.0317252711239938e-14
102.61849849849851 	 8.222749149977066e-10 	 1.011701042968569e-14
103.11897897897899 	 8.162190653531864e-10 	 9.921598488361135e-15
103.61945945945946 	 8.102216654588779e-10 	 9.730877795599074e-15
104.11993993993995 	 8.042818724498104e-10 	 9.544713908982435e-15
104.62042042042043 	 7.983988595893175e-10 	 9.362976858610853e-15
105.1209009009009 	 7.925718158850999e-10 	 9.185540977888542e-15
105.6213813813814 	 7.867999457162106e-10 	 9.01228474147977e-15
106.12186186186187 	 7.810824684705888e-10 	 8.843090610096085e-15
106.62234234234235 	 7.754186181928053e-10 	 8.677844881796746e-15
107.12282282282284 	 7.6980764324168e-10 	 8.516437549500175e-15
107.62330330330332 	 7.642488059574584e-10 	 8.358762164419589e-15
108.1237837837838 	 7.587413823382244e-10 	 8.204715705150186e-15
108.62426426426427 	 7.532846617252612e-10 	 8.054198452149517e-15
109.12474474474476 	 7.478779464970722e-10 	 7.907113867365113e-15
109.62522522522524 	 7.425205517717808e-10 	 7.763368478776022e-15
110.12570570570571 	 7.372118051176472e-10 	 7.622871769626314e-15
110.6261861861862 	 7.319510462714402e-10 	 7.485536072139745e-15
111.12666666666668 	 7.267376268644244e-10 	 7.351276465515074e-15
111.62714714714716 	 7.215709101557118e-10 	 7.220010678011164e-15
112.12762762762763 	 7.164502707727578e-10 	 7.091658992940785e-15
112.62810810810812 	 7.113750944587809e-10 	 6.966144158400294e-15
113.1285885885886 	 7.063447778268764e-10 	 6.843391300571034e-15
113.62906906906908 	 7.013587281206373e-10 	 6.7233278404361785e-15
114.12954954954957 	 6.964163629810683e-10 	 6.605883413764131e-15
114.63003003003004 	 6.915171102196113e-10 	 6.490989794216782e-15
115.13051051051052 	 6.866604075970835e-10 	 6.378580819447595e-15
115.63099099099101 	 6.818457026083595e-10 	 6.268592320060914e-15
116.13147147147149 	 6.770724522726272e-10 	 6.160962051310032e-15
116.63195195195196 	 6.723401229290329e-10 	 6.055629627417087e-15
117.13243243243244 	 6.676481900375739e-10 	 5.9525364584035145e-15
117.63291291291293 	 6.629961379850684e-10 	 5.851625689324904e-15
118.1333933933934 	 6.583834598960632e-10 	 5.75284214180896e-15
118.63387387387388 	 6.538096574485224e-10 	 5.656132257800074e-15
119.13435435435437 	 6.492742406941635e-10 	 5.5614440454182114e-15
119.63483483483485 	 6.447767278833051e-10 	 5.468727026844373e-15
120.13531531531532 	 6.403166452940896e-10 	 5.377932188148586e-15
120.63579579579581 	 6.358935270659608e-10 	 5.2890119309803356e-15
121.13627627627629 	 6.315069150372639e-10 	 5.201920026044952e-15
121.63675675675677 	 6.271563585868611e-10 	 5.116611568292902e-15
122.13723723723724 	 6.228414144796356e-10 	 5.033042933752186e-15
122.63771771771773 	 6.185616467157816e-10 	 4.9511717379371966e-15
123.13819819819821 	 6.143166263837713e-10 	 4.870956795770307e-15
123.63867867867869 	 6.10105931516888e-10 	 4.792358082955348e-15
124.13915915915918 	 6.05929146953233e-10 	 4.715336698744712e-15
124.63963963963965 	 6.017858641991049e-10 	 4.639854830044517e-15
125.14012012012013 	 5.976756812956566e-10 	 4.565875716804534e-15
125.64060060060062 	 5.935982026887413e-10 	 4.493363618642116e-15
126.1410810810811 	 5.895530391018527e-10 	 4.422283782651249e-15
126.64156156156157 	 5.855398074120812e-10 	 4.352602412350368e-15
127.14204204204205 	 5.815581305290015e-10 	 4.284286637724206e-15
127.64252252252254 	 5.776076372764032e-10 	 4.217304486317073e-15
128.14300300300303 	 5.736879622768012e-10 	 4.151624855336741e-15
128.64348348348352 	 5.697987458386342e-10 	 4.087217484729799e-15
129.14396396396398 	 5.659396338460902e-10 	 4.024052931191048e-15
129.64444444444447 	 5.621102776514836e-10 	 3.962102543071086e-15
130.14492492492496 	 5.583103339701157e-10 	 3.901338436147744e-15
130.64540540540543 	 5.545394647775505e-10 	 3.841733470228395e-15
131.14588588588592 	 5.507973372092422e-10 	 3.783261226551651e-15
131.6463663663664 	 5.470836234624562e-10 	 3.725895985958249e-15
132.14684684684687 	 5.433980007004127e-10 	 3.669612707802042e-15
132.64732732732736 	 5.39740150958606e-10 	 3.614387009573446e-15
133.14780780780782 	 5.361097610532329e-10 	 3.560195147208627e-15
133.6482882882883 	 5.325065224916799e-10 	 3.507013996058863e-15
134.1487687687688 	 5.289301313850157e-10 	 3.4548210324956903e-15
134.64924924924927 	 5.253802883624308e-10 	 3.4035943161281872e-15
135.14972972972976 	 5.218566984875829e-10 	 3.3533124726099558e-15
135.65021021021025 	 5.18359071176792e-10 	 3.30395467701408e-15
136.1506906906907 	 5.148871201190394e-10 	 3.2555006377553567e-15
136.6511711711712 	 5.114405631979937e-10 	 3.207930581041451e-15
137.1516516516517 	 5.080191224144077e-10 	 3.1612252358238575e-15
137.65213213213215 	 5.046225238128723e-10 	 3.115365819255456e-15
138.15261261261264 	 5.012504974075043e-10 	 3.0703340226032773e-15
138.65309309309313 	 4.979027771105731e-10 	 3.0261119976249317e-15
139.1535735735736 	 4.945791006623977e-10 	 2.9826823433822066e-15
139.6540540540541 	 4.912792095627524e-10 	 2.940028093477857e-15
140.15453453453458 	 4.88002849003747e-10 	 2.898132703700654e-15
140.65501501501504 	 4.847497678041338e-10 	 2.856980040064092e-15
141.15549549549553 	 4.815197183450131e-10 	 2.8165543672249774e-15
141.65597597597602 	 4.783124565069067e-10 	 2.77684033726853e-15
142.15645645645648 	 4.75127741608154e-10 	 2.7378229788470792e-15
142.65693693693697 	 4.71965336344609e-10 	 2.699487686660102e-15
143.15741741741743 	 4.688250067306022e-10 	 2.6618202112637034e-15
143.65789789789793 	 4.657065220411328e-10 	 2.6248066491980475e-15
144.15837837837842 	 4.6260965475527074e-10 	 2.5884334334218813e-15
144.65885885885888 	 4.5953418050072797e-10 	 2.5526873240434495e-15
145.15933933933937 	 4.564798779995807e-10 	 2.5175553993377216e-15
145.65981981981986 	 4.534465290151083e-10 	 2.4830250470400994e-15
146.16030030030032 	 4.504339182997255e-10 	 2.4490839559071767e-15
146.6607807807808 	 4.4744183354397907e-10 	 2.4157201075355123e-15
147.1612612612613 	 4.444700653265879e-10 	 2.382921768429655e-15
147.66174174174176 	 4.4151840706549663e-10 	 2.35067748231103e-15
148.16222222222225 	 4.3858665496992167e-10 	 2.318976062659552e-15
148.66270270270275 	 4.3567460799336826e-10 	 2.2878065854802493e-15
149.1631831831832 	 4.327820677875898e-10 	 2.2571583822872743e-15
149.6636636636637 	 4.2990883865747374e-10 	 2.227021033298148e-15
150.1641441441442 	 4.270547275168272e-10 	 2.1973843608312297e-15
150.66462462462465 	 4.242195438450473e-10 	 2.1682384228997085e-15
151.16510510510514 	 4.214030996446482e-10 	 2.1395735069956e-15
151.6655855855856 	 4.186052093996316e-10 	 2.1113801240575688e-15
152.1660660660661 	 4.158256900346796e-10 	 2.0836490026165077e-15
152.66654654654658 	 4.130643608751447e-10 	 2.0563710831130843e-15
153.16702702702705 	 4.1032104360783496e-10 	 2.0295375123816984e-15
153.66750750750754 	 4.0759556224255115e-10 	 2.003139638295363e-15
154.16798798798803 	 4.048877430743871e-10 	 1.9771690045664333e-15
154.6684684684685 	 4.0219741464675167e-10 	 1.9516173456980548e-15
155.16894894894898 	 3.9952440771511217e-10 	 1.9264765820815494e-15
155.66942942942947 	 3.968685552114347e-10 	 1.9017388152350492e-15
156.16990990990993 	 3.9422969220930864e-10 	 1.8773963231788724e-15
156.67039039039042 	 3.9160765588974065e-10 	 1.853441555943292e-15
157.1708708708709 	 3.890022855075997e-10 	 1.8298671312045113e-15
157.67135135135138 	 3.864134223587047e-10 	 1.806665830044777e-15
158.17183183183187 	 3.83840909747534e-10 	 1.7838305928327186e-15
158.67231231231236 	 3.812845929555467e-10 	 1.7613545152201682e-15
159.17279279279282 	 3.7874431921010315e-10 	 1.739230844251768e-15
159.6732732732733 	 3.7621993765396783e-10 	 1.7174529745838887e-15
160.1737537537538 	 3.737112993153851e-10 	 1.6960144448094243e-15
160.67423423423426 	 3.7121825707871426e-10 	 1.674908933885202e-15
161.17471471471475 	 3.6874066565561066e-10 	 1.6541302576588179e-15
161.67519519519522 	 3.6627838155674473e-10 	 1.6336723654918506e-15
162.1756756756757 	 3.638312630640404e-10 	 1.6135293369764765e-15
162.6761561561562 	 3.6139917020343007e-10 	 1.5936953787426258e-15
163.17663663663666 	 3.5898196471810905e-10 	 1.5741648213529304e-15
163.67711711711715 	 3.565795100422804e-10 	 1.5549321162827618e-15
164.17759759759764 	 3.541916712753799e-10 	 1.535991832982807e-15
164.6780780780781 	 3.5181831515677505e-10 	 1.5173386560216687e-15
165.1785585585586 	 3.4945931004091554e-10 	 1.4989673823060553e-15
165.67903903903908 	 3.471145258729428e-10 	 1.4808729183762736e-15
166.17951951951954 	 3.4478383416473597e-10 	 1.463050277774734e-15
166.68000000000004 	 3.4246710797138893e-10 	 1.44549457848526e-15
167.18048048048053 	 3.4016422186811284e-10 	 1.4282010404411713e-15
167.680960960961 	 3.37875051927549e-10 	 1.4111649830999963e-15
168.18144144144148 	 3.355994756974894e-10 	 1.3943818230829203e-15
168.68192192192197 	 3.3333737217899167e-10 	 1.3778470718770092e-15
169.18240240240243 	 3.310886218048846e-10 	 1.3615563335983766e-15
169.68288288288292 	 3.2885310641865294e-10 	 1.3455053028145081e-15
170.18336336336338 	 3.266307092536948e-10 	 1.3296897624239924e-15
170.68384384384387 	 3.244213149129431e-10 	 1.3141055815919994e-15
171.18432432432436 	 3.2222480934884727e-10 	 1.298748713739876e-15
171.68480480480483 	 3.200410798437022e-10 	 1.2836151945872855e-15
172.18528528528532 	 3.178700149903205e-10 	 1.2687011402453682e-15
172.6857657657658 	 3.157115046730441e-10 	 1.2540027453594667e-15
173.18624624624627 	 3.1356544004908044e-10 	 1.2395162812999625e-15
173.68672672672676 	 3.1143171353016474e-10 	 1.2252380943998562e-15
174.18720720720725 	 3.0931021876453647e-10 	 1.2111646042377662e-15
174.6876876876877 	 3.072008506192271e-10 	 1.1972923019650227e-15
175.1881681681682 	 3.051035051626509e-10 	 1.1836177486756285e-15
175.6886486486487 	 3.030180796474921e-10 	 1.1701375738178493e-15
176.18912912912916 	 3.009444724938862e-10 	 1.1568484736462653e-15
176.68960960960965 	 2.9888258327288467e-10 	 1.1437472097131447e-15
177.19009009009014 	 2.9683231269020073e-10 	 1.130830607398028e-15
177.6905705705706 	 2.947935625702314e-10 	 1.1180955544744488e-15
178.1910510510511 	 2.9276623584034565e-10 	 1.1055389997127576e-15
178.69153153153155 	 2.9075023651544045e-10 	 1.093157951518042e-15
179.19201201201204 	 2.887454696827507e-10 	 1.0809494766021517e-15
179.69249249249253 	 2.8675184148691836e-10 	 1.0689106986889066e-15
180.192972972973 	 2.8476925911530707e-10 	 1.0570387972515533e-15
180.6934534534535 	 2.8279763078356073e-10 	 1.0453310062815734e-15
181.19393393393398 	 2.808368657214035e-10 	 1.033784613088008e-15
181.69441441441444 	 2.7888687415867304e-10 	 1.0223969571264272e-15
182.19489489489493 	 2.7694756731158333e-10 	 1.0111654288567572e-15
182.69537537537542 	 2.7501885736921533e-10 	 1.0000874686291744e-15
183.19585585585588 	 2.7310065748022723e-10 	 9.891605655972882e-16
183.69633633633637 	 2.7119288173978254e-10 	 9.783822566578848e-16
184.19681681681686 	 2.692954451766921e-10 	 9.677501254165144e-16
184.69729729729733 	 2.674082637407631e-10 	 9.572618011782124e-16
185.19777777777782 	 2.65531254290356e-10 	 9.469149579626852e-16
185.6982582582583 	 2.636643345801399e-10 	 9.367073135433075e-16
186.19873873873877 	 2.618074232490481e-10 	 9.26636628509285e-16
186.69921921921926 	 2.5996043980842414e-10 	 9.16700705350365e-16
187.19969969969975 	 2.5812330463036134e-10 	 9.068973875635026e-16
187.7001801801802 	 2.562959389362268e-10 	 8.972245587808859e-16
188.2006606606607 	 2.54478264785369e-10 	 8.876801419187681e-16
188.70114114114116 	 2.5267020506400553e-10 	 8.782620983465451e-16
189.20162162162165 	 2.508716834742858e-10 	 8.689684270755484e-16
189.70210210210215 	 2.490826245235295e-10 	 8.597971639670429e-16
190.2025825825826 	 2.4730295351363197e-10 	 8.507463809589097e-16
190.7030630630631 	 2.455325965306387e-10 	 8.418141853105447e-16
191.2035435435436 	 2.4377148043448174e-10 	 8.329987188654754e-16
191.70402402402405 	 2.4201953284887924e-10 	 8.24298157331264e-16
192.20450450450454 	 2.4027668215138957e-10 	 8.157107095762106e-16
192.70498498498503 	 2.3854285746362344e-10 	 8.072346169424645e-16
193.2054654654655 	 2.3681798864160685e-10 	 7.98868152575078e-16
193.70594594594598 	 2.3510200626629284e-10 	 7.906096207666274e-16
194.20642642642648 	 2.3339484163422125e-10 	 7.824573563169772e-16
194.70690690690694 	 2.316964267483212e-10 	 7.744097239078095e-16
195.20738738738743 	 2.3000669430885684e-10 	 7.664651174915481e-16
195.70786786786792 	 2.2832557770450957e-10 	 7.586219596942873e-16
196.20834834834838 	 2.2665301100359943e-10 	 7.508787012324027e-16
196.70882882882887 	 2.2498892894563855e-10 	 7.432338203431251e-16
197.20930930930933 	 2.2333326693201426e-10 	 7.35685822224786e-16
197.70978978978982 	 2.21685961018811e-10 	 7.282332384963652e-16
198.2102702702703 	 2.2004694790774643e-10 	 7.208746266627036e-16
198.71075075075078 	 2.1841616493823968e-10 	 7.136085695950869e-16
199.21123123123127 	 2.1679355007940166e-10 	 7.064336750228759e-16
199.71171171171176 	 2.1517904192214419e-10 	 6.99348575036574e-16
200.21219219219222 	 2.1379855836017063e-10 	 6.923646613389824e-16
200.7126726726727 	 2.1273120522063514e-10 	 6.854847551101051e-16
201.2131531531532 	 2.1166916176789868e-10 	 6.786900925143923e-16
201.71363363363366 	 2.1061238847967585e-10 	 6.719794092607008e-16
202.21411411411415 	 2.0956084622495224e-10 	 6.653514628804696e-16
202.71459459459464 	 2.0851449625915447e-10 	 6.588050322982972e-16
203.2150750750751 	 2.0747330021939162e-10 	 6.523389174119991e-16
203.7155555555556 	 2.0643722011976654e-10 	 6.459519386819161e-16
204.2160360360361 	 2.0540621834675635e-10 	 6.396429367292513e-16
204.71651651651655 	 2.0438025765466107e-10 	 6.334107719432097e-16
205.21699699699704 	 2.0335930116111722e-10 	 6.272543240967266e-16
205.71747747747753 	 2.023433123426794e-10 	 6.211724919705861e-16
206.217957957958 	 2.0133225503046453e-10 	 6.151641929857149e-16
206.71843843843848 	 2.0032609340585876e-10 	 6.092283628434574e-16
207.21891891891894 	 1.9932479199628923e-10 	 6.033639551736488e-16
207.71939939939944 	 1.9832831567105437e-10 	 5.975699411902855e-16
208.21987987987993 	 1.973366296372149e-10 	 5.9184530935462e-16
208.7203603603604 	 1.9634969943554527e-10 	 5.861890650455006e-16
209.22084084084088 	 1.9536749093654142e-10 	 5.806002302367808e-16
209.72132132132137 	 1.9438997033648716e-10 	 5.750778431816364e-16
210.22180180180183 	 1.9341710415357562e-10 	 5.696209581036176e-16
210.72228228228232 	 1.9244885922408678e-10 	 5.642286448942849e-16
211.2227627627628 	 1.914852026986187e-10 	 5.588999888172688e-16
211.72324324324327 	 1.9052610203837337e-10 	 5.536340902186035e-16
212.22372372372377 	 1.8957152501149274e-10 	 5.484300642431849e-16
212.72420420420426 	 1.8862143968944915e-10 	 5.432870405572154e-16
213.22468468468472 	 1.8767581444348603e-10 	 5.382041630764898e-16
213.7251651651652 	 1.8673461794110609e-10 	 5.331805897003805e-16
214.2256456456457 	 1.8579781914261249e-10 	 5.282154920514111e-16
214.72612612612616 	 1.8486538729769551e-10 	 5.233080552202583e-16
215.22660660660665 	 1.839372919420683e-10 	 5.184574775160825e-16
215.7270870870871 	 1.8301350289414935e-10 	 5.136629702220489e-16
216.2275675675676 	 1.8209399025178962e-10 	 5.0892375735592265e-16
216.7280480480481 	 1.8117872438904778e-10 	 5.042390754356277e-16
217.22852852852856 	 1.8026767595300703e-10 	 4.996081732496437e-16
217.72900900900905 	 1.793608158606374e-10 	 4.950303116321391e-16
218.22948948948954 	 1.7845811529570208e-10 	 4.905047632427329e-16
218.72996996997 	 1.775595457057035e-10 	 4.860308123507703e-16
219.2304504504505 	 1.7666507879887427e-10 	 4.816077546240196e-16
219.73093093093098 	 1.7577468654120665e-10 	 4.772348969216836e-16
220.23141141141144 	 1.7488834115352529e-10 	 4.729115570916327e-16
220.73189189189193 	 1.740060151085964e-10 	 4.686370637717581e-16
221.23237237237242 	 1.7312768112827963e-10 	 4.644107561953586e-16
221.7328528528529 	 1.7225331218071565e-10 	 4.602319840004671e-16
222.23333333333338 	 1.7138288147755366e-10 	 4.561001070430258e-16
222.73381381381387 	 1.7051636247121548e-10 	 4.520144952138315e-16
223.23429429429433 	 1.6965372885219653e-10 	 4.479745282591589e-16
223.73477477477482 	 1.6879495454640276e-10 	 4.439795956049823e-16
224.23525525525528 	 1.6794001371252376e-10 	 4.400290961847189e-16
224.73573573573577 	 1.670888807394412e-10 	 4.361224382704141e-16
225.23621621621626 	 1.6624153024367014e-10 	 4.322590393072848e-16
225.73669669669673 	 1.6539793706683737e-10 	 4.28438325751563e-16
226.23717717717722 	 1.645580762731894e-10 	 4.246597329115479e-16
226.7376576576577 	 1.6372192314713745e-10 	 4.2092270479181266e-16
227.23813813813817 	 1.6288945319083169e-10 	 4.172266939404836e-16
227.73861861861866 	 1.6206064212176903e-10 	 4.1357116129953294e-16
228.23909909909915 	 1.6123546587043217e-10 	 4.0995557605801514e-16
228.7395795795796 	 1.6041390057795962e-10 	 4.0637941550818554e-16
229.2400600600601 	 1.595959225938461e-10 	 4.028421649044343e-16
229.7405405405406 	 1.5878150847367263e-10 	 3.9934331732497813e-16
230.24102102102106 	 1.5797063497686746e-10 	 3.958823735362506e-16
230.74150150150155 	 1.5716327906449467e-10 	 3.924588418599279e-16
231.24198198198204 	 1.5635941789707252e-10 	 3.890722380425407e-16
231.7424624624625 	 1.5555902883241955e-10 	 3.857220851276061e-16
232.242942942943 	 1.5476208942352857e-10 	 3.824079133302371e-16
232.74342342342348 	 1.5396857741646854e-10 	 3.7912925991417005e-16
233.24390390390394 	 1.5317847074831273e-10 	 3.758856690711546e-16
233.74438438438443 	 1.5239174754509425e-10 	 3.7267669180266715e-16
234.2448648648649 	 1.5160838611978702e-10 	 3.6950188580388663e-16
234.74534534534538 	 1.5082836497031344e-10 	 3.663608153498909e-16
235.24582582582588 	 1.5005166277757638e-10 	 3.632530511840257e-16
235.74630630630634 	 1.4927825840351761e-10 	 3.6017817040840034e-16
236.24678678678683 	 1.4850813088919954e-10 	 3.5713575637646125e-16
236.74726726726732 	 1.477412594529124e-10 	 3.5412539858760843e-16
237.24774774774778 	 1.4697762348830488e-10 	 3.511466925838007e-16
237.74822822822827 	 1.462172025625377e-10 	 3.481992398481169e-16
238.24870870870876 	 1.4545997641446233e-10 	 3.452826477052291e-16
238.74918918918922 	 1.4470592495282023e-10 	 3.4239652922374454e-16
239.24966966966971 	 1.4395502825446695e-10 	 3.395405031203848e-16
239.7501501501502 	 1.432072665626167e-10 	 3.367141936659556e-16
240.25063063063067 	 1.4246262028511006e-10 	 3.33917230593077e-16
240.75111111111116 	 1.4172106999270234e-10 	 3.311492490056311e-16
241.25159159159165 	 1.409825964173744e-10 	 3.284098892899004e-16
241.7520720720721 	 1.4024718045066326e-10 	 3.256987970273507e-16
242.2525525525526 	 1.3951480314201402e-10 	 3.2301562290903436e-16
242.75303303303306 	 1.3878544569715216e-10 	 3.2036002265157685e-16
243.25351351351355 	 1.380590894764758e-10 	 3.177316569147119e-16
243.75399399399404 	 1.3733571599346793e-10 	 3.1513019122033885e-16
244.2544744744745 	 1.3661530691312797e-10 	 3.125552958730656e-16
244.754954954955 	 1.3589784405042254e-10 	 3.100066458822101e-16
245.2554354354355 	 1.3518330936875558e-10 	 3.074839208852305e-16
245.75591591591595 	 1.3447168497845648e-10 	 3.0498680507255443e-16
246.25639639639644 	 1.337629531352875e-10 	 3.025149871137771e-16
246.75687687687693 	 1.330570962389686e-10 	 3.0006816008520644e-16
247.2573573573574 	 1.3235409683172057e-10 	 2.9764602139871925e-16
247.75783783783788 	 1.3165393759682583e-10 	 2.952482727319112e-16
248.25831831831837 	 1.3095660135720655e-10 	 2.9287461995950814e-16
248.75879879879884 	 1.3026207107401985e-10 	 2.905247730860152e-16
249.25927927927933 	 1.2957032984526986e-10 	 2.881984461795802e-16
249.75975975975982 	 1.2888136090443714e-10 	 2.8589535730704745e-16
250.26024024024028 	 1.2819514761912355e-10 	 2.8361522847017396e-16
250.76072072072077 	 1.2751167348971376e-10 	 2.8135778554299007e-16
251.26120120120126 	 1.2683092214805317e-10 	 2.7912275821027945e-16
251.76168168168172 	 1.2615287735614127e-10 	 2.7690987990715715e-16
252.2621621621622 	 1.2547752300484005e-10 	 2.747188877597201e-16
252.76264264264267 	 1.2480484311259878e-10 	 2.7254952252675634e-16
253.26312312312317 	 1.2413482182419276e-10 	 2.7040152854248505e-16
253.76360360360366 	 1.2346744340947846e-10 	 2.682746536603112e-16
254.26408408408412 	 1.2280269226216151e-10 	 2.6616864919757314e-16
254.7645645645646 	 1.2214055289858115e-10 	 2.640832698812642e-16
255.2650450450451 	 1.2148100995650737e-10 	 2.620182737947098e-16
255.76552552552556 	 1.2082404819395288e-10 	 2.599734223251799e-16
256.266006006006 	 1.2016965248799948e-10 	 2.5794848011242013e-16
256.7664864864865 	 1.1951780783363696e-10 	 2.559432149980842e-16
257.266966966967 	 1.188684993426166e-10 	 2.539573979760462e-16
257.76744744744747 	 1.182217122423179e-10 	 2.519908031435828e-16
258.26792792792793 	 1.175774318746275e-10 	 2.5004320765339946e-16
258.76840840840845 	 1.169356436948324e-10 	 2.4811439166649386e-16
259.2688888888889 	 1.1629633327052553e-10 	 2.462041383058335e-16
259.7693693693694 	 1.1565948628052352e-10 	 2.443122336108339e-16
260.2698498498499 	 1.1502508851379743e-10 	 2.424384664926231e-16
260.77033033033035 	 1.1439312586841591e-10 	 2.40582628690078e-16
261.2708108108108 	 1.1376358435049984e-10 	 2.387445147266125e-16
261.77129129129133 	 1.1313645007319004e-10 	 2.3692392186771215e-16
262.2717717717718 	 1.1251170925562554e-10 	 2.3512065007919236e-16
262.77225225225226 	 1.1188934822193451e-10 	 2.333345019861705e-16
263.2727327327328 	 1.1126935340023615e-10 	 2.315652828327397e-16
263.77321321321324 	 1.1065171132165435e-10 	 2.29812800442328e-16
264.2736936936937 	 1.1003640861934228e-10 	 2.280768651787317e-16
264.7741741741742 	 1.0942343202751771e-10 	 2.263572899078083e-16
265.2746546546547 	 1.0881276838051036e-10 	 2.24653889959821e-16
265.77513513513514 	 1.0820440461181875e-10 	 2.229664830924169e-16
266.2756156156156 	 1.0759832775317834e-10 	 2.2129488945423035e-16
266.7760960960961 	 1.0699452493364015e-10 	 2.196389315490999e-16
267.2765765765766 	 1.063929833786596e-10 	 2.1799843420088625e-16
267.77705705705705 	 1.057936904091956e-10 	 2.1637322451887957e-16
268.27753753753757 	 1.0519663344097531e-10 	 2.1476313186410447e-16
268.77801801801803 	 1.0460179998299001e-10 	 2.1316798781460321e-16
269.2784984984985 	 1.0400917763756009e-10 	 2.115876261344607e-16
269.778978978979 	 1.0341875409884909e-10 	 2.1002188274018888e-16
270.2794594594595 	 1.0283051715216814e-10 	 2.0847059566924522e-16
270.77993993993994 	 1.022444546731335e-10 	 2.06933605048758e-16
271.28042042042046 	 1.0166055462683367e-10 	 2.0541075306476951e-16
271.7809009009009 	 1.0107880506700576e-10 	 2.0390188393199043e-16
272.2813813813814 	 1.0049919413522051e-10 	 2.024068438640485e-16
272.7818618618619 	 9.992171006007639e-11 	 2.0092548104423014e-16
273.28234234234236 	 9.934634115640339e-11 	 1.9945764559670378e-16
273.7828228228228 	 9.877307582447405e-11 	 1.980031895582118e-16
274.28330330330334 	 9.820190254922427e-11 	 1.9656196685022977e-16
274.7837837837838 	 9.763280989948268e-11 	 1.9513383325157892e-16
275.28426426426427 	 9.70657865272072e-11 	 1.937186463714849e-16
275.7847447447448 	 9.650082116673143e-11 	 1.9231626562307727e-16
276.28522522522525 	 9.593790263401845e-11 	 1.909265521973193e-16
276.7857057057057 	 9.537701982592232e-11 	 1.895493690373585e-16
277.2861861861862 	 9.481816171945881e-11 	 1.8818458081329718e-16
277.7866666666667 	 9.42613173710827e-11 	 1.8683205389736658e-16
278.28714714714715 	 9.370647591597378e-11 	 1.8549165633950448e-16
278.78762762762767 	 9.315362656732977e-11 	 1.8416325784332471e-16
279.28810810810813 	 9.26027586156681e-11 	 1.8284672974247591e-16
279.7885885885886 	 9.20538614281335e-11 	 1.8154194497737506e-16
280.2890690690691 	 9.150692444781437e-11 	 1.8024877807231902e-16
280.7895495495496 	 9.096193719306578e-11 	 1.7896710511295912e-16
281.29003003003004 	 9.041888925684009e-11 	 1.776968037241362e-16
281.79051051051056 	 8.987777030602416e-11 	 1.7643775304806974e-16
282.290990990991 	 8.933857008078442e-11 	 1.7518983372289338e-16
282.7914714714715 	 8.880127839391789e-11 	 1.739529278615308e-16
283.291951951952 	 8.82658851302109e-11 	 1.72726919030908e-16
283.79243243243246 	 8.773238024580447e-11 	 1.7151169223149467e-16
284.2929129129129 	 8.720075376756592e-11 	 1.7030713387716657e-16
284.7933933933934 	 8.667099579246759e-11 	 1.691131317753886e-16
285.2938738738739 	 8.614309648697171e-11 	 1.6792957510770742e-16
285.79435435435437 	 8.56170460864225e-11 	 1.6675635441055277e-16
286.29483483483483 	 8.509283489444317e-11 	 1.655933615563378e-16
286.79531531531535 	 8.457045328234119e-11 	 1.6444048973485833e-16
287.2957957957958 	 8.404989168851807e-11 	 1.6329763343498005e-16
287.7962762762763 	 8.353114061788618e-11 	 1.6216468842661345e-16
288.2967567567568 	 8.301419064129127e-11 	 1.6104155174296879e-16
288.79723723723725 	 8.249903239494167e-11 	 1.5992812166308823e-16
289.2977177177177 	 8.198565657984218e-11 	 1.5882429769464704e-16
289.79819819819824 	 8.147405396123521e-11 	 1.5772998055702425e-16
290.2986786786787 	 8.09642153680466e-11 	 1.566450721646329e-16
290.79915915915916 	 8.045613169233789e-11 	 1.5556947561050927e-16
291.2996396396397 	 7.99497938887636e-11 	 1.5450309515015413e-16
291.80012012012014 	 7.944519297403515e-11 	 1.534458361856248e-16
292.3006006006006 	 7.894232002638857e-11 	 1.52397605249868e-16
292.8010810810811 	 7.844116618505964e-11 	 1.5135830999129785e-16
293.3015615615616 	 7.79417226497629e-11 	 1.5032785915860592e-16
293.80204204204205 	 7.744398068017664e-11 	 1.4930616258580616e-16
294.30252252252257 	 7.694793159543313e-11 	 1.4829313117750695e-16
294.803003003003 	 7.645356677361398e-11 	 1.472886768944082e-16
295.3034834834835 	 7.59608776512504e-11 	 1.4629271273901838e-16
295.803963963964 	 7.546985572282886e-11 	 1.4530515274158934e-16
296.30444444444447 	 7.49804925403018e-11 	 1.4432591194626408e-16
296.80492492492493 	 7.449277971260277e-11 	 1.433549063974336e-16
297.30540540540545 	 7.400670890516706e-11 	 1.4239205312630094e-16
297.8058858858859 	 7.352227183945708e-11 	 1.414372701376477e-16
298.3063663663664 	 7.303946029249184e-11 	 1.4049047639679866e-16
298.8068468468469 	 7.255826609638223e-11 	 1.3955159181678434e-16
299.30732732732736 	 7.20786811378702e-11 	 1.386205372456949e-16
299.8078078078078 	 7.160069735787274e-11 	 1.376972344542241e-16
300.30828828828834 	 7.134425272647384e-11 	 1.3678160612561673e-16
300.8087687687688 	 7.122555137999972e-11 	 1.3587357583825913e-16
301.30924924924926 	 7.110724436398226e-11 	 1.349730680563726e-16
301.8097297297298 	 7.098932971670829e-11 	 1.34080008120185e-16
302.31021021021024 	 7.087180548945542e-11 	 1.3319432223298166e-16
302.8106906906907 	 7.075466974638448e-11 	 1.323159374497216e-16
303.31117117117117 	 7.063792056443325e-11 	 1.3144478166582278e-16
303.8116516516517 	 7.052155603321122e-11 	 1.3058078360611342e-16
304.31213213213215 	 7.040557425489551e-11 	 1.2972387281394705e-16
304.8126126126126 	 7.02899733441275e-11 	 1.2887397964047594e-16
305.31309309309313 	 7.017475142791082e-11 	 1.2803103523408478e-16
305.8135735735736 	 7.005990664551011e-11 	 1.271949715299785e-16
306.31405405405405 	 6.994543714835091e-11 	 1.2636572123992238e-16
306.8145345345346 	 6.983134109992043e-11 	 1.2554321784213354e-16
307.31501501501504 	 6.971761667566939e-11 	 1.2472739557131938e-16
307.8154954954955 	 6.960426206291467e-11 	 1.2391818940886166e-16
308.315975975976 	 6.949127546074311e-11 	 1.231155350731436e-16
308.8164564564565 	 6.937865507991603e-11 	 1.223193690100181e-16
309.31693693693694 	 6.92663991427749e-11 	 1.21529628383414e-16
309.81741741741746 	 6.915450588314764e-11 	 1.2074625106607814e-16
310.3178978978979 	 6.904297354625621e-11 	 1.199691756304532e-16
310.8183783783784 	 6.893180038862471e-11 	 1.1919834133968522e-16
311.3188588588589 	 6.882098467798852e-11 	 1.1843368813876206e-16
311.81933933933936 	 6.871052469320453e-11 	 1.1767515664578045e-16
312.3198198198198 	 6.860041872416179e-11 	 1.1692268814333623e-16
312.82030030030035 	 6.849066507169334e-11 	 1.1617622457004057e-16
313.3207807807808 	 6.838126204748894e-11 	 1.1543570851215725e-16
313.82126126126127 	 6.827220797400822e-11 	 1.1470108319535835e-16
314.3217417417418 	 6.816350118439528e-11 	 1.1397229247660028e-16
314.82222222222225 	 6.805514002239345e-11 	 1.132492808361133e-16
315.3227027027027 	 6.794712284226137e-11 	 1.125319933695068e-16
315.82318318318323 	 6.783944800868958e-11 	 1.118203757799861e-16
316.3236636636637 	 6.773211389671805e-11 	 1.111143743706805e-16
316.82414414414416 	 6.762511889165441e-11 	 1.1041393603707931e-16
317.3246246246247 	 6.751846138899295e-11 	 1.0971900825957568e-16
317.82510510510514 	 6.74121397943345e-11 	 1.0902953909611562e-16
318.3255855855856 	 6.730615252330688e-11 	 1.0834547717495046e-16
318.8260660660661 	 6.720049800148626e-11 	 1.0766677168749214e-16
319.3265465465466 	 6.709517466431922e-11 	 1.0699337238126867e-16
319.82702702702704 	 6.699018095704544e-11 	 1.0632522955297835e-16
320.32750750750756 	 6.688551533462125e-11 	 1.0566229404164148e-16
320.827987987988 	 6.678117626164392e-11 	 1.0500451722184908e-16
321.3284684684685 	 6.667716221227636e-11 	 1.043518509971038e-16
321.82894894894895 	 6.657347167017299e-11 	 1.0370424779325621e-16
322.32942942942947 	 6.647010312840589e-11 	 1.0306166055203097e-16
322.82990990990993 	 6.636705508939186e-11 	 1.0242404272464399e-16
323.3303903903904 	 6.626432606482008e-11 	 1.0179134826550762e-16
323.8308708708709 	 6.61619145755805e-11 	 1.0116353162602378e-16
324.3313513513514 	 6.605981915169278e-11 	 1.0054054774846304e-16
324.83183183183183 	 6.595803833223601e-11 	 9.992235205992767e-17
325.33231231231235 	 6.585657066527895e-11 	 9.930890046639895e-17
325.8327927927928 	 6.575541470781118e-11 	 9.870014934686672e-17
326.3332732732733 	 6.565456902567444e-11 	 9.809605554753832e-17
326.8337537537538 	 6.555403219349503e-11 	 9.749657637612875e-17
327.33423423423426 	 6.545380279461658e-11 	 9.690166959622857e-17
327.8347147147147 	 6.535387942103357e-11 	 9.631129342174907e-17
328.33519519519524 	 6.525426067332526e-11 	 9.572540651144292e-17
328.8356756756757 	 6.515494516059058e-11 	 9.514396796350122e-17
329.33615615615616 	 6.50559315003832e-11 	 9.456693731022225e-17
329.8366366366367 	 6.495721831864746e-11 	 9.39942745127546e-17
330.33711711711715 	 6.485880424965484e-11 	 9.342593995591088e-17
330.8375975975976 	 6.476068793594089e-11 	 9.286189444305192e-17
331.3380780780781 	 6.466286802824288e-11 	 9.230209919104075e-17
331.8385585585586 	 6.4565343185438e-11 	 9.174651582526507e-17
332.33903903903905 	 6.446811207448195e-11 	 9.119510637472575e-17
332.83951951951957 	 6.437117337034823e-11 	 9.06478332671935e-17
333.34000000000003 	 6.427452575596809e-11 	 9.010465932442961e-17
333.8404804804805 	 6.417816792217063e-11 	 8.956554775747097e-17
334.340960960961 	 6.408209856762392e-11 	 8.90304621619793e-17
334.8414414414415 	 6.398631639877631e-11 	 8.849936651365224e-17
335.34192192192194 	 6.389082012979837e-11 	 8.797222516369596e-17
335.84240240240246 	 6.379560848252537e-11 	 8.744900283435818e-17
336.3428828828829 	 6.370068018640025e-11 	 8.692966461452189e-17
336.8433633633634 	 6.360603397841714e-11 	 8.641417595535622e-17
337.3438438438439 	 6.351166860306523e-11 	 8.59025026660265e-17
337.84432432432436 	 6.341758281227343e-11 	 8.539461090946136e-17
338.3448048048048 	 6.332377536535516e-11 	 8.489046719817507e-17
338.8452852852853 	 6.323024502895397e-11 	 8.439003839014644e-17
339.3457657657658 	 6.313699057698938e-11 	 8.38932916847515e-17
339.84624624624627 	 6.304401079060337e-11 	 8.340019461875062e-17
340.34672672672673 	 6.295130445810724e-11 	 8.291071506232781e-17
340.84720720720725 	 6.285887037492898e-11 	 8.242482121518293e-17
341.3476876876877 	 6.276670734356114e-11 	 8.194248160267542e-17
341.8481681681682 	 6.267481417350902e-11 	 8.14636650720178e-17
342.3486486486487 	 6.258318968123951e-11 	 8.098834078852035e-17
342.84912912912915 	 6.249183269013025e-11 	 8.051647823188422e-17
343.3496096096096 	 6.240074203041923e-11 	 8.00480471925433e-17
343.85009009009013 	 6.230991653915488e-11 	 7.958301776805378e-17
344.3505705705706 	 6.22193550601466e-11 	 7.912136035953129e-17
344.85105105105106 	 6.212905644391569e-11 	 7.866304566813379e-17
345.3515315315316 	 6.203901954764667e-11 	 7.820804469159074e-17
345.85201201201204 	 6.194924323513916e-11 	 7.775632872077734e-17
346.3524924924925 	 6.185972637675998e-11 	 7.730786933633272e-17
346.852972972973 	 6.177046784939586e-11 	 7.686263840532272e-17
347.3534534534535 	 6.168146653640645e-11 	 7.642060807794545e-17
347.85393393393394 	 6.159272132757767e-11 	 7.598175078427906e-17
348.35441441441446 	 6.150423111907564e-11 	 7.55460392310721e-17
348.8548948948949 	 6.141599481340097e-11 	 7.511344639857533e-17
349.3553753753754 	 6.132801131934316e-11 	 7.468394553741311e-17
349.8558558558559 	 6.124027955193588e-11 	 7.425751016549657e-17
350.35633633633637 	 6.115279843241222e-11 	 7.383411406497534e-17
350.85681681681683 	 6.10655668881605e-11 	 7.34137312792285e-17
351.35729729729735 	 6.09785838526804e-11 	 7.29963361098942e-17
351.8577777777778 	 6.089184826553961e-11 	 7.258190311393733e-17
352.3582582582583 	 6.080535907233063e-11 	 7.217040710075439e-17
352.8587387387388 	 6.071911522462804e-11 	 7.176182312931485e-17
353.35921921921926 	 6.063311567994623e-11 	 7.135612650533999e-17
353.8596996996997 	 6.054735940169732e-11 	 7.095329277851635e-17
354.36018018018024 	 6.046184535914947e-11 	 7.055329773974518e-17
354.8606606606607 	 6.037657252738574e-11 	 7.015611741842681e-17
355.36114114114116 	 6.029153988726298e-11 	 6.976172807977893e-17
355.8616216216217 	 6.02067464253713e-11 	 6.937010622218902e-17
356.36210210210214 	 6.012219113399381e-11 	 6.89812285746002e-17
356.8625825825826 	 6.003787301106672e-11 	 6.859507209392992e-17
357.36306306306307 	 5.995379106013968e-11 	 6.821161396252108e-17
357.8635435435436 	 5.98699442903366e-11 	 6.783083158562522e-17
358.36402402402405 	 5.978633171631675e-11 	 6.745270258891755e-17
358.8645045045045 	 5.970295235823601e-11 	 6.70772048160422e-17
359.364984984985 	 5.961980524170876e-11 	 6.670431632618952e-17
359.8654654654655 	 5.95368893977699e-11 	 6.633401539170256e-17
360.36594594594595 	 5.945420386283709e-11 	 6.596628049571365e-17
360.8664264264265 	 5.937174767867355e-11 	 6.56010903298109e-17
361.36690690690693 	 5.928951989235098e-11 	 6.52384237917331e-17
361.8673873873874 	 5.920751955621288e-11 	 6.487825998309353e-17
362.3678678678679 	 5.912574572783812e-11 	 6.452057820713216e-17
362.8683483483484 	 5.904419747000489e-11 	 6.416535796649549e-17
363.36882882882884 	 5.896287385065478e-11 	 6.381257896104356e-17
363.86930930930936 	 5.888177394285738e-11 	 6.346222108568496e-17
364.3697897897898 	 5.880089682477506e-11 	 6.311426442823759e-17
364.8702702702703 	 5.872024157962793e-11 	 6.276868926731605e-17
365.3707507507508 	 5.863980729565932e-11 	 6.242547607024546e-17
365.87123123123126 	 5.855959306610143e-11 	 6.208460549100055e-17
366.3717117117117 	 5.84795979891411e-11 	 6.174605836816975e-17
366.87219219219224 	 5.83998211678862e-11 	 6.140981572294481e-17
367.3726726726727 	 5.8320261710332e-11 	 6.107585875713472e-17
367.87315315315317 	 5.824091872932794e-11 	 6.07441688512038e-17
368.3736336336337 	 5.8161791342544684e-11 	 6.04147275623339e-17
368.87411411411415 	 5.8082878672441424e-11 	 6.008751662251045e-17
369.3745945945946 	 5.800417984623336e-11 	 5.976251793663095e-17
369.87507507507513 	 5.792569399585961e-11 	 5.943971358063758e-17
370.3755555555556 	 5.7847420257951275e-11 	 5.911908579967173e-17
370.87603603603606 	 5.776935777379971e-11 	 5.880061700625076e-17
371.3765165165166 	 5.769150568932524e-11 	 5.848428977846776e-17
371.87699699699704 	 5.76138631550459e-11 	 5.817008685821196e-17
372.3774774774775 	 5.753642932604663e-11 	 5.785799114941136e-17
372.877957957958 	 5.745920336194853e-11 	 5.754798571629617e-17
373.3784384384385 	 5.738218442687856e-11 	 5.724005378168355e-17
373.87891891891894 	 5.7305371689439334e-11 	 5.693417872528249e-17
374.37939939939946 	 5.722876432267916e-11 	 5.663034408201927e-17
374.8798798798799 	 5.715236150406244e-11 	 5.63285335403832e-17
375.3803603603604 	 5.707616241544022e-11 	 5.602873094079188e-17
375.88084084084085 	 5.700016624302089e-11 	 5.573092027397588e-17
376.38132132132137 	 5.692437217734135e-11 	 5.5435085679383336e-17
376.8818018018018 	 5.684877941323823e-11 	 5.514121144360301e-17
377.3822822822823 	 5.6773387149819294e-11 	 5.4849281998806283e-17
377.8827627627628 	 5.669819459043525e-11 	 5.455928192120759e-17
378.38324324324327 	 5.662320094265166e-11 	 5.427119592954345e-17
378.88372372372373 	 5.654840541822109e-11 	 5.398500888356931e-17
379.38420420420425 	 5.6473807233055514e-11 	 5.370070578257415e-17
379.8846846846847 	 5.639940560719892e-11 	 5.341827176391293e-17
380.3851651651652 	 5.632519976480008e-11 	 5.3137692101556047e-17
380.8856456456457 	 5.625118893408563e-11 	 5.285895220465605e-17
381.38612612612616 	 5.617737234733328e-11 	 5.25820376161314e-17
381.8866066066066 	 5.610374924084533e-11 	 5.230693401126679e-17
382.38708708708714 	 5.603031885492221e-11 	 5.203362719632969e-17
382.8875675675676 	 5.5957080433836535e-11 	 5.176210310720371e-17
383.38804804804806 	 5.588403322580699e-11 	 5.149234780803727e-17
383.8885285285286 	 5.5811176482972684e-11 	 5.122434748990849e-17
384.38900900900904 	 5.57385094613677e-11 	 5.095808846950607e-17
384.8894894894895 	 5.566603142089563e-11 	 5.0693557187824565e-17
385.38996996997 	 5.559374162530458e-11 	 5.0430740208875937e-17
385.8904504504505 	 5.552163934216214e-11 	 5.016962421841543e-17
386.39093093093095 	 5.5449723842830735e-11 	 4.991019602268264e-17
386.89141141141147 	 5.537799440244297e-11 	 4.9652442547156793e-17
387.39189189189193 	 5.5306450299877406e-11 	 4.939635083532724e-17
387.8923723723724 	 5.5235090817734304e-11 	 4.9141908047477163e-17
388.3928528528529 	 5.516391524231166e-11 	 4.888910145948228e-17
388.8933333333334 	 5.5092922863581446e-11 	 4.863791846162293e-17
389.39381381381384 	 5.502211297516596e-11 	 4.8388346557409965e-17
389.89429429429435 	 5.495148487431439e-11 	 4.814037336242423e-17
390.3947747747748 	 5.488103786187966e-11 	 4.7893986603169617e-17
390.8952552552553 	 5.481077124229524e-11 	 4.7649174115938716e-17
391.3957357357358 	 5.4740684323552275e-11 	 4.74059238456921e-17
391.89621621621626 	 5.467077641717696e-11 	 4.7164223844950204e-17
392.3966966966967 	 5.460104683820791e-11 	 4.6924062272698e-17
392.89717717717724 	 5.453149490517378e-11 	 4.6685427393301876e-17
393.3976576576577 	 5.446211994007114e-11 	 4.644830757543956e-17
393.89813813813817 	 5.439292126834238e-11 	 4.621269129104143e-17
394.3986186186186 	 5.432389821885387e-11 	 4.5978567114244604e-17
394.89909909909915 	 5.425505012387424e-11 	 4.5745923720358445e-17
395.3995795795796 	 5.41863763190529e-11 	 4.551474988484229e-17
395.90006006006007 	 5.41178761433986e-11 	 4.528503448229421e-17
396.4005405405406 	 5.404954893925833e-11 	 4.5056766485451865e-17
396.90102102102105 	 5.398139405229612e-11 	 4.482993496420406e-17
397.4015015015015 	 5.3913410831472286e-11 	 4.46045290846141e-17
397.90198198198203 	 5.3845598629022626e-11 	 4.438053810795351e-17
398.4024624624625 	 5.377795680043793e-11 	 4.415795138974754e-17
398.90294294294296 	 5.3710484704443427e-11 	 4.39367583788303e-17
399.4034234234235 	 5.36431817029786e-11 	 4.371694861641149e-17
399.90390390390394 	 5.357604716117712e-11 	 4.3498511735153334e-17
400.4043843843844 	 5.350908044734682e-11 	 4.3281437458257645e-17
400.9048648648649 	 5.3442280932949835e-11 	 4.3065715598563216e-17
401.4053453453454 	 5.3375647992583074e-11 	 4.285133605765375e-17
401.90582582582584 	 5.330918100395858e-11 	 4.26382888249751e-17
402.40630630630636 	 5.3242879347884206e-11 	 4.24265639769627e-17
402.9067867867868 	 5.3176742408244384e-11 	 4.2216151676178975e-17
403.4072672672673 	 5.3110769571981043e-11 	 4.2007042170459883e-17
403.9077477477478 	 5.3044960229074654e-11 	 4.179922579207129e-17
404.40822822822827 	 5.2979313772525486e-11 	 4.159269295687464e-17
404.90870870870873 	 5.2913829598334816e-11 	 4.138743416350174e-17
405.40918918918925 	 5.284850710548654e-11 	 4.118343999253902e-17
405.9096696696697 	 5.27833456959287e-11 	 4.098070110572053e-17
406.4101501501502 	 5.27183447745553e-11 	 4.077920824512993e-17
406.9106306306307 	 5.265350374918809e-11 	 4.0578952232411394e-17
407.41111111111115 	 5.258882203055871e-11 	 4.0379923967989297e-17
407.9115915915916 	 5.252429903229072e-11 	 4.0182114430296064e-17
408.41207207207214 	 5.245993417088196e-11 	 3.998551467500911e-17
408.9125525525526 	 5.239572686568694e-11 	 3.9790115834295805e-17
409.41303303303306 	 5.2331676538899354e-11 	 3.959590911606673e-17
409.9135135135136 	 5.2267782615534766e-11 	 3.94028858032373e-17
410.41399399399404 	 5.220404452341345e-11 	 3.9211037252997424e-17
410.9144744744745 	 5.214046169314319e-11 	 3.902035489608892e-17
411.414954954955 	 5.207703355810245e-11 	 3.883083023609121e-17
411.9154354354355 	 5.201375955442351e-11 	 3.864245484871464e-17
412.41591591591595 	 5.195063912097569e-11 	 3.845522038110134e-17
412.9163963963964 	 5.188767169934883e-11 	 3.8269118551133893e-17
413.4168768768769 	 5.182485673383682e-11 	 3.8084141146751544e-17
413.9173573573574 	 5.176219367142123e-11 	 3.790028002527377e-17
414.41783783783785 	 5.169968196175507e-11 	 3.771752711273103e-17
414.91831831831837 	 5.1637321057146703e-11 	 3.753587440320311e-17
415.41879879879883 	 5.157511041254388e-11 	 3.73553139581644e-17
415.9192792792793 	 5.151304948551778e-11 	 3.7175837905836153e-17
416.4197597597598 	 5.1451137736247276e-11 	 3.699743844054605e-17
416.9202402402403 	 5.138937462750335e-11 	 3.682010782209443e-17
417.42072072072074 	 5.132775962463345e-11 	 3.664383837512739e-17
417.92120120120126 	 5.126629219554611e-11 	 3.646862248851666e-17
418.4216816816817 	 5.1204971810695706e-11 	 3.6294452614746246e-17
418.9221621621622 	 5.114379794306707e-11 	 3.612132126930534e-17
419.4226426426427 	 5.108277006816058e-11 	 3.594922103008808e-17
419.92312312312316 	 5.1021887663977075e-11 	 3.577814453679969e-17
420.4236036036036 	 5.096115021100294e-11 	 3.560808449036859e-17
420.92408408408414 	 5.090055719219543e-11 	 3.543903365236539e-17
421.4245645645646 	 5.0840108092967915e-11 	 3.527098484442758e-17
421.92504504504507 	 5.0779802401175366e-11 	 3.510393094769066e-17
422.4255255255256 	 5.071963960709982e-11 	 3.4937864902225026e-17
422.92600600600605 	 5.065961920343612e-11 	 3.47727797064793e-17
423.4264864864865 	 5.059974068527756e-11 	 3.4608668416729005e-17
423.92696696696703 	 5.05400035501018e-11 	 3.444552414653158e-17
424.4274474474475 	 5.048040729775676e-11 	 3.4283340066186886e-17
424.92792792792795 	 5.042095143044669e-11 	 3.412210940220352e-17
425.4284084084085 	 5.036163545271825e-11 	 3.396182543677067e-17
425.92888888888893 	 5.0302458871446873e-11 	 3.38024815072358e-17
426.4293693693694 	 5.024342119582298e-11 	 3.364407100558752e-17
426.9298498498499 	 5.018452193733845e-11 	 3.348658737794406e-17
427.4303303303304 	 5.012576060977316e-11 	 3.33300241240472e-17
427.93081081081084 	 5.006713672918158e-11 	 3.3174374796761346e-17
428.43129129129136 	 5.000864981387953e-11 	 3.3019633001578e-17
428.9317717717718 	 4.995029938443093e-11 	 3.286579239612539e-17
429.4322522522523 	 4.989208496363475e-11 	 3.271284668968313e-17
429.9327327327328 	 4.983400607651197e-11 	 3.256078964270215e-17
430.43321321321326 	 4.977606225029268e-11 	 3.2409615066329484e-17
430.9336936936937 	 4.971825301440322e-11 	 3.225931682193805e-17
431.4341741741742 	 4.96605779004535e-11 	 3.210988882066141e-17
431.9346546546547 	 4.960303644222429e-11 	 3.196132502293324e-17
432.43513513513517 	 4.954562817565471e-11 	 3.1813619438031744e-17
432.93561561561563 	 4.9488352638829675e-11 	 3.166676612362863e-17
433.43609609609615 	 4.943120937196761e-11 	 3.1520759185342885e-17
433.9365765765766 	 4.9374197917408084e-11 	 3.1375592776299206e-17
434.4370570570571 	 4.9317317819599586e-11 	 3.123126109669084e-17
434.9375375375376 	 4.926056862508741e-11 	 3.108775839334705e-17
435.43801801801806 	 4.920394988250163e-11 	 3.094507895930511e-17
435.9384984984985 	 4.914746114254508e-11 	 3.08032171333866e-17
436.43897897897904 	 4.90911019579815e-11 	 3.066216729977803e-17
436.9394594594595 	 4.903487188362373e-11 	 3.0521923887616076e-17
437.43993993993996 	 4.8978770476322006e-11 	 3.038248137057655e-17
437.9404204204205 	 4.892279729495226e-11 	 3.0243834266468183e-17
438.44090090090094 	 4.8866951900404637e-11 	 3.010597713683017e-17
438.9413813813814 	 4.881123385557195e-11 	 2.9968904586533936e-17
439.4418618618619 	 4.875564272533829e-11 	 2.983261126338902e-17
439.9423423423424 	 4.8700178076567744e-11 	 2.9697091857753054e-17
440.44282282282285 	 4.864483947809306e-11 	 2.9562341102145536e-17
440.94330330330337 	 4.858962650070457e-11 	 2.9428353770865653e-17
441.44378378378383 	 4.853453871713902e-11 	 2.9295124679614046e-17
441.9442642642643 	 4.8479575702068586e-11 	 2.916264868511836e-17
442.4447447447448 	 4.842473703208989e-11 	 2.903092068476249e-17
442.9452252252253 	 4.837002228571321e-11 	 2.88999356162199e-17
443.44570570570573 	 4.831543104335157e-11 	 2.876968845709031e-17
443.94618618618625 	 4.826096288731011e-11 	 2.864017422454027e-17
444.4466666666667 	 4.820661740177539e-11 	 2.851138797494737e-17
444.9471471471472 	 4.8152394172804785e-11 	 2.8383324803547883e-17
445.4476276276277 	 4.809829278831601e-11 	 2.8255979844088174e-17
445.94810810810816 	 4.804431283807671e-11 	 2.8129348268479514e-17
446.4485885885886 	 4.7990453913694015e-11 	 2.800342528645638e-17
446.94906906906914 	 4.793671560860429e-11 	 2.787820614523812e-17
447.4495495495496 	 4.78830975180629e-11 	 2.775368612919422e-17
447.95003003003006 	 4.782959923913405e-11 	 2.762986055951274e-17
448.4505105105105 	 4.777622037068068e-11 	 2.7506724793872146e-17
448.95099099099104 	 4.772296051335442e-11 	 2.7384274226116422e-17
449.4514714714715 	 4.7669819269585704e-11 	 2.7262504285933438e-17
449.95195195195197 	 4.76167962435738e-11 	 2.714141043853658e-17
450.4524324324325 	 4.7563891041276984e-11 	 2.7020988184349374e-17
450.95291291291295 	 4.7511103270402876e-11 	 2.690123305869358e-17
451.4533933933934 	 4.745843254039862e-11 	 2.6782140631480034e-17
451.95387387387393 	 4.740587846244132e-11 	 2.6663706506902778e-17
452.4543543543544 	 4.735344064942848e-11 	 2.6545926323136307e-17
452.95483483483486 	 4.730111871596844e-11 	 2.6428795752035476e-17
453.4553153153154 	 4.724891227837101e-11 	 2.6312310498838812e-17
453.95579579579584 	 4.719682095463804e-11 	 2.6196466301874458e-17
454.4562762762763 	 4.714484436445411e-11 	 2.6081258932269136e-17
454.9567567567568 	 4.709298212917727e-11 	 2.5966684193659988e-17
455.4572372372373 	 4.704123387182992e-11 	 2.585273792190932e-17
455.95771771771774 	 4.698959921708954e-11 	 2.573941598482194e-17
456.45819819819826 	 4.693807779127972e-11 	 2.562671428186558e-17
456.9586786786787 	 4.6886669222361105e-11 	 2.5514628743893877e-17
457.4591591591592 	 4.683537313992247e-11 	 2.5403155332872073e-17
457.9596396396397 	 4.678418917517178e-11 	 2.5292290041605536e-17
458.46012012012017 	 4.67331169609274e-11 	 2.518202889347085e-17
458.9606006006006 	 4.6682156131609274e-11 	 2.507236794214948e-17
459.46108108108115 	 4.6631306323230204e-11 	 2.496330327136421e-17
459.9615615615616 	 4.658056717338722e-11 	 2.4854830994618036e-17
460.46204204204207 	 4.652993832125295e-11 	 2.4746947254935663e-17
460.9625225225226 	 4.647941940756706e-11 	 2.4639648224607408e-17
461.46300300300305 	 4.642901007462775e-11 	 2.4532930104935874e-17
461.9634834834835 	 4.6378709966283334e-11 	 2.4426789125984696e-17
462.46396396396403 	 4.632851872792384e-11 	 2.43212215463301e-17
462.9644444444445 	 4.6278436006472684e-11 	 2.4216223652814673e-17
463.46492492492496 	 4.622846145037838e-11 	 2.4111791760303525e-17
463.9654054054055 	 4.617859470960631e-11 	 2.400792221144291e-17
464.46588588588594 	 4.612883543563057e-11 	 2.390461137642111e-17
464.9663663663664 	 4.607918328142586e-11 	 2.380185565273165e-17
465.4668468468469 	 4.602963790145936e-11 	 2.3699651464938804e-17
465.9673273273274 	 4.5980198951682775e-11 	 2.3597995264445365e-17
466.46780780780784 	 4.593086608952435e-11 	 2.3496883529262667e-17
466.9682882882883 	 4.588163897388095e-11 	 2.3396312763782792e-17
467.4687687687688 	 4.5832517265110195e-11 	 2.3296279498552938e-17
467.9692492492493 	 4.5783500625022686e-11 	 2.3196780290052137e-17
468.46972972972975 	 4.5734588716874196e-11 	 2.3097811720469798e-17
468.97021021021027 	 4.568578120535797e-11 	 2.2999370397486685e-17
469.47069069069073 	 4.5637077756597106e-11 	 2.290145295405785e-17
469.9711711711712 	 4.558847803813687e-11 	 2.2804056048197596e-17
470.4716516516517 	 4.5539981718937186e-11 	 2.2707176362766597e-17
470.9721321321322 	 4.5491588469365106e-11 	 2.2610810605261028e-17
471.47261261261264 	 4.5443297961187326e-11 	 2.251495550760364e-17
471.97309309309315 	 4.539510986756279e-11 	 2.241960782593691e-17
472.4735735735736 	 4.534702386303529e-11 	 2.2324764340418125e-17
472.9740540540541 	 4.529903962352617e-11 	 2.2230421855016382e-17
473.4745345345346 	 4.5251156826327e-11 	 2.213657719731157e-17
473.97501501501506 	 4.5203375150092393e-11 	 2.204322721829524e-17
474.4754954954955 	 4.51556942748328e-11 	 2.1950368792173375e-17
474.97597597597604 	 4.510811388190732e-11 	 2.1857998816170937e-17
475.4764564564565 	 4.506063365401669e-11 	 2.176611421033846e-17
475.97693693693697 	 4.501325327519613e-11 	 2.1674711917360193e-17
476.4774174174175 	 4.496597243080845e-11 	 2.1583788902364367e-17
476.97789789789795 	 4.4918790807536964e-11 	 2.1493342152734978e-17
477.4783783783784 	 4.487170809337866e-11 	 2.140336867792551e-17
477.9788588588589 	 4.482472397763729e-11 	 2.1313865509274347e-17
478.4793393393394 	 4.4777838150916516e-11 	 2.122482969982192e-17
478.97981981981985 	 4.4731050305113164e-11 	 2.1136258324129618e-17
479.48030030030037 	 4.4684360133410433e-11 	 2.1048148478100284e-17
479.98078078078083 	 4.4637767330271205e-11 	 2.096049727880056e-17
480.4812612612613 	 4.459127159143139e-11 	 2.0873301864284746e-17
480.9817417417418 	 4.454487261389328e-11 	 2.0786559393420387e-17
481.4822222222223 	 4.449857009591899e-11 	 2.070026704571547e-17
481.98270270270274 	 4.4452363737023916e-11 	 2.061442202114724e-17
482.48318318318326 	 4.44062532379702e-11 	 2.052902153999253e-17
482.9836636636637 	 4.4360238300760335e-11 	 2.0444062842659857e-17
483.4841441441442 	 4.4314318628630665e-11 	 2.0359543189522873e-17
483.9846246246247 	 4.426849392604507e-11 	 2.0275459860755506e-17
484.48510510510516 	 4.4222763898688614e-11 	 2.019181015616855e-17
484.9855855855856 	 4.4177128253461206e-11 	 2.010859139504785e-17
485.4860660660661 	 4.4131586698471385e-11 	 2.0025800915993864e-17
485.9865465465466 	 4.408613894303007e-11 	 1.9943436076762843e-17
486.48702702702707 	 4.4040784697644385e-11 	 1.9861494254109433e-17
486.98750750750753 	 4.399552367401151e-11 	 1.977997284363064e-17
487.48798798798805 	 4.395035558501255e-11 	 1.9698869259611363e-17
487.9884684684685 	 4.390528014470653e-11 	 1.9618180934871336e-17
488.488948948949 	 4.38602970683243e-11 	 1.9537905320613398e-17
488.9894294294295 	 4.38154060722625e-11 	 1.9458039886273123e-17
489.48990990990995 	 4.377060687407775e-11 	 1.9378582119370123e-17
489.9903903903904 	 4.372589919248056e-11 	 1.9299529525360293e-17
490.49087087087094 	 4.368128274732951e-11 	 1.922087962748971e-17
490.9913513513514 	 4.3636757259625466e-11 	 1.9142629966649838e-17
491.49183183183186 	 4.3592322451505646e-11 	 1.9064778101233906e-17
491.9923123123124 	 4.3547978046237907e-11 	 1.8987321606994707e-17
492.49279279279284 	 4.350372376821499e-11 	 1.8910258076903765e-17
492.9932732732733 	 4.345955934294881e-11 	 1.883358512101164e-17
493.4937537537538 	 4.3415484497064774e-11 	 1.8757300366309553e-17
493.9942342342343 	 4.3371498958296165e-11 	 1.868140145659237e-17
494.49471471471475 	 4.332760245547848e-11 	 1.860588605232267e-17
494.99519519519527 	 4.3283794718543904e-11 	 1.8530751830496156e-17
495.4956756756757 	 4.32400754785158e-11 	 1.845599648450832e-17
495.9961561561562 	 4.3196444467503114e-11 	 1.838161772402217e-17
496.4966366366367 	 4.3152901418694975e-11 	 1.8307613274837282e-17
496.99711711711717 	 4.310944606635524e-11 	 1.8233980878760012e-17
497.49759759759763 	 4.306607814581709e-11 	 1.8160718293474872e-17
497.99807807807815 	 4.302279739347761e-11 	 1.8087823292416997e-17
498.4985585585586 	 4.297960354679256e-11 	 1.8015293664645957e-17
498.9990390390391 	 4.293649634427092e-11 	 1.7943127214720425e-17
499.4995195195196 	 4.289347552546973e-11 	 1.787132176257426e-17
500.0 	 4.285054083098881e-11 	 1.779987514339352e-17
