0.00035233633633633635 	 0.0049424841672928025 	 342876549833.9601
0.0004023843843843844 	 0.004609427283009713 	 198714865690.57233
0.0004524324324324324 	 0.008181408004452558 	 122109689616.43735
0.0005024804804804805 	 0.011379011959094297 	 78751920736.42264
0.0005525285285285286 	 0.017528889394006857 	 52433387642.73927
0.0006025765765765767 	 0.02338892731648294 	 36007269139.24866
0.0006526246246246247 	 0.0351556931533219 	 24971971120.252277
0.0007026726726726728 	 0.047259863087166606 	 17645496385.753677
0.0007527207207207208 	 0.07490838353588837 	 12305201905.746487
0.0008027687687687688 	 0.10611738332574876 	 8603353483.193722
0.0008528168168168169 	 0.19464113349386852 	 5478325299.403982
0.0009028648648648649 	 0.3060170353307959 	 3287806461.41351
0.000952912912912913 	 0.6570539083367429 	 1219199958.2451553
0.001002960960960961 	 2.3572083665794628 	 65932553.287211634
0.0010530090090090092 	 53.475585734508215 	 95450265560.1264
0.0011030570570570572 	 9.627607101108437 	 46289251574.68683
0.0011531051051051051 	 1.5312007175688893 	 13106954618.879942
0.0012031531531531533 	 0.6244907322355668 	 7556877588.810076
0.0012532012012012013 	 0.36240494447578203 	 5309149174.078126
0.0013032492492492493 	 0.2252792439744885 	 4025865083.2823987
0.0013532972972972973 	 0.15370962261751273 	 3169620846.8368745
0.0014033453453453455 	 0.11643363890586421 	 2593586129.0141435
0.0014533933933933935 	 0.08995867846010965 	 2153132159.212052
0.0015034414414414415 	 0.07240376771805725 	 1812227720.5481362
0.0015534894894894897 	 0.06047136085390374 	 1551162637.0389283
0.0016035375375375376 	 0.05070554798809753 	 1331676556.8078504
0.0016535855855855856 	 0.04418579355219635 	 1157146429.03329
0.0017036336336336338 	 0.037561585055727334 	 1008480676.6554039
0.0017536816816816818 	 0.033334660976421314 	 886778389.1091186
0.0018037297297297298 	 0.029177326046970303 	 782074730.2868991
0.001853777777777778 	 0.02637356721795065 	 693936941.6867397
0.001903825825825826 	 0.023643430827424806 	 617447208.4572303
0.001953873873873874 	 0.021588283900471048 	 552111991.8691716
0.0020039219219219217 	 0.019631047568284397 	 495059394.4612804
0.00205396996996997 	 0.018456102932533473 	 446788406.0674018
0.002104018018018018 	 0.017322091826395544 	 404164215.31798697
0.002154066066066066 	 0.016225878907250156 	 366417627.9547811
0.002204114114114114 	 0.015164608281663865 	 332898543.2932169
0.0022541621621621623 	 0.014135672385711244 	 303055381.6491119
0.00230421021021021 	 0.013136684919407038 	 276418419.71232957
0.0023542582582582582 	 0.012165457231958504 	 252586226.87975118
0.0024043063063063064 	 0.011219977655012743 	 231214575.0279907
0.002454354354354354 	 0.010298393363102797 	 212007331.01996925
0.0025044024024024024 	 0.00944147878518228 	 194746588.2497545
0.00255445045045045 	 0.00904209902222244 	 179530943.2185059
0.0026044984984984984 	 0.008655751023126702 	 165756211.89022526
0.0026545465465465466 	 0.00828167562365478 	 153262504.71521327
0.0027045945945945943 	 0.007919169644132602 	 141910199.87531242
0.0027546426426426425 	 0.007567580801787129 	 131577064.10847878
0.0028046906906906907 	 0.007226303167787258 	 122155825.14479545
0.0028547387387387385 	 0.006894773102144192 	 113552118.45332947
0.0029047867867867867 	 0.006572465608838134 	 105682745.30062358
0.002954834834834835 	 0.00625889106134793 	 98474190.58552659
0.0030048828828828826 	 0.005965947072772281 	 91877071.37543535
0.003054930930930931 	 0.00579393029980737 	 85952364.6462221
0.003104978978978979 	 0.005627264254085421 	 80496023.06619722
0.003155027027027027 	 0.005465693841082881 	 75464381.18945858
0.003205075075075075 	 0.005308979898663053 	 70818445.79156287
0.003255123123123123 	 0.00515689797225856 	 66523333.467077576
0.003305171171171171 	 0.005009237201333492 	 62547783.22617526
0.003355219219219219 	 0.004865799305505876 	 58863733.14310659
0.0034052672672672674 	 0.0047263976600774495 	 55445951.84138213
0.003455315315315315 	 0.004590856451905547 	 52271717.037837885
0.0035053633633633633 	 0.004459009907587598 	 49320534.564003065
0.0035554114114114115 	 0.004330701586832716 	 46573892.281521164
0.0036054594594594593 	 0.004205783734686397 	 44015044.14378943
0.0036555075075075075 	 0.004084116686967809 	 41628820.3568821
0.0037055555555555557 	 0.003965568323888923 	 39401460.182367794
0.0037556036036036035 	 0.00385001356736076 	 37320464.42172091
0.0038056516516516516 	 0.0037373339179651924 	 35374465.0421769
0.0038556996996997 	 0.0036274170279881105 	 33553109.759816732
0.0039057477477477476 	 0.0035201563072793742 	 31846959.69788745
0.003955795795795796 	 0.003415450559032316 	 30247398.495545514
0.004005843843843844 	 0.0033132036428661655 	 28746551.461527254
0.004055891891891893 	 0.0032133241628529707 	 27337213.55467074
0.00410593993993994 	 0.0031157251783607465 	 26012785.13370353
0.004155987987987988 	 0.0030203239357894443 	 24767214.556407508
0.004206036036036037 	 0.0029270416194595084 	 23594946.82664715
0.004256084084084085 	 0.0028358031200765386 	 22490877.589697342
0.004306132132132132 	 0.0027465368193420546 	 21450311.864277042
0.004356180180180181 	 0.002659174389411866 	 20468926.975734577
0.004406228228228229 	 0.0025736506060215357 	 19542739.22067555
0.0044562762762762765 	 0.002489903174204464 	 18668073.85043591
0.004506324324324325 	 0.0024078725656236275 	 17841538.010424603
0.004556372372372373 	 0.002327501866623939 	 17059996.31554243
0.004606420420420421 	 0.0022487366361899903 	 16320548.779524127
0.004656468468468469 	 0.00217152477306384 	 15620510.848908886
0.004706516516516517 	 0.0020958163913410424 	 14957395.321073804
0.004756564564564565 	 0.002021563703920464 	 14328895.950920343
0.0048066126126126135 	 0.0019487209132354535 	 13732872.572862342
0.004856660660660661 	 0.001877244108741143 	 13167337.584134735
0.004906708708708709 	 0.0018070911706754287 	 12630443.652474884
0.004956756756756757 	 0.0017382216796503203 	 12120472.526228247
0.005006804804804805 	 0.0016760943118506327 	 11636528.347392239
0.005056852852852853 	 0.0016497255462662804 	 11180662.808767537
0.005106900900900901 	 0.001623866268407875 	 10746865.195633862
0.0051569489489489495 	 0.001598501639593001 	 10333866.969068656
0.005206996996996997 	 0.0015736173916352594 	 9940483.813818397
0.005257045045045045 	 0.0015491997996881241 	 9565609.309541
0.005307093093093094 	 0.001525235656625359 	 9208209.131956456
0.0053571411411411415 	 0.0015017122488575072 	 8867315.735068642
0.005407189189189189 	 0.0014786173334914237 	 8542023.470526243
0.005457237237237238 	 0.0014559391167466053 	 8231484.10456357
0.005507285285285286 	 0.0014336662335483945 	 7934902.696864035
0.005557333333333333 	 0.0014117877282238506 	 7651533.80917518
0.005607381381381382 	 0.0013902930362314086 	 7380678.01462177
0.00565742942942943 	 0.0013691719668602928 	 7121678.681454153
0.0057074774774774776 	 0.0013484146868401777 	 6873919.007470227
0.005757525525525526 	 0.0013280117048056893 	 6636819.283592737
0.005807573573573574 	 0.0013079538565642043 	 6409834.36709798
0.005857621621621622 	 0.0012882322911188732 	 6192451.346802248
0.00590766966966967 	 0.0012688384574021092 	 5984187.3841411825
0.005957717717717718 	 0.001249764091677742 	 5784587.715543578
0.006007765765765766 	 0.0012310012055728656 	 5593223.802822697
0.0060578138138138145 	 0.0012125420747029403 	 5409691.61950055
0.006107861861861862 	 0.0011943792278561393 	 5233610.062056829
0.00615790990990991 	 0.001176505436705121 	 5064619.476066898
0.006207957957957959 	 0.001158913706016445 	 4902380.288072675
0.0062580060060060064 	 0.0011415972643298022 	 4746571.734826853
0.006308054054054054 	 0.0011245495550809355 	 4596890.682271667
0.006358102102102103 	 0.0011077642281438276 	 4453050.527267721
0.006408150150150151 	 0.001091235131769226 	 4314780.175681569
0.006458198198198198 	 0.0010749563048979957 	 4181823.0909794527
0.006508246246246247 	 0.0010589219698291397 	 4053936.407964349
0.006558294294294295 	 0.0010431265252235213 	 3930890.1067386004
0.0066083423423423425 	 0.0010275645394255263 	 3812466.242379764
0.006658390390390391 	 0.0010122307440858802 	 3698458.2261863076
0.006708438438438439 	 0.000997120028069956 	 3588670.154686267
0.006758486486486487 	 0.0009822274316367249 	 3482916.1829086766
0.006808534534534535 	 0.0009675481408744505 	 3381019.938697831
0.006858582582582583 	 0.0009530774823800008 	 3282813.9751059636
0.006908630630630631 	 0.0009388109181694314 	 3188139.2581339944
0.0069586786786786795 	 0.000924744040808188 	 3096844.687303519
0.007008726726726727 	 0.0009112558266012431 	 3008881.6844259473
0.007058774774774775 	 0.0008997584989732228 	 2924450.7926458465
0.007108822822822824 	 0.0008884230599718078 	 2842960.7069303943
0.007158870870870871 	 0.0008772461142809676 	 2764289.3618857544
0.007208918918918919 	 0.0008662243608728429 	 2688320.562499618
0.007258966966966968 	 0.0008553545897573173 	 2614943.663696206
0.007309015015015016 	 0.0008446336788651491 	 2544053.2694363017
0.007359063063063063 	 0.0008340585910582695 	 2475548.950046529
0.007409111111111112 	 0.0008236263712612679 	 2409334.9765591617
0.00745915915915916 	 0.0008133341437083438 	 2345320.0709325164
0.0075092072072072075 	 0.0008031791093003611 	 2283417.171104179
0.007559255255255256 	 0.0007931585430668871 	 2223543.2099047834
0.007609303303303304 	 0.0007832697917283899 	 2165618.9069296857
0.007659351351351352 	 0.0007735102713540089 	 2109568.5725302063
0.0077093993993994 	 0.0007638774651105597 	 2055319.9231452872
0.007759447447447448 	 0.0007543689210986516 	 2002803.9072492365
0.007809495495495496 	 0.0007449822502720069 	 1951954.5412417573
0.007859543543543544 	 0.0007357151244362817 	 1902708.7546532354
0.007909591591591592 	 0.0007265652743238561 	 1855006.2440814306
0.00795963963963964 	 0.0007175304877412603 	 1808789.3353158012
0.008009687687687688 	 0.0007086086077860504 	 1764002.8531426296
0.008059735735735736 	 0.0006997975311301237 	 1720593.9983584695
0.008109783783783785 	 0.000691095206366599 	 1678512.2315512076
0.008159831831831832 	 0.0006824996324175263 	 1637709.1632374253
0.00820987987987988 	 0.0006740088569998462 	 1598138.4499721923
0.00825992792792793 	 0.0006656209751471148 	 1559755.696072674
0.008309975975975976 	 0.0006573341277846461 	 1522518.360620502
0.008360024024024025 	 0.000649146500355835 	 1486385.669429767
0.008410072072072073 	 0.0006410563214975328 	 1451318.53168776
0.00846012012012012 	 0.0006330618617624322 	 1417279.4609944697
0.008510168168168169 	 0.0006251614323865432 	 1384232.500544477
0.008560216216216218 	 0.000617353384099894 	 1352143.152211142
0.008610264264264264 	 0.0006096361059787233 	 1320978.3093082826
0.008660312312312313 	 0.0006020080243374559 	 1290706.192818618
0.008710360360360362 	 0.000594467601658893 	 1261296.290891559
0.008760408408408409 	 0.0005870133355610635 	 1232719.301425132
0.008810456456456457 	 0.0005796437577992859 	 1204947.0775583372
0.008860504504504506 	 0.0005723574333020635 	 1177952.575910986
0.008910552552552553 	 0.0005651529592394589 	 1151709.8074179455
0.008960600600600601 	 0.0005580289641226913 	 1126193.7906141342
0.00901064864864865 	 0.0005509841069337433 	 1101380.507235273
0.009060696696696697 	 0.0005440170762838158 	 1077246.860007548
0.009110744744744746 	 0.0005371265895995112 	 1053770.632506909
0.009160792792792794 	 0.0005303113923357055 	 1030930.4509759059
0.009210840840840841 	 0.0005235702572140709 	 1008705.7479925131
0.00926088888888889 	 0.0005169019834862974 	 987076.7278917144
0.009310936936936938 	 0.0005103053962210727 	 966024.3338463716
0.009360984984984985 	 0.0005037793456139349 	 945530.2165193871
0.009411033033033034 	 0.0004973227063191484 	 925576.7042042474
0.009461081081081082 	 0.0004909343768027839 	 906146.774375877
0.00951112912912913 	 0.00048461327871622344 	 887224.0265781343
0.009561177177177178 	 0.00047835835628934174 	 868792.6565785661
0.009611225225225227 	 0.00047216857574264813 	 850837.4317249357
0.009661273273273274 	 0.00046604292471769863 	 833343.6674417532
0.009711321321321322 	 0.0004599804117251188 	 816297.2048085055
0.009761369369369369 	 0.0004539800656096135 	 799684.3891645804
0.009811417417417418 	 0.00044804093503134014 	 783492.0496888694
0.009861465465465466 	 0.000442162087963086 	 767707.4799050089
0.009911513513513513 	 0.00043634261120267044 	 752318.4190658391
0.009961561561561562 	 0.0004305816099000504 	 737313.034373254
0.01001160960960961 	 0.0004254584650036512 	 722676.8674064038
0.010061657657657657 	 0.00042229786725459396 	 708392.19203118
0.010111705705705706 	 0.0004191684787501141 	 694458.5984929677
0.010161753753753755 	 0.00041606983835535663 	 680865.7848635118
0.010211801801801802 	 0.00041300149397555623 	 667603.8001363687
0.01026184984984985 	 0.00040996300233558876 	 654663.0306326277
0.010311897897897899 	 0.0004069539287659446 	 642034.1869962096
0.010361945945945946 	 0.0004039738469949034 	 629708.2917504575
0.010411993993993994 	 0.00040102233894670226 	 617676.6673892334
0.010462042042042043 	 0.0003980989945454999 	 605930.924977146
0.01051209009009009 	 0.00039520341152493474 	 594462.9532348178
0.010562138138138139 	 0.0003923351952431058 	 583264.9080863893
0.010612186186186187 	 0.00038949395850278 	 572329.2026475965
0.010662234234234234 	 0.00038667932137667117 	 561648.4976339022
0.010712282282282283 	 0.00038389091103761076 	 551215.6921691726
0.010762330330330331 	 0.00038112836159345976 	 541023.9149764098
0.010812378378378378 	 0.0003783913139266071 	 531066.5159329849
0.010862426426426427 	 0.0003756794155379017 	 521337.0579736746
0.010912474474474475 	 0.00037299232039487973 	 511829.30932566477
0.010962522522522522 	 0.0003703296887841538 	 502537.2360604813
0.011012570570570571 	 0.0003676911871678197 	 493454.9949485108
0.01106261861861862 	 0.0003650764880437674 	 484576.9266025481
0.011112666666666667 	 0.0003624852698097634 	 475897.5488974157
0.011162714714714715 	 0.0003599172166311902 	 467411.55065336305
0.011212762762762764 	 0.00035737201831232844 	 459113.7855715673
0.01126281081081081 	 0.0003548493701710681 	 450999.26641057304
0.01131285885885886 	 0.0003523489729169513 	 443063.159393119
0.011362906906906908 	 0.00034987053253243076 	 435300.7788332387
0.011412954954954955 	 0.00034741376015725824 	 427707.58197406
0.011463003003003003 	 0.00034497837197589834 	 420279.1640271453
0.011513051051051052 	 0.00034256408910788097 	 413011.25340468774
0.011563099099099099 	 0.00034017063750099816 	 405899.7071362469
0.011613147147147148 	 0.0003377977478272677 	 398940.5064621408
0.011663195195195196 	 0.00033544515538156886 	 392129.75259594945
0.011713243243243243 	 0.00033311259998288325 	 385463.66264895524
0.011763291291291292 	 0.0003307998258780511 	 378938.56570966926
0.01181333933933934 	 0.00032850658164797924 	 372550.89907192084
0.011863387387387387 	 0.00032623262011621736 	 366297.20460527454
0.011913435435435436 	 0.00032397769825984456 	 360174.1252618349
0.011963483483483485 	 0.0003217415771225888 	 354178.4017137726
0.012013531531531531 	 0.00031952402173011913 	 348306.86911615264
0.01206357957957958 	 0.00031732480100744637 	 342556.4539898999
0.012113627627627629 	 0.00031514368769837214 	 336924.1712199761
0.012163675675675676 	 0.00031298045828692574 	 331407.121164042
0.012213723723723724 	 0.00031083489292073124 	 326002.4868671174
0.012263771771771773 	 0.0003087067753362548 	 320707.5313779361
0.01231381981981982 	 0.00030659589278587073 	 315519.5951628797
0.012363867867867868 	 0.00030450203596670147 	 310436.0936135757
0.012413915915915917 	 0.00030242499895117853 	 305454.5146443964
0.012463963963963964 	 0.0003003645791192756 	 300572.41637627577
0.012514012012012013 	 0.0002983205770923678 	 295787.4249034068
0.012564060060060061 	 0.000296292796668673 	 291097.2321395456
0.012614108108108108 	 0.00029428104476022956 	 286499.5937407728
0.012664156156156157 	 0.0002922851313313677 	 281992.3271017139
0.012714204204204205 	 0.00029030486933863284 	 277573.3094223418
0.012764252252252252 	 0.00028834007467212655 	 273240.47584261146
0.012814300300300301 	 0.00028639056609821835 	 268991.8176422898
0.01286434834834835 	 0.00028445616520359537 	 264825.380503461
0.012914396396396396 	 0.0002825366963406144 	 260739.26283329193
0.012964444444444445 	 0.000280631986573918 	 256731.6141447428
0.013014492492492494 	 0.0002787418656282833 	 252800.6334930105
0.01306454054054054 	 0.00027686616583767065 	 248944.56796557893
0.01311458858858859 	 0.0002750047220954356 	 245161.71122384127
0.013164636636636638 	 0.0002731573718056798 	 241450.40209434764
0.013214684684684685 	 0.0002713239548357067 	 237809.02320780812
0.013264732732732733 	 0.0002695043134695513 	 234235.99968405432
0.013314780780780782 	 0.0002676982923625616 	 230729.79786125218
0.013364828828828829 	 0.0002659057384969973 	 227288.9240677048
0.013414876876876878 	 0.0002641265011386242 	 223911.92343467576
0.013464924924924926 	 0.00026236043179427666 	 220597.37874871172
0.013514972972972973 	 0.00026060738417036115 	 217343.90934200917
0.013565021021021022 	 0.0002588672141322811 	 214150.1700194306
0.01361506906906907 	 0.00025713977966475494 	 211014.85002083087
0.013665117117117117 	 0.0002554249408330056 	 207936.67201740423
0.013715165165165166 	 0.00025372255974480206 	 204914.39114082154
0.013765213213213215 	 0.00025203250051332595 	 201946.79404396703
0.013815261261261261 	 0.00025035462922084854 	 199032.69799214212
0.01386530930930931 	 0.0002486888138831915 	 196170.94998363356
0.013915357357357359 	 0.0002470349244149559 	 193360.4258986054
0.013965405405405406 	 0.0002453928325955001 	 190600.029675297
0.014015453453453454 	 0.0002437624120356432 	 187888.69251256037
0.014065501501501503 	 0.00024214353814508337 	 185225.37209780578
0.01411554954954955 	 0.00024053608810050556 	 182609.05185945577
0.014165597597597598 	 0.00023893994081436857 	 180038.74024305047
0.014215645645645647 	 0.00023735497690434925 	 177513.47001017086
0.014265693693693694 	 0.00023578107866343063 	 175032.29755938906
0.014315741741741743 	 0.00023421813003061682 	 172594.3022684739
0.014365789789789791 	 0.00023266601656226293 	 170198.5858571212
0.014415837837837838 	 0.00023112462540399696 	 167844.2717694922
0.014465885885885887 	 0.00022959384526322898 	 165530.50457588516
0.014515933933933935 	 0.00022807356638222839 	 163256.449392882
0.014565981981981982 	 0.00022656368051175385 	 161021.29132133417
0.014616030030030031 	 0.00022506408088522736 	 158824.23490158527
0.01466607807807808 	 0.00022357466219343614 	 156664.50358534345
0.014716126126126126 	 0.00022209532055975095 	 154541.3392236383
0.014766174174174175 	 0.00022062595351584775 	 152454.00157032142
0.014816222222222224 	 0.00021916645997792304 	 150401.76780059002
0.01486627027027027 	 0.00021771674022338746 	 148383.93204402464
0.01491631831831832 	 0.00021627669586803073 	 146399.80493166315
0.014966366366366368 	 0.0002148462298436423 	 144448.71315663843
0.015016414414414415 	 0.0002134252463760826 	 142529.99904793382
0.015066462462462463 	 0.00021201365096378886 	 140643.0201568204
0.015116510510510512 	 0.0002106113503567082 	 138787.1488555575
0.015166558558558559 	 0.00020921825253564948 	 136961.7719479573
0.015216606606606608 	 0.0002078342666920409 	 135166.2902914218
0.015266654654654656 	 0.00020645930320808642 	 133400.1184300782
0.015316702702702703 	 0.00020509327363731146 	 131662.68423865415
0.015366750750750752 	 0.00020373609068548775 	 129953.42857674135
0.0154167987987988 	 0.00020238766819193193 	 128271.8049531155
0.015466846846846847 	 0.00020104792111116395 	 126617.27919978456
0.015516894894894896 	 0.00019971676549492354 	 124989.32915545725
0.015566942942942944 	 0.00019839411847453168 	 123387.44435812741
0.015616990990990991 	 0.00019707989824359215 	 121811.12574648415
0.015667039039039037 	 0.00019577402404102445 	 120259.88536986815
0.015717087087087085 	 0.00019447641613441985 	 118733.24610650082
0.015767135135135134 	 0.00019318699580371643 	 117230.74138972964
0.015817183183183182 	 0.00019190568532518254 	 115751.91494202994
0.01586723123123123 	 0.00019063240795570366 	 114296.32051652776
0.01591727927927928 	 0.00018936708791736603 	 112863.52164580129
0.015967327327327325 	 0.00018810965038232986 	 111453.0913977387
0.016017375375375374 	 0.0001868600214579865 	 110064.6121382301
0.016067423423423422 	 0.0001856181281723922 	 108697.6753004831
0.01611747147147147 	 0.0001843838984599749 	 107351.88116075679
0.01616751951951952 	 0.00018315726114750418 	 106026.83862031517
0.016217567567567568 	 0.00018193814594032334 	 104722.16499341231
0.016267615615615613 	 0.0001807264834088341 	 103437.48580111991
0.016317663663663662 	 0.00017952220497523017 	 102172.43457082254
0.01636771171171171 	 0.00017832524290047478 	 100926.65264120608
0.01641775975975976 	 0.0001771355302715165 	 99699.78897257426
0.016467807807807808 	 0.00017595300098873718 	 98491.49996232944
0.016517855855855856 	 0.00017477758975362873 	 97301.44926546472
0.0165679039039039 	 0.00017360923205669417 	 96129.30761991546
0.01661795195195195 	 0.0001724478641655644 	 94974.75267662258
0.016668 	 0.00017129342311333342 	 93837.46883417177
0.016718048048048047 	 0.00017014584668709852 	 92717.14707786591
0.016768096096096096 	 0.0001690050734167098 	 91613.48482310465
0.016818144144144145 	 0.00016787104256371662 	 90526.18576293862
0.01686819219219219 	 0.0001667436941105147 	 89454.95971967958
0.01691824024024024 	 0.00016562296874968215 	 88399.52250044265
0.016968288288288287 	 0.00016450880787350776 	 87359.59575650927
0.017018336336336336 	 0.0001634011535637014 	 86334.90684639529
0.017068384384384384 	 0.00016229994858128638 	 85325.18870251846
0.017118432432432433 	 0.00016120513635666921 	 84330.17970135946
0.017168480480480478 	 0.00016011666097988353 	 83349.62353701597
0.017218528528528527 	 0.00015903446719100226 	 82383.26909804955
0.017268576576576575 	 0.0001579585003707198 	 81430.87034753388
0.017318624624624624 	 0.00015688870653109374 	 80492.18620620744
0.017368672672672673 	 0.00015582503230644935 	 79566.98043864616
0.01741872072072072 	 0.0001547674249444399 	 78655.02154236677
0.017468768768768766 	 0.00015371583229726086 	 77756.08263977797
0.017518816816816815 	 0.0001526702028130139 	 76869.9413728986
0.017568864864864864 	 0.00015163048552721995 	 75996.37980076473
0.017618912912912912 	 0.00015059663005447565 	 75135.184299448
0.01766896096096096 	 0.00014956858658025232 	 74286.14546461351
0.01771900900900901 	 0.00014854630585283373 	 73449.05801654467
0.017769057057057055 	 0.00014752973917538952 	 72623.72070756568
0.017819105105105103 	 0.00014651883839818312 	 71809.93623179532
0.017869153153153152 	 0.0001455135559109108 	 71007.51113716683
0.0179192012012012 	 0.00014451384463516748 	 70216.2557396501
0.01796924924924925 	 0.00014351965801703994 	 69435.98403961571
0.018019297297297298 	 0.00014253095001982315 	 68666.51364028196
0.018069345345345343 	 0.00014154767511685763 	 67907.66566818667
0.018119393393393392 	 0.00014056978828448475 	 67159.26469562776
0.01816944144144144 	 0.00013959724499512007 	 66421.1386650203
0.01821948948948949 	 0.00013863000121043856 	 65693.11881511513
0.018269537537537538 	 0.00013766801337467482 	 64975.03960903087
0.018319585585585586 	 0.00013671123840803013 	 64266.73866404752
0.01836963363363363 	 0.00013575963370018927 	 63568.0566831157
0.01841968168168168 	 0.00013481315710394174 	 62878.83738803372
0.01846972972972973 	 0.00013387176692890787 	 62198.9274542492
0.018519777777777777 	 0.00013293542193536624 	 61528.17644723938
0.018569825825825826 	 0.00013200408132818008 	 60866.436760429
0.018619873873873875 	 0.0001310777047508228 	 60213.56355460483
0.01866992192192192 	 0.00013015625227949927 	 59569.414698786095
0.01871996996996997 	 0.00012923968441736064 	 58933.850712511936
0.018770018018018017 	 0.00012832796208881266 	 58306.73470950941
0.018820066066066066 	 0.00012742104663391508 	 57687.93234270439
0.018870114114114114 	 0.0001265188998028684 	 57077.3117505399
0.018920162162162163 	 0.00012562148375059034 	 56474.74350456836
0.018970210210210208 	 0.00012472876103137656 	 55880.100558283004
0.019020258258258257 	 0.00012384069459364612 	 55293.25819715664
0.019070306306306305 	 0.00012295724777477076 	 54714.09398985733
0.019120354354354354 	 0.00012207838429598297 	 54142.48774060701
0.019170402402402403 	 0.00012120406825736654 	 53578.32144265749
0.01922045045045045 	 0.00012033426413292348 	 53021.47923285162
0.019270498498498496 	 0.00011946893676571861 	 52471.84734724294
0.019320546546546545 	 0.00011860805136309936 	 51929.31407774634
0.019370594594594594 	 0.00011775157349198967 	 51393.76972979322
0.019420642642642642 	 0.00011689946907425751 	 50865.10658096546
0.01947069069069069 	 0.0001160517043821516 	 50343.2188405818
0.019520738738738736 	 0.00011520824603381143 	 49828.002610215146
0.019570786786786785 	 0.00011436906098884352 	 49319.355845113874
0.019620834834834833 	 0.00011353411654396652 	 48817.17831650651
0.019670882882882882 	 0.00011270338032872333 	 48321.37157476633
0.01972093093093093 	 0.0001118768203012569 	 47831.83891341386
0.01977097897897898 	 0.00011105440474415215 	 47348.48533393757
0.019821027027027024 	 0.00011023610226033928 	 46871.217511410294
0.019871075075075073 	 0.00010942188176905939 	 46399.94376088269
0.01992112312312312 	 0.00010861171250189191 	 45934.57400453419
0.01997117117117117 	 0.00010780556399884043 	 45475.01973956175
0.02002121921921922 	 0.00010711548509933682 	 45021.5429823583
0.020071267267267268 	 0.00010658072916009449 	 44574.17180541548
0.020121315315315313 	 0.00010604863343370018 	 44132.343661062
0.02017136336336336 	 0.00010551917811904412 	 43695.97633779722
0.02022141141141141 	 0.00010499234361104778 	 43264.989043150716
0.02027145945945946 	 0.00010446811049824379 	 42839.30237575855
0.020321507507507507 	 0.00010394645956039203 	 42418.8382980563
0.020371555555555556 	 0.00010342737176613064 	 42003.52010957358
0.0204216036036036 	 0.00010291082827066134 	 41593.272420815534
0.02047165165165165 	 0.00010239681041346904 	 41188.02112771663
0.0205216996996997 	 0.0001018852997160749 	 40787.69338665345
0.020571747747747747 	 0.00010137627787982138 	 40392.21759000234
0.020621795795795796 	 0.00010086972678369113 	 40001.5233422293
0.020671843843843844 	 0.00010036562848215567 	 39615.541436498585
0.02072189189189189 	 9.986396520305666e-05 	 39234.20383178814
0.020771939939939938 	 9.93647193455171e-05 	 38857.44363049948
0.020821987987987987 	 9.886787347788308e-05 	 38485.19505655034
0.020872036036036035 	 9.83734103356946e-05 	 38117.39343393785
0.020922084084084084 	 9.788131281968615e-05 	 37753.97516576229
0.020972132132132133 	 9.739156399381534e-05 	 37394.8777136992
0.021022180180180178 	 9.690414708332034e-05 	 37040.03957791005
0.021072228228228226 	 9.64190454728039e-05 	 36689.40027738055
0.021122276276276275 	 9.593624270434619e-05 	 36342.90033067723
0.021172324324324324 	 9.545572247564295e-05 	 36000.48123711132
0.021222372372372372 	 9.497746863817087e-05 	 35662.08545830155
0.02127242042042042 	 9.450146519537821e-05 	 35327.65640012563
0.021322468468468466 	 9.402769630090169e-05 	 34997.13839505177
0.021372516516516515 	 9.355614625680778e-05 	 34670.47668484137
0.021422564564564563 	 9.308679951185896e-05 	 34347.617403613986
0.021472612612612612 	 9.261964065980398e-05 	 34028.50756126623
0.02152266066066066 	 9.215465443769238e-05 	 33713.09502723686
0.02157270870870871 	 9.169182572421196e-05 	 33401.32851460906
0.021622756756756754 	 9.123113953804976e-05 	 33093.157564543304
0.021672804804804803 	 9.07725810362756e-05 	 32788.53253103234
0.02172285285285285 	 9.031613551274768e-05 	 32487.40456597117
0.0217729009009009 	 8.986178839654107e-05 	 32189.725604535186
0.02182294894894895 	 8.940952525039642e-05 	 31895.4483508585
0.021872996996996998 	 8.895933176919134e-05 	 31604.52626400669
0.021923045045045043 	 8.851119377843188e-05 	 31316.913544236562
0.02197309309309309 	 8.806509723276485e-05 	 31032.565119536488
0.02202314114114114 	 8.762102821451042e-05 	 30751.43663244127
0.02207318918918919 	 8.717897293221495e-05 	 30473.484427115272
0.022123237237237237 	 8.673891771922286e-05 	 30198.665536697208
0.022173285285285286 	 8.63008490322687e-05 	 29926.93767090172
0.02222333333333333 	 8.586475345008707e-05 	 29658.259203870726
0.02227338138138138 	 8.543061767204258e-05 	 29392.589162270353
0.02232342942942943 	 8.499842851677728e-05 	 29129.887213626615
0.022373477477477477 	 8.456817292087668e-05 	 28870.113654895533
0.022423525525525526 	 8.41398379375534e-05 	 28613.229401261826
0.022473573573573574 	 8.37134107353488e-05 	 28359.195975161594
0.02252362162162162 	 8.32888785968516e-05 	 28107.97549552369
0.022573669669669668 	 8.286622891743327e-05 	 27859.53066722483
0.022623717717717717 	 8.244544920400102e-05 	 27613.82477075444
0.022673765765765765 	 8.202652707376647e-05 	 27370.8216520836
0.022723813813813814 	 8.160945025303123e-05 	 27130.485712734633
0.022773861861861863 	 8.119420657598803e-05 	 26892.78190004612
0.022823909909909908 	 8.078078398353782e-05 	 26657.67569762944
0.022873957957957956 	 8.036917052212239e-05 	 26425.13311601278
0.022924006006006005 	 7.995935434257236e-05 	 26195.120683468285
0.022974054054054054 	 7.955132369897021e-05 	 25967.60543701854
0.023024102102102102 	 7.914506694752771e-05 	 25742.554913618103
0.02307415015015015 	 7.874057254547889e-05 	 25519.937141507195
0.023124198198198196 	 7.833782904998617e-05 	 25299.720631732627
0.023174246246246245 	 7.793682511706183e-05 	 25081.87436983363
0.023224294294294293 	 7.753754950050277e-05 	 24866.367807687762
0.023274342342342342 	 7.713999105083896e-05 	 24653.170855514785
0.02332439039039039 	 7.674413871429596e-05 	 24442.25387403387
0.02337443843843844 	 7.634998153177e-05 	 24233.587666771822
0.023424486486486484 	 7.59575086378171e-05 	 24027.143472518594
0.023474534534534533 	 7.556670925965424e-05 	 23822.892957927128
0.02352458258258258 	 7.517757271617384e-05 	 23620.80821025443
0.02357463063063063 	 7.4790088416971e-05 	 23420.861730241024
0.02362467867867868 	 7.440424586138198e-05 	 23223.026425125398
0.023674726726726728 	 7.402003463753642e-05 	 23027.275601791374
0.023724774774774773 	 7.363744442142024e-05 	 22833.582960044754
0.02377482282282282 	 7.32564649759511e-05 	 22641.922586017296
0.02382487087087087 	 7.287708615006548e-05 	 22452.268945694745
0.02387491891891892 	 7.24992978778169e-05 	 22264.59687856676
0.023924966966966967 	 7.212309017748554e-05 	 22078.881591395853
0.023975015015015016 	 7.17484531506995e-05 	 21895.098652103137
0.02402506306306306 	 7.137537698156656e-05 	 21713.22398376848
0.02407511111111111 	 7.100385193581623e-05 	 21533.233858742045
0.024125159159159158 	 7.06338683599542e-05 	 21355.10489286619
0.024175207207207207 	 7.026541668042545e-05 	 21178.814039804092
0.024225255255255256 	 6.98984874027885e-05 	 21004.33858547359
0.024275303303303304 	 6.953307111090062e-05 	 20831.656142584412
0.02432535135135135 	 6.916915846611141e-05 	 20660.744645275663
0.024375399399399398 	 6.880674020646767e-05 	 20491.58234385236
0.024425447447447447 	 6.84458071459278e-05 	 20324.147799618935
0.024475495495495495 	 6.808635017358553e-05 	 20158.419879807177
0.024525543543543544 	 6.772836025290311e-05 	 19994.377752597255
0.024575591591591592 	 6.737182842095432e-05 	 19832.00088222957
0.024625639639639638 	 6.701674578767631e-05 	 19671.269024205976
0.024675687687687686 	 6.666310353513062e-05 	 19512.162220578048
0.024725735735735735 	 6.631089291677353e-05 	 19354.66079532117
0.024775783783783784 	 6.596010525673464e-05 	 19198.745349792345
0.024825831831831832 	 6.561073194910456e-05 	 19044.3967582701
0.02487587987987988 	 6.526276445723132e-05 	 18891.596163575126
0.024925927927927926 	 6.491619431302467e-05 	 18740.324972769507
0.024975975975975975 	 6.457101311626985e-05 	 18590.564852933734
0.025026024024024023 	 6.422721253394802e-05 	 18442.297727018904
0.025076072072072072 	 6.38847842995662e-05 	 18295.505769773692
0.02512612012012012 	 6.354372021249497e-05 	 18150.17140374403
0.02517616816816817 	 6.320401213731303e-05 	 18006.277295343825
0.025226216216216214 	 6.28656520031612e-05 	 17863.806350996107
0.025276264264264263 	 6.252863180310238e-05 	 17722.741713342268
0.02532631231231231 	 6.219294359349094e-05 	 17583.066757519013
0.02537636036036036 	 6.185857949334764e-05 	 17444.765087500647
0.02542640840840841 	 6.152553168374357e-05 	 17307.820532506477
0.025476456456456457 	 6.119379240719031e-05 	 17172.217143471247
0.025526504504504503 	 6.086335396703771e-05 	 17037.939189577715
0.02557655255255255 	 6.05342087268787e-05 	 16904.971154850205
0.0256266006006006 	 6.020634910996102e-05 	 16773.29773480778
0.02567664864864865 	 5.987976759860569e-05 	 16642.90383317598
0.025726696696696697 	 5.9554456733632515e-05 	 16513.774558655936
0.025776744744744742 	 5.923040911379238e-05 	 16385.89522174987
0.02582679279279279 	 5.890761739520548e-05 	 16259.251331641632
0.02587684084084084 	 5.8586074290807106e-05 	 16133.82859313161
0.025926888888888888 	 5.826577256979871e-05 	 16009.61290362447
0.025976936936936937 	 5.7946705057106235e-05 	 15886.59035016918
0.026026984984984985 	 5.762886463284436e-05 	 15764.747206550075
0.02607703303303303 	 5.731224423178669e-05 	 15644.069930427913
0.02612708108108108 	 5.6996836842842304e-05 	 15524.545160530219
0.026177129129129128 	 5.6682635508538484e-05 	 15406.159713889758
0.026227177177177177 	 5.636963332450879e-05 	 15288.90058313032
0.026277225225225225 	 5.6057823438987503e-05 	 15172.754933798882
0.026327273273273274 	 5.5747199052309676e-05 	 15057.710101743316
0.02637732132132132 	 5.5437753416416736e-05 	 14943.753590534687
0.026427369369369368 	 5.512947983436792e-05 	 14830.873068933442
0.026477417417417416 	 5.48223716598571e-05 	 14719.05636839857
0.026527465465465465 	 5.4516422296735366e-05 	 14608.291480638853
0.026577513513513513 	 5.421162519853832e-05 	 14498.566555205574
0.026627561561561562 	 5.3907973868019536e-05 	 14389.869897125829
0.026677609609609607 	 5.360546185668868e-05 	 14282.18996457564
0.026727657657657656 	 5.3304082764355214e-05 	 14175.515366592266
0.026777705705705705 	 5.300383023867674e-05 	 14069.83486082474
0.026827753753753753 	 5.270469797471306e-05 	 13965.13735132225
0.026877801801801802 	 5.240667971448456e-05 	 13861.411886359328
0.02692784984984985 	 5.2109769246535894e-05 	 13758.647656297364
0.026977897897897896 	 5.18139604055045e-05 	 13656.833991481784
0.027027945945945944 	 5.1519247071693677e-05 	 13555.96036017404
0.027077993993993993 	 5.122562317065077e-05 	 13456.016366518117
0.02712804204204204 	 5.093308267274978e-05 	 13356.991748540482
0.02717809009009009 	 5.064161959277839e-05 	 13258.876376183192
0.02722813813813814 	 5.0351227989530134e-05 	 13161.660249369546
0.027278186186186184 	 5.006190196540048e-05 	 13065.33349610136
0.027328234234234233 	 4.977363566598756e-05 	 12969.88637058777
0.02737828228228228 	 4.9486423279697466e-05 	 12875.30925140453
0.02742833033033033 	 4.920025903735354e-05 	 12781.592639683624
0.02747837837837838 	 4.8915137211810214e-05 	 12688.727157332309
0.027528426426426427 	 4.8631052117570644e-05 	 12596.70354528133
0.027578474474474472 	 4.834799811040931e-05 	 12505.512661761697
0.02762852252252252 	 4.806596958699767e-05 	 12415.145480609328
0.02767857057057057 	 4.77849609845348e-05 	 12325.593089597372
0.027728618618618618 	 4.750496678038149e-05 	 12236.84668879546
0.027778666666666667 	 4.7225981491698465e-05 	 12148.897588955502
0.027828714714714715 	 4.6947999675088406e-05 	 12061.737209923525
0.02787876276276276 	 4.667101592624217e-05 	 11975.357079077174
0.02792881081081081 	 4.6395024879588236e-05 	 11889.748829788254
0.027978858858858858 	 4.6120021207946605e-05 	 11804.90419991002
0.028028906906906906 	 4.5845999622185685e-05 	 11720.815030288673
0.028078954954954955 	 4.557295487088348e-05 	 11637.473263298689
0.028129003003003004 	 4.530088173999187e-05 	 11554.87094140153
0.02817905105105105 	 4.5029775052505016e-05 	 11473.000205727385
0.028229099099099098 	 4.4759629668130715e-05 	 11391.853294679346
0.028279147147147146 	 4.449044048296569e-05 	 11311.42254255994
0.028329195195195195 	 4.4222202429174075e-05 	 11231.70037821926
0.028379243243243243 	 4.395491047466946e-05 	 11152.679323724686
0.028429291291291292 	 4.368855962280009e-05 	 11074.351993051405
0.028479339339339337 	 4.342314491203769e-05 	 10996.711090793813
0.028529387387387386 	 4.315866141566919e-05 	 10919.74941089704
0.028579435435435434 	 4.289510424149211e-05 	 10843.459835408488
0.028629483483483483 	 4.26324685315126e-05 	 10767.835333248957
0.028679531531531532 	 4.2370749461647286e-05 	 10692.868959003023
0.02872957957957958 	 4.210994224142773e-05 	 10618.553851728277
0.028779627627627626 	 4.18500421137082e-05 	 10544.883233783265
0.028829675675675674 	 4.159104435437629e-05 	 10471.85040967353
0.028879723723723723 	 4.133294427206694e-05 	 10399.448764915815
0.02892977177177177 	 4.107573720787897e-05 	 10327.671764919665
0.02897981981981982 	 4.081941853509481e-05 	 10256.512953886577
0.02902986786786787 	 4.056398365890318e-05 	 10185.96595372608
0.029079915915915914 	 4.0309428016124384e-05 	 10116.024462988562
0.029129963963963963 	 4.005574707493856e-05 	 10046.68225581456
0.02918001201201201 	 3.980293633461695e-05 	 9977.933180900307
0.02923006006006006 	 3.955099132525548e-05 	 9909.771160479044
0.02928010810810811 	 3.92999076075115e-05 	 9842.190189318075
0.029330156156156157 	 3.9049680772342956e-05 	 9775.184333731115
0.029380204204204202 	 3.880030644075036e-05 	 9708.747730605819
0.02943025225225225 	 3.8551780263521245e-05 	 9642.874586446007
0.0294803003003003 	 3.830409792097745e-05 	 9577.559176428726
0.029530348348348348 	 3.8057255122724716e-05 	 9512.795843475362
0.029580396396396397 	 3.781124760740511e-05 	 9448.578997337163
0.029630444444444445 	 3.7566071142451684e-05 	 9384.903113694389
0.02968049249249249 	 3.7321721523845733e-05 	 9321.762733269197
0.02973054054054054 	 3.70781945758765e-05 	 9259.152460951951
0.029780588588588588 	 3.683548615090353e-05 	 9197.06696494073
0.029830636636636636 	 3.6593592129120774e-05 	 9135.50097589364
0.029880684684684685 	 3.6352508418323894e-05 	 9074.449286094094
0.029930732732732734 	 3.6112230953679245e-05 	 9013.906748628473
0.02998078078078078 	 3.587275569749556e-05 	 8953.868276576164
0.030030828828828827 	 3.574427404937915e-05 	 8894.32884230427
0.030080876876876876 	 3.568480333805687e-05 	 8835.283476459448
0.030130924924924925 	 3.562553019073404e-05 	 8776.727267302216
0.030180972972972973 	 3.556645362457032e-05 	 8718.655360023651
0.030231021021021022 	 3.550757266323384e-05 	 8661.062955935782
0.030281069069069067 	 3.544888633684736e-05 	 8603.945311731368
0.030331117117117116 	 3.539039368193505e-05 	 8547.297738754662
0.030381165165165164 	 3.5332093741369776e-05 	 8491.115602282967
0.030431213213213213 	 3.5273985564320875e-05 	 8435.394320818787
0.03048126126126126 	 3.521606820620247e-05 	 8380.129365392402
0.03053130930930931 	 3.515834072862226e-05 	 8325.316258874713
0.030581357357357355 	 3.510080219933091e-05 	 8270.950575300221
0.030631405405405404 	 3.5043451692171774e-05 	 8217.027939199856
0.030681453453453453 	 3.4986288287031264e-05 	 8163.544024943666
0.0307315015015015 	 3.492931106978965e-05 	 8110.4945560930655
0.03078154954954955 	 3.487251913227227e-05 	 8057.875304762526
0.0308315975975976 	 3.481591157220135e-05 	 8005.682090990627
0.030881645645645644 	 3.475948749314818e-05 	 7953.910782120222
0.030931693693693692 	 3.470324600448578e-05 	 7902.557292187554
0.03098174174174174 	 3.4647186221342094e-05 	 7851.617581320382
0.03103178978978979 	 3.459130726455353e-05 	 7801.087655144651
0.03108183783783784 	 3.453560826061903e-05 	 7750.963564199856
0.031131885885885887 	 3.448008834165455e-05 	 7701.241403362794
0.031181933933933932 	 3.442474664534795e-05 	 7651.917311279631
0.03123198198198198 	 3.4369582314914417e-05 	 7602.987469806142
0.031282030030030036 	 3.431459449905217e-05 	 7554.448103455986
0.03133207807807808 	 3.425978235189877e-05 	 7506.295478856946
0.03138212612612613 	 3.420514503298761e-05 	 7458.525904214796
0.031432174174174175 	 3.4150681707205066e-05 	 7411.135728785061
0.031482222222222224 	 3.4096391544747945e-05 	 7364.121342352143
0.03153227027027027 	 3.404227372108126e-05 	 7317.479174715923
0.03158231831831832 	 3.398832741689658e-05 	 7271.205695185703
0.03163236636636637 	 3.393455181807061e-05 	 7225.297412081265
0.03168241441441442 	 3.38809461156243e-05 	 7179.750872241082
0.03173246246246247 	 3.3827509505682226e-05 	 7134.562660537437
0.031782510510510516 	 3.377424118943244e-05 	 7089.729399398429
0.031832558558558564 	 3.372114037308663e-05 	 7045.247748336708
0.03188260660660661 	 3.366820626784075e-05 	 7001.114403484869
0.031932654654654655 	 3.3615438089835895e-05 	 6957.326097137378
0.0319827027027027 	 3.3562835060119646e-05 	 6913.879597298911
0.03203275075075075 	 3.351039640460773e-05 	 6870.771707239078
0.0320827987987988 	 3.3458121354046065e-05 	 6827.999265053347
0.03213284684684685 	 3.340600914397312e-05 	 6785.559143230104
0.0321828948948949 	 3.335405901468266e-05 	 6743.448248223793
0.032232942942942946 	 3.330227021118683e-05 	 6701.663520033972
0.032282990990990995 	 3.3250641983179584e-05 	 6660.201931790247
0.032333039039039044 	 3.319917358500046e-05 	 6619.060489342973
0.03238308708708709 	 3.314786427559864e-05 	 6578.236230859631
0.03243313513513514 	 3.309671331849741e-05 	 6537.7262264267865
0.03248318318318318 	 3.304571998175897e-05 	 6497.527577657606
0.03253323123123123 	 3.299488353794943e-05 	 6457.637417304701
0.03258327927927928 	 3.294420326410427e-05 	 6418.052908878411
0.03263332732732733 	 3.289367844169409e-05 	 6378.771246270286
0.03268337537537538 	 3.2843308356590604e-05 	 6339.789653381753
0.032733423423423426 	 3.2793092299033016e-05 	 6301.105383757889
0.032783471471471475 	 3.274302956359469e-05 	 6262.715720226222
0.03283351951951952 	 3.2693119449150116e-05 	 6224.6179745404625
0.03288356756756757 	 3.2643361258842155e-05 	 6186.80948702909
0.03293361561561562 	 3.259375430004964e-05 	 6149.287626248782
0.03298366366366367 	 3.254429788435522e-05 	 6112.0497886425055
0.03303371171171172 	 3.2494991327513504e-05 	 6075.093398202319
0.03308375975975976 	 3.244583394941955e-05 	 6038.415906136712
0.03313380780780781 	 3.239682507407752e-05 	 6002.014790542451
0.03318385585585586 	 3.2347964029569775e-05 	 5965.88755608093
0.033233903903903905 	 3.22992501480261e-05 	 5930.031733658822
0.033283951951951954 	 3.2250682765593335e-05 	 5894.444880113099
0.033334 	 3.220226122240516e-05 	 5859.124577900267
0.03338404804804805 	 3.215398486255224e-05 	 5824.068434789791
0.0334340960960961 	 3.2105853034052613e-05 	 5789.274083561657
0.03348414414414415 	 3.2057865088822336e-05 	 5754.73918170797
0.0335341921921922 	 3.201002038264639e-05 	 5720.461411138572
0.033584240240240246 	 3.1962318275149844e-05 	 5686.438477890571
0.033634288288288294 	 3.191475812976931e-05 	 5652.668111841797
0.033684336336336336 	 3.186733931372462e-05 	 5619.148066428039
0.033734384384384385 	 3.1820061197990716e-05 	 5585.876118364042
0.03378443243243243 	 3.177292315726993e-05 	 5552.850067368286
0.03383448048048048 	 3.172592456996431e-05 	 5520.067735891332
0.03388452852852853 	 3.167906481814839e-05 	 5487.526968847834
0.03393457657657658 	 3.163234328754205e-05 	 5455.225633352068
0.03398462462462463 	 3.158575936748367e-05 	 5423.161618456966
0.034034672672672676 	 3.1539312450903594e-05 	 5391.332834896611
0.034084720720720725 	 3.149300193429767e-05 	 5359.737214832101
0.034134768768768774 	 3.144682721770117e-05 	 5328.372711600782
0.03418481681681682 	 3.1400787704662854e-05 	 5297.237299468765
0.03423486486486487 	 3.135488280221931e-05 	 5266.328973386705
0.03428491291291291 	 3.130911192086948e-05 	 5235.645748748754
0.03433496096096096 	 3.1263474474549414e-05 	 5205.185661154706
0.03438500900900901 	 3.1217969880607294e-05 	 5174.946766175229
0.03443505705705706 	 3.1172597559778595e-05 	 5144.927139120151
0.03448510510510511 	 3.112735693616155e-05 	 5115.1248748098105
0.034535153153153156 	 3.108224743719275e-05 	 5085.538087349323
0.034585201201201204 	 3.103726849362298e-05 	 5056.164909905816
0.03463524924924925 	 3.0992419539493306e-05 	 5027.003494488561
0.0346852972972973 	 3.094770001211135e-05 	 4998.05201173195
0.03473534534534535 	 3.09031093520277e-05 	 4969.308650681236
0.0347853933933934 	 3.08586470030126e-05 	 4940.771618581111
0.03483544144144145 	 3.0814312412032875e-05 	 4912.439140666984
0.03488548948948949 	 3.077010502922893e-05 	 4884.309459958916
0.03493553753753754 	 3.0726024307892054e-05 	 4856.380837058253
0.03498558558558559 	 3.0682069704441867e-05 	 4828.6515499468505
0.035035633633633635 	 3.0638240678404005e-05 	 4801.119893788882
0.035085681681681684 	 3.059453669238794e-05 	 4773.7841807351615
0.03513572972972973 	 3.0550957212065014e-05 	 4746.642739730009
0.03518577777777778 	 3.0507501706146684e-05 	 4719.693916320552
0.03523582582582583 	 3.046416964636291e-05 	 4692.936072468463
0.03528587387387388 	 3.0420960507440782e-05 	 4666.367586364126
0.03533592192192193 	 3.0377873767083234e-05 	 4639.986852243109
0.035385969969969976 	 3.0334908905948082e-05 	 4613.79228020504
0.035436018018018024 	 3.029206540762708e-05 	 4587.782296034701
0.035486066066066066 	 3.0249342758625273e-05 	 4561.955341025466
0.035536114114114115 	 3.0206740448340474e-05 	 4536.309871804907
0.03558616216216216 	 3.0164257969042915e-05 	 4510.844360162645
0.03563621021021021 	 3.01218948158551e-05 	 4485.557292880366
0.03568625825825826 	 3.0079650486731765e-05 	 4460.447171563948
0.03573630630630631 	 3.0037524482440077e-05 	 4435.512512477743
0.03578635435435436 	 2.9995516306539968e-05 	 4410.751846380907
0.035836402402402406 	 2.9953625465364596e-05 	 4386.163718365796
0.035886450450450455 	 2.991185146800106e-05 	 4361.746687698393
0.035936498498498504 	 2.9870193826271185e-05 	 4337.499327660714
0.03598654654654655 	 2.982865205471252e-05 	 4313.4202253952
0.0360365945945946 	 2.9787225670559487e-05 	 4289.507981751034
0.03608664264264264 	 2.974591419372467e-05 	 4265.761211132394
0.03613669069069069 	 2.970471714678024e-05 	 4242.17854134855
0.03618673873873874 	 2.966363405493963e-05 	 4218.758613465885
0.03623678678678679 	 2.962266444603924e-05 	 4195.500081661703
0.03628683483483484 	 2.958180785052038e-05 	 4172.401613079869
0.036336882882882886 	 2.95410638014113e-05 	 4149.4618876882205
0.036386930930930934 	 2.950043183430944e-05 	 4126.679598137765
0.03643697897897898 	 2.9459911487363733e-05 	 4104.053449623584
0.03648702702702703 	 2.9419502301257148e-05 	 4081.5821597474724
0.03653707507507508 	 2.9379203819189344e-05 	 4059.2644583822726
0.03658712312312313 	 2.9339015586859404e-05 	 4037.0990875378434
0.03663717117117118 	 2.929893715244881e-05 	 4015.0848012287065
0.03668721921921922 	 2.925896806660449e-05 	 3993.2203653433
0.03673726726726727 	 2.921910788242202e-05 	 3971.504557514829
0.036787315315315317 	 2.9179356155429004e-05 	 3949.9361669937125
0.036837363363363365 	 2.9139712443568492e-05 	 3928.513994521559
0.036887411411411414 	 2.910017630718266e-05 	 3907.236852206702
0.03693745945945946 	 2.906074730899649e-05 	 3886.1035634012296
0.03698750750750751 	 2.9021425014101718e-05 	 3865.1129625795365
0.03703755555555556 	 2.8982208989940786e-05 	 3844.263895218314
0.03708760360360361 	 2.8943098806291007e-05 	 3823.555217678028
0.03713765165165166 	 2.890409403524883e-05 	 3802.9857970858134
0.037187699699699706 	 2.8865194251214247e-05 	 3782.5545112197833
0.037237747747747754 	 2.8826399030875272e-05 	 3762.2602483947394
0.037287795795795796 	 2.8787707953192638e-05 	 3742.1019073492726
0.037337843843843845 	 2.8749120599384522e-05 	 3722.0783971341916
0.03738789189189189 	 2.8710636552911467e-05 	 3702.1886370023276
0.03743793993993994 	 2.867225539946137e-05 	 3682.431556299638
0.03748798798798799 	 2.863397672693464e-05 	 3662.80609435763
0.03753803603603604 	 2.8595800125429426e-05 	 3643.3112003870583
0.03758808408408409 	 2.8557725187226978e-05 	 3623.9458333729085
0.037638132132132136 	 2.8519751506777166e-05 	 3604.708961970629
0.037688180180180185 	 2.848187868068406e-05 	 3585.599564403603
0.037738228228228234 	 2.8444106307691644e-05 	 3566.616628361829
0.03778827627627628 	 2.840643398866965e-05 	 3547.7591509018266
0.03783832432432433 	 2.83688613265995e-05 	 3529.0261383477186
0.03788837237237237 	 2.8331387926560355e-05 	 3510.4166061934916
0.03793842042042042 	 2.8294013395715286e-05 	 3491.9295790064084
0.03798846846846847 	 2.825673734329753e-05 	 3473.5640903315693
0.03803851651651652 	 2.8219559380596895e-05 	 3455.319182597606
0.03808856456456457 	 2.8182479120946234e-05 	 3437.1939070234766
0.038138612612612616 	 2.814549617970805e-05 	 3419.1873235263693
0.038188660660660664 	 2.810861017426117e-05 	 3401.298500630678
0.03823870870870871 	 2.8071820723987577e-05 	 3383.5265153780647
0.03828875675675676 	 2.8035127450259322e-05 	 3365.8704532385705
0.03833880480480481 	 2.7998529976425506e-05 	 3348.3294080227593
0.03838885285285286 	 2.7962027927799407e-05 	 3330.9024817949007
0.03843890090090091 	 2.792562093164571e-05 	 3313.588784787173
0.03848894894894895 	 2.78893086171678e-05 	 3296.387435314859
0.038538996996997 	 2.7853090615495165e-05 	 3279.297559692523
0.038589045045045046 	 2.781696655967094e-05 	 3262.3182921511952
0.038639093093093095 	 2.7780936084639468e-05 	 3245.4487747564763
0.038689141141141144 	 2.7744998827234047e-05 	 3228.6881573276387
0.03873918918918919 	 2.770915442616471e-05 	 3212.0355973576325
0.03878923723723724 	 2.767340252200609e-05 	 3195.490259934024
0.03883928528528529 	 2.7637742757185465e-05 	 3179.0513176608765
0.03888933333333334 	 2.760217477597079e-05 	 3162.7179505814956
0.03893938138138139 	 2.7566698224458885e-05 	 3146.4893461020915
0.038989429429429436 	 2.7531312750563685e-05 	 3130.364698916313
0.03903947747747748 	 2.749601800400462e-05 	 3114.3432109306586
0.039089525525525526 	 2.7460813636295025e-05 	 3098.4240911907264
0.039139573573573574 	 2.7425699300730674e-05 	 3082.606555808329
0.03918962162162162 	 2.7390674652378448e-05 	 3066.889827889453
0.03923966966966967 	 2.7355739348064954e-05 	 3051.2731374630034
0.03928971771771772 	 2.7320893046365403e-05 	 3035.7557214104168
0.03933976576576577 	 2.728613540759242e-05 	 3020.3368233960277
0.03938981381381382 	 2.7251466093785062e-05 	 3005.0156937982792
0.039439861861861866 	 2.7216884768697802e-05 	 2989.791589641667
0.039489909909909915 	 2.7182391097789728e-05 	 2974.6637745295034
0.039539957957957964 	 2.7147984748213697e-05 	 2959.631518577417
0.03959000600600601 	 2.711366538880566e-05 	 2944.694098347621
0.039640054054054054 	 2.7079432690074047e-05 	 2929.8507967839228
0.0396901021021021 	 2.7045286324189167e-05 	 2915.1009031474555
0.03974015015015015 	 2.7011225964972803e-05 	 2900.443712953176
0.0397901981981982 	 2.6977251287887813e-05 	 2885.8785279070385
0.03984024624624625 	 2.694336197002779e-05 	 2871.404655843892
0.0398902942942943 	 2.6909557690106873e-05 	 2857.021410666094
0.039940342342342346 	 2.687583812844958e-05 	 2842.728112282787
0.039990390390390394 	 2.6842202966980704e-05 	 2828.524086549876
0.04004043843843844 	 2.6808651889215353e-05 	 2814.4086652106735
0.04009048648648649 	 2.677518458024899e-05 	 2800.381185837217
0.04014053453453454 	 2.6741800726747616e-05 	 2786.440991772235
0.04019058258258259 	 2.670850001693796e-05 	 2772.587432071767
0.04024063063063063 	 2.667528214059779e-05 	 2758.8198614484227
0.04029067867867868 	 2.6642146789046257e-05 	 2745.1376402152723
0.04034072672672673 	 2.6609093655134367e-05 	 2731.540134230372
0.040390774774774776 	 2.6576122433235477e-05 	 2718.0267148418957
0.040440822822822825 	 2.6543232819235865e-05 	 2704.5967588338817
0.040490870870870874 	 2.6510424510525384e-05 	 2691.249648372577
0.04054091891891892 	 2.6477697205988198e-05 	 2677.984770953392
0.04059096696696697 	 2.644505060599354e-05 	 2664.801519348418
0.04064101501501502 	 2.641248441238659e-05 	 2651.6992915545466
0.04069106306306307 	 2.63799983284794e-05 	 2638.6774907421527
0.04074111111111112 	 2.634759205904187e-05 	 2625.7355252043485
0.040791159159159165 	 2.6315265310292803e-05 	 2612.872808306786
0.04084120720720721 	 2.628301778989105e-05 	 2600.0887584380284
0.040891255255255256 	 2.6250849206926676e-05 	 2587.3827989604583
0.040941303303303304 	 2.6218759271912214e-05 	 2574.7543581617165
0.04099135135135135 	 2.6186747696773995e-05 	 2562.2028692066942
0.0410413993993994 	 2.6154814194843518e-05 	 2549.7277700900345
0.04109144744744745 	 2.6122958480848883e-05 	 2537.328503589153
0.0411414954954955 	 2.6091180270906324e-05 	 2525.0045172177906
0.04119154354354355 	 2.605947928251175e-05 	 2512.755263180043
0.041241591591591596 	 2.602785523453237e-05 	 2500.5801983249244
0.041291639639639645 	 2.5996307847198423e-05 	 2488.4787841013995
0.041341687687687693 	 2.5964836842094875e-05 	 2476.4504865139197
0.04139173573573574 	 2.593344194215327e-05 	 2464.4947760784357
0.041441783783783784 	 2.5902122871643568e-05 	 2452.6111277788905
0.04149183183183183 	 2.5870879356166098e-05 	 2440.7990210241783
0.04154187987987988 	 2.5839711122643533e-05 	 2429.057939605583
0.04159192792792793 	 2.5808617899312917e-05 	 2417.387371654654
0.04164197597597598 	 2.577759941571781e-05 	 2405.7868096015645
0.04169202402402403 	 2.5746655402700414e-05 	 2394.2557501338947
0.041742072072072076 	 2.5715785592393774e-05 	 2382.793694155869
0.041792120120120124 	 2.5684989718214092e-05 	 2371.4001467480384
0.04184216816816817 	 2.565426751485301e-05 	 2360.0746171273795
0.04189221621621622 	 2.5623618718270033e-05 	 2348.8166186078424
0.04194226426426427 	 2.5593043065684933e-05 	 2337.625668561303
0.04199231231231232 	 2.556254029557023e-05 	 2326.5012883789404
0.04204236036036036 	 2.553211014764379e-05 	 2315.4430034330376
0.04209240840840841 	 2.5501752362861334e-05 	 2304.4503430391624
0.04214245645645646 	 2.54714666834092e-05 	 2293.5228404187933
0.042192504504504506 	 2.5441252852696936e-05 	 2282.6600326623015
0.042242552552552555 	 2.5411110615350123e-05 	 2271.8614606923566
0.042292600600600604 	 2.5381039717203145e-05 	 2261.1266692277027
0.04234264864864865 	 2.535103990529208e-05 	 2250.4552067473364
0.0423926966966967 	 2.532111092784755e-05 	 2239.846625455046
0.04244274474474475 	 2.5291252534287748e-05 	 2229.300481244343
0.0424927927927928 	 2.5261464475211382e-05 	 2218.8163336637513
0.04254284084084085 	 2.523174650239078e-05 	 2208.3937458824753
0.042592888888888895 	 2.5202098368764953e-05 	 2198.0322846564213
0.04264293693693694 	 2.517251982843278e-05 	 2187.73152029458
0.042692984984984986 	 2.514301063664619e-05 	 2177.4910266257634
0.042743033033033034 	 2.5113570549803432e-05 	 2167.3103809656955
0.04279308108108108 	 2.5084199325442344e-05 	 2157.1891640844397
0.04284312912912913 	 2.5054896722233724e-05 	 2147.126960174178
0.04289317717717718 	 2.5025662499974698e-05 	 2137.1233568173184
0.04294322522522523 	 2.4996496419582178e-05 	 2127.1779449549467
0.04299327327327328 	 2.496739824308633e-05 	 2117.290318855597
0.043043321321321326 	 2.4938367733624094e-05 	 2107.460076084361
0.043093369369369375 	 2.4909404655432777e-05 	 2097.6868174723018
0.04314341741741742 	 2.488050877384366e-05 	 2087.970147086211
0.04319346546546547 	 2.4851679855275673e-05 	 2078.309672198657
0.043243513513513514 	 2.482291766722907e-05 	 2068.7050032583593
0.04329356156156156 	 2.4794221978279206e-05 	 2059.1557538608618
0.04334360960960961 	 2.4765592558070334e-05 	 2049.6615407195222
0.04339365765765766 	 2.473702917730941e-05 	 2040.221983636787
0.04344370570570571 	 2.4708531607760015e-05 	 2030.8367054757744
0.04349375375375376 	 2.468009962223623e-05 	 2021.5053321321466
0.043543801801801806 	 2.4651732994596628e-05 	 2012.2274925062732
0.043593849849849854 	 2.462343149973828e-05 	 2003.0028184756857
0.0436438978978979 	 2.4595194913590775e-05 	 1993.830944867807
0.04369394594594595 	 2.4567023013110345e-05 	 1984.7115094329727
0.043743993993994 	 2.453891557627395e-05 	 1975.644152817719
0.04379404204204205 	 2.4510872382073485e-05 	 1966.6285185383526
0.04384409009009009 	 2.4482893210509957e-05 	 1957.6642529547887
0.04389413813813814 	 2.4454977842587738e-05 	 1948.75100524465
0.04394418618618619 	 2.4427126060308868e-05 	 1939.8884273776532
0.043994234234234236 	 2.4399337646667368e-05 	 1931.0761740902276
0.044044282282282285 	 2.437161238564359e-05 	 1922.3139028604114
0.044094330330330334 	 2.434395006219867e-05 	 1913.6012738830082
0.04414437837837838 	 2.4316350462268885e-05 	 1904.93795004497
0.04419442642642643 	 2.428881337276021e-05 	 1896.3235969010682
0.04424447447447448 	 2.4261338581542804e-05 	 1887.7578826497809
0.04429452252252253 	 2.4233925877445554e-05 	 1879.2404781094394
0.04434457057057058 	 2.4206575050250665e-05 	 1870.7710566946143
0.044394618618618625 	 2.4179285890688303e-05 	 1862.3492943927388
0.04444466666666667 	 2.4152058190431252e-05 	 1853.9748697409746
0.044494714714714716 	 2.4124891742089596e-05 	 1845.647463803297
0.044544762762762764 	 2.4097786339205484e-05 	 1837.3667601478346
0.04459481081081081 	 2.407074177624786e-05 	 1829.132444824412
0.04464485885885886 	 2.4043757848607318e-05 	 1820.9442063423394
0.04469490690690691 	 2.4016834352590888e-05 	 1812.8017356484127
0.04474495495495496 	 2.3989971085416954e-05 	 1804.7047261051375
0.04479500300300301 	 2.3963167845210147e-05 	 1796.6528734691835
0.044845051051051056 	 2.3936424430996275e-05 	 1788.6458758700285
0.044895099099099105 	 2.390974064269732e-05 	 1780.6834337888463
0.04494514714714715 	 2.3883116281126436e-05 	 1772.7652500375857
0.044995195195195195 	 2.385655114798301e-05 	 1764.8910297382681
0.045045243243243244 	 2.3830045045847712e-05 	 1757.0604803024858
0.04509529129129129 	 2.380359777817761e-05 	 1749.2733114111074
0.04514533933933934 	 2.3777209149301352e-05 	 1741.5292349941897
0.04519538738738739 	 2.3750878964414278e-05 	 1733.8279652110798
0.04524543543543544 	 2.372460702957368e-05 	 1726.1692184307267
0.04529548348348349 	 2.3698393151693996e-05 	 1718.5527132121745
0.045345531531531535 	 2.3672237138542123e-05 	 1710.978170285265
0.045395579579579584 	 2.3646138798732677e-05 	 1703.4453125315151
0.04544562762762763 	 2.3620097941723356e-05 	 1695.9538649651977
0.04549567567567568 	 2.359411437781029e-05 	 1688.5035547146022
0.04554572372372373 	 2.356818791812344e-05 	 1681.0941110034767
0.04559577177177177 	 2.3542318374621997e-05 	 1673.725265132662
0.04564581981981982 	 2.3516505560089882e-05 	 1666.3967504619043
0.04569586786786787 	 2.3490749288131182e-05 	 1659.1083023918368
0.04574591591591592 	 2.34650493731657e-05 	 1651.8596583461551
0.045795963963963966 	 2.3439405630424486e-05 	 1644.6505577539551
0.045846012012012015 	 2.3413817875945386e-05 	 1637.4807420322466
0.045896060060060064 	 2.3388285926568677e-05 	 1630.3499545686411
0.04594610810810811 	 2.3362809599932695e-05 	 1623.257940704212
0.04599615615615616 	 2.3337388714469457e-05 	 1616.2044477165075
0.04604620420420421 	 2.3312023089400383e-05 	 1609.189224802752
0.04609625225225226 	 2.3286712544732006e-05 	 1602.2120230631906
0.04614630030030031 	 2.3261456901251693e-05 	 1595.2725954846067
0.04619634834834835 	 2.3236255980523446e-05 	 1588.3706969240009
0.0462463963963964 	 2.3211109604883663e-05 	 1581.5060840924207
0.046296444444444446 	 2.3186017597437004e-05 	 1574.6785155389562
0.046346492492492494 	 2.316097978205222e-05 	 1567.8877516348891
0.04639654054054054 	 2.3135995983358024e-05 	 1561.1335545579836
0.04644658858858859 	 2.311106602673901e-05 	 1554.4156882769482
0.04649663663663664 	 2.3086189738331596e-05 	 1547.7339185360404
0.04654668468468469 	 2.3061366945019947e-05 	 1541.0880128398069
0.04659673273273274 	 2.3036597474431994e-05 	 1534.4777404379931
0.046646780780780786 	 2.3011881154935432e-05 	 1527.902872310586
0.046696828828828835 	 2.2987217815633743e-05 	 1521.3631811529983
0.04674687687687688 	 2.296260728636228e-05 	 1514.8584413614024
0.046796924924924925 	 2.2938049397684344e-05 	 1508.3884290182052
0.046846972972972974 	 2.291354398088727e-05 	 1501.9529218776513
0.04689702102102102 	 2.288909086797862e-05 	 1495.5516993515823
0.04694706906906907 	 2.2864689891682285e-05 	 1489.1845424953165
0.04699711711711712 	 2.2840340885434705e-05 	 1482.85123399367
0.04704716516516517 	 2.2816043683381094e-05 	 1476.5515581471182
0.04709721321321322 	 2.27917981203716e-05 	 1470.2853008580698
0.047147261261261265 	 2.2767604031957665e-05 	 1464.0522496172973
0.047197309309309314 	 2.274346125438824e-05 	 1457.8521934904797
0.04724735735735736 	 2.2719369624606086e-05 	 1451.6849231048714
0.04729740540540541 	 2.2695328980244144e-05 	 1445.5502306361127
0.04734745345345346 	 2.267133915962188e-05 	 1439.4479097951548
0.0473975015015015 	 2.264740000174162e-05 	 1433.3777558153085
0.04744754954954955 	 2.2623511346284993e-05 	 1427.3395654394158
0.0474975975975976 	 2.2599673033609328e-05 	 1421.3331369071557
0.04754764564564565 	 2.2575884904744112e-05 	 1415.3582699424471
0.047597693693693696 	 2.2552146801387442e-05 	 1409.4147657409926
0.047647741741741745 	 2.2528458565902534e-05 	 1403.5024269579258
0.04769778978978979 	 2.2504820041314208e-05 	 1397.6210576955812
0.04774783783783784 	 2.2481231071305438e-05 	 1391.7704634913778
0.04779788588588589 	 2.2457691500213903e-05 	 1385.9504513058164
0.04784793393393394 	 2.2434201173028555e-05 	 1380.160829510593
0.04789798198198199 	 2.2410759935386232e-05 	 1374.401407876815
0.04794803003003004 	 2.2387367633568266e-05 	 1368.6719975633414
0.04799807807807808 	 2.2364024114497117e-05 	 1362.9724111052167
0.04804812612612613 	 2.2340729225733048e-05 	 1357.302462402228
0.048098174174174176 	 2.2317482815470804e-05 	 1351.661966707559
0.048148222222222224 	 2.2294284732536292e-05 	 1346.0507406165507
0.04819827027027027 	 2.2271134826383352e-05 	 1340.4686020555773
0.04824831831831832 	 2.2248032947090447e-05 	 1334.9153702710112
0.04829836636636637 	 2.222497894535746e-05 	 1329.3908658182947
0.04834841441441442 	 2.220197267250247e-05 	 1323.8949105511263
0.04839846246246247 	 2.2179013980458554e-05 	 1318.427327610729
0.048448510510510516 	 2.21561027217706e-05 	 1312.9879414152288
0.048498558558558565 	 2.2133238749592172e-05 	 1307.5765776491312
0.04854860660660661 	 2.2110421917682358e-05 	 1302.193063252891
0.048598654654654655 	 2.208765208040267e-05 	 1296.837226412584
0.048648702702702704 	 2.206492909271389e-05 	 1291.5088965496645
0.04869875075075075 	 2.204225281017307e-05 	 1286.2079043108322
0.0487487987987988 	 2.201962308893042e-05 	 1280.93408155798
0.04879884684684685 	 2.199703978572628e-05 	 1275.6872613582432
0.0488488948948949 	 2.1974502757888096e-05 	 1270.4672779741281
0.04889894294294295 	 2.195201186332741e-05 	 1265.273966853748
0.048948990990990995 	 2.1929566960536878e-05 	 1260.1071646211321
0.048999039039039044 	 2.1907167908587325e-05 	 1254.966709066642
0.04904908708708709 	 2.188481456712474e-05 	 1249.8524391374515
0.04909913513513514 	 2.1862506796367403e-05 	 1244.7641949281433
0.04914918318318319 	 2.184024445710294e-05 	 1239.7018176713627
0.04919923123123123 	 2.181802741068543e-05 	 1234.6651497285795
0.04924927927927928 	 2.1795855519032526e-05 	 1229.654034580917
0.04929932732732733 	 2.1773728644622615e-05 	 1224.6683168200811
0.04934937537537538 	 2.1751646650491948e-05 	 1219.7078421393583
0.049399423423423426 	 2.172960940023182e-05 	 1214.7724573246983
0.049449471471471475 	 2.1707616757985772e-05 	 1209.86201024589
0.04949951951951952 	 2.1685668588446796e-05 	 1204.9763498477962
0.04954956756756757 	 2.1663764756854553e-05 	 1200.1153261416891
0.04959961561561562 	 2.1641905128992612e-05 	 1195.278790196649
0.04964966366366367 	 2.1620089571185724e-05 	 1190.46659413105
0.04969971171171172 	 2.1598317950297088e-05 	 1185.6785911041184
0.04974975975975977 	 2.1576590133725644e-05 	 1180.914635307569
0.04979980780780781 	 2.155490598940338e-05 	 1176.1745819573164
0.04984985585585586 	 2.1533265385792645e-05 	 1171.4582872852593
0.049899903903903906 	 2.1511668191883515e-05 	 1166.7656085311448
0.049949951951951954 	 2.1490114277191127e-05 	 1162.0964039344988
0.05 	 2.1468603511753073e-05 	 1157.4505327266343
