3.5233633633633636 	 2.59850710036485e-06 	 8.927368252590945e-10
4.023843843843844 	 2.693139769873028e-06 	 5.055543050769582e-10
4.524324324324325 	 2.8097097736541036e-06 	 3.022256166584464e-10
5.0248048048048055 	 2.9534925520817622e-06 	 1.8790726195025712e-10
5.525285285285285 	 3.1319118060607952e-06 	 1.2007981806550322e-10
6.025765765765766 	 3.355671292924807e-06 	 7.805581661368996e-11
6.526246246246247 	 3.6407627907669145e-06 	 5.108253067012087e-11
7.026726726726727 	 4.011946525022097e-06 	 3.3267867200391536e-11
7.527207207207208 	 4.5091669551065725e-06 	 2.1248706532744375e-11
8.027687687687688 	 5.200986317534304e-06 	 1.3049705321367898e-11
8.528168168168168 	 6.21286048696374e-06 	 7.529648647471094e-12
9.02864864864865 	 7.795760026151234e-06 	 4.136171374087563e-12
9.52912912912913 	 1.0508357507568727e-05 	 2.9554836888485802e-12
10.029609609609611 	 1.5769287008295156e-05 	 5.360042955710982e-12
10.530090090090091 	 2.7626701325460183e-05 	 1.673480469138235e-11
11.030570570570571 	 5.457188595651604e-05 	 5.273947066299025e-11
11.531051051051053 	 6.520242698928622e-05 	 8.24718158973734e-11
12.031531531531533 	 3.422704503959547e-05 	 4.430145342566648e-11
12.532012012012013 	 2.1037940493903224e-05 	 1.9329684170708014e-11
13.032492492492494 	 2.077078901316783e-05 	 1.120697080651242e-11
13.532972972972974 	 2.3786540663259045e-05 	 8.320965564573719e-12
14.033453453453454 	 4.0839919823043145e-05 	 1.799771330068877e-11
14.533933933933936 	 6.468406796083052e-05 	 4.7471672685706666e-11
15.034414414414416 	 4.747058494304614e-05 	 5.576376176190136e-11
15.534894894894897 	 2.532047182385435e-05 	 3.280020706854674e-11
16.035375375375377 	 1.726015532070994e-05 	 2.1309068274049884e-11
16.535855855855857 	 1.5827464190664662e-05 	 1.6800559093696046e-11
17.036336336336337 	 1.3715307707783046e-05 	 1.4976451549414503e-11
17.53681681681682 	 1.0137256236057581e-05 	 1.2886962259308273e-11
18.0372972972973 	 6.979384793624477e-06 	 1.0550341550979565e-11
18.53777777777778 	 4.94426294915961e-06 	 8.483487179158585e-12
19.03825825825826 	 3.9355492972999406e-06 	 6.881067903950519e-12
19.53873873873874 	 3.490332032950841e-06 	 5.739622635890411e-12
20.039219219219223 	 3.189305665326244e-06 	 4.894709516157365e-12
20.539699699699703 	 2.9495291566363383e-06 	 4.229342691216665e-12
21.040180180180183 	 2.7456253822139296e-06 	 3.691498115743435e-12
21.540660660660663 	 2.5456135377389165e-06 	 3.2448058018406806e-12
22.041141141141143 	 2.341394034606282e-06 	 2.860602135151844e-12
22.541621621621623 	 2.1557445253397945e-06 	 2.5205867049160717e-12
23.042102102102106 	 2.024378236466989e-06 	 2.2159502614946535e-12
23.542582582582586 	 1.97944108650637e-06 	 1.942761616885585e-12
24.043063063063066 	 2.050681026461645e-06 	 1.6981593203283179e-12
24.543543543543546 	 2.283014503837026e-06 	 1.4794501960406388e-12
25.044024024024026 	 2.77148665966621e-06 	 1.2865562810642384e-12
25.54450450450451 	 3.7299643054820912e-06 	 1.1323280828110707e-12
26.04498498498499 	 5.542726424848116e-06 	 1.0803993438349439e-12
26.54546546546547 	 7.880912885848651e-06 	 1.295973588823529e-12
27.04594594594595 	 7.403147743200357e-06 	 1.6296706051899527e-12
27.54642642642643 	 4.752023392630729e-06 	 1.6016334547712524e-12
28.04690690690691 	 3.0010612269131203e-06 	 1.4229973212665348e-12
28.547387387387392 	 2.0697136372933267e-06 	 1.2584258259944865e-12
29.047867867867872 	 1.5197080036158857e-06 	 1.1252984624949234e-12
29.548348348348352 	 1.1455409682023668e-06 	 1.0158385391123701e-12
30.04882882882883 	 8.647514535156953e-07 	 9.228922387884198e-13
30.54930930930931 	 6.438998312894748e-07 	 8.420564532498872e-13
31.049789789789795 	 4.677213772540916e-07 	 7.707586248082457e-13
31.550270270270275 	 3.273192026245746e-07 	 7.073998103511913e-13
32.05075075075076 	 2.1604714107830426e-07 	 6.508593820454833e-13
32.55123123123124 	 1.2836814510238564e-07 	 6.002575488161624e-13
33.05171171171172 	 5.9591182505030966e-08 	 5.548543790029002e-13
33.5521921921922 	 5.816904288987279e-09 	 5.1401025905436e-13
34.05267267267268 	 3.612378857478998e-08 	 4.77168384954016e-13
34.55315315315316 	 6.876025322154575e-08 	 4.4384430993221375e-13
35.053633633633645 	 9.408610734824104e-08 	 4.1361900659775103e-13
35.55411411411412 	 1.1366281674542567e-07 	 3.8612953641402533e-13
36.054594594594604 	 1.2870793618207783e-07 	 3.610623441968601e-13
36.55507507507508 	 1.4017209832711007e-07 	 3.3814680436254903e-13
37.055555555555564 	 1.487967342349868e-07 	 3.171481841238511e-13
37.55603603603605 	 1.551638197964966e-07 	 2.9786290274642675e-13
38.056516516516524 	 1.5973120562273377e-07 	 2.801132907474694e-13
38.55699699699701 	 1.6285785289867565e-07 	 2.637449500096904e-13
39.057477477477484 	 1.6483240086569155e-07 	 2.4862163841153313e-13
39.55795795795797 	 1.6588112398011566e-07 	 2.3462414264182394e-13
40.05843843843845 	 1.6618733940481567e-07 	 2.2164699658234702e-13
40.55891891891893 	 1.6589757901539139e-07 	 2.0959697677411261e-13
41.05939939939941 	 1.6512973530976714e-07 	 1.983912196408158e-13
41.55987987987989 	 1.6397978024688375e-07 	 1.8795567115602254e-13
42.06036036036037 	 1.6252462280561138e-07 	 1.7822481516323286e-13
42.56084084084085 	 1.608280522087691e-07 	 1.6913936108322915e-13
43.06132132132133 	 1.5894320602075504e-07 	 1.606461094393878e-13
43.56180180180181 	 1.5691081191782296e-07 	 1.5269737760619405e-13
44.06228228228229 	 1.547656993066186e-07 	 1.4525019154134092e-13
44.56276276276277 	 1.5253618612721177e-07 	 1.3826561348916757e-13
45.06324324324325 	 1.5024694267638494e-07 	 1.3170803031023937e-13
45.56372372372373 	 1.4791658727849742e-07 	 1.2554557791998548e-13
46.064204204204216 	 1.4556258970362448e-07 	 1.1974874662377868e-13
46.56468468468469 	 1.4319496597467034e-07 	 1.142914944468164e-13
47.065165165165176 	 1.4082782158242614e-07 	 1.0914898428815695e-13
47.56564564564565 	 1.3846712335358712e-07 	 1.0429938726590707e-13
48.066126126126136 	 1.3612175764176385e-07 	 9.97222106398369e-14
48.56660660660662 	 1.3379825645455295e-07 	 9.539869594551621e-14
49.067087087087096 	 1.3150042978967272e-07 	 9.13118563067665e-14
49.56756756756758 	 1.2923108566302623e-07 	 8.744590446738609e-14
50.068048048048055 	 1.2699486294759832e-07 	 8.378643724779977e-14
50.56852852852854 	 1.2479391617824118e-07 	 8.031978709973838e-14
51.06900900900902 	 1.2262950713887364e-07 	 7.703386974017455e-14
51.5694894894895 	 1.205033860975613e-07 	 7.391705842780163e-14
52.06996996996998 	 1.1841672135326205e-07 	 7.095898997684014e-14
52.57045045045046 	 1.1636914062266908e-07 	 6.814980815262312e-14
53.07093093093094 	 1.1436201848605579e-07 	 6.548045109150269e-14
53.571411411411425 	 1.1239589821882791e-07 	 6.294241076367748e-14
54.0718918918919 	 1.1046963643036712e-07 	 6.052796830632078e-14
54.572372372372385 	 1.0858369459160937e-07 	 5.822979514186329e-14
55.07285285285286 	 1.0673777964298617e-07 	 5.604120511643474e-14
55.573333333333345 	 1.0493128912619017e-07 	 5.3955828614644096e-14
56.07381381381382 	 1.0316409503354447e-07 	 5.196776438058253e-14
56.574294294294305 	 1.0143492134666991e-07 	 5.0071597490047883e-14
57.07477477477479 	 9.974434225246013e-08 	 4.826211031820564e-14
57.575255255255264 	 9.809075415820194e-08 	 4.653466912562917e-14
58.07573573573575 	 9.647374088921022e-08 	 4.4884676891292466e-14
58.576216216216224 	 9.489182012805281e-08 	 4.330797440029709e-14
59.07669669669671 	 9.334585449698257e-08 	 4.180065365898674e-14
59.57717717717719 	 9.183423176544851e-08 	 4.0359002603489284e-14
60.07765765765767 	 9.035520162027415e-08 	 3.897966470498923e-14
60.57813813813815 	 8.890951909343785e-08 	 3.765931275940082e-14
61.07861861861863 	 8.749573708293669e-08 	 3.639493754891521e-14
61.57909909909911 	 8.611332125667213e-08 	 3.51836828933026e-14
62.079579579579594 	 8.476123114701267e-08 	 3.402288235710559e-14
62.58006006006007 	 8.343892286149764e-08 	 3.290999034668622e-14
63.080540540540554 	 8.214564400005259e-08 	 3.184263654776291e-14
63.58102102102103 	 8.088095333121628e-08 	 3.081852891735731e-14
64.0815015015015 	 7.964340579298447e-08 	 2.9835672327977705e-14
64.58198198198198 	 7.84326076814865e-08 	 2.889202003639625e-14
65.08246246246247 	 7.724831508666395e-08 	 2.798564772587683e-14
65.58294294294295 	 7.60897206125879e-08 	 2.711479589310615e-14
66.08342342342343 	 7.495555056403274e-08 	 2.6277863764312676e-14
66.5839039039039 	 7.384605387545047e-08 	 2.5473174668451118e-14
67.08438438438439 	 7.27599028642217e-08 	 2.469930258497893e-14
67.58486486486487 	 7.169685067356766e-08 	 2.395479689363559e-14
68.08534534534535 	 7.065609675847453e-08 	 2.3238340372092717e-14
68.58582582582584 	 6.96371723649896e-08 	 2.2548653597991855e-14
69.08630630630631 	 6.863932406399237e-08 	 2.18845566066011e-14
69.58678678678679 	 6.76624352811504e-08 	 2.1244868490468835e-14
70.08726726726728 	 6.670559774068534e-08 	 2.062853752259154e-14
70.58774774774776 	 6.57683356760566e-08 	 2.003455704899942e-14
71.08822822822823 	 6.485047093965248e-08 	 1.946191010939231e-14
71.58870870870871 	 6.395120115592171e-08 	 1.890970233035877e-14
72.0891891891892 	 6.306996059614609e-08 	 1.837708162054851e-14
72.58966966966968 	 6.220639084430388e-08 	 1.7863192029726165e-14
73.09015015015015 	 6.136017674947239e-08 	 1.7367236345776836e-14
73.59063063063064 	 6.053106087372299e-08 	 1.6888449421396507e-14
74.09111111111112 	 5.971821081619589e-08 	 1.6426151960437702e-14
74.5915915915916 	 5.892104433254962e-08 	 1.5979679240243928e-14
75.09207207207209 	 5.813982593120694e-08 	 1.554832034363118e-14
75.59255255255256 	 5.73734661846598e-08 	 1.513153069714603e-14
76.09303303303304 	 5.662215553016977e-08 	 1.4728666720071592e-14
76.59351351351351 	 5.588513288140392e-08 	 1.433920191295369e-14
77.093993993994 	 5.516238538903669e-08 	 1.3962579120874007e-14
77.59447447447448 	 5.4453346194246164e-08 	 1.3598300031235558e-14
78.09495495495496 	 5.3757758230688086e-08 	 1.3245877542711363e-14
78.59543543543545 	 5.307518900962196e-08 	 1.2904860802637384e-14
79.09591591591592 	 5.240536546242106e-08 	 1.2574806167125714e-14
79.5963963963964 	 5.174811821472083e-08 	 1.2255270680617426e-14
80.09687687687689 	 5.110287195186179e-08 	 1.1945881632229487e-14
80.59735735735737 	 5.046954573676163e-08 	 1.1646231882992147e-14
81.09783783783784 	 4.9847908978804395e-08 	 1.1355955624009992e-14
81.59831831831832 	 4.923759008249762e-08 	 1.107470394933105e-14
82.09879879879881 	 4.863825173327064e-08 	 1.0802145935540161e-14
82.59927927927929 	 4.8049602798530586e-08 	 1.0537961495581897e-14
83.09975975975976 	 4.747149317188849e-08 	 1.02818451682892e-14
83.60024024024025 	 4.690380387290642e-08 	 1.0033479815685979e-14
84.10072072072073 	 4.6346310594113664e-08 	 9.792586862727196e-15
84.6012012012012 	 4.5798171695525066e-08 	 9.55894620282209e-15
85.10168168168168 	 4.5259967377695435e-08 	 9.33223017912267e-15
85.60216216216217 	 4.473094907672041e-08 	 9.112239096087104e-15
86.10264264264265 	 4.421137263094546e-08 	 8.8986929681379e-15
86.60312312312313 	 4.3700516430041235e-08 	 8.691409118283739e-15
87.10360360360362 	 4.3198341944761624e-08 	 8.4901489165941e-15
87.60408408408409 	 4.270499863686541e-08 	 8.29468513320362e-15
88.10456456456457 	 4.2219680204427624e-08 	 8.104857170425319e-15
88.60504504504506 	 4.174276855912229e-08 	 7.920433315439744e-15
89.10552552552554 	 4.1273719267357846e-08 	 7.74125027805498e-15
89.60600600600601 	 4.081266510680474e-08 	 7.567114157265564e-15
90.10648648648649 	 4.035908903515754e-08 	 7.397870380428884e-15
90.60696696696698 	 3.991318609655567e-08 	 7.233339203417425e-15
91.10744744744746 	 3.947443764193497e-08 	 7.073382580092004e-15
91.60792792792793 	 3.904287149379245e-08 	 6.917834459727388e-15
92.10840840840842 	 3.861844048818671e-08 	 6.766545035887248e-15
92.6088888888889 	 3.8200672072922265e-08 	 6.619395044496905e-15
93.10936936936938 	 3.7789643791811294e-08 	 6.476233251119348e-15
93.60984984984987 	 3.7385267755686674e-08 	 6.336931078804866e-15
94.11033033033034 	 3.6987521801718454e-08 	 6.201352124848162e-15
94.61081081081082 	 3.65958170883539e-08 	 6.0694028080887106e-15
95.1112912912913 	 3.621032762046778e-08 	 5.940955321322805e-15
95.61177177177179 	 3.583085369508004e-08 	 5.8158990788570406e-15
96.11225225225226 	 3.545726617894063e-08 	 5.694127542538741e-15
96.61273273273274 	 3.508962115425913e-08 	 5.5755273514478664e-15
97.11321321321323 	 3.472763541178422e-08 	 5.46000722357633e-15
97.6136936936937 	 3.4370920692692524e-08 	 5.347489123174961e-15
98.11417417417418 	 3.402005770501732e-08 	 5.237839692980194e-15
98.61465465465466 	 3.3674197330834493e-08 	 5.131011570090389e-15
99.11513513513515 	 3.3333742041650426e-08 	 5.026892406007959e-15
99.61561561561562 	 3.2998484208295994e-08 	 4.925404377492703e-15
100.1160960960961 	 3.272281147521817e-08 	 4.826864459977614e-15
100.61657657657659 	 3.2560043778611775e-08 	 4.731540734618167e-15
101.11705705705707 	 3.2398887324606304e-08 	 4.638558569864781e-15
101.61753753753754 	 3.223931830642121e-08 	 4.547849281010967e-15
102.11801801801803 	 3.208131338398417e-08 	 4.459346522407758e-15
102.61849849849851 	 3.1924849672550153e-08 	 4.372986196868854e-15
103.11897897897899 	 3.1769904731651914e-08 	 4.288706369004219e-15
103.61945945945946 	 3.1616456554370726e-08 	 4.2064471822937275e-15
104.11993993993995 	 3.146448355691654e-08 	 4.1261507797224e-15
104.62042042042043 	 3.131396456850726e-08 	 4.047761227808067e-15
105.1209009009009 	 3.116487882153702e-08 	 3.971224443861087e-15
105.6213813813814 	 3.101720594202412e-08 	 3.8964881263241e-15
106.12186186186187 	 3.087092594032915e-08 	 3.823501688047549e-15
106.62234234234235 	 3.072601920213459e-08 	 3.752216192364158e-15
107.12282282282284 	 3.058246647967719e-08 	 3.682584291832501e-15
107.62330330330332 	 3.0440248883225136e-08 	 3.614560169526454e-15
108.1237837837838 	 3.0299347872791696e-08 	 3.548099482753414e-15
108.62426426426427 	 3.0159745250078154e-08 	 3.483159309090271e-15
109.12474474474476 	 3.002142315063833e-08 	 3.419698094631469e-15
109.62522522522524 	 2.988436403625776e-08 	 3.35767560434892e-15
110.12570570570571 	 2.974855068754072e-08 	 3.297052874468414e-15
110.6261861861862 	 2.9613966196698374e-08 	 3.2377921667719308e-15
111.12666666666668 	 2.948059396053193e-08 	 3.179856924739728e-15
111.62714714714716 	 2.9348417673604453e-08 	 3.12321173145021e-15
112.12762762762763 	 2.9217421321595594e-08 	 3.0678222691597292e-15
112.62810810810812 	 2.908758917483346e-08 	 3.013655280488085e-15
113.1285885885886 	 2.8958905781998245e-08 	 2.9606785311392395e-15
113.62906906906908 	 2.8831355963992133e-08 	 2.9088607740899866e-15
114.12954954954957 	 2.8704924807970633e-08 	 2.8581717151827197e-15
114.63003003003004 	 2.8579597661530157e-08 	 2.808581980061318e-15
115.13051051051052 	 2.845536012704728e-08 	 2.7600630823922057e-15
115.63099099099101 	 2.8332198056164917e-08 	 2.712587393315263e-15
116.13147147147149 	 2.8210097544421202e-08 	 2.666128112072004e-15
116.63195195195196 	 2.8089044926016518e-08 	 2.620659237760746e-15
117.13243243243244 	 2.7969026768714784e-08 	 2.5761555421709902e-15
117.63291291291293 	 2.7850029868874847e-08 	 2.532592543651359e-15
118.1333933933934 	 2.7732041246608203e-08 	 2.4899464819675962e-15
118.63387387387388 	 2.761504814105925e-08 	 2.448194294109109e-15
119.13435435435437 	 2.749903800580456e-08 	 2.407313591004483e-15
119.63483483483485 	 2.738399850436757e-08 	 2.367282635108146e-15
120.13531531531532 	 2.7269917505845434e-08 	 2.3280803188221586e-15
120.63579579579581 	 2.7156783080644716e-08 	 2.2896861437186645e-15
121.13627627627629 	 2.704458349632278e-08 	 2.2520802005301446e-15
121.63675675675677 	 2.6933307213531873e-08 	 2.2152431498760738e-15
122.13723723723724 	 2.6822942882062884e-08 	 2.1791562036959963e-15
122.63771771771773 	 2.6713479336986036e-08 	 2.1438011073603515e-15
123.13819819819821 	 2.6604905594885627e-08 	 2.1091601224316978e-15
123.63867867867869 	 2.649721085018627e-08 	 2.07521601005014e-15
124.13915915915918 	 2.6390384471567965e-08 	 2.041952014917964e-15
124.63963963963965 	 2.628441599846758e-08 	 2.009351849859564e-15
125.14012012012013 	 2.617929513766423e-08 	 1.9773996809337717e-15
125.64060060060062 	 2.607501175994631e-08 	 1.946080113076753e-15
126.1410810810811 	 2.597155589685787e-08 	 1.9153781762545006e-15
126.64156156156157 	 2.5868917737522114e-08 	 1.8852793121049454e-15
127.14204204204205 	 2.5767087625539926e-08 	 1.8557693610504893e-15
127.64252252252254 	 2.5666056055961397e-08 	 1.8268345498626634e-15
128.14300300300303 	 2.556581367232828e-08 	 1.798461479661317e-15
128.64348348348352 	 2.546635126378549e-08 	 1.770637114331559e-15
129.14396396396398 	 2.5367659762259802e-08 	 1.7433487693423474e-15
129.64444444444447 	 2.5269730239703806e-08 	 1.7165841009512963e-15
130.14492492492496 	 2.5172553905403605e-08 	 1.6903310957809786e-15
130.64540540540543 	 2.507612210334824e-08 	 1.6645780607525115e-15
131.14588588588592 	 2.4980426309659436e-08 	 1.6393136133629223e-15
131.6463663663664 	 2.4885458130079966e-08 	 1.6145266722932773e-15
132.14684684684687 	 2.479120929751907e-08 	 1.5902064483351092e-15
132.64732732732736 	 2.4697671669653433e-08 	 1.5663424356232235e-15
133.14780780780782 	 2.4604837226582324e-08 	 1.5429244031634192e-15
133.6482882882883 	 2.4512698068535334e-08 	 1.5199423866441342e-15
134.1487687687688 	 2.442124641363152e-08 	 1.4973866805215099e-15
134.64924924924927 	 2.4330474595688426e-08 	 1.4752478303677339e-15
135.14972972972976 	 2.4240375062079893e-08 	 1.4535166254729933e-15
135.65021021021025 	 2.4150940371641175e-08 	 1.4321840916917197e-15
136.1506906906907 	 2.406216319262037e-08 	 1.4112414845242019e-15
136.6511711711712 	 2.3974036300674758e-08 	 1.3906802824249763e-15
137.1516516516517 	 2.388655257691113e-08 	 1.3704921803298065e-15
137.65213213213215 	 2.379970500596876e-08 	 1.3506690833932924e-15
138.15261261261264 	 2.3713486674144074e-08 	 1.3312031009295606e-15
138.65309309309313 	 2.3627890767556004e-08 	 1.3120865405487358e-15
139.1535735735736 	 2.3542910570350838e-08 	 1.2933119024821825e-15
139.6540540540541 	 2.3458539462945692e-08 	 1.2748718740897859e-15
140.15453453453458 	 2.3374770920309687e-08 	 1.2567593245428319e-15
140.65501501501504 	 2.3291598510281733e-08 	 1.2389672996762312e-15
141.15549549549553 	 2.3209015891924116e-08 	 1.2214890170041483e-15
141.65597597597602 	 2.312701681391106e-08 	 1.2043178608932848e-15
142.15645645645648 	 2.3045595112951235e-08 	 1.1874473778882825e-15
142.65693693693697 	 2.2964744712243508e-08 	 1.1708712721839494e-15
143.15741741741743 	 2.288445961996511e-08 	 1.1545834012392114e-15
143.65789789789793 	 2.280473392779135e-08 	 1.1385777715278485e-15
144.15837837837842 	 2.272556180944625e-08 	 1.1228485344213326e-15
144.65885885885888 	 2.264693751928316e-08 	 1.1073899821991764e-15
145.15933933933937 	 2.256885539089481e-08 	 1.0921965441824554e-15
145.65981981981986 	 2.2491309835752e-08 	 1.077262782986275e-15
146.16030030030032 	 2.241429534187025e-08 	 1.062583390887133e-15
146.6607807807808 	 2.2337806472503743e-08 	 1.0481531863012782e-15
147.1612612612613 	 2.2261837864865957e-08 	 1.0339671103703125e-15
147.66174174174176 	 2.2186384228876257e-08 	 1.0200202236504131e-15
148.16222222222225 	 2.211144034593194e-08 	 1.006307702901698e-15
148.66270270270275 	 2.203700106770505e-08 	 9.928248379743813e-16
149.1631831831832 	 2.1963061314963457e-08 	 9.795670287884814e-16
149.6636636636637 	 2.1889616076415524e-08 	 9.665297824039718e-16
150.1641441441442 	 2.181666040757795e-08 	 9.537087101783809e-16
150.66462462462465 	 2.174418942966613e-08 	 9.410995250089409e-16
151.16510510510514 	 2.1672198328506565e-08 	 9.28698038656506e-16
151.6655855855856 	 2.1600682353470827e-08 	 9.165001591485587e-16
152.1660660660661 	 2.152963681643054e-08 	 9.04501888258701e-16
152.66654654654658 	 2.1459057090732924e-08 	 8.926993190601578e-16
153.16702702702705 	 2.1388938610196428e-08 	 8.810886335508668e-16
153.66750750750754 	 2.1319276868125963e-08 	 8.696661003478391e-16
154.16798798798803 	 2.1250067416347382e-08 	 8.584280724485656e-16
154.6684684684685 	 2.118130586426061e-08 	 8.47370985057288e-16
155.16894894894898 	 2.111298787791118e-08 	 8.364913534740738e-16
155.66942942942947 	 2.1045109179079652e-08 	 8.257857710446736e-16
156.16990990990993 	 2.0977665544388532e-08 	 8.152509071692239e-16
156.67039039039042 	 2.0910652804426286e-08 	 8.048835053679228e-16
157.1708708708709 	 2.0844066842888166e-08 	 7.946803814018876e-16
157.67135135135138 	 2.077790359573334e-08 	 7.846384214474268e-16
158.17183183183187 	 2.0712159050357993e-08 	 7.747545803220614e-16
158.67231231231236 	 2.0646829244784175e-08 	 7.65025879760673e-16
159.17279279279282 	 2.0581910266863874e-08 	 7.554494067401942e-16
159.6732732732733 	 2.0517398253498074e-08 	 7.460223118513422e-16
160.1737537537538 	 2.0453289389870473e-08 	 7.367418077159274e-16
160.67423423423426 	 2.0389579908695507e-08 	 7.276051674483201e-16
161.17471471471475 	 2.0326266089480367e-08 	 7.186097231597152e-16
161.67519519519522 	 2.0263344257800775e-08 	 7.097528645038775e-16
162.1756756756757 	 2.0200810784590114e-08 	 7.010320372630883e-16
162.6761561561562 	 2.0138662085441713e-08 	 6.924447419730652e-16
163.17663663663666 	 2.0076894619923966e-08 	 6.839885325856657e-16
163.67711711711715 	 2.0015504890907996e-08 	 6.756610151682221e-16
164.17759759759764 	 1.995448944390764e-08 	 6.674598466383988e-16
164.6780780780781 	 1.9893844866431493e-08 	 6.593827335335003e-16
165.1785585585586 	 1.9833567787346643e-08 	 6.5142743081317605e-16
165.67903903903908 	 1.977365487625404e-08 	 6.435917406945414e-16
166.17951951951954 	 1.9714102842875104e-08 	 6.35873511518723e-16
166.68000000000004 	 1.9654908436449353e-08 	 6.282706366478939e-16
167.18048048048053 	 1.9596068445142936e-08 	 6.207810533919017e-16
167.680960960961 	 1.9537579695467668e-08 	 6.134027419635913e-16
168.18144144144148 	 1.9479439051710507e-08 	 6.061337244619862e-16
168.68192192192197 	 1.942164341537312e-08 	 5.989720638825017e-16
169.18240240240243 	 1.9364189724621487e-08 	 5.919158631533916e-16
169.68288288288292 	 1.9307074953745138e-08 	 5.849632641976594e-16
170.18336336336338 	 1.925029611262604e-08 	 5.781124470196919e-16
170.68384384384387 	 1.9193850246216717e-08 	 5.713616288158844e-16
171.18432432432436 	 1.9137734434027643e-08 	 5.647090631085729e-16
171.68480480480483 	 1.9081945789623507e-08 	 5.581530389025821e-16
172.18528528528532 	 1.9026481460128274e-08 	 5.516918798637441e-16
172.6857657657658 	 1.897133862573893e-08 	 5.45323943518754e-16
173.18624624624627 	 1.891651449924758e-08 	 5.39047620475744e-16
173.68672672672676 	 1.886200632557179e-08 	 5.32861333664977e-16
174.18720720720725 	 1.880781138129314e-08 	 5.267635375991052e-16
174.6876876876877 	 1.875392697420359e-08 	 5.207527176524057e-16
175.1881681681682 	 1.870035044285967e-08 	 5.148273893584771e-16
175.6886486486487 	 1.8647079156144314e-08 	 5.089860977258642e-16
176.18912912912916 	 1.8594110512836107e-08 	 5.032274165711002e-16
176.68960960960965 	 1.8541441941185896e-08 	 4.975499478686838e-16
177.19009009009014 	 1.8489070898500565e-08 	 4.919523211175082e-16
177.6905705705706 	 1.8436994870733835e-08 	 4.8643319272328315e-16
178.1910510510511 	 1.8385211372083965e-08 	 4.809912453965017e-16
178.69153153153155 	 1.8333717944598222e-08 	 4.756251875655214e-16
179.19201201201204 	 1.8282512157783956e-08 	 4.703337528043322e-16
179.69249249249253 	 1.8231591608226215e-08 	 4.651156992746131e-16
180.192972972973 	 1.8180953919211683e-08 	 4.599698091816768e-16
180.6934534534535 	 1.813059674035891e-08 	 4.548948882439162e-16
181.19393393393398 	 1.8080517747254646e-08 	 4.498897651753913e-16
181.69441441441444 	 1.8030714641096175e-08 	 4.449532911811855e-16
182.19489489489493 	 1.7981185148339596e-08 	 4.400843394651883e-16
182.69537537537542 	 1.793192702035382e-08 	 4.352818047499651e-16
183.19585585585588 	 1.788293803308028e-08 	 4.3054460280838057e-16
183.69633633633637 	 1.7834215986698193e-08 	 4.2587167000666144e-16
184.19681681681686 	 1.7785758705295268e-08 	 4.2126196285858965e-16
184.69729729729733 	 1.7737564036543797e-08 	 4.1671445759051987e-16
185.19777777777782 	 1.7689629851381944e-08 	 4.122281497169348e-16
185.6982582582583 	 1.7641954043700278e-08 	 4.078020536262573e-16
186.19873873873877 	 1.7594534530033252e-08 	 4.0343520217663653e-16
186.69921921921926 	 1.7547369249255707e-08 	 3.991266463014499e-16
187.19969969969975 	 1.750045616228429e-08 	 3.948754546242614e-16
187.7001801801802 	 1.745379325178351e-08 	 3.9068071308297653e-16
188.2006606606607 	 1.740737852187664e-08 	 3.865415245629636e-16
188.70114114114116 	 1.73612099978611e-08 	 3.8245700853889303e-16
189.20162162162165 	 1.731528572592844e-08 	 3.784263007250717e-16
189.70210210210215 	 1.726960377288869e-08 	 3.744485527340459e-16
190.2025825825826 	 1.7224162225899126e-08 	 3.7052293174325857e-16
190.7030630630631 	 1.7178959192197243e-08 	 3.666486201695467e-16
191.2035435435436 	 1.7133992798837974e-08 	 3.628248153512793e-16
191.70402402402405 	 1.708926119243499e-08 	 3.590507292379329e-16
192.20450450450454 	 1.7044762538906053e-08 	 3.5532558808691286e-16
192.70498498498503 	 1.7000495023222363e-08 	 3.516486321674376e-16
193.2054654654655 	 1.695645684916176e-08 	 3.480191154712937e-16
193.70594594594598 	 1.6912646239065762e-08 	 3.4443630543029577e-16
194.20642642642648 	 1.686906143360037e-08 	 3.408994826402703e-16
194.70690690690694 	 1.6825700691520585e-08 	 3.3740794059140406e-16
195.20738738738743 	 1.678256228943849e-08 	 3.3396098540478743e-16
195.70786786786792 	 1.6739644521594927e-08 	 3.30557935574999e-16
196.20834834834838 	 1.669694569963468e-08 	 3.2719812171857817e-16
196.70882882882887 	 1.6654464152385056e-08 	 3.238808863282337e-16
197.20930930930933 	 1.661219822563787e-08 	 3.2060558353264565e-16
197.70978978978982 	 1.657014628193471e-08 	 3.17371578861719e-16
198.2102702702703 	 1.6528306700355477e-08 	 3.1417824901715073e-16
198.71075075075078 	 1.648667787631013e-08 	 3.110249816481803e-16
199.21123123123127 	 1.644525822133352e-08 	 3.0791117513238707e-16
199.71171171171176 	 1.6404046162883388e-08 	 3.0483623836141853e-16
200.21219219219222 	 1.636304014414132e-08 	 3.017995905315174e-16
200.7126726726727 	 1.632223862381671e-08 	 2.9880066093873143e-16
201.2131531531532 	 1.628164007595365e-08 	 2.958388887786946e-16
201.71363363363366 	 1.624124298974071e-08 	 2.929137229508587e-16
202.21411411411415 	 1.6201045869323494e-08 	 2.9002462186707065e-16
202.71459459459464 	 1.6161047233620025e-08 	 2.8717105326438837e-16
203.2150750750751 	 1.6121245616138834e-08 	 2.8435249402202963e-16
203.7155555555556 	 1.6081639564799722e-08 	 2.8156842998235214e-16
204.2160360360361 	 1.604222764175718e-08 	 2.788183557757707e-16
204.71651651651655 	 1.6003008423226388e-08 	 2.7610177464950946e-16
205.21699699699704 	 1.596398049931175e-08 	 2.7341819830010093e-16
205.71747747747753 	 1.5925142473837948e-08 	 2.7076714670953877e-16
206.217957957958 	 1.5886492964183452e-08 	 2.6814814798499594e-16
206.71843843843848 	 1.5848030601116443e-08 	 2.6556073820202313e-16
207.21891891891894 	 1.580975402863312e-08 	 2.6300446125114367e-16
207.71939939939944 	 1.577166190379833e-08 	 2.604788686877609e-16
208.21987987987993 	 1.573375289658854e-08 	 2.57983519585304e-16
208.7203603603604 	 1.569602568973699e-08 	 2.5551798039152885e-16
209.22084084084088 	 1.5658478978581148e-08 	 2.53081824787902e-16
209.72132132132137 	 1.5621111470912305e-08 	 2.5067463355199526e-16
210.22180180180183 	 1.5583921886827343e-08 	 2.482959944228175e-16
210.72228228228232 	 1.554690895858256e-08 	 2.4594550196901304e-16
211.2227627627628 	 1.5510071430449684e-08 	 2.4362275745986433e-16
211.72324324324327 	 1.5473408058573787e-08 	 2.4132736873902566e-16
212.22372372372377 	 1.543691761083333e-08 	 2.3905895010092926e-16
212.72420420420426 	 1.5400598866702122e-08 	 2.3681712216979924e-16
213.22468468468472 	 1.5364450617113234e-08 	 2.346015117812116e-16
213.7251651651652 	 1.5328471664324828e-08 	 2.324117518661416e-16
214.2256456456457 	 1.5292660821787876e-08 	 2.3024748133744124e-16
214.72612612612616 	 1.5257016914015718e-08 	 2.2810834497869e-16
215.22660660660665 	 1.5221538776455416e-08 	 2.2599399333536147e-16
215.7270870870871 	 1.5186225255360975e-08 	 2.239040826082582e-16
216.2275675675676 	 1.515107520766822e-08 	 2.2183827454915506e-16
216.7280480480481 	 1.5116087500871505e-08 	 2.1979623635860613e-16
217.22852852852856 	 1.508126101290205e-08 	 2.1777764058586293e-16
217.72900900900905 	 1.5046594632008007e-08 	 2.1578216503085517e-16
218.22948948948954 	 1.501208725663615e-08 	 2.1380949264818857e-16
218.72996996997 	 1.4977737795315202e-08 	 2.11859311453113e-16
219.2304504504505 	 1.4943545166540738e-08 	 2.0993131442941442e-16
219.73093093093098 	 1.490950829866171e-08 	 2.0802519943919097e-16
220.23141141141144 	 1.4875626129768455e-08 	 2.0614066913446562e-16
220.73189189189193 	 1.4841897607582269e-08 	 2.042774308705982e-16
221.23237237237242 	 1.4808321689346477e-08 	 2.024351966214534e-16
221.7328528528529 	 1.4774897341718967e-08 	 2.006136828962867e-16
222.23333333333338 	 1.4741623540666169e-08 	 1.988126106583085e-16
222.73381381381387 	 1.470849927135849e-08 	 1.9703170524489068e-16
223.23429429429433 	 1.467552352806713e-08 	 1.9527069628937702e-16
223.73477477477482 	 1.4642695314062297e-08 	 1.9352931764446214e-16
224.23525525525528 	 1.4610013641512773e-08 	 1.918073073071056e-16
224.73573573573577 	 1.457747753138684e-08 	 1.901044073449448e-16
225.23621621621626 	 1.4545086013354507e-08 	 1.8842036382417481e-16
225.73669669669673 	 1.4512838125691057e-08 	 1.8675492673886337e-16
226.23717717717722 	 1.4480732915181851e-08 	 1.8510784994166682e-16
226.7376576576577 	 1.4448769437028426e-08 	 1.8347889107592e-16
227.23813813813817 	 1.4416946754755789e-08 	 1.8186781150906568e-16
227.73861861861866 	 1.4385263940120977e-08 	 1.8027437626739795e-16
228.23909909909915 	 1.4353720073022796e-08 	 1.7869835397208823e-16
228.7395795795796 	 1.4322314241412751e-08 	 1.771395167764677e-16
229.2400600600601 	 1.429104554120714e-08 	 1.7559764030453706e-16
229.7405405405406 	 1.4259913076200294e-08 	 1.740725035906787e-16
230.24102102102106 	 1.4228915957978971e-08 	 1.7256388902054473e-16
230.74150150150155 	 1.4198053305837828e-08 	 1.7107158227309365e-16
231.24198198198204 	 1.4167324246696021e-08 	 1.695953722637545e-16
231.7424624624625 	 1.4136727915014867e-08 	 1.6813505108869043e-16
232.242942942943 	 1.4106263452716578e-08 	 1.6669041397014051e-16
232.74342342342348 	 1.4075930009104056e-08 	 1.6526125920281646e-16
233.24390390390394 	 1.4045726740781691e-08 	 1.638473881013297e-16
233.74438438438443 	 1.4015652811577196e-08 	 1.6244860494862966e-16
234.2448648648649 	 1.3985707392464455e-08 	 1.6106471694543023e-16
234.74534534534538 	 1.3955889661487332e-08 	 1.5969553416060233e-16
235.24582582582588 	 1.3926198803684458e-08 	 1.583408694825148e-16
235.74630630630634 	 1.3896634011015008e-08 	 1.5700053857130142e-16
236.24678678678683 	 1.386719448228537e-08 	 1.5567435981203444e-16
236.74726726726732 	 1.3837879423076786e-08 	 1.5436215426878773e-16
237.24774774774778 	 1.3808688045673886e-08 	 1.5306374563956778e-16
237.74822822822827 	 1.3779619568994137e-08 	 1.5177896021209673e-16
238.24870870870876 	 1.375067321851817e-08 	 1.5050762682042869e-16
238.74918918918922 	 1.3721848226221002e-08 	 1.492495768023816e-16
239.24966966966971 	 1.3693143830504088e-08 	 1.480046439577682e-16
239.7501501501502 	 1.3664559276128263e-08 	 1.4677266450740932e-16
240.25063063063067 	 1.3636093814147499e-08 	 1.4555347705291358e-16
240.75111111111116 	 1.360774670184349e-08 	 1.4434692253720611e-16
241.25159159159165 	 1.3579517202661058e-08 	 1.4315284420579328e-16
241.7520720720721 	 1.3551404586144356e-08 	 1.4197108756874597e-16
242.2525525525526 	 1.3523408127873858e-08 	 1.408015003633878e-16
242.75303303303306 	 1.349552710940415e-08 	 1.3964393251767398e-16
243.25351351351355 	 1.3467760818202452e-08 	 1.3849823611424503e-16
243.75399399399404 	 1.3440108547587939e-08 	 1.3736426535514436e-16
244.2544744744745 	 1.3412569596671773e-08 	 1.3624187652718292e-16
244.754954954955 	 1.3385143270297888e-08 	 1.3513092796794e-16
245.2554354354355 	 1.3357828878984498e-08 	 1.3403128003238683e-16
245.75591591591595 	 1.333062573886633e-08 	 1.3294279506011977e-16
246.25639639639644 	 1.330353317163752e-08 	 1.318653373431902e-16
246.75687687687693 	 1.3276550504495276e-08 	 1.307987730945218e-16
247.2573573573574 	 1.3249677070084142e-08 	 1.297429704168994e-16
247.75783783783788 	 1.322291220644101e-08 	 1.2869779927252093e-16
248.25831831831837 	 1.3196255256940749e-08 	 1.2766313145310027e-16
248.75879879879884 	 1.3169705570242517e-08 	 1.2663884055050935e-16
249.25927927927933 	 1.31432625002367e-08 	 1.256248019279493e-16
249.75975975975982 	 1.3116925405992507e-08 	 1.2462089269164013e-16
250.26024024024028 	 1.3090693651706186e-08 	 1.2362699166301826e-16
250.76072072072077 	 1.3064566606649855e-08 	 1.2264297935143188e-16
251.26120120120126 	 1.3038543645120947e-08 	 1.2166873792732466e-16
251.76168168168172 	 1.301262414639228e-08 	 1.2070415119589783e-16
252.2621621621622 	 1.2986807494662674e-08 	 1.1974910457124016e-16
252.76264264264267 	 1.29610930790082e-08 	 1.18803485050919e-16
253.26312312312317 	 1.2935480293333985e-08 	 1.178671811910211e-16
253.76360360360366 	 1.29099685363266e-08 	 1.1694008308163518e-16
254.26408408408412 	 1.2884557211406986e-08 	 1.160220823227677e-16
254.7645645645646 	 1.2859245726683967e-08 	 1.1511307200068297e-16
255.2650450450451 	 1.2834033494908277e-08 	 1.142129466646599e-16
255.76552552552556 	 1.2808919933427166e-08 	 1.1332160230415677e-16
256.266006006006 	 1.2783904464139494e-08 	 1.1243893632637552e-16
256.7664864864865 	 1.2758986513451387e-08 	 1.1156484753421985e-16
257.266966966967 	 1.2734165512232382e-08 	 1.1069923610463648e-16
257.76744744744747 	 1.2709440895772118e-08 	 1.0984200356733567e-16
258.26792792792793 	 1.2684812103737477e-08 	 1.0899305278387949e-16
258.76840840840845 	 1.2660278580130283e-08 	 1.0815228792713505e-16
259.2688888888889 	 1.2635839773245454e-08 	 1.0731961446108295e-16
259.7693693693694 	 1.261149513562963e-08 	 1.0649493912097423e-16
260.2698498498499 	 1.2587244124040316e-08 	 1.056781698938306e-16
260.77033033033035 	 1.2563086199405471e-08 	 1.0486921599928045e-16
261.2708108108108 	 1.2539020826783538e-08 	 1.040679878707233e-16
261.77129129129133 	 1.2515047475323998e-08 	 1.0327439713681896e-16
262.2717717717718 	 1.2491165618228312e-08 	 1.0248835660329263e-16
262.77225225225226 	 1.2467374732711334e-08 	 1.0170978023505098e-16
263.2727327327328 	 1.2443674299963167e-08 	 1.0093858313860382e-16
263.77321321321324 	 1.2420063805111464e-08 	 1.0017468154478528e-16
264.2736936936937 	 1.2396542737184118e-08 	 9.941799279176774e-17
264.7741741741742 	 1.2373110589072413e-08 	 9.86684353083643e-17
265.2746546546547 	 1.2349766857494596e-08 	 9.792592859761507e-17
265.77513513513514 	 1.2326511042959809e-08 	 9.719039322064868e-17
266.2756156156156 	 1.2303342649732492e-08 	 9.646175078081801e-17
266.7760960960961 	 1.2280261185797145e-08 	 9.573992390810197e-17
267.2765765765766 	 1.225726616282351e-08 	 9.502483624376993e-17
267.77705705705705 	 1.2234357096132109e-08 	 9.43164124253026e-17
268.27753753753757 	 1.2211533504660215e-08 	 9.36145780715664e-17
268.77801801801803 	 1.2188794910928173e-08 	 9.291925976823519e-17
269.2784984984985 	 1.2166140841006087e-08 	 9.223038505345455e-17
269.778978978979 	 1.2143570824480911e-08 	 9.15478824037456e-17
270.2794594594595 	 1.212108439442389e-08 	 9.087168122014317e-17
270.77993993993994 	 1.2098681087358342e-08 	 9.020171181456287e-17
271.28042042042046 	 1.2076360443227821e-08 	 8.95379053963946e-17
271.7809009009009 	 1.205412200536465e-08 	 8.888019405931854e-17
272.2813813813814 	 1.2031965320458733e-08 	 8.822851076833621e-17
272.7818618618619 	 1.2009889938526787e-08 	 8.75827893470177e-17
273.28234234234236 	 1.198789541288187e-08 	 8.694296446495697e-17
273.7828228228228 	 1.1965981300103247e-08 	 8.630897162543335e-17
274.28330330330334 	 1.1944147160006596e-08 	 8.56807471532753e-17
274.7837837837838 	 1.1922392555614537e-08 	 8.505822818292244e-17
275.28426426426427 	 1.1900717053127469e-08 	 8.444135264668197e-17
275.7847447447448 	 1.1879120221894746e-08 	 8.383005926317718e-17
276.28522522522525 	 1.185760163438616e-08 	 8.322428752598339e-17
276.7857057057057 	 1.1836160866163706e-08 	 8.262397769244776e-17
277.2861861861862 	 1.1814797495853711e-08 	 8.202907077269142e-17
277.7866666666667 	 1.1793511105119198e-08 	 8.14395085187883e-17
278.28714714714715 	 1.17723012786326e-08 	 8.085523341411925e-17
278.78762762762767 	 1.1751167604048729e-08 	 8.02761886628976e-17
279.28810810810813 	 1.173010967197808e-08 	 7.970231817986332e-17
279.7885885885886 	 1.1709127075960368e-08 	 7.9133566580142e-17
280.2890690690691 	 1.1688219412438392e-08 	 7.856987916926737e-17
280.7895495495496 	 1.1667386280732165e-08 	 7.801120193336278e-17
281.29003003003004 	 1.16466272830133e-08 	 7.745748152947933e-17
281.79051051051056 	 1.1625942024279712e-08 	 7.690866527608886e-17
282.290990990991 	 1.1605330112330546e-08 	 7.63647011437274e-17
282.7914714714715 	 1.1584791157741388e-08 	 7.582553774578737e-17
283.291951951952 	 1.156432477383975e-08 	 7.529112432945635e-17
283.79243243243246 	 1.1543930576680806e-08 	 7.476141076679898e-17
284.2929129129129 	 1.1523608185023368e-08 	 7.423634754597929e-17
284.7933933933934 	 1.150335722030614e-08 	 7.371588576262226e-17
285.2938738738739 	 1.1483177306624211e-08 	 7.319997711131104e-17
285.79435435435437 	 1.14630680707058e-08 	 7.268857387721796e-17
286.29483483483483 	 1.1443029141889228e-08 	 7.218162892786645e-17
286.79531531531535 	 1.1423060152100158e-08 	 7.167909570502267e-17
287.2957957957958 	 1.1403160735829047e-08 	 7.118092821671348e-17
287.7962762762763 	 1.1383330530108856e-08 	 7.06870810293691e-17
288.2967567567568 	 1.1363569174492968e-08 	 7.019750926008824e-17
288.79723723723725 	 1.1343876311033366e-08 	 6.971216856902362e-17
289.2977177177177 	 1.1324251584259003e-08 	 6.923101515188557e-17
289.79819819819824 	 1.1304694641154422e-08 	 6.875400573256196e-17
290.2986786786787 	 1.1285205131138593e-08 	 6.828109755585262e-17
290.79915915915916 	 1.1265782706043954e-08 	 6.781224838031525e-17
291.2996396396397 	 1.124642702009568e-08 	 6.734741647122237e-17
291.80012012012014 	 1.1227137729891178e-08 	 6.688656059362675e-17
292.3006006006006 	 1.1207914494379754e-08 	 6.642964000553253e-17
292.8010810810811 	 1.1188756974842526e-08 	 6.597661445117229e-17
293.3015615615616 	 1.1169664834872542e-08 	 6.552744415438651e-17
293.80204204204205 	 1.1150637740355062e-08 	 6.50820898121039e-17
294.30252252252257 	 1.1131675359448082e-08 	 6.464051258792215e-17
294.803003003003 	 1.1112777362563048e-08 	 6.420267410578588e-17
295.3034834834835 	 1.1093943422345752e-08 	 6.376853644376083e-17
295.803963963964 	 1.1075173213657419e-08 	 6.333806212790279e-17
296.30444444444447 	 1.1056466413556027e-08 	 6.291121412621962e-17
296.80492492492493 	 1.1037822701277763e-08 	 6.248795584272417e-17
297.30540540540545 	 1.1019241758218684e-08 	 6.20682511115774e-17
297.8058858858859 	 1.1000723267916594e-08 	 6.165206419132028e-17
298.3063663663664 	 1.0982266916033046e-08 	 6.123935975919146e-17
298.8068468468469 	 1.0963872390335586e-08 	 6.083010290553162e-17
299.30732732732736 	 1.0945539380680126e-08 	 6.042425912827097e-17
299.8078078078078 	 1.092726757899352e-08 	 6.002179432749971e-17
300.30828828828834 	 1.0909056679256302e-08 	 5.96226748001196e-17
300.8087687687688 	 1.0890906377485609e-08 	 5.922686723457557e-17
301.30924924924926 	 1.0872816371718272e-08 	 5.883433870566586e-17
301.8097297297298 	 1.0854786361994042e-08 	 5.8445056669429e-17
302.31021021021024 	 1.083681605033905e-08 	 5.80589889581076e-17
302.8106906906907 	 1.081890514074936e-08 	 5.76761037751862e-17
303.31117117117117 	 1.0801053339174738e-08 	 5.729636969050276e-17
303.8116516516517 	 1.0783260353502535e-08 	 5.691975563543255e-17
304.31213213213215 	 1.0765525893541789e-08 	 5.654623089814349e-17
304.8126126126126 	 1.0747849671007414e-08 	 5.61757651189204e-17
305.31309309309313 	 1.07302313995046e-08 	 5.580832828555932e-17
305.8135735735736 	 1.0712670794513341e-08 	 5.5443890728828686e-17
306.31405405405405 	 1.0695167573373114e-08 	 5.508242311799719e-17
306.8145345345346 	 1.067772145526772e-08 	 5.472389645642752e-17
307.31501501501504 	 1.066033216121026e-08 	 5.4368282077234043e-17
307.8154954954955 	 1.0642999414028265e-08 	 5.40155516390042e-17
308.315975975976 	 1.0625722938348971e-08 	 5.366567712158206e-17
308.8164564564565 	 1.0608502460584739e-08 	 5.331863082191348e-17
309.31693693693694 	 1.0591337708918607e-08 	 5.297438534995127e-17
309.81741741741746 	 1.0574228413289983e-08 	 5.2632913624619936e-17
310.3178978978979 	 1.0557174305380505e-08 	 5.229418886983913e-17
310.8183783783784 	 1.0540175118599983e-08 	 5.195818461060391e-17
311.3188588588589 	 1.0523230588072529e-08 	 5.1624874669122146e-17
311.81933933933936 	 1.05063404506228e-08 	 5.129423316100768e-17
312.3198198198198 	 1.0489504444762357e-08 	 5.0966234491527494e-17
312.82030030030035 	 1.0472722310676183e-08 	 5.0640853351903596e-17
313.3207807807808 	 1.0455993790209317e-08 	 5.031806471566767e-17
313.82126126126127 	 1.043931862685361e-08 	 4.999784383506762e-17
314.3217417417418 	 1.0422696565734628e-08 	 4.968016623752608e-17
314.82222222222225 	 1.0406127353598647e-08 	 4.93650077221489e-17
315.3227027027027 	 1.0389610738799806e-08 	 4.9052344356283714e-17
315.82318318318323 	 1.0373146471287362e-08 	 4.874215247212737e-17
316.3236636636637 	 1.0356734302593068e-08 	 4.8434408663381637e-17
316.82414414414416 	 1.0340373985818689e-08 	 4.8129089781956266e-17
317.3246246246247 	 1.0324065275623592e-08 	 4.7826172934718655e-17
317.82510510510514 	 1.0307807928212516e-08 	 4.752563548028974e-17
318.3255855855856 	 1.0291601701323396e-08 	 4.722745502588479e-17
318.8260660660661 	 1.0275446354215342e-08 	 4.6931609424198986e-17
319.3265465465466 	 1.0259341647656725e-08 	 4.663807677033678e-17
319.82702702702704 	 1.024328734391335e-08 	 4.6346835398784213e-17
320.32750750750756 	 1.0227283206736768e-08 	 4.6057863880423846e-17
320.827987987988 	 1.0211329001352704e-08 	 4.5771141019591806e-17
321.3284684684685 	 1.0195424494449535e-08 	 4.5486645851175137e-17
321.82894894894895 	 1.0179569454166959e-08 	 4.5204357637750735e-17
322.32942942942947 	 1.0163763650084707e-08 	 4.4924255866763406e-17
322.82990990990993 	 1.014800685321138e-08 	 4.4646320247743553e-17
323.3303903903904 	 1.0132298835973404e-08 	 4.437053070956338e-17
323.8308708708709 	 1.0116639372204051e-08 	 4.409686739773129e-17
324.3313513513514 	 1.0101028237132612e-08 	 4.3825310671723765e-17
324.83183183183183 	 1.008546520737362e-08 	 4.355584110235396e-17
325.33231231231235 	 1.00699500609162e-08 	 4.328843946917686e-17
325.8327927927928 	 1.005448257711353e-08 	 4.302308675793039e-17
326.3332732732733 	 1.0039062536672351e-08 	 4.2759764158011164e-17
326.8337537537538 	 1.0023689721642625e-08 	 4.2498453059985494e-17
327.33423423423426 	 1.0008363915407263e-08 	 4.2239135053134495e-17
327.8347147147147 	 9.993084902671943e-09 	 4.1981791923032604e-17
328.33519519519524 	 9.977852469455032e-09 	 4.172640564915927e-17
328.8356756756757 	 9.962666403077607e-09 	 4.147295840254379e-17
329.33615615615616 	 9.947526492153539e-09 	 4.122143254344138e-17
329.8366366366367 	 9.932432526579697e-09 	 4.0971810619041805e-17
330.33711711711715 	 9.917384297526224e-09 	 4.0724075361208647e-17
330.8375975975976 	 9.902381597426907e-09 	 4.0478209684249347e-17
331.3380780780781 	 9.887424219969631e-09 	 4.0234196682715634e-17
331.8385585585586 	 9.872511960086936e-09 	 3.9992019629233905e-17
332.33903903903905 	 9.85764461394662e-09 	 3.975166197236429e-17
332.83951951951957 	 9.842821978942468e-09 	 3.951310733448936e-17
333.34000000000003 	 9.828043853685063e-09 	 3.9276339509731064e-17
333.8404804804805 	 9.81331003799262e-09 	 3.904134246189525e-17
334.340960960961 	 9.798620332881998e-09 	 3.880810032244465e-17
334.8414414414415 	 9.783974540559711e-09 	 3.857659738849839e-17
335.34192192192194 	 9.76937246441306e-09 	 3.834681812085858e-17
335.84240240240246 	 9.754813909001334e-09 	 3.811874714206326e-17
336.3428828828829 	 9.740298680047094e-09 	 3.789236923446555e-17
336.8433633633634 	 9.72582658442752e-09 	 3.7667669338338e-17
337.3438438438439 	 9.711397430165859e-09 	 3.7444632550002604e-17
337.84432432432436 	 9.697011026422932e-09 	 3.7223244119985674e-17
338.3448048048048 	 9.682667183488715e-09 	 3.700348945119678e-17
338.8452852852853 	 9.668365712774006e-09 	 3.678535409713243e-17
339.3457657657658 	 9.654106426802155e-09 	 3.65688237601031e-17
339.84624624624627 	 9.639889139200883e-09 	 3.635388428948405e-17
340.34672672672673 	 9.625713664694149e-09 	 3.614052167998887e-17
340.84720720720725 	 9.6115798190941e-09 	 3.592872206996606e-17
341.3476876876877 	 9.597487419293117e-09 	 3.5718471739718147e-17
341.8481681681682 	 9.583436283255873e-09 	 3.550975710984237e-17
342.3486486486487 	 9.569426230011527e-09 	 3.530256473959385e-17
342.84912912912915 	 9.555457079645928e-09 	 3.5096881325269614e-17
343.3496096096096 	 9.54152865329394e-09 	 3.4892693698614186e-17
343.85009009009013 	 9.52764077313178e-09 	 3.4689988825245755e-17
344.3505705705706 	 9.513793262369475e-09 	 3.448875380310306e-17
344.85105105105106 	 9.49998594524334e-09 	 3.428897586091239e-17
345.3515315315316 	 9.486218647008557e-09 	 3.409064235667462e-17
345.85201201201204 	 9.472491193931798e-09 	 3.389374077617195e-17
346.3524924924925 	 9.458803413283911e-09 	 3.369825873149375e-17
346.852972972973 	 9.445155133332683e-09 	 3.350418395958192e-17
347.3534534534535 	 9.431546183335656e-09 	 3.33115043207948e-17
347.85393393393394 	 9.417976393533004e-09 	 3.31202077974896e-17
348.35441441441446 	 9.404445595140472e-09 	 3.2930282492623273e-17
348.8548948948949 	 9.390953620342394e-09 	 3.2741716628371533e-17
349.3553753753754 	 9.377500302284732e-09 	 3.255449854476512e-17
349.8558558558559 	 9.364085475068212e-09 	 3.236861669834421e-17
350.35633633633637 	 9.350708973741508e-09 	 3.218405966082972e-17
350.85681681681683 	 9.337370634294467e-09 	 3.2000816117811715e-17
351.35729729729735 	 9.324070293651416e-09 	 3.181887486745452e-17
351.8577777777778 	 9.310807789664512e-09 	 3.1638224819218626e-17
352.3582582582583 	 9.297582961107161e-09 	 3.1458854992598667e-17
352.8587387387388 	 9.284395647667468e-09 	 3.128075451587733e-17
353.35921921921926 	 9.271245689941778e-09 	 3.1103912624895695e-17
353.8596996996997 	 9.258132929428241e-09 	 3.0928318661838494e-17
354.36018018018024 	 9.245057208520443e-09 	 3.075396207403521e-17
354.8606606606607 	 9.232018370501104e-09 	 3.0580832412776346e-17
355.36114114114116 	 9.219016259535805e-09 	 3.0408919332144424e-17
355.8616216216217 	 9.206050720666778e-09 	 3.0238212587859976e-17
356.36210210210214 	 9.193121599806765e-09 	 3.0068702036142e-17
356.8625825825826 	 9.180228743732895e-09 	 2.9900377632582813e-17
357.36306306306307 	 9.167372000080647e-09 	 2.973322943103695e-17
357.8635435435436 	 9.154551217337835e-09 	 2.9567247582524165e-17
358.36402402402405 	 9.141766244838675e-09 	 2.940242233414616e-17
358.8645045045045 	 9.129016932757853e-09 	 2.923874402801664e-17
359.364984984985 	 9.116303132104702e-09 	 2.9076203100205216e-17
359.8654654654655 	 9.103624694717388e-09 	 2.8914790079694117e-17
360.36594594594595 	 9.090981473257139e-09 	 2.875449558734792e-17
360.8664264264265 	 9.078373321202567e-09 	 2.859531033489647e-17
361.36690690690693 	 9.06580009284398e-09 	 2.843722512393002e-17
361.8673873873874 	 9.053261643277788e-09 	 2.8280230844907084e-17
362.3678678678679 	 9.040757828400924e-09 	 2.812431847617464e-17
362.8683483483484 	 9.028288504905336e-09 	 2.7969479083000304e-17
363.36882882882884 	 9.015853530272495e-09 	 2.7815703816616516e-17
363.86930930930936 	 9.003452762767982e-09 	 2.7662983913276712e-17
364.3697897897898 	 8.991086061436096e-09 	 2.751131069332294e-17
364.8702702702703 	 8.978753286094505e-09 	 2.7360675560264907e-17
365.3707507507508 	 8.966454297328961e-09 	 2.721106999987065e-17
365.87123123123126 	 8.954188956488056e-09 	 2.70624855792682e-17
366.3717117117117 	 8.941957125677977e-09 	 2.6914913946058105e-17
366.87219219219224 	 8.929758667757375e-09 	 2.6768346827437148e-17
367.3726726726727 	 8.917593446332221e-09 	 2.662277602933258e-17
367.87315315315317 	 8.905461325750724e-09 	 2.647819343554698e-17
368.3736336336337 	 8.89336217109829e-09 	 2.6334591006913538e-17
368.87411411411415 	 8.881295848192529e-09 	 2.619196078046176e-17
369.3745945945946 	 8.869262223578276e-09 	 2.6050294868592988e-17
369.87507507507513 	 8.857261164522693e-09 	 2.590958545826644e-17
370.3755555555556 	 8.845292539010375e-09 	 2.576982481019468e-17
370.87603603603606 	 8.833356215738509e-09 	 2.563100525804901e-17
371.3765165165166 	 8.82145206411208e-09 	 2.54931192076746e-17
371.87699699699704 	 8.809579954239099e-09 	 2.5356159136314894e-17
372.3774774774775 	 8.79773975692589e-09 	 2.5220117591845522e-17
372.877957957958 	 8.78593134367239e-09 	 2.508498719201733e-17
373.3784384384385 	 8.774154586667512e-09 	 2.495076062370873e-17
373.87891891891894 	 8.762409358784532e-09 	 2.4817430642186804e-17
374.37939939939946 	 8.750695533576504e-09 	 2.4684990070377335e-17
374.8798798798799 	 8.739012985271734e-09 	 2.4553431798143788e-17
375.3803603603604 	 8.727361588769278e-09 	 2.4422748781574678e-17
375.88084084084085 	 8.715741219634467e-09 	 2.429293404227947e-17
376.38132132132137 	 8.704151754094482e-09 	 2.4163980666693144e-17
376.8818018018018 	 8.692593069033974e-09 	 2.4035881805388856e-17
377.3822822822823 	 8.681065041990678e-09 	 2.3908630672398723e-17
377.8827627627628 	 8.669567551151104e-09 	 2.3782220544542806e-17
378.38324324324327 	 8.658100475346247e-09 	 2.3656644760766103e-17
378.88372372372373 	 8.646663694047322e-09 	 2.35318967214833e-17
379.38420420420425 	 8.635257087361556e-09 	 2.3407969887931335e-17
379.8846846846847 	 8.623880536027979e-09 	 2.3284857781529663e-17
380.3851651651652 	 8.61253392141328e-09 	 2.3162553983247976e-17
380.8856456456457 	 8.601217125507684e-09 	 2.304105213298147e-17
381.38612612612616 	 8.589930030920852e-09 	 2.2920345928933458e-17
381.8866066066066 	 8.578672520877832e-09 	 2.2800429127005278e-17
382.38708708708714 	 8.567444479215022e-09 	 2.2681295540193278e-17
382.8875675675676 	 8.556245790376188e-09 	 2.2562939037993054e-17
383.38804804804806 	 8.545076339408485e-09 	 2.2445353545810428e-17
383.8885285285286 	 8.533936011958529e-09 	 2.2328533044379515e-17
384.38900900900904 	 8.522824694268499e-09 	 2.2212471569187648e-17
384.8894894894895 	 8.51174227317226e-09 	 2.2097163209906714e-17
385.38996996997 	 8.500688636091526e-09 	 2.1982602109831515e-17
385.8904504504505 	 8.489663671032038e-09 	 2.186878246532434e-17
386.39093093093095 	 8.478667266579796e-09 	 2.1755698525266254e-17
386.89141141141147 	 8.467699311897286e-09 	 2.1643344590514498e-17
387.39189189189193 	 8.456759696719783e-09 	 2.1531715013366553e-17
387.8923723723724 	 8.445848311351629e-09 	 2.1420804197029974e-17
388.3928528528529 	 8.434965046662585e-09 	 2.1310606595098725e-17
388.8933333333334 	 8.424109794084183e-09 	 2.1201116711035415e-17
389.39381381381384 	 8.413282445606123e-09 	 2.1092329097659464e-17
389.89429429429435 	 8.402482893772678e-09 	 2.0984238356641238e-17
390.3947747747748 	 8.391711031679158e-09 	 2.0876839138002126e-17
390.8952552552553 	 8.380966752968368e-09 	 2.0770126139620078e-17
391.3957357357358 	 8.370249951827109e-09 	 2.0664094106741072e-17
391.89621621621626 	 8.35956052298271e-09 	 2.0558737831496073e-17
392.3966966966967 	 8.34889836169958e-09 	 2.0454052152423644e-17
392.89717717717724 	 8.33826336377578e-09 	 2.0350031953997743e-17
393.3976576576577 	 8.327655425539638e-09 	 2.0246672166161316e-17
393.89813813813817 	 8.317074443846376e-09 	 2.0143967763864848e-17
394.3986186186186 	 8.306520316074765e-09 	 2.00419137666104e-17
394.89909909909915 	 8.29599294012381e-09 	 1.9940505238000702e-17
395.3995795795796 	 8.285492214409456e-09 	 1.983973728529353e-17
395.90006006006007 	 8.275018037861323e-09 	 1.9739605058960963e-17
396.4005405405406 	 8.264570309919464e-09 	 1.964010375225378e-17
396.90102102102105 	 8.25414893053114e-09 	 1.9541228600770668e-17
397.4015015015015 	 8.243753800147634e-09 	 1.9442974882032454e-17
397.90198198198203 	 8.233384819721071e-09 	 1.934533791506096e-17
398.4024624624625 	 8.223041890701294e-09 	 1.924831305996288e-17
398.90294294294296 	 8.21272491503271e-09 	 1.915189571751797e-17
399.4034234234235 	 8.202433795151215e-09 	 1.9056081328772222e-17
399.90390390390394 	 8.192168433981114e-09 	 1.8960865374635476e-17
400.4043843843844 	 8.181928734932066e-09 	 1.8866243375483503e-17
400.9048648648649 	 8.171714601896047e-09 	 1.877221089076457e-17
401.4053453453454 	 8.161525939244365e-09 	 1.8678763518610564e-17
401.90582582582584 	 8.151362651824648e-09 	 1.858589689545219e-17
402.40630630630636 	 8.1412246449579e-09 	 1.8493606695638665e-17
402.9067867867868 	 8.13111182443556e-09 	 1.8401888631061678e-17
403.4072672672673 	 8.121024096516572e-09 	 1.8310738450783396e-17
403.9077477477478 	 8.110961367924505e-09 	 1.8220151940668702e-17
404.40822822822827 	 8.100923545844669e-09 	 1.8130124923021554e-17
404.90870870870873 	 8.090910537921254e-09 	 1.804065325622523e-17
405.40918918918925 	 8.080922252254513e-09 	 1.7951732834386783e-17
405.9096696696697 	 8.07095859739794e-09 	 1.7863359586985258e-17
406.4101501501502 	 8.061019482355486e-09 	 1.777552947852384e-17
406.9106306306307 	 8.051104816578778e-09 	 1.7688238508185913e-17
407.41111111111115 	 8.041214509964384e-09 	 1.7601482709494872e-17
407.9115915915916 	 8.03134847285107e-09 	 1.7515258149977604e-17
408.41207207207214 	 8.021506616017099e-09 	 1.742956093083184e-17
408.9125525525526 	 8.011688850677539e-09 	 1.734438718659703e-17
409.41303303303306 	 8.00189508848159e-09 	 1.7259733084828865e-17
409.9135135135136 	 7.992125241509941e-09 	 1.7175594825777413e-17
410.41399399399404 	 7.982379222272136e-09 	 1.7091968642068754e-17
410.9144744744745 	 7.97265694370395e-09 	 1.700885079839001e-17
411.414954954955 	 7.96295831916482e-09 	 1.6926237591178008e-17
411.9154354354355 	 7.953283262435255e-09 	 1.6844125348311188e-17
412.41591591591595 	 7.943631687714282e-09 	 1.6762510428804914e-17
412.9163963963964 	 7.934003509616916e-09 	 1.668138922251007e-17
413.4168768768769 	 7.924398643171636e-09 	 1.660075814981503e-17
413.9173573573574 	 7.914817003817891e-09 	 1.652061366135079e-17
414.41783783783785 	 7.905258507403612e-09 	 1.6440952237699253e-17
414.91831831831837 	 7.895723070182756e-09 	 1.6361770389104804e-17
415.41879879879883 	 7.886210608812851e-09 	 1.6283064655188938e-17
415.9192792792793 	 7.876721040352577e-09 	 1.6204831604667884e-17
416.4197597597598 	 7.867254282259347e-09 	 1.6127067835073465e-17
416.9202402402403 	 7.857810252386924e-09 	 1.604976997247683e-17
417.42072072072074 	 7.848388868983032e-09 	 1.5972934671215192e-17
417.92120120120126 	 7.838990050687004e-09 	 1.589655861362151e-17
418.4216816816817 	 7.829613716527453e-09 	 1.5820638509757147e-17
418.9221621621622 	 7.820259785919915e-09 	 1.5745171097147218e-17
419.4226426426427 	 7.810928178664572e-09 	 1.5670153140518975e-17
419.92312312312316 	 7.801618814943941e-09 	 1.5595581431542906e-17
420.4236036036036 	 7.792331615320605e-09 	 1.5521452788576518e-17
420.92408408408414 	 7.783066500734956e-09 	 1.5447764056411056e-17
421.4245645645646 	 7.773823392502942e-09 	 1.5374512106020725e-17
421.92504504504507 	 7.764602212313852e-09 	 1.530169383431472e-17
422.4255255255256 	 7.755402882228094e-09 	 1.5229306163891797e-17
422.92600600600605 	 7.746225324675007e-09 	 1.5157346042797572e-17
423.4264864864865 	 7.737069462450676e-09 	 1.5085810444284254e-17
423.92696696696703 	 7.727935218715763e-09 	 1.501469636657302e-17
424.4274474474475 	 7.718822516993371e-09 	 1.4944000832618936e-17
424.92792792792795 	 7.709731281166897e-09 	 1.4873720889878246e-17
425.4284084084085 	 7.700661435477912e-09 	 1.480385361007821e-17
425.92888888888893 	 7.691612904524073e-09 	 1.4734396088989408e-17
426.4293693693694 	 7.682585613257014e-09 	 1.4665345446200306e-17
426.9298498498499 	 7.67357948698028e-09 	 1.4596698824894324e-17
427.4303303303304 	 7.664594451347266e-09 	 1.452845339162921e-17
427.93081081081084 	 7.655630432359172e-09 	 1.44606063361187e-17
428.43129129129136 	 7.646687356362972e-09 	 1.4393154871016512e-17
428.9317717717718 	 7.637765150049393e-09 	 1.4326096231702606e-17
429.4322522522523 	 7.628863740450917e-09 	 1.4259427676071616e-17
429.9327327327328 	 7.619983054939784e-09 	 1.41931464843236e-17
430.43321321321326 	 7.61112302122603e-09 	 1.4127249958756888e-17
430.9336936936937 	 7.602283567355506e-09 	 1.40617354235631e-17
431.4341741741742 	 7.593464621707952e-09 	 1.3996600224624385e-17
431.9346546546547 	 7.584666112995048e-09 	 1.3931841729312648e-17
432.43513513513517 	 7.5758879702585e-09 	 1.3867457326290978e-17
432.93561561561563 	 7.56713012286812e-09 	 1.380344442531703e-17
433.43609609609615 	 7.558392500519952e-09 	 1.3739800457048538e-17
433.9365765765766 	 7.549675033234379e-09 	 1.367652287285082e-17
434.4370570570571 	 7.54097765135425e-09 	 1.3613609144606237e-17
434.9375375375376 	 7.532300285543034e-09 	 1.3551056764525636e-17
435.43801801801806 	 7.523642866782976e-09 	 1.3488863244961791e-17
435.9384984984985 	 7.515005326373262e-09 	 1.3427026118224713e-17
436.43897897897904 	 7.506387595928204e-09 	 1.3365542936398851e-17
436.9394594594595 	 7.497789607375443e-09 	 1.3304411271162286e-17
437.43993993993996 	 7.489211292954138e-09 	 1.3243628713607559e-17
437.9404204204205 	 7.48065258521321e-09 	 1.3183192874064635e-17
438.44090090090094 	 7.472113417009555e-09 	 1.3123101381925431e-17
438.9413813813814 	 7.463593721506295e-09 	 1.3063351885470257e-17
439.4418618618619 	 7.455093432171037e-09 	 1.3003942051696017e-17
439.9423423423424 	 7.446612482774135e-09 	 1.2944869566146181e-17
440.44282282282285 	 7.438150807386976e-09 	 1.288613213274246e-17
440.94330330330337 	 7.4297083403802665e-09 	 1.2827727473618189e-17
441.44378378378383 	 7.421285016422341e-09 	 1.2769653328953485e-17
441.9442642642643 	 7.4128807704774715e-09 	 1.2711907456811987e-17
442.4447447447448 	 7.404495537804194e-09 	 1.2654487632979274e-17
442.9452252252253 	 7.396129253953654e-09 	 1.259739165080303e-17
443.44570570570573 	 7.387781854767944e-09 	 1.2540617321034666e-17
443.94618618618625 	 7.37945327637847e-09 	 1.2484162471672633e-17
444.4466666666667 	 7.371143455204325e-09 	 1.2428024947807379e-17
444.9471471471472 	 7.3628523279506624e-09 	 1.2372202611467715e-17
445.4476276276277 	 7.354579831607096e-09 	 1.2316693341468885e-17
445.94810810810816 	 7.346325903446104e-09 	 1.2261495033262095e-17
446.4485885885886 	 7.3380904810214385e-09 	 1.2206605598785559e-17
446.94906906906914 	 7.3298735021665534e-09 	 1.2152022966317056e-17
447.4495495495496 	 7.3216749049930424e-09 	 1.2097745080327965e-17
447.95003003003006 	 7.313494627889084e-09 	 1.2043769901338778e-17
448.4505105105105 	 7.305332609517892e-09 	 1.1990095405776046e-17
448.95099099099104 	 7.297188788816191e-09 	 1.1936719585830747e-17
449.4514714714715 	 7.289063104992693e-09 	 1.1883640449318107e-17
449.95195195195197 	 7.280955497526577e-09 	 1.1830856019538802e-17
450.4524324324325 	 7.272865906165992e-09 	 1.1778364335141505e-17
450.95291291291295 	 7.264794270926571e-09 	 1.1726163449986918e-17
451.4533933933934 	 7.256740532089931e-09 	 1.1674251433013022e-17
451.95387387387393 	 7.2487046302022164e-09 	 1.1622626368101723e-17
452.4543543543544 	 7.240686506072632e-09 	 1.1571286353946914e-17
452.95483483483486 	 7.2326861007719805e-09 	 1.152022950392365e-17
453.4553153153154 	 7.224703355631235e-09 	 1.1469453945958817e-17
453.95579579579584 	 7.21673821224009e-09 	 1.1418957822402966e-17
454.4562762762763 	 7.208790612445543e-09 	 1.136873928990345e-17
454.9567567567568 	 7.200860498350481e-09 	 1.1318796519278806e-17
455.4572372372373 	 7.192947812312275e-09 	 1.1269127695394422e-17
455.95771771771774 	 7.185052496941375e-09 	 1.1219731017039329e-17
456.45819819819826 	 7.177174495099933e-09 	 1.1170604696804316e-17
456.9586786786787 	 7.1693137499004185e-09 	 1.1121746960961189e-17
457.4591591591592 	 7.161470204704252e-09 	 1.107315604934323e-17
457.9596396396397 	 7.15364380312044e-09 	 1.10248302152268e-17
458.46012012012017 	 7.145834489004234e-09 	 1.0976767725214181e-17
458.9606006006006 	 7.138042206455774e-09 	 1.0928966859117453e-17
459.46108108108115 	 7.1302668998187654e-09 	 1.0881425909843616e-17
459.9615615615616 	 7.1225085136791495e-09 	 1.083414318328076e-17
460.46204204204207 	 7.114766992863788e-09 	 1.0787116998185407e-17
460.9625225225226 	 7.107042282439154e-09 	 1.0740345686070865e-17
461.46300300300305 	 7.0993343277100355e-09 	 1.0693827591096804e-17
461.9634834834835 	 7.0916430742182406e-09 	 1.0647561069959739e-17
462.46396396396403 	 7.083968467741318e-09 	 1.0601544491784737e-17
462.9644444444445 	 7.076310454291284e-09 	 1.0555776238018084e-17
463.46492492492496 	 7.068668980113348e-09 	 1.0510254702320988e-17
463.9654054054055 	 7.061043991684666e-09 	 1.046497829046438e-17
464.46588588588594 	 7.053435435713086e-09 	 1.0419945420224673e-17
464.9663663663664 	 7.045843259135906e-09 	 1.0375154521280549e-17
465.4668468468469 	 7.038267409118637e-09 	 1.0330604035110739e-17
465.9673273273274 	 7.030707833053787e-09 	 1.0286292414892817e-17
466.46780780780784 	 7.023164478559635e-09 	 1.0242218125402919e-17
466.9682882882883 	 7.015637293479022e-09 	 1.0198379642916472e-17
467.4687687687688 	 7.008126225878152e-09 	 1.0154775455109844e-17
467.9692492492493 	 7.000631224045399e-09 	 1.0111404060963002e-17
468.46972972972975 	 6.993152236490114e-09 	 1.006826397066298e-17
468.97021021021027 	 6.985689211941447e-09 	 1.002535370550843e-17
469.47069069069073 	 6.978242099347185e-09 	 9.98267179781497e-18
469.9711711711712 	 6.970810847872574e-09 	 9.940216790821479e-18
470.4716516516517 	 6.963395406899172e-09 	 9.897987238597293e-18
470.9721321321322 	 6.955995726023696e-09 	 9.85598170595027e-18
471.47261261261264 	 6.9486117550568795e-09 	 9.814198768335753e-18
471.97309309309315 	 6.94124344402234e-09 	 9.772637011766377e-18
472.4735735735736 	 6.933890743155453e-09 	 9.731295032722768e-18
472.9740540540541 	 6.9265536029022225e-09 	 9.690171438065039e-18
473.4745345345346 	 6.919231973918179e-09 	 9.64926484494517e-18
473.97501501501506 	 6.911925807067268e-09 	 9.608573880720222e-18
474.4754954954955 	 6.904635053420752e-09 	 9.568097182866343e-18
474.97597597597604 	 6.897359664256115e-09 	 9.527833398893589e-18
475.4764564564565 	 6.890099591055983e-09 	 9.487781186261607e-18
475.97693693693697 	 6.882854785507038e-09 	 9.447939212296017e-18
476.4774174174175 	 6.875625199498956e-09 	 9.408306154105692e-18
476.97789789789795 	 6.868410785123334e-09 	 9.368880698500733e-18
477.4783783783784 	 6.861211494672633e-09 	 9.329661541911251e-18
477.9788588588589 	 6.854027280639129e-09 	 9.290647390306922e-18
478.4793393393394 	 6.846858095713867e-09 	 9.251836959117275e-18
478.97981981981985 	 6.839703892785624e-09 	 9.213228973152761e-18
479.48030030030037 	 6.832564624939872e-09 	 9.174822166526502e-18
479.98078078078083 	 6.825440245457757e-09 	 9.136615282576851e-18
480.4812612612613 	 6.8183307078150814e-09 	 9.098607073790625e-18
480.9817417417418 	 6.8112359656812844e-09 	 9.060796301727057e-18
481.4822222222223 	 6.804155972918442e-09 	 9.02318173694249e-18
481.98270270270274 	 6.797090683580267e-09 	 8.985762158915752e-18
482.48318318318326 	 6.7900400519111084e-09 	 8.948536355974202e-18
482.9836636636637 	 6.783004032344972e-09 	 8.91150312522053e-18
483.4841441441442 	 6.775982579504531e-09 	 8.874661272460172e-18
483.9846246246247 	 6.768975648200157e-09 	 8.83800961212944e-18
484.48510510510516 	 6.761983193428948e-09 	 8.80154696722429e-18
484.9855855855856 	 6.7550051703737645e-09 	 8.765272169229805e-18
485.4860660660661 	 6.748041534402271e-09 	 8.729184058050232e-18
485.9865465465466 	 6.7410922410659856e-09 	 8.693281481939776e-18
486.48702702702707 	 6.734157246099338e-09 	 8.657563297433983e-18
486.98750750750753 	 6.727236505418723e-09 	 8.622028369281725e-18
487.48798798798805 	 6.720329975121568e-09 	 8.586675570377871e-18
487.9884684684685 	 6.713437611485409e-09 	 8.551503781696553e-18
488.488948948949 	 6.706559370966969e-09 	 8.51651189222506e-18
488.9894294294295 	 6.699695210201224e-09 	 8.481698798898263e-18
489.48990990990995 	 6.692845086000521e-09 	 8.447063406533805e-18
489.9903903903904 	 6.686008955353645e-09 	 8.41260462776771e-18
490.49087087087094 	 6.679186775424931e-09 	 8.378321382990675e-18
490.9913513513514 	 6.672378503553373e-09 	 8.344212600284975e-18
491.49183183183186 	 6.665584097251727e-09 	 8.310277215361844e-18
491.9923123123124 	 6.658803514205628e-09 	 8.2765141714995e-18
492.49279279279284 	 6.652036712272718e-09 	 8.24292241948175e-18
492.9932732732733 	 6.645283649481765e-09 	 8.209500917537097e-18
493.4937537537538 	 6.638544284031799e-09 	 8.176248631278428e-18
493.9942342342343 	 6.631818574291253e-09 	 8.143164533643287e-18
494.49471471471475 	 6.6251064787970975e-09 	 8.110247604834622e-18
494.99519519519527 	 6.618407956253993e-09 	 8.077496832262113e-18
495.4956756756757 	 6.611722965533449e-09 	 8.044911210484066e-18
495.9961561561562 	 6.60505146567297e-09 	 8.012489741149738e-18
496.4966366366367 	 6.598393415875227e-09 	 7.980231432942271e-18
496.99711711711717 	 6.591748775507226e-09 	 7.94813530152211e-18
497.49759759759763 	 6.585117504099478e-09 	 7.916200369470935e-18
497.99807807807815 	 6.578499561345177e-09 	 7.884425666236082e-18
498.4985585585586 	 6.571894907099391e-09 	 7.852810228075524e-18
498.9990390390391 	 6.565303501378236e-09 	 7.821353098003241e-18
499.4995195195196 	 6.558725304358086e-09 	 7.790053325735218e-18
500.0 	 6.552160276374758e-09 	 7.758909967635817e-18
