3.5233633633633636 	 1.9668543036570453e-06 	 8.55478568101636e-10
4.023843843843844 	 2.0349135457048797e-06 	 4.818970848661049e-10
4.524324324324325 	 2.1174507741813925e-06 	 2.861604932307919e-10
5.0248048048048055 	 2.2173205064712713e-06 	 1.7641183295694215e-10
5.525285285285285 	 2.338432334528982e-06 	 1.1149941344301982e-10
6.025765765765766 	 2.4861836556461287e-06 	 7.142981296037709e-11
6.526246246246247 	 2.6683262091446826e-06 	 4.582209115563736e-11
7.026726726726727 	 2.8963099403976766e-06 	 2.8997330363131827e-11
7.527207207207208 	 3.1878618546581805e-06 	 1.771576050336559e-11
8.027687687687688 	 3.572070270171175e-06 	 1.007950065578795e-11
8.528168168168168 	 4.100374471528271e-06 	 4.988769702279519e-12
9.02864864864865 	 4.873262305816834e-06 	 1.9019868684689287e-12
9.52912912912913 	 6.115326697937547e-06 	 8.658303756576757e-13
10.029609609609611 	 8.43443792504812e-06 	 3.1332137801044567e-12
10.530090090090091 	 1.4015570312925338e-05 	 1.4469290513734336e-11
11.030570570570571 	 3.5085274597768535e-05 	 6.97119002098862e-11
11.531051051051053 	 0.0001576268915941902 	 4.200096617547965e-10
12.031531531531533 	 7.794576977223455e-05 	 1.83606295382153e-10
12.532012012012013 	 4.365993883629632e-05 	 6.999666282410845e-11
13.032492492492494 	 3.545149912595696e-05 	 5.4730120181118297e-11
13.532972972972974 	 2.7269727592238963e-05 	 3.337410131543082e-11
14.033453453453454 	 2.6777562714621462e-05 	 2.427811276367639e-11
14.533933933933936 	 2.672680284469965e-05 	 2.478839915957618e-11
15.034414414414416 	 2.4698743233039498e-05 	 2.281222386263999e-11
15.534894894894897 	 2.112127821313061e-05 	 2.119124580610385e-11
16.035375375375377 	 1.725919827950879e-05 	 1.807874654703263e-11
16.535855855855857 	 1.3943996820461962e-05 	 1.6092586529323507e-11
17.036336336336337 	 9.67373583914148e-06 	 1.3323272759002633e-11
17.53681681681682 	 7.027550651421293e-06 	 1.0528779008007145e-11
18.0372972972973 	 5.9115399645071286e-06 	 8.489391823963651e-12
18.53777777777778 	 5.363329460490246e-06 	 7.148290215324631e-12
19.03825825825826 	 4.664770167594044e-06 	 6.126222306374917e-12
19.53873873873874 	 4.03796479540464e-06 	 5.1897172436665505e-12
20.039219219219223 	 3.838552158308469e-06 	 4.396755639992895e-12
20.539699699699703 	 4.020011900804992e-06 	 3.813241518855722e-12
21.040180180180183 	 4.269554179758503e-06 	 3.430040417989486e-12
21.540660660660663 	 4.223151635278217e-06 	 3.1538991376910747e-12
22.041141141141143 	 3.854787409759446e-06 	 2.878998179527304e-12
22.541621621621623 	 3.426169412597002e-06 	 2.5822083498604363e-12
23.042102102102106 	 3.127411713937729e-06 	 2.290679563330543e-12
23.542582582582586 	 3.011958002855439e-06 	 2.027379835367269e-12
24.043063063063066 	 3.0784675552900063e-06 	 1.8024404113035361e-12
24.543543543543546 	 3.315931645514085e-06 	 1.6204300286179087e-12
25.044024024024026 	 3.7026372957960172e-06 	 1.4860362530515917e-12
25.54450450450451 	 4.16723215492331e-06 	 1.404849369515319e-12
26.04498498498499 	 4.521490316594142e-06 	 1.3751483634692823e-12
26.54546546546547 	 4.47237701100153e-06 	 1.3693731986525962e-12
27.04594594594595 	 3.9060526031598104e-06 	 1.3346678862641548e-12
27.54642642642643 	 3.1438831951734417e-06 	 1.2432964474135798e-12
28.04690690690691 	 2.626386714874247e-06 	 1.1203101506883726e-12
28.547387387387392 	 2.530773395005592e-06 	 1.0090402786966985e-12
29.047867867867872 	 2.7043525057758194e-06 	 9.395399765601336e-13
29.548348348348352 	 2.74750532055245e-06 	 9.075571014341038e-13
30.04882882882883 	 2.4320083319423364e-06 	 8.765391739298844e-13
30.54930930930931 	 1.945611696133792e-06 	 8.25232917465375e-13
31.049789789789795 	 1.52393983719365e-06 	 7.608502599335044e-13
31.550270270270275 	 1.2474987007978613e-06 	 6.955150112122688e-13
32.05075075075076 	 1.104438815848556e-06 	 6.362188330175103e-13
32.55123123123124 	 1.0520603018563735e-06 	 5.855835648106147e-13
33.05171171171172 	 1.0408187940603401e-06 	 5.434605830311493e-13
33.5521921921922 	 1.0300668605211764e-06 	 5.080025231650244e-13
34.05267267267268 	 9.999320820415534e-07 	 4.768769157511128e-13
34.55315315315316 	 9.507242844579477e-07 	 4.4833315995630393e-13
35.053633633633645 	 8.925036980416631e-07 	 4.215296175258341e-13
35.55411411411412 	 8.353611330935643e-07 	 3.9626687121946845e-13
36.054594594594604 	 7.85307943111466e-07 	 3.7261649867415164e-13
36.55507507507508 	 7.439702339430086e-07 	 3.50677653134415e-13
37.055555555555564 	 7.098110681945651e-07 	 3.304722786786099e-13
37.55603603603605 	 6.797380494636966e-07 	 3.1191970185373455e-13
38.056516516516524 	 6.505660193032816e-07 	 2.9485729464188884e-13
38.55699699699701 	 6.200791018679911e-07 	 2.7908484687421076e-13
39.057477477477484 	 5.874084742019763e-07 	 2.6440936718808895e-13
39.55795795795797 	 5.52836848292806e-07 	 2.506733313718627e-13
40.05843843843845 	 5.172758976713425e-07 	 2.3776330625633545e-13
40.55891891891893 	 4.818040118002148e-07 	 2.2560161194046234e-13
41.05939939939941 	 4.473518848801572e-07 	 2.1413525348851937e-13
41.55987987987989 	 4.145858485248315e-07 	 2.0332471897607944e-13
42.06036036036037 	 3.839034557981655e-07 	 1.9313671018293714e-13
42.56084084084085 	 3.554867465806332e-07 	 1.8354011733887293e-13
43.06132132132133 	 3.2936504431065713e-07 	 1.745040837695999e-13
43.56180180180181 	 3.054669448685933e-07 	 1.6599803392216378e-13
44.06228228228229 	 2.836657383980868e-07 	 1.5799120893157927e-13
44.56276276276277 	 2.638052163597991e-07 	 1.5045359367499893e-13
45.06324324324325 	 2.457172802618204e-07 	 1.433562693482098e-13
45.56372372372373 	 2.2923854408235322e-07 	 1.3667109134490372e-13
46.064204204204216 	 2.1421377264977351e-07 	 1.3037142396581844e-13
46.56468468468469 	 2.0049722802352362e-07 	 1.2443209523257602e-13
47.065165165165176 	 1.879557516850719e-07 	 1.1882961478228243e-13
47.56564564564565 	 1.7647093434960442e-07 	 1.1354188352116234e-13
48.066126126126136 	 1.6593709884891143e-07 	 1.0854798555739115e-13
48.56660660660662 	 1.5625764281647956e-07 	 1.0382900728097525e-13
49.067087087087096 	 1.4734817709182537e-07 	 9.936692810188557e-14
49.56756756756758 	 1.3913246702609558e-07 	 9.514523077405809e-14
50.068048048048055 	 1.3154478238839558e-07 	 9.114843224002931e-14
50.56852852852854 	 1.2452529914545166e-07 	 8.736221887911776e-14
51.06900900900902 	 1.1802010696053364e-07 	 8.377333990529786e-14
51.5694894894895 	 1.1198166958720324e-07 	 8.036960207794498e-14
52.06996996996998 	 1.0636946318598937e-07 	 7.713938884168025e-14
52.57045045045046 	 1.0114422703263942e-07 	 7.407210511269036e-14
53.07093093093094 	 9.627326388775091e-08 	 7.115790888569663e-14
53.571411411411425 	 9.172551612410229e-08 	 6.838767134730734e-14
54.0718918918919 	 8.747427916514408e-08 	 6.575274516059657e-14
54.572372372372385 	 8.349561460406889e-08 	 6.324515806437153e-14
55.07285285285286 	 7.97659773721795e-08 	 6.085768240328644e-14
55.573333333333345 	 7.626729971411726e-08 	 5.858317089939821e-14
56.07381381381382 	 7.297986733003144e-08 	 5.641534485454897e-14
56.574294294294305 	 6.988920323965719e-08 	 5.434807171599467e-14
57.07477477477479 	 6.697908064671595e-08 	 5.237582366433725e-14
57.575255255255264 	 6.423678585035944e-08 	 5.049326406839956e-14
58.07573573573575 	 6.164970430329333e-08 	 4.869554987934228e-14
58.576216216216224 	 5.9206596284180724e-08 	 4.697809817200502e-14
59.07669669669671 	 5.6897694099290075e-08 	 4.5336504769992984e-14
59.57717717717719 	 5.4713508994133855e-08 	 4.37667738857314e-14
60.07765765765767 	 5.264519156484845e-08 	 4.226519015792101e-14
60.57813813813815 	 5.068540177537768e-08 	 4.0828090609006454e-14
61.07861861861863 	 4.8826778315856104e-08 	 3.945216506914091e-14
61.57909909909911 	 4.706258082214429e-08 	 3.8134324026504157e-14
62.079579579579594 	 4.538682497559429e-08 	 3.6871579505531115e-14
62.58006006006007 	 4.379368123265022e-08 	 3.56612181918007e-14
63.080540540540554 	 4.2278296447178695e-08 	 3.45005504625867e-14
63.58102102102103 	 4.0835716863262944e-08 	 3.338715850722735e-14
64.0815015015015 	 3.946128214867036e-08 	 3.231876743412355e-14
64.58198198198198 	 3.8151324534490964e-08 	 3.129311335050904e-14
65.08246246246247 	 3.690173335513771e-08 	 3.030818570115421e-14
65.58294294294295 	 3.5708907066306996e-08 	 2.936208252039415e-14
66.08342342342343 	 3.456993924561599e-08 	 2.84528569194933e-14
66.5839039039039 	 3.348137814258207e-08 	 2.7578879161130886e-14
67.08438438438439 	 3.244059009069261e-08 	 2.6738464133870927e-14
67.58486486486487 	 3.144484159300715e-08 	 2.5930063444145216e-14
68.08534534534535 	 3.049178078540413e-08 	 2.5152209065984316e-14
68.58582582582584 	 2.957882993748882e-08 	 2.440355780195825e-14
69.08630630630631 	 2.870416637209059e-08 	 2.3682727798307752e-14
69.58678678678679 	 2.7865483323187724e-08 	 2.2988535378455212e-14
70.08726726726728 	 2.7061091039492057e-08 	 2.2319762882351763e-14
70.58774774774776 	 2.628902133402977e-08 	 2.1675321271824027e-14
71.08822822822823 	 2.554783566319407e-08 	 2.105411841027258e-14
71.58870870870871 	 2.483584977854556e-08 	 2.0455156530028085e-14
72.0891891891892 	 2.4151626492015677e-08 	 1.987748371721686e-14
72.58966966966968 	 2.3493763434385818e-08 	 1.9320210210409774e-14
73.09015015015015 	 2.2861026098607142e-08 	 1.8782439161001332e-14
73.59063063063064 	 2.2252217868849164e-08 	 1.826336291377915e-14
74.09111111111112 	 2.1666173475592925e-08 	 1.776220081375283e-14
74.5915915915916 	 2.1101718241433936e-08 	 1.72782280766072e-14
75.09207207207209 	 2.055781168349979e-08 	 1.6810742719503758e-14
75.59255255255256 	 2.0033687374411024e-08 	 1.6359034806122854e-14
76.09303303303304 	 1.9528316208093006e-08 	 1.5922489576192017e-14
76.59351351351351 	 1.9040926860405263e-08 	 1.550048076988101e-14
77.093993993994 	 1.8570672693883874e-08 	 1.509243878389687e-14
77.59447447447448 	 1.8116625241123806e-08 	 1.4697833852567484e-14
78.09495495495496 	 1.767841075449663e-08 	 1.4316074790885036e-14
78.59543543543545 	 1.725493865363373e-08 	 1.3946735407803171e-14
79.09591591591592 	 1.6845887901127874e-08 	 1.3589264197075026e-14
79.5963963963964 	 1.6450536568978584e-08 	 1.324323575910582e-14
80.09687687687689 	 1.606827689309626e-08 	 1.2908212437657857e-14
80.59735735735737 	 1.5698571258582313e-08 	 1.258375907107302e-14
81.09783783783784 	 1.5340827236625717e-08 	 1.2269500799206916e-14
81.59831831831832 	 1.499464347501248e-08 	 1.1965036842282461e-14
82.09879879879881 	 1.465962708010276e-08 	 1.1669983788905913e-14
82.59927927927929 	 1.4335053113165571e-08 	 1.1384038474271904e-14
83.09975975975976 	 1.402074874914045e-08 	 1.1106826251925447e-14
83.60024024024025 	 1.3716244593715906e-08 	 1.0838030619082884e-14
84.10072072072073 	 1.3421047351568008e-08 	 1.0577368548129378e-14
84.6012012012012 	 1.3134906972340103e-08 	 1.0324528081105414e-14
85.10168168168168 	 1.2857428232136896e-08 	 1.007923082458038e-14
85.60216216216217 	 1.2588357603145063e-08 	 9.841191717221626e-15
86.10264264264265 	 1.2327235711689934e-08 	 9.610173783653667e-15
86.60312312312313 	 1.2073799255808402e-08 	 9.385930123457598e-15
87.10360360360362 	 1.1827855895325782e-08 	 9.168209366391669e-15
87.60408408408409 	 1.1588974192015762e-08 	 8.956801146625362e-15
88.10456456456457 	 1.135697436365167e-08 	 8.751472372290068e-15
88.60504504504506 	 1.1131721619940316e-08 	 8.552000568787442e-15
89.10552552552554 	 1.0912739472549448e-08 	 8.358216488742806e-15
89.60600600600601 	 1.0699945305124514e-08 	 8.169913190308274e-15
90.10648648648649 	 1.0493078076344794e-08 	 7.986893052797344e-15
90.60696696696698 	 1.0291865058366869e-08 	 7.80900650886152e-15
91.10744744744746 	 1.0096326268375527e-08 	 7.63604196907063e-15
91.60792792792793 	 9.906010795738188e-09 	 7.467862435724598e-15
92.10840840840842 	 9.720846985724688e-09 	 7.304312616986372e-15
92.6088888888889 	 9.540624331441517e-09 	 7.145227113638096e-15
93.10936936936938 	 9.365250431289272e-09 	 6.990463637407983e-15
93.60984984984987 	 9.194506197640263e-09 	 6.839877715485808e-15
94.11033033033034 	 9.028198006997897e-09 	 6.693340326618704e-15
94.61081081081082 	 8.866198143225982e-09 	 6.550726967510723e-15
95.1112912912913 	 8.708417808103414e-09 	 6.411898172545357e-15
95.61177177177179 	 8.554669690335405e-09 	 6.276738839441985e-15
96.11225225225226 	 8.404839993934649e-09 	 6.145136247818176e-15
96.61273273273274 	 8.25880622929656e-09 	 6.016970243316424e-15
97.11321321321323 	 8.116353416437713e-09 	 5.892151538721383e-15
97.6136936936937 	 7.977531925149374e-09 	 5.770547875447766e-15
98.11417417417418 	 7.842068086958336e-09 	 5.652085076092925e-15
98.61465465465466 	 7.710031790740457e-09 	 5.5366459767638524e-15
99.11513513513515 	 7.5810881770718e-09 	 5.424161859683268e-15
99.61561561561562 	 7.455355467422203e-09 	 5.3145140951099685e-15
100.1160960960961 	 7.360786359562564e-09 	 5.20809978692579e-15
100.61657657657659 	 7.3241728111862236e-09 	 5.105247204706026e-15
101.11705705705707 	 7.287921701488717e-09 	 5.004921124192413e-15
101.61753753753754 	 7.252027675287602e-09 	 4.9070474358241415e-15
102.11801801801803 	 7.2164854823834526e-09 	 4.811554553841319e-15
102.61849849849851 	 7.181289974999796e-09 	 4.718373318534766e-15
103.11897897897899 	 7.146436105297595e-09 	 4.627436902734522e-15
103.61945945945946 	 7.111918922961764e-09 	 4.538680722333803e-15
104.11993993993995 	 7.077733572857303e-09 	 4.4520423506558495e-15
104.62042042042043 	 7.043875292752696e-09 	 4.3674614364811565e-15
105.1209009009009 	 7.010339411108333e-09 	 4.284879625562002e-15
105.6213813813814 	 6.977121344927831e-09 	 4.204240485460313e-15
106.12186186186187 	 6.9442165976701395e-09 	 4.125489433553142e-15
106.62234234234235 	 6.911620757220457e-09 	 4.048573668058187e-15
107.12282282282284 	 6.879329493918015e-09 	 3.973442101939208e-15
107.62330330330332 	 6.847338558638909e-09 	 3.900045299558397e-15
108.1237837837838 	 6.815643780932155e-09 	 3.828335415949356e-15
108.62426426426427 	 6.784241067207291e-09 	 3.75826613859088e-15
109.12474474474476 	 6.7531263989718376e-09 	 3.689792631567551e-15
109.62522522522524 	 6.722295831117048e-09 	 3.6228714820089725e-15
110.12570570570571 	 6.691745490250401e-09 	 3.55746064870478e-15
110.6261861861862 	 6.661471573073349e-09 	 3.4935194127976594e-15
111.12666666666668 	 6.631470344802918e-09 	 3.4310083304614446e-15
111.62714714714716 	 6.6017381376357495e-09 	 3.36988918747584e-15
112.12762762762763 	 6.572271349253293e-09 	 3.310124955613748e-15
112.62810810810812 	 6.5430664413668424e-09 	 3.2516797507611325e-15
113.1285885885886 	 6.514119938301204e-09 	 3.1945187926933304e-15
113.62906906906908 	 6.485428425615777e-09 	 3.1386083664352798e-15
114.12954954954957 	 6.456988548761932e-09 	 3.0839157851367303e-15
114.63003003003004 	 6.428797011775553e-09 	 3.030409354396665e-15
115.13051051051052 	 6.400850576003681e-09 	 2.9780583379743894e-15
115.63099099099101 	 6.373146058864225e-09 	 2.9268329248276273e-15
116.13147147147149 	 6.345680332637754e-09 	 2.8767041974208366e-15
116.63195195195196 	 6.3184503232903806e-09 	 2.8276441012495608e-15
117.13243243243244 	 6.291453009326834e-09 	 2.779625415529205e-15
117.63291291291293 	 6.264685420672802e-09 	 2.7326217249990186e-15
118.1333933933934 	 6.2381446375857e-09 	 2.6866073927943273e-15
118.63387387387388 	 6.211827789592985e-09 	 2.641557534342226e-15
119.13435435435437 	 6.185732054457255e-09 	 2.5974479922380402e-15
119.63483483483485 	 6.159854657167308e-09 	 2.554255312061744e-15
120.13531531531532 	 6.1341928689544285e-09 	 2.5119567190954523e-15
120.63579579579581 	 6.108744006333163e-09 	 2.4705300959048305e-15
121.13627627627629 	 6.083505430165863e-09 	 2.4299539607489276e-15
121.63675675675677 	 6.058474544750334e-09 	 2.3902074467845954e-15
122.13723723723724 	 6.033648796929906e-09 	 2.351270282033104e-15
122.63771771771773 	 6.009025675225305e-09 	 2.313122770078052e-15
123.13819819819821 	 5.9846027089876815e-09 	 2.2757457714650318e-15
123.63867867867869 	 5.960377467572226e-09 	 2.239120685774808e-15
124.13915915915918 	 5.936347559531758e-09 	 2.203229434343027e-15
124.63963963963965 	 5.912510631829757e-09 	 2.1680544436006536e-15
125.14012012012013 	 5.888864369072267e-09 	 2.1335786290104494e-15
125.64060060060062 	 5.865406492758171e-09 	 2.099785379575908e-15
126.1410810810811 	 5.842134760547298e-09 	 2.0666585429000505e-15
126.64156156156157 	 5.819046965545899e-09 	 2.0341824107725e-15
127.14204204204205 	 5.796140935608989e-09 	 2.002341705264143e-15
127.64252252252254 	 5.773414532659107e-09 	 1.971121565309612e-15
128.14300300300303 	 5.7508656520210395e-09 	 1.9405075337586304e-15
128.64348348348352 	 5.728492221772069e-09 	 1.9104855448781044e-15
129.14396396396398 	 5.706292202107341e-09 	 1.8810419122875735e-15
129.64444444444447 	 5.684263584719909e-09 	 1.8521633173114014e-15
130.14492492492496 	 5.662404392195119e-09 	 1.823836797731789e-15
130.64540540540543 	 5.640712677418877e-09 	 1.7960497369272946e-15
131.14588588588592 	 5.6191865229994885e-09 	 1.7687898533822884e-15
131.6463663663664 	 5.5978240407026835e-09 	 1.7420451905532935e-15
132.14684684684687 	 5.576623370899468e-09 	 1.7158041070787617e-15
132.64732732732736 	 5.55558268202649e-09 	 1.690055267319432e-15
133.14780780780782 	 5.534700170058565e-09 	 1.6647876322168934e-15
133.6482882882883 	 5.513974057993057e-09 	 1.6399904504584962e-15
134.1487687687688 	 5.493402595345807e-09 	 1.6156532499372812e-15
134.64924924924927 	 5.472984057658292e-09 	 1.5917658294959796e-15
135.14972972972976 	 5.452716746015742e-09 	 1.5683182509446512e-15
135.65021021021025 	 5.4325989865759225e-09 	 1.5453008313419152e-15
136.1506906906907 	 5.412629130108312e-09 	 1.522704135530132e-15
136.6511711711712 	 5.3928055515433965e-09 	 1.5005189689152791e-15
137.1516516516517 	 5.373126649531852e-09 	 1.4787363704826775e-15
137.65213213213215 	 5.3535908460133226e-09 	 1.4573476060399847e-15
138.15261261261264 	 5.334196585794576e-09 	 1.4363441616793088e-15
138.65309309309313 	 5.31494233613681e-09 	 1.4157177374505683e-15
139.1535735735736 	 5.295826586351849e-09 	 1.395460241238529e-15
139.6540540540541 	 5.2768478474070206e-09 	 1.3755637828362578e-15
140.15453453453458 	 5.25800465153852e-09 	 1.356020668208048e-15
140.65501501501504 	 5.2392955518730055e-09 	 1.3368233939350611e-15
141.15549549549553 	 5.2207191220572465e-09 	 1.3179646418372809e-15
141.65597597597602 	 5.2022739558956435e-09 	 1.2994372737655717e-15
142.15645645645648 	 5.183958666995381e-09 	 1.2812343265578734e-15
142.65693693693697 	 5.165771888419056e-09 	 1.2633490071538154e-15
143.15741741741743 	 5.147712272344605e-09 	 1.245774687862248e-15
143.65789789789793 	 5.129778489732323e-09 	 1.2285049017763657e-15
144.15837837837842 	 5.11196922999883e-09 	 1.2115333383313606e-15
144.65885885885888 	 5.0942832006978006e-09 	 1.1948538389996626e-15
145.15933933933937 	 5.076719127207298e-09 	 1.178460393119079e-15
145.65981981981986 	 5.059275752423558e-09 	 1.162347133849274e-15
146.16030030030032 	 5.0419518364610586e-09 	 1.1465083342522171e-15
146.6607807807808 	 5.024746156358732e-09 	 1.1309384034923972e-15
147.1612612612613 	 5.007657505792179e-09 	 1.115631883152748e-15
147.66174174174176 	 4.990684694791725e-09 	 1.1005834436623792e-15
148.16222222222225 	 4.9738265494661936e-09 	 1.0857878808323575e-15
148.66270270270275 	 4.957081911732265e-09 	 1.071240112495926e-15
149.1631831831832 	 4.9404496390492794e-09 	 1.056935175249665e-15
149.6636636636637 	 4.9239286041593565e-09 	 1.0428682212922343e-15
150.1641441441442 	 4.907517694832722e-09 	 1.0290345153574771e-15
150.66462462462465 	 4.8912158136181e-09 	 1.0154294317387482e-15
151.16510510510514 	 4.875021877598069e-09 	 1.0020484514014673e-15
151.6655855855856 	 4.858934818149264e-09 	 9.88887159181014e-16
152.1660660660661 	 4.842953580707304e-09 	 9.759412410631402e-16
152.66654654654658 	 4.8270771245363505e-09 	 9.63206481544246e-16
153.16702702702705 	 4.811304422503178e-09 	 9.506787610688964e-16
153.66750750750754 	 4.79563446085566e-09 	 9.383540535420732e-16
154.16798798798803 	 4.7800662390055786e-09 	 9.262284239137773e-16
154.6684684684685 	 4.764598769315635e-09 	 9.142980258336124e-16
155.16894894894898 	 4.749231076890597e-09 	 9.025590993731352e-16
155.66942942942947 	 4.733962199372467e-09 	 8.910079688137877e-16
156.16990990990993 	 4.718791186739592e-09 	 8.796410404983248e-16
156.67039039039042 	 4.703717101109616e-09 	 8.684548007437116e-16
157.1708708708709 	 4.6887390165462114e-09 	 8.574458138135645e-16
157.67135135135138 	 4.673856018869486e-09 	 8.466107199482217e-16
158.17183183183187 	 4.6590672054699705e-09 	 8.359462334506531e-16
158.67231231231236 	 4.644371685126164e-09 	 8.254491408264556e-16
159.17279279279282 	 4.6297685778254846e-09 	 8.151162989762235e-16
159.6732732732733 	 4.615257014588612e-09 	 8.049446334386775e-16
160.1737537537538 	 4.600836137297109e-09 	 7.949311366829716e-16
160.67423423423426 	 4.586505098524275e-09 	 7.850728664486416e-16
161.17471471471475 	 4.572263061369138e-09 	 7.753669441317338e-16
161.67519519519522 	 4.558109199293546e-09 	 7.658105532156909e-16
162.1756756756757 	 4.544042695962262e-09 	 7.564009377456137e-16
162.6761561561562 	 4.53006274508602e-09 	 7.471354008445744e-16
163.17663663663666 	 4.516168550267457e-09 	 7.380113032706974e-16
163.67711711711715 	 4.502359324849885e-09 	 7.290260620137655e-16
164.17759759759764 	 4.48863429176882e-09 	 7.20177148930154e-16
164.6780780780781 	 4.474992683406228e-09 	 7.114620894149355e-16
165.1785585585586 	 4.461433741447404e-09 	 7.0287846111002075e-16
165.67903903903908 	 4.447956716740461e-09 	 6.944238926472746e-16
166.17951951951954 	 4.4345608691583594e-09 	 6.860960624255389e-16
166.68000000000004 	 4.4212454674633966e-09 	 6.778926974205532e-16
167.18048048048053 	 4.408009789174168e-09 	 6.698115720268071e-16
167.680960960961 	 4.394853120434882e-09 	 6.618505069303503e-16
168.18144144144148 	 4.381774755887018e-09 	 6.540073680116649e-16
168.68192192192197 	 4.368773998543272e-09 	 6.462800652777032e-16
169.18240240240243 	 4.3558501596637365e-09 	 6.386665518222303e-16
169.68288288288292 	 4.343002558634266e-09 	 6.311648228136438e-16
170.18336336336338 	 4.330230522847006e-09 	 6.237729145094677e-16
170.68384384384387 	 4.3175333875829994e-09 	 6.164889032967337e-16
171.18432432432436 	 4.304910495896877e-09 	 6.093109047575082e-16
171.68480480480483 	 4.292361198503544e-09 	 6.02237072758824e-16
172.18528528528532 	 4.279884853666855e-09 	 5.952655985663164e-16
172.6857657657658 	 4.267480827090224e-09 	 5.883947099808822e-16
173.18624624624627 	 4.255148491809129e-09 	 5.816226704976912e-16
173.68672672672676 	 4.2428872280854635e-09 	 5.749477784869122e-16
174.18720720720725 	 4.230696423303739e-09 	 5.683683663955417e-16
174.6876876876877 	 4.218575471869042e-09 	 5.618827999697133e-16
175.1881681681682 	 4.206523775106749e-09 	 5.554894774969257e-16
175.6886486486487 	 4.1945407411639695e-09 	 5.491868290676132e-16
176.18912912912916 	 4.182625784912644e-09 	 5.429733158555104e-16
176.68960960960965 	 4.170778327854313e-09 	 5.368474294162898e-16
177.19009009009014 	 4.158997798026484e-09 	 5.308076910039494e-16
177.6905705705706 	 4.1472836299105855e-09 	 5.248526509044574e-16
178.1910510510511 	 4.135635264341476e-09 	 5.189808877861693e-16
178.69153153153155 	 4.124052148418467e-09 	 5.131910080665533e-16
179.19201201201204 	 4.112533735417844e-09 	 5.074816452947614e-16
179.69249249249253 	 4.10107948470684e-09 	 5.018514595496197e-16
180.192972972973 	 4.089688861659056e-09 	 4.962991368526013e-16
180.6934534534535 	 4.078361337571272e-09 	 4.908233885953695e-16
181.19393393393398 	 4.067096389581651e-09 	 4.854229509814981e-16
181.69441441441444 	 4.055893500589282e-09 	 4.8009658448197e-16
182.19489489489493 	 4.044752159175058e-09 	 4.748430733040833e-16
182.69537537537542 	 4.0336718595238535e-09 	 4.696612248733997e-16
183.19585585585588 	 4.0226521013479725e-09 	 4.645498693283745e-16
183.69633633633637 	 4.0116923898118515e-09 	 4.595078590273302e-16
184.19681681681686 	 4.000792235457992e-09 	 4.545340680674377e-16
184.69729729729733 	 3.989951154134092e-09 	 4.49627391815379e-16
185.19777777777782 	 3.979168666921363e-09 	 4.447867464493787e-16
185.6982582582583 	 3.968444300064007e-09 	 4.4001106851230303e-16
186.19873873873877 	 3.957777584899826e-09 	 4.3529931447551953e-16
186.69921921921926 	 3.947168057791949e-09 	 4.306504603132417e-16
187.19969969969975 	 3.936615260061665e-09 	 4.2606350108707594e-16
187.7001801801802 	 3.926118737922308e-09 	 4.2153745054049067e-16
188.2006606606607 	 3.915678042414221e-09 	 4.170713407029617e-16
188.70114114114116 	 3.905292729340738e-09 	 4.126642215035228e-16
189.20162162162165 	 3.89496235920519e-09 	 4.083151603934827e-16
189.70210210210215 	 3.884686497148904e-09 	 4.0402324197806444e-16
190.2025825825826 	 3.874464712890192e-09 	 3.997875676567337e-16
190.7030630630631 	 3.864296580664279e-09 	 3.956072552719882e-16
191.2035435435436 	 3.854181679164195e-09 	 3.914814387663892e-16
191.70402402402405 	 3.844119591482585e-09 	 3.8740926784762053e-16
192.20450450450454 	 3.834109905054427e-09 	 3.8338990766136295e-16
192.70498498498503 	 3.824152211600642e-09 	 3.794225384717911e-16
193.2054654654655 	 3.814246107072587e-09 	 3.755063553494836e-16
193.70594594594598 	 3.8043911915974e-09 	 3.7164056786656676e-16
194.20642642642648 	 3.794587069424194e-09 	 3.678243997988993e-16
194.70690690690694 	 3.784833348871084e-09 	 3.6405708883512157e-16
195.20738738738743 	 3.775129642273021e-09 	 3.603378862923917e-16
195.70786786786792 	 3.765475565930437e-09 	 3.566660568386388e-16
196.20834834834838 	 3.755870740058662e-09 	 3.5304087822116905e-16
196.70882882882887 	 3.74631478873813e-09 	 3.494616410014614e-16
197.20930930930933 	 3.736807339865329e-09 	 3.4592764829599843e-16
197.70978978978982 	 3.727348025104501e-09 	 3.424382155229787e-16
198.2102702702703 	 3.7179364798400767e-09 	 3.389926701547632e-16
198.71075075075078 	 3.7085723431298283e-09 	 3.3559035147591407e-16
199.21123123123127 	 3.6992552576587193e-09 	 3.3223061034667884e-16
199.71171171171176 	 3.6899848696934623e-09 	 3.28912808971795e-16
200.21219219219222 	 3.6807608290377513e-09 	 3.256363206744729e-16
200.7126726726727 	 3.671582788988159e-09 	 3.2240052967543026e-16
201.2131531531532 	 3.662450406290701e-09 	 3.1920483087686027e-16
201.71363363363366 	 3.653363341098046e-09 	 3.160486296512006e-16
202.21411411411415 	 3.6443212569273503e-09 	 3.1293134163459167e-16
202.71459459459464 	 3.635323820618732e-09 	 3.098523925249089e-16
203.2150750750751 	 3.6263707022943496e-09 	 3.068112178842531e-16
203.7155555555556 	 3.617461575318085e-09 	 3.0380726294579205e-16
204.2160360360361 	 3.608596116255823e-09 	 3.008399824248484e-16
204.71651651651655 	 3.599774004836308e-09 	 2.9790884033412687e-16
205.21699699699704 	 3.5909949239125778e-09 	 2.9501330980298404e-16
205.71747747747753 	 3.5822585594239574e-09 	 2.921528729006393e-16
206.217957957958 	 3.573564600358611e-09 	 2.893270204632345e-16
206.71843843843848 	 3.5649127387166314e-09 	 2.8653525192464734e-16
207.21891891891894 	 3.556302669473668e-09 	 2.8377707515097e-16
207.71939939939944 	 3.5477340905450818e-09 	 2.8105200627856247e-16
208.21987987987993 	 3.5392067027506154e-09 	 2.7835956955559894e-16
208.7203603603604 	 3.5307202097795695e-09 	 2.756992971870193e-16
209.22084084084088 	 3.522274318156484e-09 	 2.730707291828069e-16
209.72132132132137 	 3.5138687372073052e-09 	 2.7047341320951487e-16
210.22180180180183 	 3.5055031790260433e-09 	 2.679069044449614e-16
210.72228228228232 	 3.497177358441893e-09 	 2.653707654360185e-16
211.2227627627628 	 3.488890992986839e-09 	 2.6286456595942566e-16
211.72324324324327 	 3.480643802863703e-09 	 2.603878828855514e-16
212.22372372372377 	 3.4724355109146542e-09 	 2.579403000450373e-16
212.72420420420426 	 3.4642658425901607e-09 	 2.5552140809825643e-16
213.22468468468472 	 3.456134525918381e-09 	 2.5313080440751866e-16
213.7251651651652 	 3.4480412914749774e-09 	 2.507680929119595e-16
214.2256456456457 	 3.4399858723533634e-09 	 2.484328840050522e-16
214.72612612612616 	 3.4319680041353615e-09 	 2.461247944146788e-16
215.22660660660665 	 3.4239874248622656e-09 	 2.438434470857015e-16
215.7270870870871 	 3.4160438750063206e-09 	 2.415884710649804e-16
216.2275675675676 	 3.4081370974425793e-09 	 2.393595013887748e-16
216.7280480480481 	 3.4002668374211663e-09 	 2.3715617897247863e-16
217.22852852852856 	 3.3924328425399146e-09 	 2.3497815050263383e-16
217.72900900900905 	 3.3846348627173825e-09 	 2.328250683311697e-16
218.22948948948954 	 3.376872650166244e-09 	 2.3069659037181805e-16
218.72996996997 	 3.369145959367043e-09 	 2.285923799986544e-16
219.2304504504505 	 3.3614545470423024e-09 	 2.2651210594671535e-16
219.73093093093098 	 3.353798172130999e-09 	 2.244554422146484e-16
220.23141141141144 	 3.3461765957633706e-09 	 2.2242206796934374e-16
220.73189189189193 	 3.3385895812360795e-09 	 2.2041166745250689e-16
221.23237237237242 	 3.3310368939877063e-09 	 2.1842392988912754e-16
221.7328528528529 	 3.3235183015745763e-09 	 2.1645854939779984e-16
222.23333333333338 	 3.316033573646913e-09 	 2.145152249028552e-16
222.73381381381387 	 3.308582481925314e-09 	 2.1259366004826646e-16
223.23429429429433 	 3.3011648001775432e-09 	 2.106935631132828e-16
223.73477477477482 	 3.293780304195632e-09 	 2.0881464692975684e-16
224.23525525525528 	 3.286428771773291e-09 	 2.0695662880112847e-16
224.73573573573577 	 3.2791099826836198e-09 	 2.051192304230255e-16
225.23621621621626 	 3.2718237186571165e-09 	 2.033021778054476e-16
225.73669669669673 	 3.2645697633599814e-09 	 2.015052011964983e-16
226.23717717717722 	 3.2573479023726996e-09 	 1.9972803500762836e-16
226.7376576576577 	 3.2501579231689233e-09 	 1.9797041774036283e-16
227.23813813813817 	 3.242999615094615e-09 	 1.9623209191447184e-16
227.73861861861866 	 3.23587276934748e-09 	 1.945128039975602e-16
228.23909909909915 	 3.2287771789566605e-09 	 1.928123043360406e-16
228.7395795795796 	 3.2217126387627043e-09 	 1.9113034708746255e-16
229.2400600600601 	 3.214678945397786e-09 	 1.894666901541653e-16
229.7405405405406 	 3.2076758972661943e-09 	 1.8782109511822867e-16
230.24102102102106 	 3.2007032945250745e-09 	 1.8619332717769184e-16
230.74150150150155 	 3.193760939065413e-09 	 1.845831550840126e-16
231.24198198198204 	 3.1868486344932797e-09 	 1.8299035108074206e-16
231.7424624624625 	 3.1799661861113043e-09 	 1.8141469084338585e-16
232.242942942943 	 3.1731134009003984e-09 	 1.7985595342042958e-16
232.74342342342348 	 3.16629008750171e-09 	 1.783139211755011e-16
233.24390390390394 	 3.1594960561988114e-09 	 1.7678837973064614e-16
233.74438438438443 	 3.1527311189001155e-09 	 1.7527911791069306e-16
234.2448648648649 	 3.1459950891215197e-09 	 1.73785927688686e-16
234.74534534534538 	 3.139287781969268e-09 	 1.7230860413235855e-16
235.24582582582588 	 3.1326090141230325e-09 	 1.708469453516319e-16
235.74630630630634 	 3.125958603819218e-09 	 1.694007524471117e-16
236.24678678678683 	 3.119336370834464e-09 	 1.6796982945956296e-16
236.74726726726732 	 3.112742136469372e-09 	 1.665539833203454e-16
237.24774774774778 	 3.106175723532426e-09 	 1.6515302380278424e-16
237.74822822822827 	 3.099636956324125e-09 	 1.6376676347446162e-16
238.24870870870876 	 3.093125660621311e-09 	 1.6239501765040577e-16
238.74918918918922 	 3.086641663661692e-09 	 1.61037604347161e-16
239.24966966966971 	 3.0801847941285664e-09 	 1.5969434423771968e-16
239.7501501501502 	 3.0737548821357322e-09 	 1.583650606072983e-16
240.25063063063067 	 3.0673517592125896e-09 	 1.5704957930994046e-16
240.75111111111116 	 3.0609752582894226e-09 	 1.5574772872592806e-16
241.25159159159165 	 3.054625213682874e-09 	 1.5445933971998677e-16
241.7520720720721 	 3.0483014610815893e-09 	 1.5318424560026653e-16
242.2525525525526 	 3.0420038375320477e-09 	 1.5192228207808274e-16
242.75303303303306 	 3.0357321814245655e-09 	 1.5067328722840297e-16
243.25351351351355 	 3.0294863324794685e-09 	 1.4943710145106136e-16
243.75399399399404 	 3.0232661317334417e-09 	 1.4821356743268962e-16
244.2544744744745 	 3.0170714215260414e-09 	 1.4700253010934597e-16
244.754954954955 	 3.0109020454863726e-09 	 1.458038366298308e-16
245.2554354354355 	 3.0047578485199353e-09 	 1.4461733631967413e-16
245.75591591591595 	 2.998638676795625e-09 	 1.4344288064578051e-16
246.25639639639644 	 2.9925443777328937e-09 	 1.4228032318171856e-16
246.75687687687693 	 2.986474799989072e-09 	 1.4112951957364329e-16
247.2573573573574 	 2.9804297934468355e-09 	 1.3999032750683592e-16
247.75783783783788 	 2.9744092092018318e-09 	 1.3886260667285092e-16
248.25831831831837 	 2.968412899550454e-09 	 1.3774621873725747e-16
248.75879879879884 	 2.962440717977761e-09 	 1.3664102730796293e-16
249.25927927927933 	 2.956492519145543e-09 	 1.3554689790410684e-16
249.75975975975982 	 2.950568158880534e-09 	 1.3446369792551475e-16
250.26024024024028 	 2.9446674941627613e-09 	 1.3339129662269985e-16
250.76072072072077 	 2.938790383114037e-09 	 1.323295650674017e-16
251.26120120120126 	 2.9329366849865865e-09 	 1.3127837612365195e-16
251.76168168168172 	 2.9271062601518147e-09 	 1.3023760441935618e-16
252.2621621621622 	 2.9212989700891994e-09 	 1.292071263183807e-16
252.76264264264267 	 2.915514677375326e-09 	 1.281868198931366e-16
253.26312312312317 	 2.9097532456730426e-09 	 1.2717656489764942e-16
253.76360360360366 	 2.9040145397207543e-09 	 1.2617624274110503e-16
254.26408408408412 	 2.8982984253218325e-09 	 1.2518573646186356e-16
254.7645645645646 	 2.8926047693341557e-09 	 1.2420493070193036e-16
255.2650450450451 	 2.8869334396597733e-09 	 1.2323371168187734e-16
255.76552552552556 	 2.881284305234689e-09 	 1.2227196717620389e-16
256.266006006006 	 2.8756572360187633e-09 	 1.2131958648912935e-16
256.7664864864865 	 2.870052102985736e-09 	 1.2037646043081002e-16
257.266966966967 	 2.8644687781133636e-09 	 1.1944248129397004e-16
257.76744744744747 	 2.858907134373676e-09 	 1.1851754283094078e-16
258.26792792792793 	 2.8533670457233355e-09 	 1.176015402310979e-16
258.76840840840845 	 2.847848387094122e-09 	 1.1669437009869158e-16
259.2688888888889 	 2.8423510343835192e-09 	 1.1579593043106005e-16
259.7693693693694 	 2.8368748644454085e-09 	 1.1490612059721956e-16
260.2698498498499 	 2.8314197550808784e-09 	 1.1402484131682438e-16
260.77033033033035 	 2.825985585029134e-09 	 1.1315199463948905e-16
261.2708108108108 	 2.8205722339585064e-09 	 1.122874839244654e-16
261.77129129129133 	 2.8151795824575796e-09 	 1.1143121382066958e-16
262.2717717717718 	 2.8098075120264044e-09 	 1.1058309024705001e-16
262.77225225225226 	 2.804455905067818e-09 	 1.0974302037329107e-16
263.2727327327328 	 2.7991246448788653e-09 	 1.0891091260084644e-16
263.77321321321324 	 2.793813615642317e-09 	 1.0808667654429534e-16
264.2736936936937 	 2.788522702418278e-09 	 1.0727022301301507e-16
264.7741741741742 	 2.7832517911358995e-09 	 1.0646146399316473e-16
265.2746546546547 	 2.778000768585181e-09 	 1.0566031262997479e-16
265.77513513513514 	 2.7727695224088604e-09 	 1.0486668321033436e-16
266.2756156156156 	 2.7675579410944078e-09 	 1.0408049114567368e-16
266.7760960960961 	 2.762365913966094e-09 	 1.033016529551339e-16
267.2765765765766 	 2.757193331177162e-09 	 1.0253008624902045e-16
267.77705705705705 	 2.7520400837020765e-09 	 1.0176570971253285e-16
268.27753753753757 	 2.7469060633288645e-09 	 1.0100844308976802e-16
268.77801801801803 	 2.7417911626515433e-09 	 1.0025820716799084e-16
269.2784984984985 	 2.7366952750626254e-09 	 9.951492376216588e-17
269.778978978979 	 2.731618294745716e-09 	 9.877851569974805e-17
270.2794594594595 	 2.7265601166681896e-09 	 9.804890680572599e-17
270.77993993993994 	 2.721520636573942e-09 	 9.732602188791211e-17
271.28042042042046 	 2.7164997509762297e-09 	 9.660978672247763e-17
271.7809009009009 	 2.7114973571505897e-09 	 9.590012803972678e-17
272.2813813813814 	 2.7065133531278266e-09 	 9.519697351010405e-17
272.7818618618619 	 2.70154763768709e-09 	 9.450025173043385e-17
273.28234234234236 	 2.69660011034902e-09 	 9.380989221038514e-17
273.7828228228228 	 2.691670671368969e-09 	 9.312582535915836e-17
274.28330330330334 	 2.6867592217302995e-09 	 9.244798247239063e-17
274.7837837837838 	 2.681865663137756e-09 	 9.177629571927488e-17
275.28426426426427 	 2.676989898010902e-09 	 9.111069812988897e-17
275.7847447447448 	 2.672131829477641e-09 	 9.045112358273144e-17
276.28522522522525 	 2.6672913613677957e-09 	 8.979750679246024e-17
276.7857057057057 	 2.662468398206764e-09 	 8.914978329782937e-17
277.2861861861862 	 2.6576628452092414e-09 	 8.850788944982227e-17
277.7866666666667 	 2.6528746082730117e-09 	 8.787176239997621e-17
278.28714714714715 	 2.6481035939728046e-09 	 8.724134008889542e-17
278.78762762762767 	 2.6433497095542176e-09 	 8.661656123494928e-17
279.28810810810813 	 2.6386128629277104e-09 	 8.599736532315283e-17
279.7885885885886 	 2.6338929626626504e-09 	 8.538369259422435e-17
280.2890690690691 	 2.6291899179814367e-09 	 8.477548403382022e-17
280.7895495495496 	 2.624503638753678e-09 	 8.417268136194066e-17
281.29003003003004 	 2.619834035490434e-09 	 8.357522702250493e-17
281.79051051051056 	 2.6151810193385203e-09 	 8.298306417309323e-17
282.290990990991 	 2.6105445020748727e-09 	 8.239613667485138e-17
282.7914714714715 	 2.6059243961009702e-09 	 8.181438908255572e-17
283.291951951952 	 2.6013206144373185e-09 	 8.123776663483593e-17
283.79243243243246 	 2.596733070717994e-09 	 8.066621524455301e-17
284.2929129129129 	 2.592161679185238e-09 	 8.009968148932789e-17
284.7933933933934 	 2.5876063546841195e-09 	 7.953811260222116e-17
285.2938738738739 	 2.5830670126572408e-09 	 7.898145646255829e-17
285.79435435435437 	 2.5785435691395114e-09 	 7.842966158689987e-17
286.29483483483483 	 2.5740359407529656e-09 	 7.788267712015288e-17
286.79531531531535 	 2.569544044701645e-09 	 7.73404528268219e-17
287.2957957957958 	 2.565067798766525e-09 	 7.680293908239653e-17
287.7962762762763 	 2.5606071213004995e-09 	 7.627008686487352e-17
288.2967567567568 	 2.5561619312234168e-09 	 7.5741847746411e-17
288.79723723723725 	 2.551732148017168e-09 	 7.521817388511267e-17
289.2977177177177 	 2.5473176917208232e-09 	 7.469901801693921e-17
289.79819819819824 	 2.5429184829258226e-09 	 7.418433344774534e-17
290.2986786786787 	 2.538534442771213e-09 	 7.367407404544033e-17
290.79915915915916 	 2.5341654929389373e-09 	 7.316819423226906e-17
291.2996396396397 	 2.5298115556491684e-09 	 7.26666489772125e-17
291.80012012012014 	 2.5254725536556974e-09 	 7.216939378850552e-17
292.3006006006006 	 2.5211484102413604e-09 	 7.16763847062686e-17
292.8010810810811 	 2.51683904921352e-09 	 7.118757829525402e-17
293.3015615615616 	 2.5125443948995914e-09 	 7.070293163770228e-17
293.80204204204205 	 2.508264372142609e-09 	 7.02224023263076e-17
294.30252252252257 	 2.503998906296845e-09 	 6.974594845729158e-17
294.803003003003 	 2.499747923223469e-09 	 6.927352862358188e-17
295.3034834834835 	 2.4955113492862546e-09 	 6.88051019080947e-17
295.803963963964 	 2.4912891113473217e-09 	 6.83406278771194e-17
296.30444444444447 	 2.487081136762935e-09 	 6.788006657380364e-17
296.80492492492493 	 2.482887353379335e-09 	 6.742337851173663e-17
297.30540540540545 	 2.478707689528609e-09 	 6.697052466862968e-17
297.8058858858859 	 2.474542074024619e-09 	 6.652146648009244e-17
298.3063663663664 	 2.470390436158949e-09 	 6.607616583350179e-17
298.8068468468469 	 2.4662527056969123e-09 	 6.56345850619643e-17
299.30732732732736 	 2.462128812873588e-09 	 6.519668693836833e-17
299.8078078078078 	 2.4580186883899003e-09 	 6.476243466952553e-17
300.30828828828834 	 2.453922263408734e-09 	 6.433179189040014e-17
300.8087687687688 	 2.4498394695510963e-09 	 6.390472265842445e-17
301.30924924924926 	 2.4457702388923106e-09 	 6.348119144789892e-17
301.8097297297298 	 2.4417145039582445e-09 	 6.306116314447548e-17
302.31021021021024 	 2.4376721977215895e-09 	 6.264460303972351e-17
302.8106906906907 	 2.4336432535981613e-09 	 6.223147682577567e-17
303.31117117117117 	 2.429627605443246e-09 	 6.182175059005339e-17
303.8116516516517 	 2.4256251875479793e-09 	 6.141539081007034e-17
304.31213213213215 	 2.4216359346357677e-09 	 6.101236434831308e-17
304.8126126126126 	 2.417659781858732e-09 	 6.061263844719591e-17
305.31309309309313 	 2.413696664794197e-09 	 6.021618072409144e-17
305.8135735735736 	 2.4097465194412156e-09 	 5.982295916643341e-17
306.31405405405405 	 2.405809282217117e-09 	 5.943294212689119e-17
306.8145345345346 	 2.4018848899541002e-09 	 5.904609831861551e-17
307.31501501501504 	 2.3979732798958533e-09 	 5.866239681055331e-17
307.8154954954955 	 2.3940743896942092e-09 	 5.828180702283103e-17
308.315975975976 	 2.3901881574058326e-09 	 5.790429872220528e-17
308.8164564564565 	 2.38631452148894e-09 	 5.752984201757973e-17
309.31693693693694 	 2.382453420800051e-09 	 5.7158407355587e-17
309.81741741741746 	 2.3786047945907698e-09 	 5.678996551623451e-17
310.3178978978979 	 2.3747685825046027e-09 	 5.6424487608614e-17
310.8183783783784 	 2.370944724573799e-09 	 5.606194506667213e-17
311.3188588588589 	 2.3671331612162267e-09 	 5.570230964504287e-17
311.81933933933936 	 2.3633338332322834e-09 	 5.534555341493987e-17
312.3198198198198 	 2.359546681801823e-09 	 5.4991648760107354e-17
312.82030030030035 	 2.355771648481125e-09 	 5.464056837282985e-17
313.3207807807808 	 2.352008675199889e-09 	 5.429228524999898e-17
313.82126126126127 	 2.3482577042582534e-09 	 5.3946772689236085e-17
314.3217417417418 	 2.3445186783238504e-09 	 5.360400428507111e-17
314.82222222222225 	 2.3407915404288807e-09 	 5.3263953925175283e-17
315.3227027027027 	 2.337076233967224e-09 	 5.292659578664791e-17
315.82318318318323 	 2.3333727026915702e-09 	 5.259190433235579e-17
316.3236636636637 	 2.3296808907105835e-09 	 5.2259854307324904e-17
316.82414414414416 	 2.3260007424860893e-09 	 5.193042073518285e-17
317.3246246246247 	 2.3223322028302887e-09 	 5.160357891465205e-17
317.82510510510514 	 2.318675216903002e-09 	 5.1279304416092455e-17
318.3255855855856 	 2.3150297302089337e-09 	 5.0957573078092734e-17
318.8260660660661 	 2.3113956885949665e-09 	 5.0638361004110054e-17
319.3265465465466 	 2.30777303824748e-09 	 5.032164455915675e-17
319.82702702702704 	 2.3041617256896943e-09 	 5.0007400366533636e-17
320.32750750750756 	 2.3005616977790373e-09 	 4.969560530460906e-17
320.827987987988 	 2.296972901704543e-09 	 4.938623650364358e-17
321.3284684684685 	 2.29339528498426e-09 	 4.9079271342658095e-17
321.82894894894895 	 2.2898287954627015e-09 	 4.877468744634663e-17
322.32942942942947 	 2.2862733813083073e-09 	 4.8472462682031727e-17
322.82990990990993 	 2.282728991010933e-09 	 4.81725751566623e-17
323.3303903903904 	 2.2791955733793625e-09 	 4.787500321385303e-17
323.8308708708709 	 2.2756730775388448e-09 	 4.7579725430965234e-17
324.3313513513514 	 2.27216145292865e-09 	 4.7286720616227884e-17
324.83183183183183 	 2.2686606492996523e-09 	 4.699596780589843e-17
325.33231231231235 	 2.2651706167119304e-09 	 4.670744626146299e-17
325.8327927927928 	 2.261691305532398e-09 	 4.642113546687536e-17
326.3332732732733 	 2.258222666432445e-09 	 4.613701512583343e-17
326.8337537537538 	 2.2547646503856093e-09 	 4.5855065159093494e-17
327.33423423423426 	 2.2513172086652674e-09 	 4.557526570182161e-17
327.8347147147147 	 2.2478802928423437e-09 	 4.529759710098075e-17
328.33519519519524 	 2.2444538547830437e-09 	 4.5022039912753905e-17
328.8356756756757 	 2.241037846646609e-09 	 4.4748574900002923e-17
329.33615615615616 	 2.2376322208830875e-09 	 4.447718302976102e-17
329.8366366366367 	 2.2342369302311276e-09 	 4.420784547076035e-17
330.33711711711715 	 2.230851927715795e-09 	 4.3940543590992857e-17
330.8375975975976 	 2.2274771666464016e-09 	 4.3675258955304125e-17
331.3380780780781 	 2.2241126006143624e-09 	 4.341197332302002e-17
331.8385585585586 	 2.220758183491068e-09 	 4.3150668645605826e-17
332.33903903903905 	 2.2174138694257743e-09 	 4.289132706435611e-17
332.83951951951957 	 2.2140796128435136e-09 	 4.2633930908116765e-17
333.34000000000003 	 2.2107553684430283e-09 	 4.237846269103732e-17
333.8404804804805 	 2.2074410911947128e-09 	 4.212490511035325e-17
334.340960960961 	 2.2041367363385857e-09 	 4.1873241044198706e-17
334.8414414414415 	 2.200842259382273e-09 	 4.162345354944818e-17
335.34192192192194 	 2.1975576160990098e-09 	 4.137552585958709e-17
335.84240240240246 	 2.194282762525663e-09 	 4.1129441382611035e-17
336.3428828828829 	 2.19101765496077e-09 	 4.088518369895321e-17
336.8433633633634 	 2.1877622499625926e-09 	 4.064273655943906e-17
337.3438438438439 	 2.1845165043471922e-09 	 4.04020838832685e-17
337.84432432432436 	 2.1812803751865212e-09 	 4.0163209756025164e-17
338.3448048048048 	 2.178053819806527e-09 	 3.992609842771148e-17
338.8452852852853 	 2.1748367957852804e-09 	 3.969073431081048e-17
339.3457657657658 	 2.171629260951111e-09 	 3.9457101978372723e-17
339.84624624624627 	 2.1684311733807734e-09 	 3.922518616212912e-17
340.34672672672673 	 2.1652424913976093e-09 	 3.899497175062791e-17
340.84720720720725 	 2.1620631735697452e-09 	 3.8766443787396936e-17
341.3476876876877 	 2.158893178708297e-09 	 3.8539587469129747e-17
341.8481681681682 	 2.1557324658655867e-09 	 3.8314388143895455e-17
342.3486486486487 	 2.1525809943333855e-09 	 3.809083130937249e-17
342.84912912912915 	 2.149438723641161e-09 	 3.786890261110505e-17
343.3496096096096 	 2.1463056135543482e-09 	 3.764858784078272e-17
343.85009009009013 	 2.1431816240726285e-09 	 3.7429872934542344e-17
344.3505705705706 	 2.1400667154282335e-09 	 3.721274397129231e-17
344.85105105105106 	 2.13696084808425e-09 	 3.6997187171058374e-17
345.3515315315316 	 2.1338639827329533e-09 	 3.678318889335124e-17
345.85201201201204 	 2.130776080294146e-09 	 3.6570735635555377e-17
346.3524924924925 	 2.1276971019135156e-09 	 3.635981403133841e-17
346.852972972973 	 2.124627008961002e-09 	 3.6150410849081585e-17
347.3534534534535 	 2.1215657630291866e-09 	 3.5942512990330284e-17
347.85393393393394 	 2.1185133259316856e-09 	 3.5736107488264444e-17
348.35441441441446 	 2.115469659701564e-09 	 3.5531181506188956e-17
348.8548948948949 	 2.1124347265897665e-09 	 3.5327722336043645e-17
349.3553753753754 	 2.1094084890635473e-09 	 3.512571739693173e-17
349.8558558558559 	 2.1063909098049305e-09 	 3.4925154233668055e-17
350.35633633633637 	 2.103381951709174e-09 	 3.4726020515345395e-17
350.85681681681683 	 2.100381577883247e-09 	 3.452830403391927e-17
351.35729729729735 	 2.0973897516443232e-09 	 3.433199270281081e-17
351.8577777777778 	 2.094406436518287e-09 	 3.41370745555277e-17
352.3582582582583 	 2.091431596238251e-09 	 3.394353774430249e-17
352.8587387387388 	 2.088465194743084e-09 	 3.3751370538748105e-17
353.35921921921926 	 2.085507196175956e-09 	 3.3560561324530944e-17
353.8596996996997 	 2.082557564882895e-09 	 3.33710986020604e-17
354.36018018018024 	 2.0796162654113483e-09 	 3.318297098519511e-17
354.8606606606607 	 2.0766832625087713e-09 	 3.299616719996576e-17
355.36114114114116 	 2.0737585211212116e-09 	 3.281067608331381e-17
355.8616216216217 	 2.0708420063919138e-09 	 3.2626486581846275e-17
356.36210210210214 	 2.067933683659938e-09 	 3.2443587750606224e-17
356.8625825825826 	 2.0650335184587845e-09 	 3.226196875185872e-17
357.36306306306307 	 2.062141476515031e-09 	 3.208161885389203e-17
357.8635435435436 	 2.059257523746985e-09 	 3.1902527429833885e-17
358.36402402402405 	 2.0563816262633455e-09 	 3.172468395648278e-17
358.8645045045045 	 2.0535137503618694e-09 	 3.154807801315337e-17
359.364984984985 	 2.0506538625280633e-09 	 3.1372699280537105e-17
359.8654654654655 	 2.047801929433873e-09 	 3.119853753957642e-17
360.36594594594595 	 2.0449579179363893e-09 	 3.102558267035322e-17
360.8664264264265 	 2.0421217950765645e-09 	 3.08538246509913e-17
361.36690690690693 	 2.039293528077941e-09 	 3.0683253556572317e-17
361.8673873873874 	 2.0364730843453847e-09 	 3.051385955806512e-17
362.3678678678679 	 2.033660431463837e-09 	 3.034563292126862e-17
362.8683483483484 	 2.0308555371970713e-09 	 3.0178564005767587e-17
363.36882882882884 	 2.0280583694864595e-09 	 3.001264326390123e-17
363.86930930930936 	 2.0252688964497537e-09 	 2.98478612397449e-17
364.3697897897898 	 2.022487086379874e-09 	 2.968420856810405e-17
364.8702702702703 	 2.019712907743705e-09 	 2.952167597352054e-17
365.3707507507508 	 2.0169463291809073e-09 	 2.936025426929149e-17
365.87123123123126 	 2.014187319502735e-09 	 2.9199934356499965e-17
366.3717117117117 	 2.0114358476908618e-09 	 2.904070722305745e-17
366.87219219219224 	 2.0086918828962212e-09 	 2.8882563942758323e-17
367.3726726726727 	 2.005955394437852e-09 	 2.8725495674345725e-17
367.87315315315317 	 2.003226351801754e-09 	 2.856949366058886e-17
368.3736336336337 	 2.0005047246397568e-09 	 2.8414549227371575e-17
368.87411411411415 	 1.9977904827683924e-09 	 2.826065378279219e-17
369.3745945945946 	 1.9950835961677785e-09 	 2.810779881627387e-17
369.87507507507513 	 1.992384034980515e-09 	 2.7955975897686344e-17
370.3755555555556 	 1.9896917695105843e-09 	 2.7805176676477953e-17
370.87603603603606 	 1.9870067702222614e-09 	 2.765539288081811e-17
371.3765165165166 	 1.984329007739036e-09 	 2.7506616316750607e-17
371.87699699699704 	 1.98165845284254e-09 	 2.735883886735665e-17
372.3774774774775 	 1.978995076471485e-09 	 2.7212052491928313e-17
372.877957957958 	 1.9763388497206055e-09 	 2.7066249225151753e-17
373.3784384384385 	 1.97368974383962e-09 	 2.6921421176300542e-17
373.87891891891894 	 1.971047730232187e-09 	 2.677756052843839e-17
374.37939939939946 	 1.9684127804548776e-09 	 2.6634659537631534e-17
374.8798798798799 	 1.9657848662161576e-09 	 2.6492710532170746e-17
375.3803603603604 	 1.9631639593753723e-09 	 2.6351705911802437e-17
375.88084084084085 	 1.9605500319417413e-09 	 2.6211638146968962e-17
376.38132132132137 	 1.9579430560733645e-09 	 2.6072499778058225e-17
376.8818018018018 	 1.955343004076234e-09 	 2.5934283414662063e-17
377.3822822822823 	 1.9527498484032497e-09 	 2.579698173484339e-17
377.8827627627628 	 1.9501635616532486e-09 	 2.566058748441218e-17
378.38324324324327 	 1.9475841165700416e-09 	 2.5525093476210117e-17
378.88372372372373 	 1.9450114860414522e-09 	 2.5390492589403522e-17
379.38420420420425 	 1.9424456430983705e-09 	 2.5256777768784897e-17
379.8846846846847 	 1.939886560913807e-09 	 2.5123942024082525e-17
380.3851651651652 	 1.9373342128019605e-09 	 2.4991978429278367e-17
380.8856456456457 	 1.934788572217289e-09 	 2.486088012193393e-17
381.38612612612616 	 1.93224961275359e-09 	 2.4730640302524125e-17
381.8866066066066 	 1.9297173081430875e-09 	 2.4601252233779007e-17
382.38708708708714 	 1.927191632255525e-09 	 2.447270924003309e-17
382.8875675675676 	 1.9246725590972696e-09 	 2.4345004706582586e-17
383.38804804804806 	 1.9221600628104166e-09 	 2.4218132079049818e-17
383.8885285285286 	 1.9196541176719066e-09 	 2.4092084862755346e-17
384.38900900900904 	 1.9171546980926485e-09 	 2.396685662209746e-17
384.8894894894895 	 1.9146617786166465e-09 	 2.3842440979938625e-17
385.38996996997 	 1.912175333920137e-09 	 2.3718831616999433e-17
385.8904504504505 	 1.909695338810732e-09 	 2.359602227125938e-17
386.39093093093095 	 1.9072217682265663e-09 	 2.3474006737364737e-17
386.89141141141147 	 1.904754597235453e-09 	 2.335277886604315e-17
387.39189189189193 	 1.9022938010340507e-09 	 2.323233256352536e-17
387.8923723723724 	 1.8998393549470245e-09 	 2.3112661790973155e-17
388.3928528528529 	 1.8973912344262283e-09 	 2.2993760563914352e-17
388.8933333333334 	 1.8949494150498826e-09 	 2.2875622951684138e-17
389.39381381381384 	 1.892513872521763e-09 	 2.2758243076872796e-17
389.89429429429435 	 1.8900845826703937e-09 	 2.2641615114779932e-17
390.3947747747748 	 1.8876615214482516e-09 	 2.2525733292875003e-17
390.8952552552553 	 1.885244664930968e-09 	 2.241059189026385e-17
391.3957357357358 	 1.8828339893165437e-09 	 2.2296185237161555e-17
391.89621621621626 	 1.880429470924566e-09 	 2.2182507714371258e-17
392.3966966966967 	 1.8780310861954374e-09 	 2.2069553752769066e-17
392.89717717717724 	 1.8756388116896e-09 	 2.195731783279454e-17
393.3976576576577 	 1.8732526240867772e-09 	 2.184579448394748e-17
393.89813813813817 	 1.870872500185213e-09 	 2.1734978284289975e-17
394.3986186186186 	 1.868498416900921e-09 	 2.1624863859954493e-17
394.89909909909915 	 1.8661303512669377e-09 	 2.1515445884657323e-17
395.3995795795796 	 1.8637682804325822e-09 	 2.1406719079217757e-17
395.90006006006007 	 1.8614121816627216e-09 	 2.129867821108253e-17
396.4005405405406 	 1.8590620323370412e-09 	 2.1191318093855844e-17
396.90102102102105 	 1.8567178099493194e-09 	 2.108463358683452e-17
397.4015015015015 	 1.8543794921067117e-09 	 2.0978619594548618e-17
397.90198198198203 	 1.852047056529035e-09 	 2.0873271066307024e-17
398.4024624624625 	 1.8497204810480632e-09 	 2.0768582995748443e-17
398.90294294294296 	 1.847399743606821e-09 	 2.0664550420397113e-17
399.4034234234235 	 1.8450848222588892e-09 	 2.0561168421223788e-17
399.90390390390394 	 1.8427756951677134e-09 	 2.045843212221161e-17
400.4043843843844 	 1.8404723406059165e-09 	 2.0356336689926735e-17
400.9048648648649 	 1.838174736954616e-09 	 2.025487733309387e-17
401.4053453453454 	 1.8358828627027508e-09 	 2.0154049302176604e-17
401.90582582582584 	 1.8335966964464064e-09 	 2.0053847888962304e-17
402.40630630630636 	 1.8313162168881502e-09 	 1.99542684261517e-17
402.9067867867868 	 1.8290414028363708e-09 	 1.985530628695319e-17
403.4072672672673 	 1.8267722332046204e-09 	 1.9756956884681433e-17
403.9077477477478 	 1.824508687010964e-09 	 1.9659215672360578e-17
404.40822822822827 	 1.822250743377333e-09 	 1.956207814233185e-17
404.90870870870873 	 1.8199983815288812e-09 	 1.946553982586543e-17
405.40918918918925 	 1.81775158079335e-09 	 1.9369596292776808e-17
405.9096696696697 	 1.8155103206004358e-09 	 1.9274243151047204e-17
406.4101501501502 	 1.8132745804811606e-09 	 1.9179476046448273e-17
406.9106306306307 	 1.8110443400672499e-09 	 1.9085290662170956e-17
407.41111111111115 	 1.8088195790905149e-09 	 1.8991682718458468e-17
407.9115915915916 	 1.8066002773822366e-09 	 1.8898647972243174e-17
408.41207207207214 	 1.804386414872558e-09 	 1.8806182216787658e-17
408.9125525525526 	 1.802177971589879e-09 	 1.8714281281329644e-17
409.41303303303306 	 1.7999749276602543e-09 	 1.862294103073077e-17
409.9135135135136 	 1.797777263306799e-09 	 1.8532157365129313e-17
410.41399399399404 	 1.7955849588490963e-09 	 1.8441926219596686e-17
410.9144744744745 	 1.7933979947026092e-09 	 1.8352243563797603e-17
411.414954954955 	 1.7912163513780978e-09 	 1.8263105401654125e-17
411.9154354354355 	 1.7890400094810419e-09 	 1.8174507771013247e-17
412.41591591591595 	 1.7868689497110635e-09 	 1.8086446743318143e-17
412.9163963963964 	 1.7847031528613582e-09 	 1.7998918423282964e-17
413.4168768768769 	 1.782542599818128e-09 	 1.7911918948571267e-17
413.9173573573574 	 1.7803872715600193e-09 	 1.782544448947783e-17
414.41783783783785 	 1.7782371491575653e-09 	 1.773949124861395e-17
414.91831831831837 	 1.7760922137726303e-09 	 1.765405546059618e-17
415.41879879879883 	 1.7739524466578613e-09 	 1.756913339173847e-17
415.9192792792793 	 1.7718178291561402e-09 	 1.7484721339747445e-17
416.4197597597598 	 1.7696883427000422e-09 	 1.7400815633421248e-17
416.9202402402403 	 1.7675639688112984e-09 	 1.7317412632351435e-17
417.42072072072074 	 1.7654446891002596e-09 	 1.7234508726628138e-17
417.92120120120126 	 1.7633304852653663e-09 	 1.71521003365484e-17
418.4216816816817 	 1.7612213390926238e-09 	 1.707018391232769e-17
418.9221621621622 	 1.7591172324550752e-09 	 1.6988755933814404e-17
419.4226426426427 	 1.757018147312286e-09 	 1.6907812910207525e-17
419.92312312312316 	 1.754924065709826e-09 	 1.6827351379777322e-17
420.4236036036036 	 1.7528349697787578e-09 	 1.6747367909588865e-17
420.92408408408414 	 1.7507508417351304e-09 	 1.6667859095228753e-17
421.4245645645646 	 1.7486716638794716e-09 	 1.6588821560534533e-17
421.92504504504507 	 1.7465974185962898e-09 	 1.6510251957327133e-17
422.4255255255256 	 1.744528088353574e-09 	 1.6432146965146055e-17
422.92600600600605 	 1.742463655702302e-09 	 1.6354503290987505e-17
423.4264864864865 	 1.7404041032759483e-09 	 1.6277317669045147e-17
423.92696696696703 	 1.738349413789998e-09 	 1.6200586860453725e-17
424.4274474474475 	 1.7362995700414637e-09 	 1.6124307653035375e-17
424.92792792792795 	 1.7342545549084042e-09 	 1.6048476861048597e-17
425.4284084084085 	 1.7322143513494473e-09 	 1.5973091324939856e-17
425.92888888888893 	 1.7301789424033199e-09 	 1.5898147911097926e-17
426.4293693693694 	 1.728148311188374e-09 	 1.5823643511610673e-17
426.9298498498499 	 1.7261224409021213e-09 	 1.574957504402447e-17
427.4303303303304 	 1.7241013148207709e-09 	 1.567593945110617e-17
427.93081081081084 	 1.7220849162987678e-09 	 1.5602733700607537e-17
428.43129129129136 	 1.7200732287683363e-09 	 1.5529954785032154e-17
428.9317717717718 	 1.718066235739026e-09 	 1.54575997214048e-17
429.4322522522523 	 1.7160639207972624e-09 	 1.5385665551043196e-17
429.9327327327328 	 1.7140662676058971e-09 	 1.53141493393322e-17
430.43321321321326 	 1.7120732599037667e-09 	 1.5243048175500322e-17
430.9336936936937 	 1.7100848815052478e-09 	 1.5172359172398526e-17
431.4341741741742 	 1.7081011162998225e-09 	 1.5102079466281468e-17
431.9346546546547 	 1.7061219482516406e-09 	 1.5032206216590873e-17
432.43513513513517 	 1.704147361399089e-09 	 1.496273660574125e-17
432.93561561561563 	 1.7021773398543616e-09 	 1.489366783890779e-17
433.43609609609615 	 1.700211867803034e-09 	 1.482499714381647e-17
433.9365765765766 	 1.6982509295036408e-09 	 1.4756721770536398e-17
434.4370570570571 	 1.6962945092872532e-09 	 1.4688838991274175e-17
434.9375375375376 	 1.6943425915570636e-09 	 1.4621346100170495e-17
435.43801801801806 	 1.6923951607879708e-09 	 1.4554240413098826e-17
435.9384984984985 	 1.6904522015261683e-09 	 1.4487519267466123e-17
436.43897897897904 	 1.6885136983887344e-09 	 1.4421180022015618e-17
436.9394594594595 	 1.6865796360632287e-09 	 1.4355220056631697e-17
437.43993993993996 	 1.6846499993072858e-09 	 1.4289636772146634e-17
437.9404204204205 	 1.6827247729482176e-09 	 1.4224427590149497e-17
438.44090090090094 	 1.6808039418826145e-09 	 1.4159589952796885e-17
438.9413813813814 	 1.6788874910759498e-09 	 1.409512132262562e-17
439.4418618618619 	 1.6769754055621884e-09 	 1.4031019182367394e-17
439.9423423423424 	 1.6750676704433972e-09 	 1.396728103476532e-17
440.44282282282285 	 1.673164270889358e-09 	 1.390390440239228e-17
440.94330330330337 	 1.671265192137182e-09 	 1.3840886827471191e-17
441.44378378378383 	 1.669370419490931e-09 	 1.3778225871697109e-17
441.9442642642643 	 1.6674799383212351e-09 	 1.3715919116061094e-17
442.4447447447448 	 1.665593734064918e-09 	 1.3653964160675865e-17
442.9452252252253 	 1.6637117922246236e-09 	 1.3592358624603328e-17
443.44570570570573 	 1.6618340983684422e-09 	 1.353110014568369e-17
443.94618618618625 	 1.6599606381295437e-09 	 1.3470186380366425e-17
444.4466666666667 	 1.6580913972058116e-09 	 1.3409615003542944e-17
444.9471471471472 	 1.6562263613594762e-09 	 1.3349383708380853e-17
445.4476276276277 	 1.6543655164167558e-09 	 1.3289490206160023e-17
445.94810810810816 	 1.6525088482674968e-09 	 1.3229932226110222e-17
446.4485885885886 	 1.6506563428648172e-09 	 1.3170707515250401e-17
446.94906906906914 	 1.648807986224751e-09 	 1.3111813838229608e-17
447.4495495495496 	 1.6469637644258988e-09 	 1.3053248977169498e-17
447.95003003003006 	 1.6451236636090767e-09 	 1.2995010731508431e-17
448.4505105105105 	 1.6432876699769688e-09 	 1.2937096917847104e-17
448.95099099099104 	 1.6414557697937833e-09 	 1.2879505369795765e-17
449.4514714714715 	 1.6396279493849098e-09 	 1.2822233937822934e-17
449.95195195195197 	 1.6378041951365783e-09 	 1.2765280489105651e-17
450.4524324324325 	 1.6359844934955223e-09 	 1.2708642907381181e-17
450.95291291291295 	 1.6341688309686427e-09 	 1.2652319092800277e-17
451.4533933933934 	 1.6323571941226734e-09 	 1.2596306961781812e-17
451.95387387387393 	 1.6305495695838505e-09 	 1.254060444686889e-17
452.4543543543544 	 1.6287459440375853e-09 	 1.248520949658647e-17
452.95483483483486 	 1.626946304228133e-09 	 1.2430120075300232e-17
453.4553153153154 	 1.6251506369582725e-09 	 1.237533416307702e-17
453.95579579579584 	 1.6233589290889806e-09 	 1.2320849755546541e-17
454.4562762762763 	 1.621571167539113e-09 	 1.2266664863764501e-17
454.9567567567568 	 1.6197873392850856e-09 	 1.2212777514077064e-17
455.4572372372373 	 1.618007431360559e-09 	 1.2159185747986677e-17
455.95771771771774 	 1.6162314308561227e-09 	 1.2105887622019161e-17
456.45819819819826 	 1.6144593249189843e-09 	 1.2052881207592185e-17
456.9586786786787 	 1.6126911007526592e-09 	 1.2000164590884984e-17
457.4591591591592 	 1.6109267456166623e-09 	 1.1947735872709374e-17
457.9596396396397 	 1.609166246826202e-09 	 1.189559316838203e-17
458.46012012012017 	 1.6074095917518773e-09 	 1.1843734607598033e-17
458.9606006006006 	 1.605656767819374e-09 	 1.1792158334305624e-17
459.46108108108115 	 1.6039077625091654e-09 	 1.17408625065822e-17
459.9615615615616 	 1.602162563356215e-09 	 1.168984529651154e-17
460.46204204204207 	 1.6004211579496796e-09 	 1.163910489006222e-17
460.9625225225226 	 1.598683533932615e-09 	 1.158863948696716e-17
461.46300300300305 	 1.5969496790016846e-09 	 1.153844730060448e-17
461.9634834834835 	 1.5952195809068673e-09 	 1.1488526557879321e-17
462.46396396396403 	 1.593493227451171e-09 	 1.1438875499107024e-17
462.9644444444445 	 1.591770606490345e-09 	 1.1389492377897278e-17
463.46492492492496 	 1.590051705932595e-09 	 1.1340375461039481e-17
463.9654054054055 	 1.5883365137383006e-09 	 1.1291523028389184e-17
464.46588588588594 	 1.5866250179197343e-09 	 1.1242933372755647e-17
464.9663663663664 	 1.5849172065407815e-09 	 1.1194604799790456e-17
465.4668468468469 	 1.5832130677166639e-09 	 1.1146535627877248e-17
465.9673273273274 	 1.5815125896136634e-09 	 1.1098724188022488e-17
466.46780780780784 	 1.579815760448848e-09 	 1.1051168823747292e-17
466.9682882882883 	 1.5781225684898002e-09 	 1.1003867890980291e-17
467.4687687687688 	 1.5764330020543457e-09 	 1.095681975795154e-17
467.9692492492493 	 1.5747470495102862e-09 	 1.0910022805087466e-17
468.46972972972975 	 1.5730646992751307e-09 	 1.0863475424906726e-17
468.97021021021027 	 1.571385939815831e-09 	 1.0817176021917193e-17
469.47069069069073 	 1.569710759648519e-09 	 1.0771123012513877e-17
469.9711711711712 	 1.5680391473382437e-09 	 1.0725314824877765e-17
470.4716516516517 	 1.5663710914987112e-09 	 1.0679749898875724e-17
470.9721321321322 	 1.5647065807920266e-09 	 1.0634426685961293e-17
471.47261261261264 	 1.5630456039284368e-09 	 1.0589343649076451e-17
471.97309309309315 	 1.5613881496660754e-09 	 1.054449926255431e-17
472.4735735735736 	 1.559734206810709e-09 	 1.0499892012022749e-17
472.9740540540541 	 1.5580837642154853e-09 	 1.045552039430893e-17
473.4745345345346 	 1.5564368107806824e-09 	 1.0411382917344759e-17
473.97501501501506 	 1.5547933354534598e-09 	 1.0367478100073227e-17
474.4754954954955 	 1.5531533272276127e-09 	 1.0323804472355654e-17
474.97597597597604 	 1.5515167751433234e-09 	 1.0280360574879755e-17
475.4764564564565 	 1.5498836682869206e-09 	 1.023714495906868e-17
475.97693693693697 	 1.5482539957906335e-09 	 1.019415618699078e-17
476.4774174174175 	 1.5466277468323532e-09 	 1.0151392831270367e-17
476.97789789789795 	 1.545004910635392e-09 	 1.0108853474999193e-17
477.4783783783784 	 1.543385476468246e-09 	 1.0066536711648844e-17
477.9788588588589 	 1.5417694336443573e-09 	 1.0024441144983908e-17
478.4793393393394 	 1.54015677152188e-09 	 9.982565388975992e-18
478.97981981981985 	 1.538547479503447e-09 	 9.940908067718552e-18
479.48030030030037 	 1.5369415470359366e-09 	 9.899467815342446e-18
479.98078078078083 	 1.5353389636102425e-09 	 9.858243275932406e-18
480.4812612612613 	 1.533739718761045e-09 	 9.817233103444179e-18
480.9817417417418 	 1.532143802066582e-09 	 9.776435961622492e-18
481.4822222222223 	 1.5305512031484236e-09 	 9.735850523919789e-18
481.98270270270274 	 1.5289619116712476e-09 	 9.695475473415717e-18
482.48318318318326 	 1.527375917342614e-09 	 9.655309502737328e-18
482.9836636636637 	 1.5257932099127448e-09 	 9.615351313980092e-18
483.4841441441442 	 1.524213779174302e-09 	 9.575599618629594e-18
483.9846246246247 	 1.5226376149621687e-09 	 9.536053137483975e-18
484.48510510510516 	 1.5210647071532308e-09 	 9.496710600577078e-18
484.9855855855856 	 1.5194950456661607e-09 	 9.45757074710236e-18
485.4860660660661 	 1.5179286204612008e-09 	 9.418632325337401e-18
485.9865465465466 	 1.5163654215399506e-09 	 9.379894092569245e-18
486.48702702702707 	 1.5148054389451547e-09 	 9.341354815020346e-18
486.98750750750753 	 1.5132486627604884e-09 	 9.303013267775189e-18
487.48798798798805 	 1.5116950831103503e-09 	 9.264868234707646e-18
487.9884684684685 	 1.510144690159653e-09 	 9.22691850840897e-18
488.488948948949 	 1.5085974741136151e-09 	 9.189162890116454e-18
488.9894294294295 	 1.5070534252175536e-09 	 9.151600189642704e-18
489.48990990990995 	 1.505512533756683e-09 	 9.114229225305694e-18
489.9903903903904 	 1.5039747900559066e-09 	 9.077048823859272e-18
490.49087087087094 	 1.5024401844796163e-09 	 9.040057820424462e-18
490.9913513513514 	 1.5009087074314931e-09 	 9.003255058421346e-18
491.49183183183186 	 1.4993803493543042e-09 	 8.966639389501521e-18
491.9923123123124 	 1.4978551007297047e-09 	 8.930209673481226e-18
492.49279279279284 	 1.4963329520780417e-09 	 8.893964778275091e-18
492.9932732732733 	 1.4948138939581561e-09 	 8.857903579830439e-18
493.4937537537538 	 1.493297916967188e-09 	 8.822024962062215e-18
493.9942342342343 	 1.4917850117403838e-09 	 8.786327816788529e-18
494.49471471471475 	 1.490275168950901e-09 	 8.750811043666738e-18
494.99519519519527 	 1.4887683793096184e-09 	 8.715473550130132e-18
495.4956756756757 	 1.4872646335649456e-09 	 8.680314251325235e-18
495.9961561561562 	 1.4857639225026328e-09 	 8.645332070049583e-18
496.4966366366367 	 1.4842662369455825e-09 	 8.610525936690148e-18
496.99711711711717 	 1.4827715677536637e-09 	 8.575894789162288e-18
497.49759759759763 	 1.4812799058235244e-09 	 8.54143757284924e-18
497.99807807807815 	 1.4797912420884076e-09 	 8.507153240542167e-18
498.4985585585586 	 1.4783055675179682e-09 	 8.473040752380786e-18
498.9990390390391 	 1.4768228731180888e-09 	 8.439099075794428e-18
499.4995195195196 	 1.4753431499306996e-09 	 8.405327185443756e-18
500.0 	 1.4738663890335983e-09 	 8.371724063162922e-18
