3.5233633633633636 	 3.176540167033044e-07 	 8.754482442837332e-10
4.023843843843844 	 4.355794613789507e-07 	 4.932855614851754e-10
4.524324324324325 	 5.838835932303433e-07 	 2.931372763277013e-10
5.0248048048048055 	 7.707851720955854e-07 	 1.8098789609944638e-10
5.525285285285285 	 1.0077828743651631e-06 	 1.147314524331954e-10
6.025765765765766 	 1.3112516272846194e-06 	 7.390398996514632e-11
6.526246246246247 	 1.7049454688585206e-06 	 4.789590401919516e-11
7.026726726726727 	 2.22414061354322e-06 	 3.0905467765215466e-11
7.527207207207208 	 2.9224900673352083e-06 	 1.9629832481598528e-11
8.027687687687688 	 3.883426201538377e-06 	 1.2140485286615753e-11
8.528168168168168 	 5.238950391774759e-06 	 7.314555783081311e-12
9.02864864864865 	 7.197245176655068e-06 	 4.550060610041323e-12
9.52912912912913 	 1.0068923202292512e-05 	 3.6263247893919004e-12
10.029609609609611 	 1.4224146591270868e-05 	 4.600780515974324e-12
10.530090090090091 	 1.974421162948595e-05 	 7.503706447221992e-12
11.030570570570571 	 2.550360745358602e-05 	 1.146670220603563e-11
11.531051051051053 	 2.9001103456819567e-05 	 1.4169671957389824e-11
12.031531531531533 	 2.937907644233705e-05 	 1.4195399113719888e-11
12.532012012012013 	 2.8744484277642637e-05 	 1.2862074297793336e-11
13.032492492492494 	 2.9077948122942075e-05 	 1.1839369891153354e-11
13.532972972972974 	 3.185706887561362e-05 	 1.245916004154784e-11
14.033453453453454 	 3.838707814724539e-05 	 1.6320609089277094e-11
14.533933933933936 	 4.7854533452602756e-05 	 2.4220091972801752e-11
15.034414414414416 	 5.4108507631203536e-05 	 3.305233755273605e-11
15.534894894894897 	 4.9730570254990926e-05 	 3.56907659757813e-11
16.035375375375377 	 3.840055927332123e-05 	 3.1248014490747283e-11
16.535855855855857 	 2.7763164761875328e-05 	 2.4804816970297572e-11
17.036336336336337 	 2.0167662772356692e-05 	 1.9267397085559693e-11
17.53681681681682 	 1.5099511249494563e-05 	 1.5099840717141082e-11
18.0372972972973 	 1.170663036691729e-05 	 1.2042548724501454e-11
18.53777777777778 	 9.378581773268333e-06 	 9.780564673938056e-12
19.03825825825826 	 7.735316265880414e-06 	 8.076090952809538e-12
19.53873873873874 	 6.544509782656655e-06 	 6.765988100724058e-12
20.039219219219223 	 5.661639922969583e-06 	 5.740198269409398e-12
20.539699699699703 	 4.994091267121918e-06 	 4.9237308893650675e-12
21.040180180180183 	 4.480329799581409e-06 	 4.2644176260696e-12
21.540660660660663 	 4.078096647789723e-06 	 3.72522194631489e-12
22.041141141141143 	 3.757488007665686e-06 	 3.2792508385248985e-12
22.541621621621623 	 3.496788325922103e-06 	 2.9065846316484353e-12
23.042102102102106 	 3.2799933375634677e-06 	 2.5922076301736284e-12
23.542582582582586 	 3.095247479804531e-06 	 2.3246371795357686e-12
24.043063063063066 	 2.933788437059021e-06 	 2.0949789064333324e-12
24.543543543543546 	 2.7892648722587383e-06 	 1.896294276342935e-12
25.044024024024026 	 2.6572030442636523e-06 	 1.723129665876487e-12
25.54450450450451 	 2.5344968392928084e-06 	 1.571168912297166e-12
26.04498498498499 	 2.4191355559704628e-06 	 1.4369804021696197e-12
26.54546546546547 	 2.309821003319225e-06 	 1.3178212350343196e-12
27.04594594594595 	 2.205782101284211e-06 	 1.2114805985245525e-12
27.54642642642643 	 2.1065905912491155e-06 	 1.1161625213253915e-12
28.04690690690691 	 2.011975527203204e-06 	 1.0303969395506235e-12
28.547387387387392 	 1.9218098690935146e-06 	 9.52964163742078e-13
29.047867867867872 	 1.8360007430938582e-06 	 8.828471279914969e-13
29.548348348348352 	 1.7544519346289815e-06 	 8.191878763314213e-13
30.04882882882883 	 1.67707471002629e-06 	 7.612539796166654e-13
30.54930930930931 	 1.6037402188666655e-06 	 7.084185671326361e-13
31.049789789789795 	 1.5343350463632127e-06 	 6.601368282543412e-13
31.550270270270275 	 1.4686983617176443e-06 	 6.159377492651468e-13
32.05075075075076 	 1.4066759361581762e-06 	 5.754073525788199e-13
32.55123123123124 	 1.3480853583267994e-06 	 5.381811009133062e-13
33.05171171171172 	 1.2927514381360853e-06 	 5.039394265609714e-13
33.5521921921922 	 1.2405158603985438e-06 	 4.723965511268266e-13
34.05267267267268 	 1.1911852412945488e-06 	 4.4330013278470025e-13
34.55315315315316 	 1.1445931538513937e-06 	 4.164253737888537e-13
35.053633633633645 	 1.100565837618657e-06 	 3.9157005429921337e-13
35.55411411411412 	 1.0589547375546789e-06 	 3.6855468912085224e-13
36.054594594594604 	 1.0196041034418762e-06 	 3.4721703979880335e-13
36.55507507507508 	 9.823690076935402e-07 	 3.2741266121463346e-13
37.055555555555564 	 9.471187433965242e-07 	 3.0901004487961957e-13
37.55603603603605 	 9.137190797196884e-07 	 2.9189178164835587e-13
38.056516516516524 	 8.820598201040723e-07 	 2.7595094722419567e-13
38.55699699699701 	 8.520196000953349e-07 	 2.610918291494172e-13
39.057477477477484 	 8.235033318638798e-07 	 2.472266759038487e-13
39.55795795795797 	 7.964116093495421e-07 	 2.3427649602381725e-13
40.05843843843845 	 7.706540774870929e-07 	 2.221695432467658e-13
40.55891891891893 	 7.461474950421652e-07 	 2.1084041484114325e-13
41.05939939939941 	 7.228126625998418e-07 	 2.00229696947119e-13
41.55987987987989 	 7.005820213671553e-07 	 1.902828700500137e-13
42.06036036036037 	 6.79384652167061e-07 	 1.8095068022885221e-13
42.56084084084085 	 6.591557258274735e-07 	 1.7218796882652129e-13
43.06132132132133 	 6.398429949052693e-07 	 1.639530404476376e-13
43.56180180180181 	 6.213921409542624e-07 	 1.5620798390883634e-13
44.06228228228229 	 6.037485482779022e-07 	 1.4891830084025307e-13
44.56276276276277 	 5.868686555327312e-07 	 1.4205194270672582e-13
45.06324324324325 	 5.707087277541522e-07 	 1.355795325847438e-13
45.56372372372373 	 5.552300946611362e-07 	 1.2947399033042304e-13
46.064204204204216 	 5.403907600153239e-07 	 1.2371078163345494e-13
46.56468468468469 	 5.261577658353704e-07 	 1.1826690385674383e-13
47.065165165165176 	 5.124987862492709e-07 	 1.1312111853581892e-13
47.56564564564565 	 4.993826207331602e-07 	 1.0825405370511346e-13
48.066126126126136 	 4.867794930384608e-07 	 1.0364770326125597e-13
48.56660660660662 	 4.7466430999023626e-07 	 9.928529991574997e-14
49.067087087087096 	 4.6301187099992956e-07 	 9.515144938914877e-14
49.56756756756758 	 4.5179832803528975e-07 	 9.123182887201882e-14
50.068048048048055 	 4.410005464996493e-07 	 8.7513255183718e-14
50.56852852852854 	 4.3059798372146115e-07 	 8.398340682588694e-14
51.06900900900902 	 4.20572261580737e-07 	 8.063078144291255e-14
51.5694894894895 	 4.109038463147369e-07 	 7.744483162627404e-14
52.06996996996998 	 4.0157681590084327e-07 	 7.441556933975387e-14
52.57045045045046 	 3.925762137000963e-07 	 7.153375510031558e-14
53.07093093093094 	 3.838837376153395e-07 	 6.879098446720422e-14
53.571411411411425 	 3.7548727388074495e-07 	 6.617909607354621e-14
54.0718918918919 	 3.673715793734478e-07 	 6.369071932418001e-14
54.572372372372385 	 3.5952545174194983e-07 	 6.131883857114493e-14
55.07285285285286 	 3.519369414856767e-07 	 5.90568854388111e-14
55.573333333333345 	 3.445929483232529e-07 	 5.689887992576478e-14
56.07381381381382 	 3.374855545520817e-07 	 5.483901515772839e-14
56.574294294294305 	 3.306020951515751e-07 	 5.287202027100897e-14
57.07477477477479 	 3.2393522482190144e-07 	 5.09928312471896e-14
57.575255255255264 	 3.174734250248373e-07 	 4.919682541821312e-14
58.07573573573575 	 3.1120970791301415e-07 	 4.7479588355971346e-14
58.576216216216224 	 3.0513442965356766e-07 	 4.5837005617919644e-14
59.07669669669671 	 2.992420756081344e-07 	 4.426514982709274e-14
59.57717717717719 	 2.935245172644678e-07 	 4.276038915956926e-14
60.07765765765767 	 2.8797362334006744e-07 	 4.13193626233897e-14
60.57813813813815 	 2.825827432541518e-07 	 3.9938821511583834e-14
61.07861861861863 	 2.773477048590464e-07 	 3.8615680698611316e-14
61.57909909909911 	 2.7226103127682314e-07 	 3.7347128730280725e-14
62.079579579579594 	 2.6731701881568e-07 	 3.61304584892694e-14
62.58006006006007 	 2.625103072718507e-07 	 3.4963161049428506e-14
63.080540540540554 	 2.5783698918111345e-07 	 3.38427684178433e-14
63.58102102102103 	 2.532892287505895e-07 	 3.276714577780851e-14
64.0815015015015 	 2.488651143950889e-07 	 3.1734075578259434e-14
64.58198198198198 	 2.445600028816483e-07 	 3.07415183940306e-14
65.08246246246247 	 2.4036792995932694e-07 	 2.9787673992387165e-14
65.58294294294295 	 2.3628535260887818e-07 	 2.887067424393119e-14
66.08342342342343 	 2.3230994999727602e-07 	 2.7988795298715203e-14
66.5839039039039 	 2.2843610501778296e-07 	 2.7140486306357612e-14
67.08438438438439 	 2.2466082775810117e-07 	 2.6324193926709354e-14
67.58486486486487 	 2.2098131027163632e-07 	 2.5538450916566785e-14
68.08534534534535 	 2.1739389932972187e-07 	 2.478192623335491e-14
68.58582582582584 	 2.1389505378577675e-07 	 2.4053312571192036e-14
69.08630630630631 	 2.104827133041495e-07 	 2.335137417659175e-14
69.58678678678679 	 2.0715381339994036e-07 	 2.2674929678068085e-14
70.08726726726728 	 2.039045058816853e-07 	 2.20228958124771e-14
70.58774774774776 	 2.007337639849988e-07 	 2.1394206897707315e-14
71.08822822822823 	 1.9763830257088183e-07 	 2.078785691185284e-14
71.58870870870871 	 1.9461491796657276e-07 	 2.0202930944943455e-14
72.0891891891892 	 1.9166186243690443e-07 	 1.963850029860386e-14
72.58966966966968 	 1.8877851288367755e-07 	 1.9093682856271793e-14
73.09015015015015 	 1.8596044664277525e-07 	 1.8567693036405702e-14
73.59063063063064 	 1.832064656518855e-07 	 1.8059757611639615e-14
74.09111111111112 	 1.805149884336354e-07 	 1.7569133478223156e-14
74.5915915915916 	 1.7788352430301931e-07 	 1.7095096630655662e-14
75.09207207207209 	 1.7531000700579042e-07 	 1.663700073219353e-14
75.59255255255256 	 1.7279470766198997e-07 	 1.619416133379078e-14
76.09303303303304 	 1.7033284458546442e-07 	 1.576604452862298e-14
76.59351351351351 	 1.6792558661568175e-07 	 1.5351993319195018e-14
77.093993993994 	 1.6556996097826287e-07 	 1.495148130829257e-14
77.59447447447448 	 1.6326371338454125e-07 	 1.4564006361530518e-14
78.09495495495496 	 1.6100710007433638e-07 	 1.4189015257451637e-14
78.59543543543545 	 1.5879795758163062e-07 	 1.3826049988936509e-14
79.09591591591592 	 1.5663473106498892e-07 	 1.3474656348336937e-14
79.5963963963964 	 1.545162727645039e-07 	 1.3134390737183926e-14
80.09687687687689 	 1.5244206085625842e-07 	 1.2804814229814469e-14
80.59735735735737 	 1.5040950330485238e-07 	 1.2485544008718404e-14
81.09783783783784 	 1.484187020802352e-07 	 1.2176177586457371e-14
81.59831831831832 	 1.464680819908212e-07 	 1.1876370881991786e-14
82.09879879879881 	 1.445562461595707e-07 	 1.1585748862262006e-14
82.59927927927929 	 1.4268164347601458e-07 	 1.1303998226935308e-14
83.09975975975976 	 1.408445976905856e-07 	 1.1030776224686109e-14
83.60024024024025 	 1.3904339429383664e-07 	 1.0765774350453041e-14
84.10072072072073 	 1.3727747326299099e-07 	 1.050869824844543e-14
84.6012012012012 	 1.355456956453871e-07 	 1.0259265891525335e-14
85.10168168168168 	 1.3384615485011593e-07 	 1.0017224501566655e-14
85.60216216216217 	 1.3218055827802882e-07 	 9.782277831828676e-15
86.10264264264265 	 1.3054506079456824e-07 	 9.554212687922189e-15
86.60312312312313 	 1.2894092419356747e-07 	 9.332753353795657e-15
87.10360360360362 	 1.2736674501172628e-07 	 9.117691074510829e-15
87.60408408408409 	 1.258215847867974e-07 	 8.908803178417333e-15
88.10456456456457 	 1.2430504995641467e-07 	 8.705879706804498e-15
88.60504504504506 	 1.228155135497768e-07 	 8.508717264089056e-15
89.10552552552554 	 1.2135403657360924e-07 	 8.31710508561357e-15
89.60600600600601 	 1.199186489215057e-07 	 8.13087463798425e-15
90.10648648648649 	 1.1850866311975167e-07 	 7.949842081057017e-15
90.60696696696698 	 1.1712439629537635e-07 	 7.773821013143397e-15
91.10744744744746 	 1.1576416445884336e-07 	 7.602660902780247e-15
91.60792792792793 	 1.1442816693030271e-07 	 7.436202101317385e-15
92.10840840840842 	 1.1311519120892767e-07 	 7.274275743407703e-15
92.6088888888889 	 1.118255298372289e-07 	 7.116735054037078e-15
93.10936936936938 	 1.1055783360973456e-07 	 6.963452159333034e-15
93.60984984984987 	 1.0931212658462992e-07 	 6.814279046425851e-15
94.11033033033034 	 1.0808756351891493e-07 	 6.669092515319815e-15
94.61081081081082 	 1.0688389669898906e-07 	 6.52775491395766e-15
95.1112912912913 	 1.0570070937057002e-07 	 6.390144601256237e-15
95.61177177177179 	 1.0453685586877488e-07 	 6.256156799966847e-15
96.11225225225226 	 1.033927945324223e-07 	 6.125665727414339e-15
96.61273273273274 	 1.0226757954258282e-07 	 5.9985623865974825e-15
97.11321321321323 	 1.0116102786373914e-07 	 5.874745129567782e-15
97.6136936936937 	 1.0007250033871223e-07 	 5.754114992120603e-15
98.11417417417418 	 9.900161346010958e-08 	 5.6365717796295956e-15
98.61465465465466 	 9.794852777996986e-08 	 5.522010562549798e-15
99.11513513513515 	 9.691229708133554e-08 	 5.410356586862389e-15
99.61561561561562 	 9.589244589612519e-08 	 5.3015141113588726e-15
100.1160960960961 	 9.506200953001953e-08 	 5.1956966335260286e-15
100.61657657657659 	 9.458915821839875e-08 	 5.093088995989935e-15
101.11705705705707 	 9.412098767693734e-08 	 4.99300184326525e-15
101.61753753753754 	 9.365742874530656e-08 	 4.89536124228399e-15
102.11801801801803 	 9.319841361899704e-08 	 4.800095777768627e-15
102.61849849849851 	 9.274387581625637e-08 	 4.707136454714675e-15
103.11897897897899 	 9.229375014598958e-08 	 4.616416605101897e-15
103.61945945945946 	 9.184797267658981e-08 	 4.527871798631349e-15
104.11993993993995 	 9.140648070566806e-08 	 4.441439757296168e-15
104.62042042042043 	 9.096921273065165e-08 	 4.357060273604015e-15
105.1209009009009 	 9.053610842022258e-08 	 4.2746751322785265e-15
105.6213813813814 	 9.010710858656794e-08 	 4.1942280352761675e-15
106.12186186186187 	 8.968215515841554e-08 	 4.115664529963179e-15
106.62234234234235 	 8.926119115482899e-08 	 4.038931940305347e-15
107.12282282282284 	 8.884416065973723e-08 	 3.963979300930836e-15
107.62330330330332 	 8.84310087971749e-08 	 3.8907572939334126e-15
108.1237837837838 	 8.802168170721025e-08 	 3.819218188290055e-15
108.62426426426427 	 8.761612652253852e-08 	 3.749315781773391e-15
109.12474474474476 	 8.721429134571947e-08 	 3.6810053452452855e-15
109.62522522522524 	 8.681612522703836e-08 	 3.614243569223626e-15
110.12570570570571 	 8.642157814297067e-08 	 3.548988512619702e-15
110.6261861861862 	 8.603060097523137e-08 	 3.4851995535486584e-15
111.12666666666668 	 8.564314549039029e-08 	 3.422837342120284e-15
111.62714714714716 	 8.525916432003583e-08 	 3.3618637551219156e-15
112.12762762762763 	 8.487861094147008e-08 	 3.3022418525096326e-15
112.62810810810812 	 8.45014396589184e-08 	 3.2439358356278563e-15
113.1285885885886 	 8.4127605585238e-08 	 3.186911007081454e-15
113.62906906906908 	 8.375706462410966e-08 	 3.131133732187987e-15
114.12954954954957 	 8.338977345269826e-08 	 3.0765714019413433e-15
114.63003003003004 	 8.30256895047674e-08 	 3.023192397421107e-15
115.13051051051052 	 8.266477095423449e-08 	 2.970966055585319e-15
115.63099099099101 	 8.230697669915275e-08 	 2.9198626363870644e-15
116.13147147147149 	 8.195226634610768e-08 	 2.8698532911582652e-15
116.63195195195196 	 8.160060019501506e-08 	 2.8209100322066115e-15
117.13243243243244 	 8.125193922430864e-08 	 2.77300570357414e-15
117.63291291291293 	 8.090624507650615e-08 	 2.7261139529083678e-15
118.1333933933934 	 8.05634800441421e-08 	 2.6802092043991258e-15
118.63387387387388 	 8.02236070560566e-08 	 2.6352666327364253e-15
119.13435435435437 	 7.988658966402987e-08 	 2.5912621380467467e-15
119.63483483483485 	 7.955239202975222e-08 	 2.5481723217670513e-15
120.13531531531532 	 7.922097891211963e-08 	 2.5059744634177264e-15
120.63579579579581 	 7.889231565484576e-08 	 2.464646498237374e-15
121.13627627627629 	 7.856636817438083e-08 	 2.4241669956440756e-15
121.63675675675677 	 7.824310294812894e-08 	 2.3845151384893235e-15
122.13723723723724 	 7.79224870029549e-08 	 2.345670703072354e-15
122.63771771771773 	 7.760448790397265e-08 	 2.3076140398840218e-15
123.13819819819821 	 7.728907374360702e-08 	 2.270326055050765e-15
123.63867867867869 	 7.697621313092108e-08 	 2.233788192450475e-15
124.13915915915918 	 7.666587518120176e-08 	 2.197982416473356e-15
124.63963963963965 	 7.635802950579642e-08 	 2.1628911954020462e-15
125.14012012012013 	 7.605264620219305e-08 	 2.128497485386339e-15
125.64060060060062 	 7.574969584433793e-08 	 2.094784714989021e-15
126.1410810810811 	 7.544914947318343e-08 	 2.061736770280243e-15
126.64156156156157 	 7.515097858746021e-08 	 2.029337980458925e-15
127.14204204204205 	 7.485515513466721e-08 	 1.9975731039805275e-15
127.64252252252254 	 7.456165150227363e-08 	 1.9664273151714932e-15
128.14300300300303 	 7.427044050912715e-08 	 1.9358861913114255e-15
128.64348348348352 	 7.398149539706262e-08 	 1.9059357001649452e-15
129.14396396396398 	 7.369478982270596e-08 	 1.876562187945876e-15
129.64444444444447 	 7.341029784946772e-08 	 1.8477523676971695e-15
130.14492492492496 	 7.312799393972162e-08 	 1.8194933080707067e-15
130.64540540540543 	 7.284785294716276e-08 	 1.7917724224916853e-15
131.14588588588592 	 7.256985010934067e-08 	 1.7645774586930553e-15
131.6463663663664 	 7.229396104036294e-08 	 1.737896488605994e-15
132.14684684684687 	 7.202016172376441e-08 	 1.7117178985929983e-15
132.64732732732736 	 7.174842850553795e-08 	 1.686030380010771e-15
133.14780780780782 	 7.147873808732242e-08 	 1.6608229200905538e-15
133.6482882882883 	 7.121106751974346e-08 	 1.6360847931240796e-15
134.1487687687688 	 7.09453941959037e-08 	 1.61180555194384e-15
134.64924924924927 	 7.068169584501787e-08 	 1.5879750196867476e-15
135.14972972972976 	 7.041995052618941e-08 	 1.5645832818307831e-15
135.65021021021025 	 7.016013662232487e-08 	 1.5416206784946085e-15
136.1506906906907 	 6.990223283418259e-08 	 1.5190777969905282e-15
136.6511711711712 	 6.964621817455198e-08 	 1.4969454646215582e-15
137.1516516516517 	 6.939207196256046e-08 	 1.4752147417137844e-15
137.65213213213215 	 6.91397738181044e-08 	 1.4538769148754515e-15
138.15261261261264 	 6.888930365640122e-08 	 1.4329234904746436e-15
138.65309309309313 	 6.86406416826595e-08 	 1.412346188327711e-15
139.1535735735736 	 6.839376838686405e-08 	 1.3921369355908917e-15
139.6540540540541 	 6.8148664538673e-08 	 1.3722878608478762e-15
140.15453453453458 	 6.790531118242455e-08 	 1.3527912883863992e-15
140.65501501501504 	 6.766368963224998e-08 	 1.3336397326571052e-15
141.15549549549553 	 6.742378146729077e-08 	 1.3148258929083133e-15
141.65597597597602 	 6.71855685270172e-08 	 1.296342647990478e-15
142.15645645645648 	 6.69490329066456e-08 	 1.2781830513243938e-15
142.65693693693697 	 6.671415695265233e-08 	 1.2603403260274472e-15
143.15741741741743 	 6.648092325838165e-08 	 1.2428078601924164e-15
143.65789789789793 	 6.624931465974555e-08 	 1.2255792023135135e-15
144.15837837837842 	 6.601931423101302e-08 	 1.2086480568546169e-15
144.65885885885888 	 6.579090528068689e-08 	 1.1920082799547668e-15
145.15933933933937 	 6.556407134746575e-08 	 1.1756538752662354e-15
145.65981981981986 	 6.533879619628935e-08 	 1.1595789899206384e-15
146.16030030030032 	 6.51150638144651e-08 	 1.1437779106187196e-15
146.6607807807808 	 6.489285840787386e-08 	 1.1282450598396104e-15
147.1612612612613 	 6.467216439725333e-08 	 1.1129749921655314e-15
147.66174174174176 	 6.445296641455677e-08 	 1.0979623907180308e-15
148.16222222222225 	 6.423524929938576e-08 	 1.083202063702015e-15
148.66270270270275 	 6.40189980954948e-08 	 1.0686889410539697e-15
149.1631831831832 	 6.380419804736656e-08 	 1.0544180711908808e-15
149.6636636636637 	 6.359083459685541e-08 	 1.040384617856506e-15
150.1641441441442 	 6.33788933798986e-08 	 1.0265838570617841e-15
150.66462462462465 	 6.316836022329252e-08 	 1.013011174116245e-15
151.16510510510514 	 6.29592211415333e-08 	 9.99662060747447e-16
151.6655855855856 	 6.275146233371984e-08 	 9.86532112305536e-16
152.1660660660661 	 6.254507018051798e-08 	 9.736170250501431e-16
152.66654654654658 	 6.234003124118434e-08 	 9.609125935169413e-16
153.16702702702705 	 6.213633225064868e-08 	 9.48414707961267e-16
153.66750750750754 	 6.193396011665293e-08 	 9.361193518762972e-16
154.16798798798803 	 6.173290191694642e-08 	 9.240225995834023e-16
154.6684684684685 	 6.153314489653508e-08 	 9.121206138923166e-16
155.16894894894898 	 6.133467646498422e-08 	 9.00409643828912e-16
155.66942942942947 	 6.113748419377321e-08 	 8.888860224283999e-16
156.16990990990993 	 6.094155581370104e-08 	 8.775461645918733e-16
156.67039039039042 	 6.074687921234152e-08 	 8.663865650041769e-16
157.1708708708709 	 6.05534424315473e-08 	 8.554037961111751e-16
157.67135135135138 	 6.03612336650013e-08 	 8.445945061545151e-16
158.17183183183187 	 6.017024125581447e-08 	 8.339554172620945e-16
158.67231231231236 	 5.998045369416941e-08 	 8.234833235924862e-16
159.17279279279282 	 5.979185961500807e-08 	 8.131750895316141e-16
159.6732732732733 	 5.960444779576312e-08 	 8.030276479400666e-16
160.1737537537538 	 5.9418207154131786e-08 	 7.930379984494691e-16
160.67423423423426 	 5.923312674589138e-08 	 7.832032058063863e-16
161.17471471471475 	 5.904919576275537e-08 	 7.735203982622954e-16
161.67519519519522 	 5.8866403530269424e-08 	 7.639867660082079e-16
162.1756756756757 	 5.868473950574637e-08 	 7.545995596525645e-16
162.6761561561562 	 5.850419327623923e-08 	 7.45356088741083e-16
163.17663663663666 	 5.8324754556551596e-08 	 7.362537203172748e-16
163.67711711711715 	 5.814641318728444e-08 	 7.272898775223932e-16
164.17759759759764 	 5.7969159132918755e-08 	 7.184620382336179e-16
164.6780780780781 	 5.779298247993319e-08 	 7.097677337393242e-16
165.1785585585586 	 5.761787343495564e-08 	 7.012045474502977e-16
165.67903903903908 	 5.7443822322948666e-08 	 6.927701136458456e-16
166.17951951951954 	 5.7270819585427545e-08 	 6.844621162537317e-16
166.68000000000004 	 5.709885577871032e-08 	 6.762782876629306e-16
167.18048048048053 	 5.6927921572199585e-08 	 6.682164075682382e-16
167.680960960961 	 5.675800774669471e-08 	 6.602743018457675e-16
168.18144144144148 	 5.6589105192734434e-08 	 6.524498414584321e-16
168.68192192192197 	 5.642120490896882e-08 	 6.447409413905284e-16
169.18240240240243 	 5.6254298000560204e-08 	 6.371455596105538e-16
169.68288288288292 	 5.6088375677612365e-08 	 6.296616960614369e-16
170.18336336336338 	 5.592342925362752e-08 	 6.222873916773785e-16
170.68384384384387 	 5.5759450143990295e-08 	 6.15020727426518e-16
171.18432432432436 	 5.559642986447848e-08 	 6.078598233786862e-16
171.68480480480483 	 5.543436002979971e-08 	 6.008028377975042e-16
172.18528528528532 	 5.527323235215365e-08 	 5.938479662561305e-16
172.6857657657658 	 5.511303863981931e-08 	 5.869934407759753e-16
173.18624624624627 	 5.4953770795766764e-08 	 5.802375289877164e-16
173.68672672672676 	 5.4795420816292775e-08 	 5.735785333139747e-16
174.18720720720725 	 5.4637980789680224e-08 	 5.670147901730446e-16
174.6876876876877 	 5.448144289488028e-08 	 5.605446692030552e-16
175.1881681681682 	 5.432579940021729e-08 	 5.5416657250600305e-16
175.6886486486487 	 5.41710426621159e-08 	 5.478789339110815e-16
176.18912912912916 	 5.401716512384965e-08 	 5.416802182567588e-16
176.68960960960965 	 5.3864159314311056e-08 	 5.355689206910858e-16
177.19009009009014 	 5.371201784680236e-08 	 5.295435659897125e-16
177.6905705705706 	 5.3560733417846875e-08 	 5.236027078911185e-16
178.1910510510511 	 5.34102988060202e-08 	 5.177449284485784e-16
178.69153153153155 	 5.3260706870801236e-08 	 5.119688373983939e-16
179.19201201201204 	 5.31119505514423e-08 	 5.062730715439367e-16
179.69249249249253 	 5.296402286585826e-08 	 5.006562941550714e-16
180.192972972973 	 5.2816916909534094e-08 	 4.951171943825271e-16
180.6934534534535 	 5.267062585445062e-08 	 4.896544866868037e-16
181.19393393393398 	 5.252514294802808e-08 	 4.842669102812215e-16
181.69441441441444 	 5.238046151208709e-08 	 4.789532285887169e-16
182.19489489489493 	 5.223657494182681e-08 	 4.737122287120135e-16
182.69537537537542 	 5.209347670481985e-08 	 4.685427209168033e-16
183.19585585585588 	 5.195116034002369e-08 	 4.634435381275816e-16
183.69633633633637 	 5.1809619456808203e-08 	 4.584135354357931e-16
184.19681681681686 	 5.166884773399911e-08 	 4.534515896199605e-16
184.69729729729733 	 5.1528838918936925e-08 	 4.485565986774633e-16
185.19777777777782 	 5.138958682655115e-08 	 4.4372748136766104e-16
185.6982582582583 	 5.125108533844954e-08 	 4.389631767660559e-16
186.19873873873877 	 5.111332840202194e-08 	 4.3426264382919187e-16
186.69921921921926 	 5.097631002955855e-08 	 4.296248609700126e-16
187.19969969969975 	 5.084002429738248e-08 	 4.2504882564339706e-16
187.7001801801802 	 5.070446534499592e-08 	 4.2053355394159617e-16
188.2006606606607 	 5.0569627374240205e-08 	 4.1607808019931907e-16
188.70114114114116 	 5.043550464846904e-08 	 4.116814566082052e-16
189.20162162162165 	 5.0302091491734994e-08 	 4.0734275284043956e-16
189.70210210210215 	 5.016938228798876e-08 	 4.0306105568126915e-16
190.2025825825826 	 5.003737148029113e-08 	 3.9883546867018746e-16
190.7030630630631 	 4.990605357003735e-08 	 3.946651117505613e-16
191.2035435435436 	 4.977542311619365e-08 	 3.905491209274784e-16
191.70402402402405 	 4.964547473454576e-08 	 3.8648664793360396e-16
192.20450450450454 	 4.951620309695911e-08 	 3.8247685990283465e-16
192.70498498498503 	 4.938760293065066e-08 	 3.7851893905155606e-16
193.2054654654655 	 4.925966901747195e-08 	 3.7461208236729595e-16
193.70594594594598 	 4.913239619320329e-08 	 3.707555013045944e-16
194.20642642642648 	 4.900577934685888e-08 	 3.669484214878974e-16
194.70690690690694 	 4.887981342000266e-08 	 3.63190082421299e-16
195.20738738738743 	 4.875449340607464e-08 	 3.5947973720495495e-16
195.70786786786792 	 4.862981434972761e-08 	 3.5581665225799635e-16
196.20834834834838 	 4.850577134617397e-08 	 3.5220010704778333e-16
196.70882882882887 	 4.838235954054254e-08 	 3.486293938253312e-16
197.20930930930933 	 4.825957412724519e-08 	 3.4510381736675915e-16
197.70978978978982 	 4.8137410349353016e-08 	 3.416226947206057e-16
198.2102702702703 	 4.8015863497982095e-08 	 3.381853549608648e-16
198.71075075075078 	 4.789492891168839e-08 	 3.347911389456003e-16
199.21123123123127 	 4.777460197587182e-08 	 3.3143939908099403e-16
199.71171171171176 	 4.765487812218934e-08 	 3.2812949909070075e-16
200.21219219219222 	 4.7535752827976814e-08 	 3.248608137903693e-16
200.7126726726727 	 4.741722161567939e-08 	 3.216327288672032e-16
201.2131531531532 	 4.729928005229062e-08 	 3.184446406644435e-16
201.71363363363366 	 4.718192374879979e-08 	 3.1529595597064074e-16
202.21411411411415 	 4.7065148359647336e-08 	 3.12186091813605e-16
202.71459459459464 	 4.694894958218867e-08 	 3.0911447525891923e-16
203.2150750750751 	 4.6833323156165566e-08 	 3.060805432129001e-16
203.7155555555556 	 4.6718264863185555e-08 	 3.030837422298991e-16
204.2160360360361 	 4.660377052620892e-08 	 3.001235283238413e-16
204.71651651651655 	 4.648983600904319e-08 	 2.971993667838917e-16
205.21699699699704 	 4.6376457215845066e-08 	 2.9431073199415567e-16
205.71747747747753 	 4.626363009062956e-08 	 2.914571072573111e-16
206.217957957958 	 4.61513506167864e-08 	 2.886379846220799e-16
206.71843843843848 	 4.6039614816603345e-08 	 2.8585286471444406e-16
207.21891891891894 	 4.592841875079641e-08 	 2.8310125657251866e-16
207.71939939939944 	 4.581775851804698e-08 	 2.8038267748499083e-16
208.21987987987993 	 4.5707630254545546e-08 	 2.7769665283304373e-16
208.7203603603604 	 4.55980301335419e-08 	 2.750427159356767e-16
209.22084084084088 	 4.5488954364902015e-08 	 2.72420407898345e-16
209.72132132132137 	 4.538039919467103e-08 	 2.6982927746483955e-16
210.22180180180183 	 4.52723609046427e-08 	 2.6726888087232797e-16
210.72228228228232 	 4.51648358119347e-08 	 2.6473878170948205e-16
211.2227627627628 	 4.505782026857034e-08 	 2.622385507776234e-16
211.72324324324327 	 4.495131066106585e-08 	 2.59767765954809e-16
212.22372372372377 	 4.484530341002371e-08 	 2.573260120627928e-16
212.72420420420426 	 4.473979496973171e-08 	 2.5491288073679506e-16
213.22468468468472 	 4.463478182776758e-08 	 2.5252797029801233e-16
213.7251651651652 	 4.4530260504609223e-08 	 2.5017088562880405e-16
214.2256456456457 	 4.442622755325038e-08 	 2.47841238050496e-16
214.72612612612616 	 4.4322679558821774e-08 	 2.455386452037375e-16
215.22660660660665 	 4.4219613138217335e-08 	 2.432627309313523e-16
215.7270870870871 	 4.411702493972587e-08 	 2.410131251636298e-16
216.2275675675676 	 4.4014911642667656e-08 	 2.387894638059949e-16
216.7280480480481 	 4.391326995703615e-08 	 2.365913886290061e-16
217.22852852852856 	 4.38120966231447e-08 	 2.344185471606255e-16
217.72900900900905 	 4.371138841127799e-08 	 2.3227059258071064e-16
218.22948948948954 	 4.361114212134841e-08 	 2.3014718361767585e-16
218.72996996997 	 4.351135458255713e-08 	 2.2804798444727543e-16
219.2304504504505 	 4.3412022653059695e-08 	 2.259726645934577e-16
219.73093093093098 	 4.331314321963636e-08 	 2.239208988312462e-16
220.23141141141144 	 4.3214713197366794e-08 	 2.2189236709159913e-16
220.73189189189193 	 4.311672952930927e-08 	 2.1988675436820436e-16
221.23237237237242 	 4.3019189186184195e-08 	 2.1790375062616593e-16
221.7328528528529 	 4.292208916606192e-08 	 2.1594305071253835e-16
222.23333333333338 	 4.282542649405476e-08 	 2.1400435426866848e-16
222.73381381381387 	 4.272919822201322e-08 	 2.1208736564430465e-16
223.23429429429433 	 4.263340142822621e-08 	 2.1019179381343247e-16
223.73477477477482 	 4.253803321712538e-08 	 2.0831735229179913e-16
224.23525525525528 	 4.244309071899338e-08 	 2.0646375905608986e-16
224.73573573573577 	 4.234857108967597e-08 	 2.0463073646471766e-16
225.23621621621626 	 4.2254471510298033e-08 	 2.028180111801927e-16
225.73669669669673 	 4.216078918698338e-08 	 2.0102531409303603e-16
226.23717717717722 	 4.206752135057817e-08 	 1.9925238024720093e-16
226.7376576576577 	 4.1974665256378105e-08 	 1.9749894876697397e-16
227.23813813813817 	 4.1882218183859196e-08 	 1.9576476278531783e-16
227.73861861861866 	 4.1790177436412013e-08 	 1.940495693736277e-16
228.23909909909915 	 4.169854034107954e-08 	 1.9235311947286943e-16
228.7395795795796 	 4.160730424829842e-08 	 1.9067516782606923e-16
229.2400600600601 	 4.1516466531643534e-08 	 1.8901547291212499e-16
229.7405405405406 	 4.142602458757601e-08 	 1.8737379688091173e-16
230.24102102102106 	 4.1335975835194506e-08 	 1.8574990548965235e-16
230.74150150150155 	 4.124631771598966e-08 	 1.8414356804052583e-16
231.24198198198204 	 4.115704769360178e-08 	 1.8255455731948799e-16
231.7424624624625 	 4.1068163253581696e-08 	 1.8098264953627625e-16
232.242942942943 	 4.097966190315464e-08 	 1.7942762426557466e-16
232.74342342342348 	 4.089154117098724e-08 	 1.7788926438931497e-16
233.24390390390394 	 4.0803798606957474e-08 	 1.7636735604008643e-16
233.74438438438443 	 4.071643178192754e-08 	 1.748616885456339e-16
234.2448648648649 	 4.0629438287519775e-08 	 1.7337205437442003e-16
234.74534534534538 	 4.0542815735895275e-08 	 1.718982490822273e-16
235.24582582582588 	 4.045656175953542e-08 	 1.7044007125978047e-16
235.74630630630634 	 4.0370674011026265e-08 	 1.689973224813666e-16
236.24678678678683 	 4.028515016284544e-08 	 1.6756980725442998e-16
236.74726726726732 	 4.0199987907152046e-08 	 1.6615733297012563e-16
237.24774774774778 	 4.0115184955578934e-08 	 1.6475970985480603e-16
237.74822822822827 	 4.003073903902783e-08 	 1.633767509224258e-16
238.24870870870876 	 3.9946647907466925e-08 	 1.6200827192784277e-16
238.74918918918922 	 3.986290932973098e-08 	 1.60654091320997e-16
239.24966966966971 	 3.977952109332406e-08 	 1.5931403020195042e-16
239.7501501501502 	 3.969648100422462e-08 	 1.579879122767679e-16
240.25063063063067 	 3.961378688669315e-08 	 1.566755638142237e-16
240.75111111111116 	 3.9531436583082074e-08 	 1.5537681360331433e-16
241.25159159159165 	 3.944942795364813e-08 	 1.5409149291156306e-16
241.7520720720721 	 3.936775887636703e-08 	 1.5281943544409853e-16
242.2525525525526 	 3.928642724675041e-08 	 1.5156047730349172e-16
242.75303303303306 	 3.920543097766512e-08 	 1.503144569503366e-16
243.25351351351355 	 3.912476799915461e-08 	 1.49081215164557e-16
243.75399399399404 	 3.904443625826265e-08 	 1.4786059500742842e-16
244.2544744744745 	 3.8964433718859154e-08 	 1.4665244178429572e-16
244.754954954955 	 3.888475836146811e-08 	 1.4545660300797638e-16
245.2554354354355 	 3.88054081830977e-08 	 1.4427292836283334e-16
245.75591591591595 	 3.8726381197072424e-08 	 1.4310126966950477e-16
246.25639639639644 	 3.864767543286728e-08 	 1.4194148085027538e-16
246.75687687687693 	 3.8569288935944055e-08 	 1.4079341789508084e-16
247.2573573573574 	 3.8491219767589433e-08 	 1.3965693882812649e-16
247.75783783783788 	 3.841346600475521e-08 	 1.385319036751131e-16
248.25831831831837 	 3.833602573990039e-08 	 1.3741817443105498e-16
248.75879879879884 	 3.825889708083521e-08 	 1.3631561502867903e-16
249.25927927927933 	 3.818207815056695e-08 	 1.3522409130739243e-16
249.75975975975982 	 3.8105567087147774e-08 	 1.3414347098280987e-16
250.26024024024028 	 3.8029362043524185e-08 	 1.3307362361682586e-16
250.76072072072077 	 3.7953461187388484e-08 	 1.320144205882243e-16
251.26120120120126 	 3.7877862701031836e-08 	 1.3096573506381267e-16
251.76168168168172 	 3.7802564781199255e-08 	 1.2992744197007176e-16
252.2621621621622 	 3.77275656389461e-08 	 1.2889941796530876e-16
252.76264264264267 	 3.7652863499496506e-08 	 1.278815414123069e-16
253.26312312312317 	 3.757845660210334e-08 	 1.2687369235145895e-16
253.76360360360366 	 3.750434319990988e-08 	 1.2587575247437626e-16
254.26408408408412 	 3.7430521559813083e-08 	 1.248876050979645e-16
254.7645645645646 	 3.7356989962328526e-08 	 1.2390913513895552e-16
255.2650450450451 	 3.7283746701456865e-08 	 1.2294022908888837e-16
255.76552552552556 	 3.721079008455192e-08 	 1.2198077498952878e-16
256.266006006006 	 3.7138118432190286e-08 	 1.210306624087195e-16
256.7664864864865 	 3.7065730078042435e-08 	 1.2008978241665375e-16
257.266966966967 	 3.699362336874539e-08 	 1.1915802756256185e-16
257.76744744744747 	 3.6921796663776846e-08 	 1.1823529185180535e-16
258.26792792792793 	 3.685024833533071e-08 	 1.1732147072336763e-16
258.76840840840845 	 3.6778976768194185e-08 	 1.1641646102773716e-16
259.2688888888889 	 3.670798035962619e-08 	 1.1552016100517273e-16
259.7693693693694 	 3.663725751923722e-08 	 1.1463247026434453e-16
260.2698498498499 	 3.656680666887059e-08 	 1.137532897613441e-16
260.77033033033035 	 3.6496626242485084e-08 	 1.1288252177905618e-16
261.2708108108108 	 3.642671468603884e-08 	 1.1202006990688365e-16
261.77129129129133 	 3.635707045737471e-08 	 1.1116583902082243e-16
262.2717717717718 	 3.628769202610685e-08 	 1.1031973526387611e-16
262.77225225225226 	 3.621857787350858e-08 	 1.0948166602680561e-16
263.2727327327328 	 3.614972649240161e-08 	 1.0865153992920767e-16
263.77321321321324 	 3.608113638704648e-08 	 1.0782926680091546e-16
264.2736936936937 	 3.601280607303422e-08 	 1.0701475766371492e-16
264.7741741741742 	 3.594473407717926e-08 	 1.0620792471337112e-16
265.2746546546547 	 3.587691893741362e-08 	 1.0540868130196025e-16
265.77513513513514 	 3.580935920268213e-08 	 1.0461694192049828e-16
266.2756156156156 	 3.574205343283902e-08 	 1.0383262218186407e-16
266.7760960960961 	 3.567500019854556e-08 	 1.0305563880400955e-16
267.2765765765766 	 3.560819808116887e-08 	 1.0228590959345219e-16
267.77705705705705 	 3.5541645672681873e-08 	 1.0152335342904365e-16
268.27753753753757 	 3.547534157556437e-08 	 1.0076789024601137e-16
268.77801801801803 	 3.540928440270526e-08 	 1.0001944102026621e-16
269.2784984984985 	 3.534347277730572e-08 	 9.927792775297148e-17
269.778978978979 	 3.52779053327836e-08 	 9.854327345536935e-17
270.2794594594595 	 3.521258071267889e-08 	 9.781540213386021e-17
270.77993993993994 	 3.514749757056006e-08 	 9.709423877532762e-17
271.28042042042046 	 3.508265456993163e-08 	 9.63797093327077e-17
271.7809009009009 	 3.501805038414269e-08 	 9.567174071079743e-17
272.2813813813814 	 3.4953683696296345e-08 	 9.497026075229494e-17
272.7818618618619 	 3.4889553199160345e-08 	 9.427519822407225e-17
273.28234234234236 	 3.48256575950785e-08 	 9.358648280367191e-17
273.7828228228228 	 3.47619955958832e-08 	 9.290404506602561e-17
274.28330330330334 	 3.469856592280882e-08 	 9.22278164703908e-17
274.7837837837838 	 3.4635367306406135e-08 	 9.155772934750038e-17
275.28426426426427 	 3.4572398486457574e-08 	 9.089371688692174e-17
275.7847447447448 	 3.450965821189351e-08 	 9.023571312462275e-17
276.28522522522525 	 3.444714524070939e-08 	 8.958365293073911e-17
276.7857057057057 	 3.438485833988373e-08 	 8.893747199754011e-17
277.2861861861862 	 3.4322796285297125e-08 	 8.829710682759005e-17
277.7866666666667 	 3.4260957861652e-08 	 8.766249472210062e-17
278.28714714714715 	 3.4199341862393314e-08 	 8.703357376947124e-17
278.78762762762767 	 3.4137947089630046e-08 	 8.641028283401431e-17
279.28810810810813 	 3.4076772354057636e-08 	 8.579256154486194e-17
279.7885885885886 	 3.401581647488109e-08 	 8.518035028504994e-17
280.2890690690691 	 3.395507827973909e-08 	 8.457359018077805e-17
280.7895495495496 	 3.3894556604628824e-08 	 8.397222309084105e-17
281.29003003003004 	 3.383425029383158e-08 	 8.337619159622867e-17
281.79051051051056 	 3.377415819983921e-08 	 8.278543898989208e-17
282.290990990991 	 3.371427918328137e-08 	 8.219990926667243e-17
282.7914714714715 	 3.365461211285346e-08 	 8.161954711338952e-17
283.291951951952 	 3.35951558652454e-08 	 8.104429789908795e-17
283.79243243243246 	 3.353590932507116e-08 	 8.047410766543785e-17
284.2929129129129 	 3.3476871384798966e-08 	 7.990892311728632e-17
284.7933933933934 	 3.3418040944682315e-08 	 7.934869161335888e-17
285.2938738738739 	 3.335941691269169e-08 	 7.879336115710717e-17
285.79435435435437 	 3.330099820444698e-08 	 7.824288038770016e-17
286.29483483483483 	 3.324278374315061e-08 	 7.76971985711569e-17
286.79531531531535 	 3.318477245952142e-08 	 7.715626559161835e-17
287.2957957957958 	 3.312696329172914e-08 	 7.662003194275554e-17
287.7962762762763 	 3.306935518532964e-08 	 7.608844871931167e-17
288.2967567567568 	 3.3011947093200806e-08 	 7.556146760877645e-17
288.79723723723725 	 3.295473797547913e-08 	 7.50390408831896e-17
289.2977177177177 	 3.2897726799496856e-08 	 7.452112139107166e-17
289.79819819819824 	 3.284091253971989e-08 	 7.400766254948005e-17
290.2986786786787 	 3.278429417768632e-08 	 7.349861833618821e-17
290.79915915915916 	 3.2727870701945526e-08 	 7.299394328198496e-17
291.2996396396397 	 3.2671641107997936e-08 	 7.249359246309318e-17
291.80012012012014 	 3.26156043982355e-08 	 7.199752149370546e-17
292.3006006006006 	 3.255975958188258e-08 	 7.150568651863328e-17
292.8010810810811 	 3.250410567493761e-08 	 7.101804420607047e-17
293.3015615615616 	 3.244864170011536e-08 	 7.053455174046669e-17
293.80204204204205 	 3.239336668678959e-08 	 7.005516681550971e-17
294.30252252252257 	 3.233827967093655e-08 	 6.957984762721545e-17
294.803003003003 	 3.228337969507892e-08 	 6.910855286712309e-17
295.3034834834835 	 3.2228665808230275e-08 	 6.864124171559328e-17
295.803963963964 	 3.2174137065840217e-08 	 6.817787383520879e-17
296.30444444444447 	 3.211979252974003e-08 	 6.771840936427504e-17
296.80492492492493 	 3.2065631268088855e-08 	 6.72628089104186e-17
297.30540540540545 	 3.201165235532041e-08 	 6.681103354428281e-17
297.8058858858859 	 3.195785487209034e-08 	 6.63630447933189e-17
298.3063663663664 	 3.190423790522391e-08 	 6.591880463566943e-17
298.8068468468469 	 3.185080054766445e-08 	 6.547827549414519e-17
299.30732732732736 	 3.1797541898422126e-08 	 6.504142023029126e-17
299.8078078078078 	 3.174446106252335e-08 	 6.46082021385428e-17
300.30828828828834 	 3.169155715096059e-08 	 6.417858494046782e-17
300.8087687687688 	 3.163882928064282e-08 	 6.375253277909622e-17
301.30924924924926 	 3.158627657434632e-08 	 6.333001021333338e-17
301.8097297297298 	 3.1533898160666034e-08 	 6.291098221245652e-17
302.31021021021024 	 3.1481693173967433e-08 	 6.24954141506935e-17
302.8106906906907 	 3.142966075433883e-08 	 6.208327180188163e-17
303.31117117117117 	 3.1377800047544125e-08 	 6.167452133420558e-17
303.8116516516517 	 3.132611020497606e-08 	 6.126912930501319e-17
304.31213213213215 	 3.127459038361001e-08 	 6.086706265570841e-17
304.8126126126126 	 3.122323974595805e-08 	 6.046828870671818e-17
305.31309309309313 	 3.117205746002362e-08 	 6.00727751525347e-17
305.8135735735736 	 3.112104269925662e-08 	 5.968049005683002e-17
306.31405405405405 	 3.107019464250885e-08 	 5.929140184764202e-17
306.8145345345346 	 3.101951247399002e-08 	 5.890547931263147e-17
307.31501501501504 	 3.0968995383224075e-08 	 5.852269159440797e-17
307.8154954954955 	 3.0918642565005994e-08 	 5.81430081859243e-17
308.315975975976 	 3.086845321935903e-08 	 5.776639892593793e-17
308.8164564564565 	 3.081842655149235e-08 	 5.739283399453853e-17
309.31693693693694 	 3.076856177175903e-08 	 5.702228390874039e-17
309.81741741741746 	 3.071885809561459e-08 	 5.665471951813877e-17
310.3178978978979 	 3.066931474357576e-08 	 5.629011200062942e-17
310.8183783783784 	 3.06199309411798e-08 	 5.592843285818941e-17
311.3188588588589 	 3.057070591894409e-08 	 5.556965391271937e-17
311.81933933933936 	 3.052163891232623e-08 	 5.5213747301945745e-17
312.3198198198198 	 3.047272916168439e-08 	 5.4860685475381195e-17
312.82030030030035 	 3.0423975912238136e-08 	 5.4510441190343883e-17
313.3207807807808 	 3.037537841402963e-08 	 5.4162987508033704e-17
313.82126126126127 	 3.032693592188511e-08 	 5.3818297789664e-17
314.3217417417418 	 3.0278647695376885e-08 	 5.347634569264969e-17
314.82222222222225 	 3.0230512998785535e-08 	 5.3137105166848824e-17
315.3227027027027 	 3.018253110106259e-08 	 5.280055045085828e-17
315.82318318318323 	 3.013470127579351e-08 	 5.246665606836183e-17
316.3236636636637 	 3.0087022801161015e-08 	 5.213539682453048e-17
316.82414414414416 	 3.00394949599088e-08 	 5.180674780247339e-17
317.3246246246247 	 2.9992117039305534e-08 	 5.148068435973937e-17
317.82510510510514 	 2.994488833110927e-08 	 5.115718212486784e-17
318.3255855855856 	 2.98978081315321e-08 	 5.083621699398817e-17
318.8260660660661 	 2.985087574120526e-08 	 5.0517765127467456e-17
319.3265465465466 	 2.9804090465144466e-08 	 5.020180294660503e-17
319.82702702702704 	 2.975745161271559e-08 	 4.988830713037359e-17
320.32750750750756 	 2.971095849760071e-08 	 4.957725461220597e-17
320.827987987988 	 2.9664610437764457e-08 	 4.926862257682727e-17
321.3284684684685 	 2.9618406755420588e-08 	 4.89623884571305e-17
321.82894894894895 	 2.9572346776999035e-08 	 4.86585299310968e-17
322.32942942942947 	 2.952642983311313e-08 	 4.835702491875794e-17
322.82990990990993 	 2.9480655258527168e-08 	 4.805785157920137e-17
323.3303903903904 	 2.9435022392124313e-08 	 4.7760988307616757e-17
323.8308708708709 	 2.9389530576874746e-08 	 4.7466413732383685e-17
324.3313513513514 	 2.9344179159804136e-08 	 4.717410671219957e-17
324.83183183183183 	 2.9298967491962403e-08 	 4.68840463332473e-17
325.33231231231235 	 2.925389492839274e-08 	 4.659621190640199e-17
325.8327927927928 	 2.9208960828101007e-08 	 4.6310582964476673e-17
326.3332732732733 	 2.9164164554025267e-08 	 4.60271392595051e-17
326.8337537537538 	 2.911950547300572e-08 	 4.574586076006257e-17
327.33423423423426 	 2.9074982955754885e-08 	 4.546672764862347e-17
327.8347147147147 	 2.9030596376828005e-08 	 4.518972031895471e-17
328.33519519519524 	 2.8986345114593767e-08 	 4.4914819373544983e-17
328.8356756756757 	 2.8942228551205332e-08 	 4.464200562106961e-17
329.33615615615616 	 2.889824607257151e-08 	 4.437126007388904e-17
329.8366366366367 	 2.8854397068328304e-08 	 4.4102563945582344e-17
330.33711711711715 	 2.881068093181068e-08 	 4.3835898648513815e-17
330.8375975975976 	 2.876709706002456e-08 	 4.357124579143256e-17
331.3380780780781 	 2.8723644853619117e-08 	 4.330858717710487e-17
331.8385585585586 	 2.868032371685932e-08 	 4.3047904799978813e-17
332.33903903903905 	 2.8637133057598664e-08 	 4.278918084387968e-17
332.83951951951957 	 2.8594072287252213e-08 	 4.2532397679737444e-17
333.34000000000003 	 2.85511408207699e-08 	 4.227753786334441e-17
333.8404804804805 	 2.8508338076609936e-08 	 4.2024584133142775e-17
334.340960960961 	 2.8465663476712654e-08 	 4.1773519408042635e-17
334.8414414414415 	 2.8423116446474425e-08 	 4.1524326785268716e-17
335.34192192192194 	 2.838069641472189e-08 	 4.1276989538236154e-17
335.84240240240246 	 2.8338402813686386e-08 	 4.103149111445456e-17
336.3428828828829 	 2.8296235078978645e-08 	 4.0787815133460565e-17
336.8433633633634 	 2.8254192649563648e-08 	 4.054594538477719e-17
337.3438438438439 	 2.8212274967735757e-08 	 4.0305865825900976e-17
337.84432432432436 	 2.8170481479094095e-08 	 4.006756058031595e-17
338.3448048048048 	 2.8128811632518034e-08 	 3.9831013935533356e-17
338.8452852852853 	 2.808726488014303e-08 	 3.959621034115805e-17
339.3457657657658 	 2.8045840677336554e-08 	 3.9363134406980116e-17
339.84624624624627 	 2.800453848267438e-08 	 3.913177090109199e-17
340.34672672672673 	 2.7963357757916904e-08 	 3.890210474803004e-17
340.84720720720725 	 2.79222979679858e-08 	 3.8674121026941116e-17
341.3476876876877 	 2.788135858094088e-08 	 3.8447804969773046e-17
341.8481681681682 	 2.784053906795705e-08 	 3.822314195948868e-17
342.3486486486487 	 2.7799838903301613e-08 	 3.8000117528303896e-17
342.84912912912915 	 2.775925756431164e-08 	 3.777871735594821e-17
343.3496096096096 	 2.771879453137165e-08 	 3.755892726794849e-17
343.85009009009013 	 2.7678449287891367e-08 	 3.734073323393481e-17
344.3505705705706 	 2.763822132028381e-08 	 3.712412136596884e-17
344.85105105105106 	 2.7598110117943427e-08 	 3.690907791689349e-17
345.3515315315316 	 2.7558115173224552e-08 	 3.6695589278704467e-17
345.85201201201204 	 2.751823598141996e-08 	 3.6483641980942874e-17
346.3524924924925 	 2.747847204073963e-08 	 3.6273222689108455e-17
346.852972972973 	 2.743882285228971e-08 	 3.606431820309367e-17
347.3534534534535 	 2.7399287920051672e-08 	 3.585691545563805e-17
347.85393393393394 	 2.735986675086158e-08 	 3.565100151080218e-17
348.35441441441446 	 2.7320558854389605e-08 	 3.54465635624617e-17
348.8548948948949 	 2.7281363743119754e-08 	 3.524358893282082e-17
349.3553753753754 	 2.72422809323296e-08 	 3.5042065070944335e-17
349.8558558558559 	 2.7203309940070382e-08 	 3.484197955130925e-17
350.35633633633637 	 2.716445028714721e-08 	 3.464332007237455e-17
350.85681681681683 	 2.7125701497099342e-08 	 3.444607445516937e-17
351.35729729729735 	 2.7087063096180773e-08 	 3.425023064189918e-17
351.8577777777778 	 2.704853461334091e-08 	 3.4055776694570003e-17
352.3582582582583 	 2.7010115580205454e-08 	 3.386270079363e-17
352.8587387387388 	 2.697180553105736e-08 	 3.367099123662813e-17
353.35921921921926 	 2.693360400281809e-08 	 3.348063643689051e-17
353.8596996996997 	 2.6895510535028904e-08 	 3.3291624922212914e-17
354.36018018018024 	 2.6857524669832376e-08 	 3.3103945333570225e-17
354.8606606606607 	 2.6819645951954072e-08 	 3.291758642384225e-17
355.36114114114116 	 2.678187392868432e-08 	 3.2732537056555367e-17
355.8616216216217 	 2.674420814986019e-08 	 3.2548786204640415e-17
356.36210210210214 	 2.6706648167847634e-08 	 3.236632294920598e-17
356.8625825825826 	 2.6669193537523724e-08 	 3.2185136478327376e-17
357.36306306306307 	 2.6631843816259075e-08 	 3.2005216085850526e-17
357.8635435435436 	 2.659459856390041e-08 	 3.18265511702112e-17
358.36402402402405 	 2.6557457342753306e-08 	 3.164913123326903e-17
358.8645045045045 	 2.6520419717564954e-08 	 3.147294587915566e-17
359.364984984985 	 2.6483485255507256e-08 	 3.129798481313809e-17
359.8654654654655 	 2.6446653526159933e-08 	 3.1124237840495585e-17
360.36594594594595 	 2.6409924101493766e-08 	 3.095169486541073e-17
360.8664264264265 	 2.6373296555854068e-08 	 3.078034588987458e-17
361.36690690690693 	 2.6336770465944214e-08 	 3.061018101260507e-17
361.8673873873874 	 2.6300345410809336e-08 	 3.044119042797903e-17
362.3678678678679 	 2.6264020971820153e-08 	 3.027336442497748e-17
362.8683483483484 	 2.6227796732656956e-08 	 3.0106693386143955e-17
363.36882882882884 	 2.6191672279293655e-08 	 2.994116778655554e-17
363.86930930930936 	 2.6155647199982046e-08 	 2.977677819280699e-17
364.3697897897898 	 2.611972108523616e-08 	 2.961351526200708e-17
364.8702702702703 	 2.608389352781672e-08 	 2.9451369740787286e-17
365.3707507507508 	 2.6048164122715783e-08 	 2.929033246432297e-17
365.87123123123126 	 2.60125324671415e-08 	 2.913039435536638e-17
366.3717117117117 	 2.5976998160502908e-08 	 2.8971546423291415e-17
366.87219219219224 	 2.5941560804394983e-08 	 2.88137797631503e-17
367.3726726726727 	 2.5906220002583726e-08 	 2.865708555474174e-17
367.87315315315317 	 2.587097536099139e-08 	 2.8501455061690394e-17
368.3736336336337 	 2.5835826487681838e-08 	 2.834687963053764e-17
368.87411411411415 	 2.5800772992846027e-08 	 2.81933506898435e-17
369.3745945945946 	 2.5765814488787563e-08 	 2.804085974929918e-17
369.87507507507513 	 2.5730950589908454e-08 	 2.788939839885088e-17
370.3755555555556 	 2.5696180912694903e-08 	 2.7738958307833865e-17
370.87603603603606 	 2.566150507570324e-08 	 2.7589531224117033e-17
371.3765165165166 	 2.5626922699546002e-08 	 2.7441108973258174e-17
371.87699699699704 	 2.5592433406878057e-08 	 2.7293683457669027e-17
372.3774774774775 	 2.5558036822382926e-08 	 2.7147246655790716e-17
372.877957957958 	 2.5523732572759118e-08 	 2.70017906212789e-17
373.3784384384385 	 2.5489520286706674e-08 	 2.6857307482199004e-17
373.87891891891894 	 2.5455399594913746e-08 	 2.6713789440230877e-17
374.37939939939946 	 2.5421370130043286e-08 	 2.6571228769883005e-17
374.8798798798799 	 2.5387431526719914e-08 	 2.6429617817716444e-17
375.3803603603604 	 2.535358342151681e-08 	 2.6288949001577717e-17
375.88084084084085 	 2.5319825452942734e-08 	 2.6149214809840894e-17
376.38132132132137 	 2.5286157261429175e-08 	 2.6010407800659044e-17
376.8818018018018 	 2.5252578489317595e-08 	 2.587252060122434e-17
377.3822822822823 	 2.521908878084673e-08 	 2.573554590703699e-17
377.8827627627628 	 2.5185687782140043e-08 	 2.5599476481182916e-17
378.38324324324327 	 2.515237514119327e-08 	 2.5464305153620092e-17
378.88372372372373 	 2.5119150507862042e-08 	 2.5330024820473203e-17
379.38420420420425 	 2.5086013533849623e-08 	 2.5196628443336805e-17
379.8846846846847 	 2.5052963872694734e-08 	 2.5064109048586608e-17
380.3851651651652 	 2.502000117975948e-08 	 2.4932459726698967e-17
380.8856456456457 	 2.4987125112217368e-08 	 2.4801673631578365e-17
381.38612612612616 	 2.4954335329041424e-08 	 2.467174397989287e-17
381.8866066066066 	 2.4921631490992416e-08 	 2.4542664050417435e-17
382.38708708708714 	 2.488901326060711e-08 	 2.4414427183384734e-17
382.8875675675676 	 2.4856480302186738e-08 	 2.4287026779843994e-17
383.38804804804806 	 2.4824032281785407e-08 	 2.416045630102686e-17
383.8885285285286 	 2.4791668867198692e-08 	 2.4034709267721057e-17
384.38900900900904 	 2.4759389727952342e-08 	 2.3909779259651334e-17
384.8894894894895 	 2.4727194535290974e-08 	 2.378565991486738e-17
385.38996996997 	 2.469508296216695e-08 	 2.3662344929139255e-17
385.8904504504505 	 2.4663054683229277e-08 	 2.3539828055359504e-17
386.39093093093095 	 2.4631109374812647e-08 	 2.3418103102952533e-17
386.89141141141147 	 2.4599246714926492e-08 	 2.3297163937290564e-17
387.39189189189193 	 2.456746638324423e-08 	 2.317700447911671e-17
387.8923723723724 	 2.453576806109246e-08 	 2.305761870397434e-17
388.3928528528529 	 2.4504151431440355e-08 	 2.2939000641643364e-17
388.8933333333334 	 2.447261617888908e-08 	 2.2821144375582904e-17
389.39381381381384 	 2.444116198966131e-08 	 2.270404404238039e-17
389.89429429429435 	 2.440978855159079e-08 	 2.2587693831206993e-17
390.3947747747748 	 2.4378495554112087e-08 	 2.2472087983279553e-17
390.8952552552553 	 2.4347282688250246e-08 	 2.235722079132827e-17
391.3957357357358 	 2.4316149646610677e-08 	 2.2243086599070893e-17
391.89621621621626 	 2.4285096123369058e-08 	 2.2129679800692758e-17
392.3966966966967 	 2.4254121814261327e-08 	 2.2016994840332895e-17
392.89717717717724 	 2.42232264165737e-08 	 2.1905026211575772e-17
393.3976576576577 	 2.4192409629132875e-08 	 2.179376845694925e-17
393.89813813813817 	 2.4161671152296202e-08 	 2.168321616742784e-17
394.3986186186186 	 2.4131010687941978e-08 	 2.1573363981941925e-17
394.89909909909915 	 2.4100427939459814e-08 	 2.146420658689241e-17
395.3995795795796 	 2.4069922611741076e-08 	 2.1355738715671023e-17
395.90006006006007 	 2.403949441116938e-08 	 2.1247955148185886e-17
396.4005405405406 	 2.4009143045611195e-08 	 2.1140850710392672e-17
396.90102102102105 	 2.397886822440645e-08 	 2.1034420273830848e-17
397.4015015015015 	 2.39486696583593e-08 	 2.092865875516539e-17
397.90198198198203 	 2.3918547059728894e-08 	 2.082356111573347e-17
398.4024624624625 	 2.3888500142220262e-08 	 2.071912236109651e-17
398.90294294294296 	 2.3858528620975193e-08 	 2.061533754059694e-17
399.4034234234235 	 2.382863221256328e-08 	 2.0512201746920242e-17
399.90390390390394 	 2.379881063497297e-08 	 2.0409710115661847e-17
400.4043843843844 	 2.376906360760271e-08 	 2.030785782489881e-17
400.9048648648649 	 2.3739390851252108e-08 	 2.0206640094766296e-17
401.4053453453454 	 2.3709792088113253e-08 	 2.010605218703899e-17
401.90582582582584 	 2.368026704176199e-08 	 2.000608940471692e-17
402.40630630630636 	 2.3650815437149348e-08 	 1.990674709161605e-17
402.9067867867868 	 2.3621437000592996e-08 	 1.980802063196353e-17
403.4072672672673 	 2.3592131459768752e-08 	 1.9709905449997266e-17
403.9077477477478 	 2.3562898543702188e-08 	 1.9612397009570093e-17
404.40822822822827 	 2.3533737982760266e-08 	 1.9515490813758276e-17
404.90870870870873 	 2.350464950864304e-08 	 1.941918240447434e-17
405.40918918918925 	 2.3475632854375436e-08 	 1.9323467362084295e-17
405.9096696696697 	 2.3446687754299103e-08 	 1.9228341305029032e-17
406.4101501501502 	 2.3417813944064265e-08 	 1.9133799889449833e-17
406.9106306306307 	 2.3389011160621705e-08 	 1.9039838808818183e-17
407.41111111111115 	 2.3360279142214782e-08 	 1.894645379356959e-17
407.9115915915916 	 2.333161762837146e-08 	 1.8853640610741334e-17
408.41207207207214 	 2.330302635989648e-08 	 1.8761395063614397e-17
408.9125525525526 	 2.3274505078863535e-08 	 1.866971299135922e-17
409.41303303303306 	 2.3246053528607503e-08 	 1.857859026868533e-17
409.9135135135136 	 2.3217671453716746e-08 	 1.848802280549487e-17
410.41399399399404 	 2.31893586000255e-08 	 1.8398006546539932e-17
410.9144744744745 	 2.3161114714606233e-08 	 1.8308537471083524e-17
411.414954954955 	 2.313293954576216e-08 	 1.8219611592564407e-17
411.9154354354355 	 2.3104832843019765e-08 	 1.813122495826551e-17
412.41591591591595 	 2.307679435712134e-08 	 1.8043373648985898e-17
412.9163963963964 	 2.3048823840017645e-08 	 1.7956053778716403e-17
413.4168768768769 	 2.3020921044860598e-08 	 1.786926149431877e-17
413.9173573573574 	 2.2993085725995996e-08 	 1.7782992975208278e-17
414.41783783783785 	 2.2965317638956322e-08 	 1.769724443303975e-17
414.91831831831837 	 2.2937616540453567e-08 	 1.7612012111397047e-17
415.41879879879883 	 2.2909982188372156e-08 	 1.7527292285485925e-17
415.9192792792793 	 2.2882414341761862e-08 	 1.7443081261830084e-17
416.4197597597598 	 2.2854912760830818e-08 	 1.7359375377970668e-17
416.9202402402403 	 2.2827477206938573e-08 	 1.7276171002168918e-17
417.42072072072074 	 2.2800107442589167e-08 	 1.7193464533112008e-17
417.92120120120126 	 2.2772803231424292e-08 	 1.711125239962208e-17
418.4216816816817 	 2.2745564338216508e-08 	 1.702953106036847e-17
418.9221621621622 	 2.2718390528862432e-08 	 1.6948297003582847e-17
419.4226426426427 	 2.2691281570376096e-08 	 1.6867546746777585e-17
419.92312312312316 	 2.2664237230882252e-08 	 1.678727683646711e-17
420.4236036036036 	 2.2637257279609744e-08 	 1.670748384789206e-17
420.92408408408414 	 2.2610341486885002e-08 	 1.6628164384746684e-17
421.4245645645646 	 2.2583489624125465e-08 	 1.654931507890891e-17
421.92504504504507 	 2.2556701463833156e-08 	 1.6470932590173397e-17
422.4255255255256 	 2.252997677958821e-08 	 1.639301360598735e-17
422.92600600600605 	 2.2503315346042546e-08 	 1.631555484118932e-17
423.4264864864865 	 2.2476716938913495e-08 	 1.623855303775052e-17
423.92696696696703 	 2.2450181334977527e-08 	 1.616200496451909e-17
424.4274474474475 	 2.2423708312064007e-08 	 1.6085907416967013e-17
424.92792792792795 	 2.239729764904899e-08 	 1.6010257216939667e-17
425.4284084084085 	 2.237094912584905e-08 	 1.5935051212408033e-17
425.92888888888893 	 2.234466252341521e-08 	 1.586028627722362e-17
426.4293693693694 	 2.2318437623726828e-08 	 1.5785959310875824e-17
426.9298498498499 	 2.229227420978558e-08 	 1.5712067238251913e-17
427.4303303303304 	 2.226617206560949e-08 	 1.5638607009399596e-17
427.93081081081084 	 2.2240130976226973e-08 	 1.5565575599291955e-17
428.43129129129136 	 2.2214150727670935e-08 	 1.5492970007594963e-17
428.9317717717718 	 2.2188231106972923e-08 	 1.5420787258437404e-17
429.4322522522523 	 2.216237190215729e-08 	 1.5349024400183133e-17
429.9327327327328 	 2.2136572902235425e-08 	 1.5277678505205828e-17
430.43321321321326 	 2.211083389720002e-08 	 1.5206746669666025e-17
430.9336936936937 	 2.208515467801935e-08 	 1.513622601329049e-17
431.4341741741742 	 2.205953503663165e-08 	 1.506611367915391e-17
431.9346546546547 	 2.203397476593946e-08 	 1.499640683346283e-17
432.43513513513517 	 2.2008473659804076e-08 	 1.492710266534189e-17
432.93561561561563 	 2.198303151303997e-08 	 1.4858198386622176e-17
433.43609609609615 	 2.1957648121409326e-08 	 1.478969123163188e-17
433.9365765765766 	 2.193232328161656e-08 	 1.4721578456989096e-17
434.4370570570571 	 2.1907056791302878e-08 	 1.4653857341396702e-17
434.9375375375376 	 2.1881848449040906e-08 	 1.4586525185439428e-17
435.43801801801806 	 2.1856698054329337e-08 	 1.4519579311383026e-17
435.9384984984985 	 2.18316054075876e-08 	 1.4453017062975445e-17
436.43897897897904 	 2.180657031015058e-08 	 1.43868358052501e-17
436.9394594594595 	 2.1781592564263414e-08 	 1.4321032924331217e-17
437.43993993993996 	 2.1756671973076223e-08 	 1.425560582724102e-17
437.9404204204205 	 2.1731808340638986e-08 	 1.4190551941709096e-17
438.44090090090094 	 2.1707001471896396e-08 	 1.4125868715983577e-17
438.9413813813814 	 2.1682251172682737e-08 	 1.4061553618644285e-17
439.4418618618619 	 2.165755724971685e-08 	 1.399760413841782e-17
439.9423423423424 	 2.163291951059708e-08 	 1.393401778399454e-17
440.44282282282285 	 2.1608337763796282e-08 	 1.3870792083847346e-17
440.94330330330337 	 2.1583811818656866e-08 	 1.3807924586052391e-17
441.44378378378383 	 2.1559341485385862e-08 	 1.3745412858111571e-17
441.9442642642643 	 2.153492657505003e-08 	 1.3683254486776861e-17
442.4447447447448 	 2.1510566899570977e-08 	 1.362144707787633e-17
442.9452252252253 	 2.1486262271720366e-08 	 1.3559988256142117e-17
443.44570570570573 	 2.146201250511508e-08 	 1.349887566503995e-17
443.94618618618625 	 2.1437817414212476e-08 	 1.3438106966600493e-17
444.4466666666667 	 2.141367681430566e-08 	 1.3377679841252423e-17
444.9471471471472 	 2.1389590521518775e-08 	 1.3317591987657112e-17
445.4476276276277 	 2.1365558352802317e-08 	 1.3257841122545031e-17
445.94810810810816 	 2.134158012592855e-08 	 1.3198424980553823e-17
446.4485885885886 	 2.131765565948684e-08 	 1.3139341314067942e-17
446.94906906906914 	 2.129378477287911e-08 	 1.3080587893059946e-17
447.4495495495496 	 2.1269967286315302e-08 	 1.3022162504933398e-17
447.95003003003006 	 2.1246203020808846e-08 	 1.296406295436732e-17
448.4505105105105 	 2.1222491798172183e-08 	 1.2906287063162206e-17
448.95099099099104 	 2.1198833441012313e-08 	 1.2848832670087583e-17
449.4514714714715 	 2.1175227772726372e-08 	 1.2791697630731106e-17
449.95195195195197 	 2.1151674617497238e-08 	 1.2734879817349165e-17
450.4524324324325 	 2.1128173800289147e-08 	 1.2678377118718926e-17
450.95291291291295 	 2.1104725146843406e-08 	 1.2622187439991958e-17
451.4533933933934 	 2.108132848367402e-08 	 1.2566308702549208e-17
451.95387387387393 	 2.1057983638063467e-08 	 1.2510738843857458e-17
452.4543543543544 	 2.1034690438058428e-08 	 1.2455475817327279e-17
452.95483483483486 	 2.101144871246555e-08 	 1.2400517592172233e-17
453.4553153153154 	 2.0988258290847287e-08 	 1.2345862153269667e-17
453.95579579579584 	 2.0965119003517696e-08 	 1.2291507501022715e-17
454.4562762762763 	 2.094203068153833e-08 	 1.2237451651223782e-17
454.9567567567568 	 2.09189931567141e-08 	 1.2183692634919311e-17
455.4572372372373 	 2.0896006261589224e-08 	 1.2130228498275936e-17
455.95771771771774 	 2.0873069829443123e-08 	 1.2077057302447884e-17
456.45819819819826 	 2.0850183694286434e-08 	 1.2024177123445765e-17
456.9586786786787 	 2.0827347690856986e-08 	 1.1971586052006604e-17
457.4591591591592 	 2.080456165461582e-08 	 1.191928219346516e-17
457.9596396396397 	 2.078182542174324e-08 	 1.1867263667626498e-17
458.46012012012017 	 2.07591388291349e-08 	 1.1815528608639858e-17
458.9606006006006 	 2.0736501714397887e-08 	 1.1764075164873688e-17
459.46108108108115 	 2.0713913915846835e-08 	 1.1712901498791946e-17
459.9615615615616 	 2.069137527250012e-08 	 1.166200578683162e-17
460.46204204204207 	 2.066888562407599e-08 	 1.1611386219281418e-17
460.9625225225226 	 2.0646444810988788e-08 	 1.1561041000161624e-17
461.46300300300305 	 2.062405267434517e-08 	 1.1510968347105214e-17
461.9634834834835 	 2.060170905594036e-08 	 1.1461166491239984e-17
462.46396396396403 	 2.0579413798254425e-08 	 1.1411633677071976e-17
462.9644444444445 	 2.0557166744448562e-08 	 1.1362368162369937e-17
463.46492492492496 	 2.0534967738361434e-08 	 1.1313368218050921e-17
463.9654054054055 	 2.0512816624505504e-08 	 1.126463212806703e-17
464.46588588588594 	 2.0490713248063425e-08 	 1.1216158189293218e-17
464.9663663663664 	 2.0468657454884403e-08 	 1.1167944711416177e-17
465.4668468468469 	 2.0446649091480635e-08 	 1.111999001682434e-17
465.9673273273274 	 2.0424688005023748e-08 	 1.1072292440498897e-17
466.46780780780784 	 2.040277404334125e-08 	 1.1024850329905891e-17
466.9682882882883 	 2.0380907054913033e-08 	 1.0977662044889332e-17
467.4687687687688 	 2.035908688886785e-08 	 1.0930725957565352e-17
467.9692492492493 	 2.0337313394979887e-08 	 1.0884040452217408e-17
468.46972972972975 	 2.0315586423665275e-08 	 1.0837603925192394e-17
468.97021021021027 	 2.0293905825978692e-08 	 1.0791414784797876e-17
469.47069069069073 	 2.0272271453609954e-08 	 1.074547145120023e-17
469.9711711711712 	 2.0250683158880622e-08 	 1.0699772356323757e-17
470.4716516516517 	 2.0229140794740647e-08 	 1.065431594375079e-17
470.9721321321322 	 2.0207644214765042e-08 	 1.060910066862276e-17
471.47261261261264 	 2.0186193273150554e-08 	 1.0564124997542163e-17
471.97309309309315 	 2.016478782471236e-08 	 1.0519387408475506e-17
472.4735735735736 	 2.0143427724880815e-08 	 1.0474886390657165e-17
472.9740540540541 	 2.0122112829698172e-08 	 1.0430620444494128e-17
473.4745345345346 	 2.010084299581536e-08 	 1.0386588081471671e-17
473.97501501501506 	 2.007961808048878e-08 	 1.0342787824059953e-17
474.4754954954955 	 2.005843794157709e-08 	 1.0299218205621438e-17
474.97597597597604 	 2.0037302437538045e-08 	 1.0255877770319215e-17
475.4764564564565 	 2.0016211427425355e-08 	 1.0212765073026238e-17
475.97693693693697 	 1.9995164770885513e-08 	 1.0169878679235306e-17
476.4774174174175 	 1.997416232815473e-08 	 1.0127217164970047e-17
476.97789789789795 	 1.995320396005582e-08 	 1.0084779116696597e-17
477.4783783783784 	 1.9932289527995108e-08 	 1.0042563131236204e-17
477.9788588588589 	 1.9911418893959403e-08 	 1.0000567815678612e-17
478.4793393393394 	 1.989059192051295e-08 	 9.958791787296272e-18
478.97981981981985 	 1.9869808470794412e-08 	 9.917233673459372e-18
479.48030030030037 	 1.984906840851388e-08 	 9.875892111551607e-18
479.98078078078083 	 1.9828371597949872e-08 	 9.83476574888684e-18
480.4812612612613 	 1.980771790394641e-08 	 9.793853242626439e-18
480.9817417417418 	 1.9787107191910043e-08 	 9.753153259697435e-18
481.4822222222223 	 1.976653932780694e-08 	 9.712664476711466e-18
481.98270270270274 	 1.9746014178159985e-08 	 9.672385579884438e-18
482.48318318318326 	 1.972553161004588e-08 	 9.632315264956927e-18
482.9836636636637 	 1.9705091491092285e-08 	 9.592452237115382e-18
483.4841441441442 	 1.968469368947496e-08 	 9.552795210914e-18
483.9846246246247 	 1.9664338073914942e-08 	 9.513342910197354e-18
484.48510510510516 	 1.9644024513675708e-08 	 9.47409406802373e-18
484.9855855855856 	 1.9623752878560405e-08 	 9.435047426589208e-18
485.4860660660661 	 1.960352303890903e-08 	 9.396201737152364e-18
485.9865465465466 	 1.958333486559571e-08 	 9.357555759959776e-18
486.48702702702707 	 1.9563188230025923e-08 	 9.319108264172157e-18
486.98750750750753 	 1.9543083004133774e-08 	 9.280858027791138e-18
487.48798798798805 	 1.9523019060379286e-08 	 9.242803837586814e-18
487.9884684684685 	 1.9502996271745704e-08 	 9.204944489025894e-18
488.488948948949 	 1.948301451173682e-08 	 9.167278786200546e-18
488.9894294294295 	 1.9463073654374275e-08 	 9.129805541757816e-18
489.48990990990995 	 1.9443173574194972e-08 	 9.092523576829865e-18
489.9903903903904 	 1.9423314146248387e-08 	 9.055431720964648e-18
490.49087087087094 	 1.9403495246093975e-08 	 9.018528812057359e-18
490.9913513513514 	 1.9383716749798596e-08 	 8.981813696282489e-18
491.49183183183186 	 1.9363978533933892e-08 	 8.945285228026445e-18
491.9923123123124 	 1.9344280475573733e-08 	 8.90894226982082e-18
492.49279279279284 	 1.932462245229168e-08 	 8.872783692276326e-18
492.9932732732733 	 1.930500434215843e-08 	 8.836808374017231e-18
493.4937537537538 	 1.92854260237393e-08 	 8.801015201616443e-18
493.9942342342343 	 1.9265887376091736e-08 	 8.765403069531229e-18
494.49471471471475 	 1.9246388278762798e-08 	 8.729970880039424e-18
494.99519519519527 	 1.922692861178669e-08 	 8.694717543176271e-18
495.4956756756757 	 1.9207508255682336e-08 	 8.659641976671897e-18
495.9961561561562 	 1.9188127091450872e-08 	 8.624743105889202e-18
496.4966366366367 	 1.9168785000573268e-08 	 8.590019863762457e-18
496.99711711711717 	 1.914948186500789e-08 	 8.555471190736385e-18
497.49759759759763 	 1.91302175671881e-08 	 8.521096034705808e-18
497.99807807807815 	 1.9110991990019863e-08 	 8.486893350955835e-18
498.4985585585586 	 1.9091805016879402e-08 	 8.452862102102611e-18
498.9990390390391 	 1.9072656531610793e-08 	 8.419001258034555e-18
499.4995195195196 	 1.905354641852367e-08 	 8.385309795854186e-18
500.0 	 1.903447456239088e-08 	 8.35178669982043e-18
