3.5233633633633636 	 3.7088987114012025e-06 	 1.18232074739743e-09
4.023843843843844 	 3.692211310220122e-06 	 6.565335435151811e-10
4.524324324324325 	 3.6692417928770454e-06 	 3.833087772089068e-10
5.0248048048048055 	 3.6376382322094766e-06 	 2.3162737206062468e-10
5.525285285285285 	 3.594050116162386e-06 	 1.4299197021186438e-10
6.025765765765766 	 3.5335513146408056e-06 	 8.908194194253145e-11
6.526246246246247 	 3.4486942100267934e-06 	 5.52594020509287e-11
7.026726726726727 	 3.3278422458221907e-06 	 3.3547454683713664e-11
7.527207207207208 	 3.151869169528683e-06 	 1.9416961317478242e-11
8.027687687687688 	 2.8874958769943465e-06 	 1.0214750783003793e-11
8.528168168168168 	 2.4720583146903558e-06 	 4.378583429509643e-12
9.02864864864865 	 1.774198395205186e-06 	 1.0551393199302212e-12
9.52912912912913 	 4.7061278346508905e-07 	 2.0492877903927898e-14
10.029609609609611 	 2.4803906443383333e-06 	 2.228448020573723e-12
10.530090090090091 	 1.2239472855164274e-05 	 1.4227599695825311e-11
11.030570570570571 	 3.306949231839551e-05 	 4.313855613974698e-11
11.531051051051053 	 4.555985943116388e-05 	 5.946425214353929e-11
12.031531531531533 	 4.8414619461964696e-05 	 5.6391194560931403e-11
12.532012012012013 	 4.5037159106659565e-05 	 4.303965969923325e-11
13.032492492492494 	 4.462583282255264e-05 	 4.109463025256799e-11
13.532972972972974 	 4.124285324863371e-05 	 3.355228035379736e-11
14.033453453453454 	 3.838538535654998e-05 	 2.737990491942807e-11
14.533933933933936 	 3.754655371852808e-05 	 2.4790897538444056e-11
15.034414414414416 	 3.7372090577905074e-05 	 2.355853259135127e-11
15.534894894894897 	 3.807334346303873e-05 	 2.342678309610251e-11
16.035375375375377 	 3.9126939205509654e-05 	 2.56396402031205e-11
16.535855855855857 	 3.891481099246224e-05 	 2.4856099409894223e-11
17.036336336336337 	 4.0924594515415904e-05 	 2.8921282850738654e-11
17.53681681681682 	 4.227263038052982e-05 	 3.4080390206479796e-11
18.0372972972973 	 4.1963632012432546e-05 	 3.649382092462167e-11
18.53777777777778 	 4.0674112855120726e-05 	 3.656327957286739e-11
19.03825825825826 	 3.918690546856858e-05 	 3.692127512743861e-11
19.53873873873874 	 3.589347403890199e-05 	 3.491175009594006e-11
20.039219219219223 	 3.0332131248193165e-05 	 2.7433916812900087e-11
20.539699699699703 	 2.561313689304869e-05 	 1.9959133827871462e-11
21.040180180180183 	 2.3142705970095404e-05 	 1.5455165338429724e-11
21.540660660660663 	 2.1920246675819325e-05 	 1.3179937545784585e-11
22.041141141141143 	 2.074592977443526e-05 	 1.1753800865266604e-11
22.541621621621623 	 1.9199596258237165e-05 	 1.0374518146586884e-11
23.042102102102106 	 1.743462785089424e-05 	 8.855323675036108e-12
23.542582582582586 	 1.578275499601214e-05 	 7.31140920040776e-12
24.043063063063066 	 1.4542925256152913e-05 	 5.908629584928764e-12
24.543543543543546 	 1.3928065705587363e-05 	 4.766767121658686e-12
25.044024024024026 	 1.4069930573961137e-05 	 3.959635874465236e-12
25.54450450450451 	 1.4977282626024518e-05 	 3.535721289045859e-12
26.04498498498499 	 1.6409566877223248e-05 	 3.504430657185799e-12
26.54546546546547 	 1.784179350745254e-05 	 3.777796148599979e-12
27.04594594594595 	 1.8747822706407362e-05 	 4.147049040156265e-12
27.54642642642643 	 1.8928562100286136e-05 	 4.373429982230046e-12
28.04690690690691 	 1.8566064536853466e-05 	 4.3184415551928375e-12
28.547387387387392 	 1.821435501339803e-05 	 4.038620805161797e-12
29.047867867867872 	 1.883645200116009e-05 	 3.899866605834731e-12
29.548348348348352 	 2.0924130708864974e-05 	 4.609761535769015e-12
30.04882882882883 	 2.25377682357057e-05 	 6.193660884285513e-12
30.54930930930931 	 2.2150378198197284e-05 	 7.341154547917558e-12
31.049789789789795 	 2.049160009570329e-05 	 7.530068881102938e-12
31.550270270270275 	 1.8440766188769978e-05 	 7.126926472100063e-12
32.05075075075076 	 1.6436201857507475e-05 	 6.497181144929989e-12
32.55123123123124 	 1.4639493577645364e-05 	 5.830632851794721e-12
33.05171171171172 	 1.3085686560659538e-05 	 5.2055808400750765e-12
33.5521921921922 	 1.1760144936187253e-05 	 4.647495158614913e-12
34.05267267267268 	 1.0632427167545898e-05 	 4.159348552891687e-12
34.55315315315316 	 9.670497810939493e-06 	 3.7355739770211196e-12
35.053633633633645 	 8.845711463914891e-06 	 3.3681083670560213e-12
35.55411411411412 	 8.133897696408751e-06 	 3.0488143189027074e-12
36.054594594594604 	 7.515384743139027e-06 	 2.7703429914596193e-12
36.55507507507508 	 6.974275473535567e-06 	 2.526428687408422e-12
37.055555555555564 	 6.497770214074217e-06 	 2.31179614004097e-12
37.55603603603605 	 6.075544287686761e-06 	 2.122045975677606e-12
38.056516516516524 	 5.699267837474641e-06 	 1.953549337555305e-12
38.55699699699701 	 5.362094061178606e-06 	 1.8032803019217832e-12
39.057477477477484 	 5.0584793091273516e-06 	 1.6687444088023287e-12
39.55795795795797 	 4.783798164796836e-06 	 1.5478296734618856e-12
40.05843843843845 	 4.534250112145812e-06 	 1.43877300354462e-12
40.55891891891893 	 4.306624768150021e-06 	 1.3400967642854458e-12
41.05939939939941 	 4.09822681824146e-06 	 1.2505324750785815e-12
41.55987987987989 	 3.906795770833323e-06 	 1.1690086056612278e-12
42.06036036036037 	 3.7303956457941985e-06 	 1.0946014408325112e-12
42.56084084084085 	 3.567374816109145e-06 	 1.0265209182907373e-12
43.06132132132133 	 3.4162981323580106e-06 	 9.640837261121906e-13
43.56180180180181 	 3.2759370440514792e-06 	 9.066920693032965e-13
44.06228228228229 	 3.1452211110853504e-06 	 8.538287551160495e-13
44.56276276276277 	 3.0232108737506737e-06 	 8.050433786318806e-13
45.06324324324325 	 2.9090927641566065e-06 	 7.599361542930167e-13
45.56372372372373 	 2.8021456393055264e-06 	 7.181582447103603e-13
46.064204204204216 	 2.70172837330499e-06 	 6.794006291306438e-13
46.56468468468469 	 2.6072807679197607e-06 	 6.433854464688554e-13
47.065165165165176 	 2.518305685690828e-06 	 6.098679519331269e-13
47.56564564564565 	 2.434347982522749e-06 	 5.786362500127653e-13
48.066126126126136 	 2.355012364285916e-06 	 5.494889768487021e-13
48.56660660660662 	 2.279935637518118e-06 	 5.222559540162716e-13
49.067087087087096 	 2.208798344293222e-06 	 4.967783384851496e-13
49.56756756756758 	 2.141309182023543e-06 	 4.729137709846976e-13
50.068048048048055 	 2.077203162588139e-06 	 4.505359067323126e-13
50.56852852852854 	 2.016235338266521e-06 	 4.2953146826453336e-13
51.06900900900902 	 1.9581974293087063e-06 	 4.0979266221898935e-13
51.5694894894895 	 1.9028874214367374e-06 	 3.912256482907417e-13
52.06996996996998 	 1.8501220947819984e-06 	 3.737456790375488e-13
52.57045045045046 	 1.799739290076958e-06 	 3.57272094105083e-13
53.07093093093094 	 1.7515888261879924e-06 	 3.417330787864261e-13
53.571411411411425 	 1.7055288127614086e-06 	 3.270638828760469e-13
54.0718918918919 	 1.6614330118006089e-06 	 3.132039097348343e-13
54.572372372372385 	 1.6191826594635165e-06 	 3.0009788683376857e-13
55.07285285285286 	 1.5786687558789158e-06 	 2.8769586285860936e-13
55.573333333333345 	 1.5397942724699657e-06 	 2.759502705511356e-13
56.07381381381382 	 1.5024627804631113e-06 	 2.648186599189583e-13
56.574294294294305 	 1.4665894252227486e-06 	 2.5426254227246456e-13
57.07477477477479 	 1.43209431794699e-06 	 2.4424412746761915e-13
57.575255255255264 	 1.3989023439672123e-06 	 2.3472986644683496e-13
58.07573573573575 	 1.366946241989018e-06 	 2.2568924888061677e-13
58.576216216216224 	 1.3361604145385872e-06 	 2.1709329366514913e-13
59.07669669669671 	 1.3064835441210803e-06 	 2.0891507570884602e-13
59.57717717717719 	 1.2778619436935802e-06 	 2.011295878789565e-13
60.07765765765767 	 1.2502449320541634e-06 	 1.937124689716118e-13
60.57813813813815 	 1.223578409259933e-06 	 1.8664524385728233e-13
61.07861861861863 	 1.1978197186272827e-06 	 1.7990490416631056e-13
61.57909909909911 	 1.1729242606282815e-06 	 1.7347473551519345e-13
62.079579579579594 	 1.148854084974317e-06 	 1.673364766315087e-13
62.58006006006007 	 1.1255696604270532e-06 	 1.6147396271421088e-13
63.080540540540554 	 1.103032825224516e-06 	 1.5587276030005578e-13
63.58102102102103 	 1.0812141196478474e-06 	 1.5051814415433482e-13
64.0815015015015 	 1.0600803546289488e-06 	 1.453966846118943e-13
64.58198198198198 	 1.0396003891054437e-06 	 1.4049621426484393e-13
65.08246246246247 	 1.019747065925255e-06 	 1.3580521082764797e-13
65.58294294294295 	 1.0004924079217352e-06 	 1.313128636497051e-13
66.08342342342343 	 9.818135894453055e-07 	 1.270085629696983e-13
66.5839039039039 	 9.636858116786897e-07 	 1.2288301020025516e-13
67.08438438438439 	 9.460847939631092e-07 	 1.1892746898466323e-13
67.58486486486487 	 9.289948016323125e-07 	 1.1513234375421345e-13
68.08534534534535 	 9.123869850610831e-07 	 1.1149105988419735e-13
68.58582582582584 	 8.96249051129412e-07 	 1.0799499565150951e-13
69.08630630630631 	 8.805583869638832e-07 	 1.0463772298239732e-13
69.58678678678679 	 8.653014608180809e-07 	 1.0141232814278007e-13
70.08726726726728 	 8.504582385393337e-07 	 9.831280552724268e-14
70.58774774774776 	 8.360162480489617e-07 	 9.533270707966602e-14
71.08822822822823 	 8.219583067277986e-07 	 9.246657969031879e-14
71.58870870870871 	 8.082713612726289e-07 	 8.970943574713916e-14
72.0891891891892 	 7.949430938617175e-07 	 8.705584511655593e-14
72.58966966966968 	 7.819574121039255e-07 	 8.450136482495319e-14
73.09015015015015 	 7.693043113927931e-07 	 8.20417395344411e-14
73.59063063063064 	 7.569720605224679e-07 	 7.967197175998864e-14
74.09111111111112 	 7.449472716943183e-07 	 7.73889055181987e-14
74.5915915915916 	 7.332221540033773e-07 	 7.518808738180604e-14
75.09207207207209 	 7.217857548258276e-07 	 7.306629363150873e-14
75.59255255255256 	 7.106256500680432e-07 	 7.10198252066004e-14
76.09303303303304 	 6.997375224890077e-07 	 6.904559065136595e-14
76.59351351351351 	 6.891087806914313e-07 	 6.714050648947108e-14
77.093993993994 	 6.787304576328448e-07 	 6.530166358103077e-14
77.59447447447448 	 6.685951691028024e-07 	 6.352639344333695e-14
78.09495495495496 	 6.586960606220539e-07 	 6.181173813561768e-14
78.59543543543545 	 6.490264061378056e-07 	 6.015528428787926e-14
79.09591591591592 	 6.395758224807081e-07 	 5.855465143185423e-14
79.5963963963964 	 6.303393306895374e-07 	 5.700792982228273e-14
80.09687687687689 	 6.213113204529633e-07 	 5.551235147989257e-14
80.59735735735737 	 6.124827425282213e-07 	 5.4066245635346444e-14
81.09783783783784 	 6.038512291239446e-07 	 5.266735077036469e-14
81.59831831831832 	 5.954061378079073e-07 	 5.1314126944812906e-14
82.09879879879881 	 5.871452838317591e-07 	 5.000454385763061e-14
82.59927927927929 	 5.790614452074787e-07 	 4.873691622949442e-14
83.09975975975976 	 5.711504626273679e-07 	 4.750994502765256e-14
83.60024024024025 	 5.634076018812696e-07 	 4.632153749995216e-14
84.10072072072073 	 5.558268808373313e-07 	 4.5170523750755704e-14
84.6012012012012 	 5.484035931015404e-07 	 4.405550702793541e-14
85.10168168168168 	 5.411331151348199e-07 	 4.2975155509779864e-14
85.60216216216217 	 5.340118623817147e-07 	 4.192795638292672e-14
86.10264264264265 	 5.270364610245673e-07 	 4.091292964813538e-14
86.60312312312313 	 5.202016913725296e-07 	 3.992867418229455e-14
87.10360360360362 	 5.135029830410654e-07 	 3.897410050979117e-14
87.60408408408409 	 5.069393392029862e-07 	 3.804834731206967e-14
88.10456456456457 	 5.005045715942303e-07 	 3.7149972901418877e-14
88.60504504504506 	 4.941947970235284e-07 	 3.627841124333733e-14
89.10552552552554 	 4.880087299653887e-07 	 3.54325231994238e-14
89.60600600600601 	 4.819411940664096e-07 	 3.4611410182951494e-14
90.10648648648649 	 4.759902692350948e-07 	 3.3814038143055617e-14
90.60696696696698 	 4.7015245426402834e-07 	 3.3039740369078117e-14
91.10744744744746 	 4.6442647200926225e-07 	 3.2287750224591327e-14
91.60792792792793 	 4.58806256021238e-07 	 3.1557302382856677e-14
92.10840840840842 	 4.532904109684339e-07 	 3.084751336926545e-14
92.6088888888889 	 4.478774594554118e-07 	 3.015766450936734e-14
93.10936936936938 	 4.425640289030369e-07 	 2.9487376923426876e-14
93.60984984984987 	 4.373472203265377e-07 	 2.883560138191484e-14
94.11033033033034 	 4.3222614984707753e-07 	 2.8201975179290186e-14
94.61081081081082 	 4.2719640875506513e-07 	 2.7585762822633825e-14
95.1112912912913 	 4.222570333327516e-07 	 2.6986397596795173e-14
95.61177177177179 	 4.174046014036278e-07 	 2.640349000857533e-14
96.11225225225226 	 4.126377813106866e-07 	 2.583623299662973e-14
96.61273273273274 	 4.079550515993532e-07 	 2.528435850333948e-14
97.11321321321323 	 4.033539599562408e-07 	 2.4747257768186742e-14
97.6136936936937 	 3.9883345296395055e-07 	 2.4224356503359974e-14
98.11417417417418 	 3.9438963700180485e-07 	 2.3715375130309533e-14
98.61465465465466 	 3.900215437693445e-07 	 2.321984965036166e-14
99.11513513513515 	 3.8572707967744625e-07 	 2.2737224892359952e-14
99.61561561561562 	 3.8150661255757264e-07 	 2.2267157606401007e-14
100.1160960960961 	 3.780969218367136e-07 	 2.1814623889968978e-14
100.61657657657659 	 3.762162165339942e-07 	 2.1383816015882396e-14
101.11705705705707 	 3.743541283928289e-07 	 2.096359063574407e-14
101.61753753753754 	 3.725103823369015e-07 	 2.0553637334573135e-14
102.11801801801803 	 3.7068470868249263e-07 	 2.015365626857016e-14
102.61849849849851 	 3.68876843006979e-07 	 1.9763357755681066e-14
103.11897897897899 	 3.670865260211613e-07 	 1.9382461883915313e-14
103.61945945945946 	 3.6531350344529214e-07 	 1.9010698136566906e-14
104.11993993993995 	 3.635575258886802e-07 	 1.8647805033531816e-14
104.62042042042043 	 3.6181834873274955e-07 	 1.8293529787957116e-14
105.1209009009009 	 3.600957320174388e-07 	 1.794762797749714e-14
105.6213813813814 	 3.583894403308312e-07 	 1.760986322948964e-14
106.12186186186187 	 3.566992427019073e-07 	 1.7280006919399928e-14
106.62234234234235 	 3.55024912496318e-07 	 1.6957837881914587e-14
107.12282282282284 	 3.53366227315079e-07 	 1.6643142134098028e-14
107.62330330330332 	 3.5172296889609314e-07 	 1.6335712610054886e-14
108.1237837837838 	 3.5009492301840586e-07 	 1.603534890656908e-14
108.62426426426427 	 3.484818794091092e-07 	 1.574185703921772e-14
109.12474474474476 	 3.468836316528063e-07 	 1.5455049208482435e-14
109.62522522522524 	 3.4529997710355695e-07 	 1.517474357540499e-14
110.12570570570571 	 3.437307167992234e-07 	 1.4900764046356322e-14
110.6261861861862 	 3.421756553781413e-07 	 1.4632940066509542e-14
111.12666666666668 	 3.4063460099804316e-07 	 1.4371106421627646e-14
111.62714714714716 	 3.391073652571615e-07 	 1.4115103047795361e-14
112.12762762762763 	 3.375937631174463e-07 	 1.3864774848743323e-14
112.62810810810812 	 3.360936128298284e-07 	 1.3619971520429106e-14
113.1285885885886 	 3.3460673586146805e-07 	 1.3380547382556469e-14
113.62906906906908 	 3.331329568249245e-07 	 1.3146361216728957e-14
114.12954954954957 	 3.3167210340919067e-07 	 1.2917276110949203e-14
114.63003003003004 	 3.3022400631253353e-07 	 1.2693159310188328e-14
115.13051051051052 	 3.287884991770866e-07 	 1.2473882072763576e-14
115.63099099099101 	 3.2736541852514073e-07 	 1.2259319532274217e-14
116.13147147147149 	 3.2595460369708265e-07 	 1.2049350564857906e-14
116.63195195195196 	 3.245558967909311e-07 	 1.1843857661540511e-14
117.13243243243244 	 3.2316914260342284e-07 	 1.1642726805463248e-14
117.63291291291293 	 3.217941885726035e-07 	 1.1445847353780978e-14
118.1333933933934 	 3.204308847218767e-07 	 1.1253111924034933e-14
118.63387387387388 	 3.1907908360546966e-07 	 1.1064416284812355e-14
119.13435435435437 	 3.177386402552741e-07 	 1.0879659250514142e-14
119.63483483483485 	 3.164094121290204e-07 	 1.0698742580059596e-14
120.13531531531532 	 3.1509125905974813e-07 	 1.052157087936544e-14
120.63579579579581 	 3.137840432065335e-07 	 1.0348051507443357e-14
121.13627627627629 	 3.124876290064392e-07 	 1.0178094485967575e-14
121.63675675675677 	 3.112018831276495e-07 	 1.0011612412170538e-14
122.13723723723724 	 3.099266744237582e-07 	 9.848520374931192e-15
122.63771771771773 	 3.08661873889176e-07 	 9.688735873926312e-15
123.13819819819821 	 3.0740735461562435e-07 	 9.532178741721243e-15
123.63867867867869 	 3.0616299174968735e-07 	 9.378771068681683e-15
124.13915915915918 	 3.0492866245138935e-07 	 9.22843713059353e-15
124.63963963963965 	 3.0370424585377103e-07 	 9.081103318882726e-15
125.14012012012013 	 3.0248962302343524e-07 	 8.936698073331633e-15
125.64060060060062 	 3.012846769220362e-07 	 8.795151817193256e-15
126.1410810810811 	 3.00089292368685e-07 	 8.656396894608558e-15
126.64156156156157 	 2.9890335600324695e-07 	 8.520367510236563e-15
127.14204204204205 	 2.977267562505053e-07 	 8.386999671010487e-15
127.64252252252254 	 2.9655938328516877e-07 	 8.256231129937217e-15
128.14300300300303 	 2.954011289976984e-07 	 8.128001331860613e-15
128.64348348348352 	 2.9425188696093224e-07 	 8.002251361112818e-15
129.14396396396398 	 2.931115523974866e-07 	 7.878923890980764e-15
129.64444444444447 	 2.919800221479113e-07 	 7.757963134918178e-15
130.14492492492496 	 2.9085719463958096e-07 	 7.639314799436523e-15
130.64540540540543 	 2.897429698563005e-07 	 7.522926038610657e-15
131.14588588588592 	 2.8863724930860676e-07 	 7.408745410138163e-15
131.6463663663664 	 2.875399360047476e-07 	 7.296722832893548e-15
132.14684684684687 	 2.864509344223204e-07 	 7.18680954592097e-15
132.64732732732736 	 2.853701504805528e-07 	 7.078958068811618e-15
133.14780780780782 	 2.8429749151320845e-07 	 6.9731221634139174e-15
133.6482882882883 	 2.8323286624210123e-07 	 6.8692567968269345e-15
134.1487687687688 	 2.8217618475120327e-07 	 6.767318105629459e-15
134.64924924924927 	 2.811273584613291e-07 	 6.667263361298967e-15
135.14972972972976 	 2.8008630010538343e-07 	 6.56905093677673e-15
135.65021021021025 	 2.790529237041562e-07 	 6.4726402741370116e-15
136.1506906906907 	 2.7802714454265184e-07 	 6.3779918533199714e-15
136.6511711711712 	 2.770088791469383e-07 	 6.285067161889476e-15
137.1516516516517 	 2.7599804526150367e-07 	 6.193828665778802e-15
137.65213213213215 	 2.749945618271058e-07 	 6.10423978098827e-15
138.15261261261264 	 2.7399834895910396e-07 	 6.0162648462006845e-15
138.65309309309313 	 2.730093279262602e-07 	 5.929869096281594e-15
139.1535735735736 	 2.720274211299972e-07 	 5.84501863663267e-15
139.6540540540541 	 2.710525520841024e-07 	 5.761680418367816e-15
140.15453453453458 	 2.70084645394868e-07 	 5.679822214282868e-15
140.65501501501504 	 2.6912362674165335e-07 	 5.5994125955906394e-15
141.15549549549553 	 2.681694228578618e-07 	 5.5204209093944575e-15
141.65597597597602 	 2.6722196151232115e-07 	 5.442817256874214e-15
142.15645645645648 	 2.6628117149105617e-07 	 5.3665724721598825e-15
142.65693693693697 	 2.6534698257944607e-07 	 5.291658101868642e-15
143.15741741741743 	 2.644193255447555e-07 	 5.218046385282454e-15
143.65789789789793 	 2.6349813211903084e-07 	 5.145710235143881e-15
144.15837837837842 	 2.625833349823531e-07 	 5.0746232190488844e-15
144.65885885885888 	 2.6167486774643806e-07 	 5.004759541415942e-15
145.15933933933937 	 2.6077266493857566e-07 	 4.936094026011795e-15
145.65981981981986 	 2.5987666198590086e-07 	 4.8686020990147805e-15
146.16030030030032 	 2.589867951999875e-07 	 4.802259772597426e-15
146.6607807807808 	 2.581030017617571e-07 	 4.737043629010666e-15
147.1612612612613 	 2.572252197066968e-07 	 4.672930805152753e-15
147.66174174174176 	 2.563533879103764e-07 	 4.609898977606467e-15
148.16222222222225 	 2.5548744607426014e-07 	 4.547926348128904e-15
148.66270270270275 	 2.546273347118043e-07 	 4.486991629578709e-15
149.1631831831832 	 2.537729951348356e-07 	 4.427074032266122e-15
149.6636636636637 	 2.529243694402016e-07 	 4.368153250711743e-15
150.1641441441442 	 2.52081400496689e-07 	 4.31020945080055e-15
150.66462462462465 	 2.5124403193220283e-07 	 4.2532232573180034e-15
151.16510510510514 	 2.504122081211993e-07 	 4.19717574185572e-15
151.6655855855856 	 2.4958587417236847e-07 	 4.142048411074555e-15
152.1660660660661 	 2.4876497591655964e-07 	 4.0878231953133865e-15
152.66654654654658 	 2.47949459894944e-07 	 4.0344824375323496e-15
153.16702702702705 	 2.4713927334740986e-07 	 3.982008882579645e-15
153.66750750750754 	 2.4633436420118405e-07 	 3.930385666771367e-15
154.16798798798803 	 2.455346810596757e-07 	 3.879596307774373e-15
154.6684684684685 	 2.4474017319153564e-07 	 3.829624694782291e-15
155.16894894894898 	 2.4395079051992864e-07 	 3.780455078975357e-15
155.66942942942947 	 2.431664836120115e-07 	 3.732072064254966e-15
156.16990990990993 	 2.4238720366861473e-07 	 3.684460598244168e-15
156.67039039039042 	 2.4161290251412014e-07 	 3.637605963545637e-15
157.1708708708709 	 2.4084353258653414e-07 	 3.591493769249049e-15
157.67135135135138 	 2.4007904692774814e-07 	 3.546109942679842e-15
158.17183183183187 	 2.393193991739847e-07 	 3.50144072138187e-15
158.67231231231236 	 2.3856454354642477e-07 	 3.4574726453265912e-15
159.17279279279282 	 2.37814434842011e-07 	 3.4141925493416403e-15
159.6732732732733 	 2.3706902842442458e-07 	 3.371587555752011e-15
160.1737537537538 	 2.3632828021523105e-07 	 3.3296450672272108e-15
160.67423423423426 	 2.355921466851916e-07 	 3.2883527598279847e-15
161.17471471471475 	 2.3486058484573598e-07 	 3.247698576246456e-15
161.67519519519522 	 2.3413355224059448e-07 	 3.2076707192337457e-15
162.1756756756757 	 2.3341100693758418e-07 	 3.1682576452092694e-15
162.6761561561562 	 2.3269290752054718e-07 	 3.1294480580461725e-15
163.17663663663666 	 2.3197921308143697e-07 	 3.0912309030275292e-15
163.67711711711715 	 2.3126988321255003e-07 	 3.0535953609680903e-15
164.17759759759764 	 2.3056487799889969e-07 	 3.016530842496574e-15
164.6780780780781 	 2.2986415801072922e-07 	 2.9800269824936522e-15
165.1785585585586 	 2.2916768429616012e-07 	 2.9440736346808725e-15
165.67903903903908 	 2.2847541837397473e-07 	 2.90866086635608e-15
166.17951951951954 	 2.2778732222652893e-07 	 2.873778953270863e-15
166.68000000000004 	 2.2710335829279183e-07 	 2.8394183746457894e-15
167.18048048048053 	 2.2642348946151174e-07 	 2.8055698083193926e-15
167.680960960961 	 2.257476790645034e-07 	 2.772224126026835e-15
168.18144144144148 	 2.2507589087005575e-07 	 2.7393723888044783e-15
168.68192192192197 	 2.2440808907645654e-07 	 2.7070058425166222e-15
169.18240240240243 	 2.2374423830563258e-07 	 2.6751159135008053e-15
169.68288288288292 	 2.230843035969016e-07 	 2.643694204328182e-15
170.18336336336338 	 2.224282504008354e-07 	 2.612732489675644e-15
170.68384384384387 	 2.2177604457322998e-07 	 2.5822227123063617e-15
171.18432432432436 	 2.2112765236918225e-07 	 2.552156979155658e-15
171.68480480480483 	 2.204830404372698e-07 	 2.522527557519094e-15
172.18528528528532 	 2.198421758138322e-07 	 2.4933268713398554e-15
172.6857657657658 	 2.1920502591735245e-07 	 2.4645474975925632e-15
173.18624624624627 	 2.1857155854293488e-07 	 2.4361821627607143e-15
173.68672672672676 	 2.1794174185687888e-07 	 2.4082237394050723e-15
174.18720720720725 	 2.173155443913467e-07 	 2.380665242820451e-15
174.6876876876877 	 2.1669293503912204e-07 	 2.3534998277782846e-15
175.1881681681682 	 2.1607388304845903e-07 	 2.3267207853526263e-15
175.6886486486487 	 2.154583580180193e-07 	 2.3003215398271645e-15
176.18912912912916 	 2.148463298918949e-07 	 2.2742956456809655e-15
176.68960960960965 	 2.142377689547162e-07 	 2.248636784650743e-15
177.19009009009014 	 2.136326458268426e-07 	 2.2233387628674902e-15
177.6905705705706 	 2.130309314596344e-07 	 2.1983955080653806e-15
178.1910510510511 	 2.124325971308045e-07 	 2.173801066860933e-15
178.69153153153155 	 2.1183761443984817e-07 	 2.1495496021004736e-15
179.19201201201204 	 2.1124595530354925e-07 	 2.1256353902739856e-15
179.69249249249253 	 2.1065759195156166e-07 	 2.102052818993525e-15
180.192972972973 	 2.1007249692206464e-07 	 2.0787963845344053e-15
180.6934534534535 	 2.0949064305748964e-07 	 2.055860689437408e-15
181.19393393393398 	 2.0891200350031883e-07 	 2.033240440170375e-15
181.69441441441444 	 2.0833655168895217e-07 	 2.0109304448475077e-15
182.19489489489493 	 2.0776426135364346e-07 	 1.988925611004838e-15
182.69537537537542 	 2.0719510651250256e-07 	 1.967220943430311e-15
183.19585585585588 	 2.0662906146756348e-07 	 1.945811542047e-15
183.69633633633637 	 2.0606610080091648e-07 	 1.9246925998480157e-15
184.19681681681686 	 2.0550619937090344e-07 	 1.903859400881713e-15
184.69729729729733 	 2.0494933230837516e-07 	 1.8833073182858292e-15
185.19777777777782 	 2.043954750130088e-07 	 1.863031812369237e-15
185.6982582582583 	 2.0384460314968591e-07 	 1.8430284287400564e-15
186.19873873873877 	 2.0329669264492765e-07 	 1.823292796478842e-15
186.69921921921926 	 2.0275171968338798e-07 	 1.803820626355683e-15
187.19969969969975 	 2.022096607044037e-07 	 1.7846077090900375e-15
187.7001801801802 	 2.016704923985982e-07 	 1.7656499136521312e-15
188.2006606606607 	 2.0113419170454076e-07 	 1.7469431856048766e-15
188.70114114114116 	 2.0060073580545824e-07 	 1.7284835454851986e-15
189.20162162162165 	 2.0007010212599945e-07 	 1.7102670872237455e-15
189.70210210210215 	 1.9954226832905024e-07 	 1.6922899766019763e-15
190.2025825825826 	 1.990172123125993e-07 	 1.6745484497456386e-15
190.7030630630631 	 1.9849491220665315e-07 	 1.6570388116536939e-15
191.2035435435436 	 1.9797534637019944e-07 	 1.6397574347617598e-15
191.70402402402405 	 1.9745849338821808e-07 	 1.6227007575391746e-15
192.20450450450454 	 1.9694433206873882e-07 	 1.605865283118804e-15
192.70498498498503 	 1.9643284143994502e-07 	 1.5892475779587715e-15
193.2054654654655 	 1.9592400074732195e-07 	 1.5728442705352381e-15
193.70594594594598 	 1.9541778945084974e-07 	 1.5566520500654845e-15
194.20642642642648 	 1.949141872222394e-07 	 1.5406676652604817e-15
194.70690690690694 	 1.9441317394221184e-07 	 1.5248879231062171e-15
195.20738738738743 	 1.9391472969781835e-07 	 1.5093096876730289e-15
195.70786786786792 	 1.9341883477980243e-07 	 1.493929878952234e-15
196.20834834834838 	 1.9292546968000194e-07 	 1.4787454717193725e-15
196.70882882882887 	 1.9243461508879094e-07 	 1.4637534944233714e-15
197.20930930930933 	 1.9194625189256041e-07 	 1.4489510281009903e-15
197.70978978978982 	 1.9146036117123722e-07 	 1.4343352053159033e-15
198.2102702702703 	 1.909769241958409e-07 	 1.4199032091217955e-15
198.71075075075078 	 1.9049592242607705e-07 	 1.4056522720488868e-15
199.21123123123127 	 1.9001733750796715e-07 	 1.391579675113261e-15
199.71171171171176 	 1.8954115127151396e-07 	 1.3776827468484826e-15
200.21219219219222 	 1.8906734572840237e-07 	 1.3639588623589045e-15
200.7126726726727 	 1.8859590306973362e-07 	 1.3504054423941296e-15
201.2131531531532 	 1.8812680566379437e-07 	 1.3370199524441411e-15
201.71363363363366 	 1.8766003605385877e-07 	 1.3237999018545447e-15
202.21411411411415 	 1.871955769560224e-07 	 1.310742842961445e-15
202.71459459459464 	 1.8673341125706946e-07 	 1.2978463702454849e-15
203.2150750750751 	 1.8627352201237063e-07 	 1.2851081195045607e-15
203.7155555555556 	 1.858158924438121e-07 	 1.272525767044754e-15
204.2160360360361 	 1.8536050593775544e-07 	 1.2600970288890614e-15
204.71651651651655 	 1.8490734604302683e-07 	 1.247819660003453e-15
205.21699699699704 	 1.8445639646893608e-07 	 1.2356914535398657e-15
205.71747747747753 	 1.8400764108332436e-07 	 1.2237102400957063e-15
206.217957957958 	 1.8356106391064073e-07 	 1.211873886989476e-15
206.71843843843848 	 1.8311664913004598e-07 	 1.2001802975521128e-15
207.21891891891894 	 1.8267438107354466e-07 	 1.1886274104336933e-15
207.71939939939944 	 1.8223424422414342e-07 	 1.1772131989250998e-15
208.21987987987993 	 1.8179622321403666e-07 	 1.1659356702943246e-15
208.7203603603604 	 1.8136030282281745e-07 	 1.1547928651370333e-15
209.22084084084088 	 1.8092646797571495e-07 	 1.1437828567410642e-15
209.72132132132137 	 1.804947037418563e-07 	 1.1329037504645273e-15
210.22180180180183 	 1.8006499533255408e-07 	 1.1221536831271865e-15
210.72228228228232 	 1.796373280996174e-07 	 1.111530822414791e-15
211.2227627627628 	 1.7921168753368796e-07 	 1.1010333662960825e-15
211.72324324324327 	 1.7878805926259859e-07 	 1.0906595424521445e-15
212.22372372372377 	 1.7836642904975582e-07 	 1.0804076077178309e-15
212.72420420420426 	 1.7794678279254515e-07 	 1.0702758475349778e-15
213.22468468468472 	 1.7752910652075857e-07 	 1.0602625754171253e-15
213.7251651651652 	 1.7711338639504423e-07 	 1.0503661324254768e-15
214.2256456456457 	 1.7669960870537796e-07 	 1.040584886655845e-15
214.72612612612616 	 1.7628775986955613e-07 	 1.0309172327363203e-15
215.22660660660665 	 1.7587782643170933e-07 	 1.0213615913354092e-15
215.7270870870871 	 1.7546979506083718e-07 	 1.011916408680419e-15
216.2275675675676 	 1.7506365254936293e-07 	 1.0025801560858284e-15
216.7280480480481 	 1.746593858117086e-07 	 9.933513294914344e-16
217.22852852852856 	 1.7425698188288953e-07 	 9.842284490100382e-16
217.72900900900905 	 1.7385642791712826e-07 	 9.75210058484458e-16
218.22948948948954 	 1.7345771118648778e-07 	 9.662947250536533e-16
218.72996996997 	 1.7306081907952334e-07 	 9.574810387277562e-16
219.2304504504505 	 1.7266573909995248e-07 	 9.487676119717958e-16
219.73093093093098 	 1.72272458865344e-07 	 9.401530792979386e-16
220.23141141141144 	 1.718809661058238e-07 	 9.316360968660304e-16
220.73189189189193 	 1.7149124866279921e-07 	 9.232153420922667e-16
221.23237237237242 	 1.7110329448770003e-07 	 9.148895132658031e-16
221.7328528528529 	 1.7071709164073706e-07 	 9.06657329173128e-16
222.23333333333338 	 1.7033262828967695e-07 	 8.985175287300177e-16
222.73381381381387 	 1.699498927086341e-07 	 8.90468870620919e-16
223.23429429429433 	 1.6956887327687828e-07 	 8.825101329455759e-16
223.73477477477482 	 1.6918955847765864e-07 	 8.746401128727485e-16
224.23525525525528 	 1.6881193689704328e-07 	 8.668576263008662e-16
224.73573573573577 	 1.684359972227744e-07 	 8.591615075254589e-16
225.23621621621626 	 1.6806172824313862e-07 	 8.515506089132141e-16
225.73669669669673 	 1.6768911884585257e-07 	 8.440238005825235e-16
226.23717717717722 	 1.673181580169628e-07 	 8.365799700903564e-16
226.7376576576577 	 1.6694883483976093e-07 	 8.292180221253493e-16
227.23813813813817 	 1.6658113849371242e-07 	 8.219368782069423e-16
227.73861861861866 	 1.6621505825340003e-07 	 8.147354763904586e-16
228.23909909909915 	 1.658505834874808e-07 	 8.07612770977979e-16
228.7395795795796 	 1.6548770365765712e-07 	 8.005677322348956e-16
229.2400600600601 	 1.6512640831766072e-07 	 7.935993461120095e-16
229.7405405405406 	 1.6476668711225049e-07 	 7.867066139730682e-16
230.24102102102106 	 1.644085297762231e-07 	 7.798885523276094e-16
230.74150150150155 	 1.6405192613343645e-07 	 7.731441925690057e-16
231.24198198198204 	 1.6369686609584602e-07 	 7.664725807175948e-16
231.7424624624625 	 1.6334333966255343e-07 	 7.598727771687858e-16
232.242942942943 	 1.6299133691886752e-07 	 7.533438564460354e-16
232.74342342342348 	 1.6264084803537753e-07 	 7.46884906958592e-16
233.24390390390394 	 1.6229186326703808e-07 	 7.404950307638972e-16
233.74438438438443 	 1.619443729522659e-07 	 7.341733433345556e-16
234.2448648648649 	 1.6159836751204838e-07 	 7.279189733297729e-16
234.74534534534538 	 1.612538374490633e-07 	 7.217310623711585e-16
235.24582582582588 	 1.6091077334680975e-07 	 7.156087648228155e-16
235.74630630630634 	 1.6056916586875043e-07 	 7.095512475756137e-16
236.24678678678683 	 1.6022900575746447e-07 	 7.035576898355631e-16
236.74726726726732 	 1.598902838338113e-07 	 6.976272829162042e-16
237.24774774774778 	 1.595529909961048e-07 	 6.917592300349231e-16
237.74822822822827 	 1.5921711821929836e-07 	 6.859527461131178e-16
238.24870870870876 	 1.588826565541796e-07 	 6.802070575801265e-16
238.74918918918922 	 1.5854959712657567e-07 	 6.745214021808461e-16
239.24966966966971 	 1.5821793113656845e-07 	 6.688950287869604e-16
239.7501501501502 	 1.5788764985771931e-07 	 6.633271972117034e-16
240.25063063063067 	 1.5755874463630405e-07 	 6.578171780280868e-16
240.75111111111116 	 1.572312068905568e-07 	 6.523642523905137e-16
241.25159159159165 	 1.5690502810992382e-07 	 6.469677118597169e-16
241.7520720720721 	 1.5658019985432632e-07 	 6.41626858230945e-16
242.2525525525526 	 1.562567137534324e-07 	 6.363410033653359e-16
242.75303303303306 	 1.5593456150593825e-07 	 6.311094690244098e-16
243.25351351351355 	 1.556137348788578e-07 	 6.25931586707613e-16
243.75399399399404 	 1.5529422570682158e-07 	 6.20806697492862e-16
244.2544744744745 	 1.5497602589138397e-07 	 6.157341518800118e-16
244.754954954955 	 1.546591274003387e-07 	 6.10713309637199e-16
245.2554354354355 	 1.5434352226704334e-07 	 6.057435396500004e-16
245.75591591591595 	 1.540292025897515e-07 	 6.00824219773345e-16
246.25639639639644 	 1.537161605309533e-07 	 5.959547366861252e-16
246.75687687687693 	 1.534043883167243e-07 	 5.911344857484604e-16
247.2573573573574 	 1.5309387823608146e-07 	 5.863628708615445e-16
247.75783783783788 	 1.5278462264034784e-07 	 5.816393043300386e-16
248.25831831831837 	 1.5247661394252434e-07 	 5.769632067269538e-16
248.75879879879884 	 1.521698446166694e-07 	 5.7233400676097e-16
249.25927927927933 	 1.5186430719728588e-07 	 5.677511411461456e-16
249.75975975975982 	 1.5155999427871547e-07 	 5.632140544739724e-16
250.26024024024028 	 1.512568985145405e-07 	 5.587221990877243e-16
250.76072072072077 	 1.5095501261699254e-07 	 5.542750349590561e-16
251.26120120120126 	 1.506543293563685e-07 	 5.498720295668092e-16
251.76168168168172 	 1.5035484156045336e-07 	 5.455126577779794e-16
252.2621621621622 	 1.500565421139499e-07 	 5.411964017308005e-16
252.76264264264267 	 1.4975942395791526e-07 	 5.369227507199091e-16
253.26312312312317 	 1.4946348008920404e-07 	 5.326912010835448e-16
253.76360360360366 	 1.4916870355991822e-07 	 5.285012560927444e-16
254.26408408408412 	 1.488750874768633e-07 	 5.243524258424969e-16
254.7645645645646 	 1.4858262500101098e-07 	 5.202442271448127e-16
255.2650450450451 	 1.4829130934696817e-07 	 5.161761834236789e-16
255.76552552552556 	 1.4800113378245238e-07 	 5.121478246118571e-16
256.266006006006 	 1.4771209162777286e-07 	 5.081586870494863e-16
256.7664864864865 	 1.4742417625531816e-07 	 5.042083133844669e-16
257.266966966967 	 1.4713738108904956e-07 	 5.002962524745761e-16
257.76744744744747 	 1.4685169960400055e-07 	 4.9642205929129625e-16
258.26792792792793 	 1.4656712532578162e-07 	 4.925852948253065e-16
258.76840840840845 	 1.4628365183009151e-07 	 4.887855259936231e-16
259.2688888888889 	 1.4600127274223368e-07 	 4.850223255483452e-16
259.7693693693694 	 1.4571998173663826e-07 	 4.812952719869764e-16
260.2698498498499 	 1.4543977253639e-07 	 4.776039494642964e-16
260.77033033033035 	 1.4516063891276124e-07 	 4.739479477057513e-16
261.2708108108108 	 1.4488257468475023e-07 	 4.703268619223276e-16
261.77129129129133 	 1.4460557371862522e-07 	 4.667402927268943e-16
262.2717717717718 	 1.4432962992747326e-07 	 4.631878460519723e-16
262.77225225225226 	 1.4405473727075421e-07 	 4.596691330689089e-16
263.2727327327328 	 1.4378088975386017e-07 	 4.561837701084357e-16
263.77321321321324 	 1.435080814276798e-07 	 4.527313785825761e-16
264.2736936936937 	 1.4323630638816717e-07 	 4.493115849078799e-16
264.7741741741742 	 1.4296555877591608e-07 	 4.459240204299593e-16
265.2746546546547 	 1.4269583277573913e-07 	 4.4256832134930863e-16
265.77513513513514 	 1.424271226162509e-07 	 4.3924412864836776e-16
266.2756156156156 	 1.421594225694568e-07 	 4.3595108801982504e-16
266.7760960960961 	 1.4189272695034569e-07 	 4.3268884979612195e-16
267.2765765765766 	 1.4162703011648773e-07 	 4.294570688801457e-16
267.77705705705705 	 1.413623264676362e-07 	 4.262554046770799e-16
268.27753753753757 	 1.4109861044533424e-07 	 4.2308352102740196e-16
268.77801801801803 	 1.4083587653252567e-07 	 4.1994108614099695e-16
269.2784984984985 	 1.4057411925317024e-07 	 4.1682777253236935e-16
269.778978978979 	 1.4031333317186315e-07 	 4.1374325695693573e-16
270.2794594594595 	 1.4005351289345903e-07 	 4.106872203483778e-16
270.77993993993994 	 1.3979465306269966e-07 	 4.076593477570293e-16
271.28042042042046 	 1.3953674836384597e-07 	 4.0465932828928677e-16
271.7809009009009 	 1.3927979352031456e-07 	 4.0168685504802447e-16
272.2813813813814 	 1.390237832943174e-07 	 3.9874162507398396e-16
272.7818618618619 	 1.3876871248650616e-07 	 3.958233392881376e-16
273.28234234234236 	 1.3851457593562025e-07 	 3.9293170243499436e-16
273.7828228228228 	 1.3826136851813858e-07 	 3.9006642302683696e-16
274.28330330330334 	 1.3800908514793528e-07 	 3.8722721328887273e-16
274.7837837837838 	 1.3775772077593925e-07 	 3.844137891052814e-16
275.28426426426427 	 1.375072703897971e-07 	 3.816258699661408e-16
275.7847447447448 	 1.3725772901354027e-07 	 3.788631789152209e-16
276.28522522522525 	 1.3700909170725524e-07 	 3.7612544249862447e-16
276.7857057057057 	 1.3676135356675766e-07 	 3.734123907142597e-16
277.2861861861862 	 1.3651450972326991e-07 	 3.7072375696213536e-16
277.7866666666667 	 1.362685553431022e-07 	 3.6805927799545685e-16
278.28714714714715 	 1.3602348562733686e-07 	 3.6541869387251115e-16
278.78762762762767 	 1.3577929581151643e-07 	 3.6280174790933e-16
279.28810810810813 	 1.3553598116533486e-07 	 3.602081866331127e-16
279.7885885885886 	 1.3529353699233192e-07 	 3.5763775973639457e-16
280.2890690690691 	 1.350519586295912e-07 	 3.5509022003195516e-16
280.7895495495496 	 1.3481124144744108e-07 	 3.5256532340844347e-16
281.29003003003004 	 1.34571380849159e-07 	 3.500628287867124e-16
281.79051051051056 	 1.3433237227067887e-07 	 3.475824980768523e-16
282.290990990991 	 1.3409421118030156e-07 	 3.4512409613590486e-16
282.7914714714715 	 1.3385689307840845e-07 	 3.4268739072624983e-16
283.291951951952 	 1.3362041349717816e-07 	 3.402721524746523e-16
283.79243243243246 	 1.333847680003061e-07 	 3.3787815483195904e-16
284.2929129129129 	 1.331499521827271e-07 	 3.3550517403342834e-16
284.7933933933934 	 1.3291596167034075e-07 	 3.3315298905968895e-16
285.2938738738739 	 1.3268279211974006e-07 	 3.3082138159831277e-16
285.79435435435437 	 1.3245043921794256e-07 	 3.285101360059917e-16
286.29483483483483 	 1.3221889868212434e-07 	 3.2621903927130653e-16
286.79531531531535 	 1.3198816625935699e-07 	 3.2394788097808157e-16
287.2957957957958 	 1.3175823772634713e-07 	 3.2169645326931064e-16
287.7962762762763 	 1.3152910888917888e-07 	 3.1946455081164635e-16
288.2967567567568 	 1.3130077558305857e-07 	 3.172519707604429e-16
288.79723723723725 	 1.3107323367206278e-07 	 3.1505851272534375e-16
289.2977177177177 	 1.308464790488883e-07 	 3.1288397873640136e-16
289.79819819819824 	 1.3062050763460508e-07 	 3.1072817321072365e-16
290.2986786786787 	 1.3039531537841184e-07 	 3.085909029196384e-16
290.79915915915916 	 1.3017089825739373e-07 	 3.064719769563605e-16
291.2996396396397 	 1.2994725227628288e-07 	 3.043712067041616e-16
291.80012012012014 	 1.2972437346722148e-07 	 3.022884058050295e-16
292.3006006006006 	 1.2950225788952679e-07 	 3.0022339012880615e-16
292.8010810810811 	 1.2928090162945916e-07 	 2.9817597774280372e-16
293.3015615615616 	 1.2906030079999215e-07 	 2.9614598888188327e-16
293.80204204204205 	 1.2884045154058471e-07 	 2.9413324591899004e-16
294.30252252252257 	 1.2862135001695633e-07 	 2.921375733361418e-16
294.803003003003 	 1.28402992420864e-07 	 2.901587976958575e-16
295.3034834834835 	 1.2818537496988154e-07 	 2.881967476130195e-16
295.803963963964 	 1.2796849390718111e-07 	 2.862512537271651e-16
296.30444444444447 	 1.277523455013173e-07 	 2.84322148675198e-16
296.80492492492493 	 1.2753692604601285e-07 	 2.824092670645115e-16
297.30540540540545 	 1.2732223185994692e-07 	 2.8051244544651854e-16
297.8058858858859 	 1.2710825928654546e-07 	 2.786315222905832e-16
298.3063663663664 	 1.268950046937734e-07 	 2.767663379583396e-16
298.8068468468469 	 1.2668246447392942e-07 	 2.749167346784036e-16
299.30732732732736 	 1.2647063504344233e-07 	 2.730825565214585e-16
299.8078078078078 	 1.2625951284266967e-07 	 2.7126364937571745e-16
300.30828828828834 	 1.2604909433569836e-07 	 2.6945986092275157e-16
300.8087687687688 	 1.2583937601014728e-07 	 2.6767104061367933e-16
301.30924924924926 	 1.2563035437697194e-07 	 2.658970396457118e-16
301.8097297297298 	 1.2542202597027072e-07 	 2.6413771093904494e-16
302.31021021021024 	 1.2521438734709356e-07 	 2.623929091140987e-16
302.8106906906907 	 1.2500743508725227e-07 	 2.606624904690906e-16
303.31117117117117 	 1.2480116579313258e-07 	 2.5894631295794304e-16
303.8116516516517 	 1.2459557608950828e-07 	 2.5724423616851717e-16
304.31213213213215 	 1.243906626233572e-07 	 2.555561213011694e-16
304.8126126126126 	 1.2418642206367887e-07 	 2.5388183114762056e-16
305.31309309309313 	 1.239828511013139e-07 	 2.5222123007013956e-16
305.8135735735736 	 1.2377994644876552e-07 	 2.505741839810321e-16
306.31405405405405 	 1.2357770484002235e-07 	 2.4894056032242797e-16
306.8145345345346 	 1.233761230303834e-07 	 2.4732022804636797e-16
307.31501501501504 	 1.2317519779628428e-07 	 2.4571305759517897e-16
307.8154954954955 	 1.229749259351256e-07 	 2.4411892088213696e-16
308.315975975976 	 1.227753042651027e-07 	 2.425376912724115e-16
308.8164564564565 	 1.2257632962503718e-07 	 2.409692435642878e-16
309.31693693693694 	 1.2237799887420998e-07 	 2.3941345397066086e-16
309.81741741741746 	 1.221803088921962e-07 	 2.378702001007985e-16
310.3178978978979 	 1.2198325657870142e-07 	 2.36339360942369e-16
310.8183783783784 	 1.217868388533996e-07 	 2.348208168437269e-16
311.3188588588589 	 1.215910526557726e-07 	 2.3331444949645616e-16
311.81933933933936 	 1.2139589494495125e-07 	 2.318201419181649e-16
312.3198198198198 	 1.2120136269955788e-07 	 2.3033777843552555e-16
312.82030030030035 	 1.2100745291755034e-07 	 2.28867244667561e-16
313.3207807807808 	 1.208141626160677e-07 	 2.2740842750917013e-16
313.82126126126127 	 1.2062148883127718e-07 	 2.2596121511488695e-16
314.3217417417418 	 1.204294286182228e-07 	 2.245254968828756e-16
314.82222222222225 	 1.2023797905067512e-07 	 2.2310116343915045e-16
315.3227027027027 	 1.2004713722098289e-07 	 2.2168810662202316e-16
315.82318318318323 	 1.1985690023992565e-07 	 2.202862194667698e-16
316.3236636636637 	 1.1966726523656793e-07 	 2.1889539619051691e-16
316.82414414414416 	 1.19478229358115e-07 	 2.1751553217734107e-16
317.3246246246247 	 1.1928978976976965e-07 	 2.161465239635794e-16
317.82510510510514 	 1.1910194365459055e-07 	 2.147882692233488e-16
318.3255855855856 	 1.1891468821335182e-07 	 2.13440666754268e-16
318.8260660660661 	 1.1872802066440406e-07 	 2.1210361646338263e-16
319.3265465465466 	 1.1854193824353663e-07 	 2.107770193532872e-16
319.82702702702704 	 1.1835643820384113e-07 	 2.0946077750844216e-16
320.32750750750756 	 1.1817151781557618e-07 	 2.0815479408168275e-16
320.827987987988 	 1.1798717436603385e-07 	 2.0685897328091889e-16
321.3284684684685 	 1.1780340515940644e-07 	 2.0557322035601662e-16
321.82894894894895 	 1.1762020751665563e-07 	 2.0429744158586796e-16
322.32942942942947 	 1.17437578775382e-07 	 2.030315442656372e-16
322.82990990990993 	 1.1725551628969605e-07 	 2.0177543669418658e-16
323.3303903903904 	 1.1707401743009055e-07 	 2.0052902816167582e-16
323.8308708708709 	 1.1689307958331387e-07 	 1.9929222893733472e-16
324.3313513513514 	 1.1671270015224456e-07 	 1.9806495025740406e-16
324.83183183183183 	 1.1653287655576709e-07 	 1.9684710431324396e-16
325.33231231231235 	 1.1635360622864868e-07 	 1.9563860423960631e-16
325.8327927927928 	 1.1617488662141756e-07 	 1.944393641030701e-16
326.3332732732733 	 1.1599671520024177e-07 	 1.9324929889063333e-16
326.8337537537538 	 1.1581908944680958e-07 	 1.920683244984642e-16
327.33423423423426 	 1.1564200685821096e-07 	 1.9089635772080643e-16
327.8347147147147 	 1.1546546494681978e-07 	 1.8973331623903542e-16
328.33519519519524 	 1.1528946124017742e-07 	 1.8857911861086477e-16
328.8356756756757 	 1.1511399328087751e-07 	 1.87433684259702e-16
329.33615615615616 	 1.1493905862645128e-07 	 1.8629693346414607e-16
329.8366366366367 	 1.1476465484925441e-07 	 1.851687873476313e-16
330.33711711711715 	 1.145907795363547e-07 	 1.8404916786821047e-16
330.8375975975976 	 1.1441743028942074e-07 	 1.829379978084768e-16
331.3380780780781 	 1.1424460472461164e-07 	 1.818352007656228e-16
331.8385585585586 	 1.1407230047246796e-07 	 1.8074070114163516e-16
332.33903903903905 	 1.1390051517780305e-07 	 1.7965442413361878e-16
332.83951951951957 	 1.1372924649959602e-07 	 1.7857629572425523e-16
333.34000000000003 	 1.1355849211088544e-07 	 1.77506242672388e-16
333.8404804804805 	 1.133882496986636e-07 	 1.7644419250373365e-16
334.340960960961 	 1.1321851696377246e-07 	 1.7539007350172002e-16
334.8414414414415 	 1.1304929162080002e-07 	 1.7434381469844598e-16
335.34192192192194 	 1.1288057139797763e-07 	 1.7330534586576242e-16
335.84240240240246 	 1.1271235403707844e-07 	 1.7227459750647243e-16
336.3428828828829 	 1.1254463729331668e-07 	 1.7125150084565068e-16
336.8433633633634 	 1.1237741893524769e-07 	 1.7023598782207587e-16
337.3438438438439 	 1.1221069674466901e-07 	 1.6922799107977958e-16
337.84432432432436 	 1.1204446851652242e-07 	 1.6822744395970727e-16
338.3448048048048 	 1.1187873205879646e-07 	 1.6723428049148825e-16
338.8452852852853 	 1.1171348519243034e-07 	 1.6624843538531738e-16
339.3457657657658 	 1.1154872575121822e-07 	 1.652698440239422e-16
339.84624624624627 	 1.1138445158171481e-07 	 1.642984424547576e-16
340.34672672672673 	 1.112206605431413e-07 	 1.6333416738200334e-16
340.84720720720725 	 1.1105735050729244e-07 	 1.6237695615906568e-16
341.3476876876877 	 1.1089451935844451e-07 	 1.6142674678088038e-16
341.8481681681682 	 1.1073216499326367e-07 	 1.6048347787643403e-16
342.3486486486487 	 1.1057028532071574e-07 	 1.595470887013662e-16
342.84912912912915 	 1.1040887826197611e-07 	 1.5861751913066634e-16
343.3496096096096 	 1.1024794175034097e-07 	 1.5769470965146786e-16
343.85009009009013 	 1.1008747373113892e-07 	 1.567786013559354e-16
344.3505705705706 	 1.0992747216164378e-07 	 1.5586913593424572e-16
344.85105105105106 	 1.0976793501098763e-07 	 1.5496625566765925e-16
345.3515315315316 	 1.0960886026007505e-07 	 1.5406990342168245e-16
345.85201201201204 	 1.0945024590149798e-07 	 1.531800226393192e-16
346.3524924924925 	 1.0929208993945109e-07 	 1.5229655733440847e-16
346.852972972973 	 1.0913439038964825e-07 	 1.5141945208505e-16
347.3534534534535 	 1.0897714527923949e-07 	 1.5054865202711437e-16
347.85393393393394 	 1.0882035264672868e-07 	 1.49684102847836e-16
348.35441441441446 	 1.08664010541892e-07 	 1.4882575077949015e-16
348.8548948948949 	 1.0850811702569719e-07 	 1.479735425931518e-16
349.3553753753754 	 1.0835267017022315e-07 	 1.4712742559253197e-16
349.8558558558559 	 1.0819766805858067e-07 	 1.4628734760789679e-16
350.35633633633637 	 1.0804310878483362e-07 	 1.4545325699006242e-16
350.85681681681683 	 1.0788899045392069e-07 	 1.446251026044674e-16
351.35729729729735 	 1.0773531118157802e-07 	 1.438028338253206e-16
351.8577777777778 	 1.0758206909426249e-07 	 1.4298640052982488e-16
352.3582582582583 	 1.0742926232907548e-07 	 1.4217575309247347e-16
352.8587387387388 	 1.0727688903368734e-07 	 1.4137084237941858e-16
353.35921921921926 	 1.071249473662627e-07 	 1.405716197429136e-16
353.8596996996997 	 1.0697343549538618e-07 	 1.397780370158238e-16
354.36018018018024 	 1.0682235159998866e-07 	 1.389900465062074e-16
354.8606606606607 	 1.0667169386927463e-07 	 1.3820760099196618e-16
355.36114114114116 	 1.0652146050264957e-07 	 1.374306537155621e-16
355.8616216216217 	 1.063716497096483e-07 	 1.3665915837880189e-16
356.36210210210214 	 1.0622225970986395e-07 	 1.35893069137687e-16
356.8625825825826 	 1.0607328873287728e-07 	 1.3513234059732847e-16
357.36306306306307 	 1.0592473501818685e-07 	 1.3437692780692572e-16
357.8635435435436 	 1.0577659681513955e-07 	 1.3362678625480823e-16
358.36402402402405 	 1.0562887238286208e-07 	 1.3288187186354035e-16
358.8645045045045 	 1.0548155999019236e-07 	 1.321421409850853e-16
359.364984984985 	 1.053346579156123e-07 	 1.3140755039603255e-16
359.8654654654655 	 1.0518816444718054e-07 	 1.3067805729288254e-16
360.36594594594595 	 1.050420778824659e-07 	 1.299536192873907e-16
360.8664264264265 	 1.0489639652848157e-07 	 1.2923419440197048e-16
361.36690690690693 	 1.0475111870161967e-07 	 1.2851974106515242e-16
361.8673873873874 	 1.046062427275863e-07 	 1.2781021810709984e-16
362.3678678678679 	 1.0446176694133736e-07 	 1.2710558475518088e-16
362.8683483483484 	 1.0431768968701468e-07 	 1.2640580062959456e-16
363.36882882882884 	 1.0417400931788273e-07 	 1.257108257390509e-16
363.86930930930936 	 1.0403072419626596e-07 	 1.2502062047650546e-16
364.3697897897898 	 1.0388783269348657e-07 	 1.2433514561494543e-16
364.8702702702703 	 1.037453331898027e-07 	 1.2365436230322762e-16
365.3707507507508 	 1.0360322407434733e-07 	 1.2297823206196871e-16
365.87123123123126 	 1.0346150374506766e-07 	 1.2230671677948522e-16
366.3717117117117 	 1.0332017060866462e-07 	 1.2163977870778276e-16
366.87219219219224 	 1.0317922308053346e-07 	 1.2097738045859566e-16
367.3726726726727 	 1.0303865958470436e-07 	 1.2031948499947424e-16
367.87315315315317 	 1.0289847855378379e-07 	 1.1966605564992017e-16
368.3736336336337 	 1.027586784288961e-07 	 1.190170560775685e-16
368.87411411411415 	 1.0261925765962597e-07 	 1.183724502944177e-16
369.3745945945946 	 1.0248021470396085e-07 	 1.1773220265310298e-16
369.87507507507513 	 1.0234154802823425e-07 	 1.1709627784321775e-16
370.3755555555556 	 1.0220325610706938e-07 	 1.1646464088767791e-16
370.87603603603606 	 1.0206533742332307e-07 	 1.1583725713913033e-16
371.3765165165166 	 1.0192779046803045e-07 	 1.1521409227640596e-16
371.87699699699704 	 1.0179061374034981e-07 	 1.1459511230101442e-16
372.3774774774775 	 1.0165380574750806e-07 	 1.1398028353368175e-16
372.877957957958 	 1.0151736500474652e-07 	 1.1336957261092946e-16
373.3784384384385 	 1.0138129003526735e-07 	 1.127629464816955e-16
373.87891891891894 	 1.0124557937018013e-07 	 1.1216037240399478e-16
374.37939939939946 	 1.01110231548449e-07 	 1.1156181794162038e-16
374.8798798798799 	 1.0097524511684036e-07 	 1.1096725096088475e-16
375.3803603603604 	 1.0084061862987076e-07 	 1.1037663962739912e-16
375.88084084084085 	 1.0070635064975523e-07 	 1.0978995240289138e-16
376.38132132132137 	 1.0057243974635625e-07 	 1.0920715804206307e-16
376.8818018018018 	 1.0043888449713301e-07 	 1.0862822558948303e-16
377.3822822822823 	 1.0030568348709077e-07 	 1.0805312437651772e-16
377.8827627627628 	 1.0017283530873112e-07 	 1.0748182401829871e-16
378.38324324324327 	 1.0004033856200237e-07 	 1.0691429441072622e-16
378.88372372372373 	 9.990819185425027e-08 	 1.063505057275076e-16
379.38420420420425 	 9.977639380016936e-08 	 1.0579042841723167e-16
379.8846846846847 	 9.964494302175441e-08 	 1.0523403320047705e-16
380.3851651651652 	 9.951383814825252e-08 	 1.0468129106695503e-16
380.8856456456457 	 9.938307781611538e-08 	 1.0413217327268586e-16
381.38612612612616 	 9.925266066895206e-08 	 1.0358665133720862e-16
381.8866066066066 	 9.912258535748211e-08 	 1.0304469704082402e-16
382.38708708708714 	 9.89928505394889e-08 	 1.025062824218689e-16
382.8875675675676 	 9.886345487977377e-08 	 1.0197137977402408e-16
383.38804804804806 	 9.873439705010981e-08 	 1.0143996164365197e-16
383.8885285285286 	 9.860567572919666e-08 	 1.0091200082716683e-16
384.38900900900904 	 9.847728960261548e-08 	 1.0038747036843558e-16
384.8894894894895 	 9.834923736278398e-08 	 9.986634355620796e-17
385.38996996997 	 9.82215177089122e-08 	 9.934859392157802e-17
385.8904504504505 	 9.809412934695844e-08 	 9.883419523547415e-17
386.39093093093095 	 9.796707098958553e-08 	 9.8323121506179e-17
386.89141141141147 	 9.784034135611739e-08 	 9.781534697687741e-17
387.39189189189193 	 9.77139391724962e-08 	 9.731084612323421e-17
387.8923723723724 	 9.758786317123948e-08 	 9.680959365099822e-17
388.3928528528529 	 9.746211209139787e-08 	 9.631156449363549e-17
388.8933333333334 	 9.733668467851308e-08 	 9.581673380998948e-17
389.39381381381384 	 9.721157968457611e-08 	 9.532507698196768e-17
389.89429429429435 	 9.708679586798583e-08 	 9.483656961225553e-17
390.3947747747748 	 9.696233199350812e-08 	 9.435118752205703e-17
390.8952552552553 	 9.683818683223487e-08 	 9.386890674886003e-17
391.3957357357358 	 9.671435916154358e-08 	 9.338970354422827e-17
391.89621621621626 	 9.659084776505735e-08 	 9.291355437161855e-17
392.3966966966967 	 9.646765143260496e-08 	 9.244043590422293e-17
392.89717717717724 	 9.634476896018126e-08 	 9.197032502283478e-17
393.3976576576577 	 9.622219914990819e-08 	 9.150319881374108e-17
393.89813813813817 	 9.60999408099956e-08 	 9.103903456663647e-17
394.3986186186186 	 9.597799275470275e-08 	 9.057780977256299e-17
394.89909909909915 	 9.585635380429994e-08 	 9.011950212187209e-17
395.3995795795796 	 9.573502278503054e-08 	 8.966408950221065e-17
395.90006006006007 	 9.561399852907312e-08 	 8.921154999652909e-17
396.4005405405406 	 9.54932798745041e-08 	 8.876186188111272e-17
396.90102102102105 	 9.537286566526043e-08 	 8.831500362363476e-17
397.4015015015015 	 9.525275475110283e-08 	 8.787095388123225e-17
397.90198198198203 	 9.513294598757903e-08 	 8.74296914986025e-17
398.4024624624625 	 9.501343823598761e-08 	 8.699119550612271e-17
398.90294294294296 	 9.489423036334164e-08 	 8.65554451179886e-17
399.4034234234235 	 9.477532124233312e-08 	 8.61224197303759e-17
399.90390390390394 	 9.465670975129737e-08 	 8.569209891962178e-17
400.4043843843844 	 9.453839477417776e-08 	 8.526446244042661e-17
400.9048648648649 	 9.442037520049064e-08 	 8.483949022407555e-17
401.4053453453454 	 9.430264992529076e-08 	 8.441716237668142e-17
401.90582582582584 	 9.418521784913658e-08 	 8.399745917744538e-17
402.40630630630636 	 9.406807787805617e-08 	 8.358036107693821e-17
402.9067867867868 	 9.395122892351326e-08 	 8.316584869540098e-17
403.4072672672673 	 9.38346699023734e-08 	 8.275390282106357e-17
403.9077477477478 	 9.371839973687066e-08 	 8.234450440848289e-17
404.40822822822827 	 9.360241735457428e-08 	 8.193763457689925e-17
404.90870870870873 	 9.348672168835573e-08 	 8.153327460861055e-17
405.40918918918925 	 9.337131167635597e-08 	 8.113140594736536e-17
405.9096696696697 	 9.325618626195304e-08 	 8.073201019677321e-17
406.4101501501502 	 9.314134439372974e-08 	 8.033506911873226e-17
406.9106306306307 	 9.302678502544159e-08 	 7.994056463187516e-17
407.41111111111115 	 9.291250711598519e-08 	 7.954847881003135e-17
407.9115915915916 	 9.279850962936654e-08 	 7.915879388070641e-17
408.41207207207214 	 9.268479153466981e-08 	 7.877149222357852e-17
408.9125525525526 	 9.257135180602626e-08 	 7.838655636901105e-17
409.41303303303306 	 9.245818942258335e-08 	 7.800396899658166e-17
409.9135135135136 	 9.234530336847417e-08 	 7.762371293362755e-17
410.41399399399404 	 9.223269263278702e-08 	 7.724577115380672e-17
410.9144744744745 	 9.21203562095352e-08 	 7.687012677567446e-17
411.414954954955 	 9.200829309762709e-08 	 7.649676306127624e-17
411.9154354354355 	 9.189650230083646e-08 	 7.612566341475546e-17
412.41591591591595 	 9.178498282777283e-08 	 7.575681138097623e-17
412.9163963963964 	 9.167373369185226e-08 	 7.539019064416134e-17
413.4168768768769 	 9.156275391126821e-08 	 7.502578502654528e-17
413.9173573573574 	 9.145204250896269e-08 	 7.46635784870417e-17
414.41783783783785 	 9.134159851259756e-08 	 7.430355511992486e-17
414.91831831831837 	 9.123142095452607e-08 	 7.394569915352627e-17
415.41879879879883 	 9.112150887176462e-08 	 7.358999494894485e-17
415.9192792792793 	 9.101186130596467e-08 	 7.32364269987709e-17
416.4197597597598 	 9.090247730338487e-08 	 7.288497992582444e-17
416.9202402402403 	 9.079335591486356e-08 	 7.253563848190664e-17
417.42072072072074 	 9.068449619579104e-08 	 7.218838754656488e-17
417.92120120120126 	 9.057589720608255e-08 	 7.184321212587109e-17
418.4216816816817 	 9.046755801015118e-08 	 7.150009735121339e-17
418.9221621621622 	 9.035947767688084e-08 	 7.115902847810019e-17
419.4226426426427 	 9.025165527959976e-08 	 7.081999088497773e-17
419.92312312312316 	 9.014408989605397e-08 	 7.048297007206004e-17
420.4236036036036 	 9.003678060838087e-08 	 7.014795166017095e-17
420.92408408408414 	 8.992972650308337e-08 	 6.981492138959947e-17
421.4245645645646 	 8.982292667100369e-08 	 6.948386511896635e-17
421.92504504504507 	 8.971638020729789e-08 	 6.915476882410345e-17
422.4255255255256 	 8.961008621141007e-08 	 6.882761859694453e-17
422.92600600600605 	 8.950404378704719e-08 	 6.850240064442833e-17
423.4264864864865 	 8.939825204215379e-08 	 6.817910128741277e-17
423.92696696696703 	 8.929271008888696e-08 	 6.785770695960112e-17
424.4274474474475 	 8.918741704359159e-08 	 6.753820420647927e-17
424.92792792792795 	 8.908237202677557e-08 	 6.722057968426431e-17
425.4284084084085 	 8.89775741630854e-08 	 6.690482015886424e-17
425.92888888888893 	 8.887302258128192e-08 	 6.659091250484884e-17
426.4293693693694 	 8.876871641421607e-08 	 6.627884370443098e-17
426.9298498498499 	 8.86646547988049e-08 	 6.596860084645894e-17
427.4303303303304 	 8.856083687600788e-08 	 6.566017112541942e-17
427.93081081081084 	 8.845726179080314e-08 	 6.535354184045073e-17
428.43129129129136 	 8.835392869216412e-08 	 6.504870039436663e-17
428.9317717717718 	 8.825083673303613e-08 	 6.474563429269019e-17
429.4322522522523 	 8.81479850703133e-08 	 6.444433114269784e-17
429.9327327327328 	 8.804537286481556e-08 	 6.414477865247343e-17
430.43321321321326 	 8.794299928126582e-08 	 6.384696462997231e-17
430.9336936936937 	 8.78408634882673e-08 	 6.355087698209475e-17
431.4341741741742 	 8.773896465828107e-08 	 6.325650371376955e-17
431.9346546546547 	 8.763730196760359e-08 	 6.296383292704677e-17
432.43513513513517 	 8.753587459634467e-08 	 6.267285282020026e-17
432.93561561561563 	 8.743468172840525e-08 	 6.238355168683904e-17
433.43609609609615 	 8.73337225514557e-08 	 6.209591791502837e-17
433.9365765765766 	 8.723299625691392e-08 	 6.180993998641975e-17
434.4370570570571 	 8.713250203992388e-08 	 6.152560647538975e-17
434.9375375375376 	 8.703223909933404e-08 	 6.124290604818796e-17
435.43801801801806 	 8.693220663767627e-08 	 6.09618274620938e-17
435.9384984984985 	 8.683240386114448e-08 	 6.068235956458173e-17
436.43897897897904 	 8.673282997957375e-08 	 6.040449129249524e-17
436.9394594594595 	 8.663348420641948e-08 	 6.012821167122958e-17
437.43993993993996 	 8.653436575873663e-08 	 5.985350981392224e-17
437.9404204204205 	 8.643547385715916e-08 	 5.95803749206525e-17
438.44090090090094 	 8.633680772587968e-08 	 5.930879627764876e-17
438.9413813813814 	 8.623836659262901e-08 	 5.903876325650387e-17
439.4418618618619 	 8.614014968865617e-08 	 5.877026531339886e-17
439.9423423423424 	 8.604215624870832e-08 	 5.850329198833449e-17
440.44282282282285 	 8.594438551101089e-08 	 5.823783290437044e-17
440.94330330330337 	 8.584683671724778e-08 	 5.79738777668724e-17
441.44378378378383 	 8.57495091125419e-08 	 5.7711416362767e-17
441.9442642642643 	 8.565240194543555e-08 	 5.745043855980402e-17
442.4447447447448 	 8.55555144678711e-08 	 5.719093430582613e-17
442.9452252252253 	 8.545884593517192e-08 	 5.693289362804648e-17
443.44570570570573 	 8.53623956060231e-08 	 5.667630663233297e-17
443.94618618618625 	 8.526616274245266e-08 	 5.642116350250013e-17
444.4466666666667 	 8.517014660981268e-08 	 5.616745449960836e-17
444.9471471471472 	 8.507434647676052e-08 	 5.591516996126962e-17
445.4476276276277 	 8.49787616152404e-08 	 5.56643003009608e-17
445.94810810810816 	 8.488339130046486e-08 	 5.541483600734373e-17
446.4485885885886 	 8.478823481089644e-08 	 5.516676764359187e-17
446.94906906906914 	 8.46932914282295e-08 	 5.492008584672401e-17
447.4495495495496 	 8.459856043737222e-08 	 5.4674781326944696e-17
447.95003003003006 	 8.450404112642851e-08 	 5.443084486699109e-17
448.4505105105105 	 8.440973278668027e-08 	 5.418826732148646e-17
448.95099099099104 	 8.431563471256965e-08 	 5.394703961630023e-17
449.4514714714715 	 8.422174620168146e-08 	 5.370715274791426e-17
449.95195195195197 	 8.412806655472569e-08 	 5.346859778279568e-17
450.4524324324325 	 8.403459507552012e-08 	 5.32313658567757e-17
450.95291291291295 	 8.394133107097315e-08 	 5.2995448174434965e-17
451.4533933933934 	 8.38482738510666e-08 	 5.2760836008494755e-17
451.95387387387393 	 8.375542272883868e-08 	 5.252752069921415e-17
452.4543543543544 	 8.366277702036718e-08 	 5.2295493653793844e-17
452.95483483483486 	 8.357033604475256e-08 	 5.206474634578485e-17
453.4553153153154 	 8.34780991241014e-08 	 5.1835270314504024e-17
453.95579579579584 	 8.338606558350966e-08 	 5.1607057164454774e-17
454.4562762762763 	 8.329423475104639e-08 	 5.1380098564753757e-17
454.9567567567568 	 8.320260595773725e-08 	 5.115438624856317e-17
455.4572372372373 	 8.311117853754837e-08 	 5.0929912012528796e-17
455.95771771771774 	 8.301995182737012e-08 	 5.07066677162232e-17
456.45819819819826 	 8.292892516700113e-08 	 5.048464528159492e-17
456.9586786786787 	 8.283809789913235e-08 	 5.0263836692422693e-17
457.4591591591592 	 8.274746936933125e-08 	 5.0044233993775237e-17
457.9596396396397 	 8.265703892602601e-08 	 4.982582929147626e-17
458.46012012012017 	 8.256680592049011e-08 	 4.960861475157482e-17
458.9606006006006 	 8.247676970682658e-08 	 4.939258259982061e-17
459.46108108108115 	 8.238692964195268e-08 	 4.9177725121144754e-17
459.9615615615616 	 8.22972850855847e-08 	 4.89640346591454e-17
460.46204204204207 	 8.220783540022255e-08 	 4.875150361557845e-17
460.9625225225226 	 8.211857995113481e-08 	 4.854012444985317e-17
461.46300300300305 	 8.202951810634365e-08 	 4.832988967853298e-17
461.9634834834835 	 8.19406492366099e-08 	 4.812079187484054e-17
462.46396396396403 	 8.185197271541824e-08 	 4.791282366816841e-17
462.9644444444445 	 8.176348791896256e-08 	 4.770597774359383e-17
463.46492492492496 	 8.167519422613118e-08 	 4.750024684139847e-17
463.9654054054055 	 8.158709101849241e-08 	 4.7295623756592836e-17
464.46588588588594 	 8.149917768028017e-08 	 4.709210133844533e-17
464.9663663663664 	 8.141145359837947e-08 	 4.688967249001558e-17
465.4668468468469 	 8.132391816231235e-08 	 4.6688330167692716e-17
465.9673273273274 	 8.123657076422356e-08 	 4.648806738073772e-17
466.46780780780784 	 8.114941079886659e-08 	 4.6288877190830424e-17
466.9682882882883 	 8.106243766358968e-08 	 4.6090752711620727e-17
467.4687687687688 	 8.097565075832187e-08 	 4.5893687108284197e-17
467.9692492492493 	 8.088904948555928e-08 	 4.569767359708207e-17
468.46972972972975 	 8.08026332503513e-08 	 4.550270544492504e-17
468.97021021021027 	 8.071640146028707e-08 	 4.5308775968941834e-17
469.47069069069073 	 8.063035352548187e-08 	 4.511587853605153e-17
469.9711711711712 	 8.054448885856375e-08 	 4.4924006562539916e-17
470.4716516516517 	 8.045880687465999e-08 	 4.4733153513640184e-17
470.9721321321322 	 8.037330699138405e-08 	 4.4543312903117457e-17
471.47261261261264 	 8.028798862882223e-08 	 4.435447829285725e-17
471.97309309309315 	 8.020285120952057e-08 	 4.416664329245793e-17
472.4735735735736 	 8.011789415847189e-08 	 4.397980155882708e-17
472.9740540540541 	 8.003311690310275e-08 	 4.3793946795781587e-17
473.4745345345346 	 7.994851887326067e-08 	 4.360907275365154e-17
473.97501501501506 	 7.986409950120131e-08 	 4.34251732288881e-17
474.4754954954955 	 7.977985822157578e-08 	 4.324224206367481e-17
474.97597597597604 	 7.969579447141797e-08 	 4.306027314554267e-17
475.4764564564565 	 7.961190769013214e-08 	 4.287926040698904e-17
475.97693693693697 	 7.952819731948028e-08 	 4.269919782509974e-17
476.4774174174175 	 7.944466280356989e-08 	 4.252007942117522e-17
476.97789789789795 	 7.936130358884155e-08 	 4.234189926035982e-17
477.4783783783784 	 7.92781191240568e-08 	 4.216465145127482e-17
477.9788588588589 	 7.919510886028587e-08 	 4.198833014565468e-17
478.4793393393394 	 7.911227225089575e-08 	 4.1812929537986994e-17
478.97981981981985 	 7.902960875153804e-08 	 4.1638443865155616e-17
479.48030030030037 	 7.894711782013715e-08 	 4.1464867406087094e-17
479.98078078078083 	 7.886479891687835e-08 	 4.129219448140066e-17
480.4812612612613 	 7.878265150419611e-08 	 4.11204194530613e-17
480.9817417417418 	 7.870067504676226e-08 	 4.094953672403602e-17
481.4822222222223 	 7.861886901147449e-08 	 4.077954073795357e-17
481.98270270270274 	 7.853723286744473e-08 	 4.061042597876715e-17
482.48318318318326 	 7.845576608598763e-08 	 4.044218697042016e-17
482.9836636636637 	 7.837446814060926e-08 	 4.027481827651539e-17
483.4841441441442 	 7.829333850699563e-08 	 4.0108314499987025e-17
483.9846246246247 	 7.821237666300153e-08 	 3.994267028277576e-17
484.48510510510516 	 7.813158208863928e-08 	 3.977788030550696e-17
484.9855855855856 	 7.805095426606759e-08 	 3.961393928717184e-17
485.4860660660661 	 7.797049267958052e-08 	 3.945084198481141e-17
485.9865465465466 	 7.789019681559647e-08 	 3.9288583193203616e-17
486.48702702702707 	 7.781006616264729e-08 	 3.9127157744553254e-17
486.98750750750753 	 7.773010021136732e-08 	 3.896656050818458e-17
487.48798798798805 	 7.765029845448271e-08 	 3.8806786390237025e-17
487.9884684684685 	 7.757066038680065e-08 	 3.864783033336363e-17
488.488948948949 	 7.749118550519872e-08 	 3.848968731643219e-17
488.9894294294295 	 7.741187330861421e-08 	 3.8332352354229e-17
489.48990990990995 	 7.733272329803378e-08 	 3.817582049716591e-17
489.9903903903904 	 7.725373497648277e-08 	 3.802008683098927e-17
490.49087087087094 	 7.717490784901493e-08 	 3.78651464764921e-17
490.9913513513514 	 7.709624142270211e-08 	 3.771099458922883e-17
491.49183183183186 	 7.70177352066239e-08 	 3.755762635923241e-17
491.9923123123124 	 7.69393887118574e-08 	 3.740503701073411e-17
492.49279279279284 	 7.686120145146721e-08 	 3.725322180188614e-17
492.9932732732733 	 7.678317294049519e-08 	 3.710217602448641e-17
493.4937537537538 	 7.670530269595051e-08 	 3.6951895003705926e-17
493.9942342342343 	 7.662759023679969e-08 	 3.680237409781893e-17
494.49471471471475 	 7.655003508395666e-08 	 3.665360869793504e-17
494.99519519519527 	 7.64726367602729e-08 	 3.650559422773413e-17
495.4956756756757 	 7.639539479052775e-08 	 3.635832614320371e-17
495.9961561561562 	 7.631830870141859e-08 	 3.621179993237826e-17
496.4966366366367 	 7.624137802155117e-08 	 3.606601111508136e-17
496.99711711711717 	 7.616460228143006e-08 	 3.592095524266992e-17
497.49759759759763 	 7.60879810134491e-08 	 3.577662789778083e-17
497.99807807807815 	 7.601151375188182e-08 	 3.563302469407975e-17
498.4985585585586 	 7.59352000328721e-08 	 3.5490141276012446e-17
498.9990390390391 	 7.585903939442473e-08 	 3.534797331855796e-17
499.4995195195196 	 7.578303137639614e-08 	 3.5206516526984454e-17
500.0 	 7.570717552048511e-08 	 3.5065766636606925e-17
