3.5233633633633636 	 2.498139667153392e-06 	 1.0865598643482046e-09
4.023843843843844 	 2.5576076914676036e-06 	 6.056786507470202e-10
4.524324324324325 	 2.629073100696411e-06 	 3.5530311467379737e-10
5.0248048048048055 	 2.714700086197474e-06 	 2.1598375910779507e-10
5.525285285285285 	 2.817456296303814e-06 	 1.3433988223674423e-10
6.025765765765766 	 2.9415081495553075e-06 	 8.451160736536784e-11
6.526246246246247 	 3.0929178360252754e-06 	 5.311343213342557e-11
7.026726726726727 	 3.2808588500410513e-06 	 3.284736437302097e-11
7.527207207207208 	 3.5200086520843342e-06 	 1.956158487827175e-11
8.027687687687688 	 3.835555796392722e-06 	 1.082299177815421e-11
8.528168168168168 	 4.27491508116567e-06 	 5.201126625097819e-12
9.02864864864865 	 4.939297888798846e-06 	 1.927759914080194e-12
9.52912912912913 	 6.08813516222814e-06 	 8.619804983345354e-13
10.029609609609611 	 8.617439208311058e-06 	 3.2011948533652413e-12
10.530090090090091 	 1.7472644704664435e-05 	 1.8038279330089104e-11
11.030570570570571 	 4.0917946774527506e-05 	 8.130099749941008e-11
11.531051051051053 	 5.865841569844405e-05 	 1.5630011533821175e-10
12.031531531531533 	 6.331596587951434e-05 	 1.49144847342588e-10
12.532012012012013 	 5.58219480444789e-05 	 8.949508816549115e-11
13.032492492492494 	 5.4685307349338846e-05 	 8.44233253081062e-11
13.532972972972974 	 4.742568949475089e-05 	 5.804200869987588e-11
14.033453453453454 	 4.1014968481599724e-05 	 3.7186581930818854e-11
14.533933933933936 	 4.320637057214343e-05 	 4.007276015025706e-11
15.034414414414416 	 4.3621575768043365e-05 	 4.028970795285509e-11
15.534894894894897 	 4.529896717236565e-05 	 4.544902720496604e-11
16.035375375375377 	 4.5368387619466096e-05 	 4.752269298589947e-11
16.535855855855857 	 4.665445554958659e-05 	 5.384330422454342e-11
17.036336336336337 	 4.774139110569893e-05 	 6.575242348688104e-11
17.53681681681682 	 4.571556281065267e-05 	 6.849172377899334e-11
18.0372972972973 	 4.104295899277881e-05 	 5.894060813198308e-11
18.53777777777778 	 3.6836098593473424e-05 	 4.9095459282561136e-11
19.03825825825826 	 3.337430005445464e-05 	 4.3830322632744724e-11
19.53873873873874 	 2.830136927998403e-05 	 3.637379512046727e-11
20.039219219219223 	 2.31203578174885e-05 	 2.6482527640706176e-11
20.539699699699703 	 2.0478388645832025e-05 	 1.9425077275993447e-11
21.040180180180183 	 2.0009725073206917e-05 	 1.6075253495867213e-11
21.540660660660663 	 2.0060129188257346e-05 	 1.4981139587863365e-11
22.041141141141143 	 1.929021782024399e-05 	 1.4407150403822998e-11
22.541621621621623 	 1.7463760843470094e-05 	 1.3161949582578465e-11
23.042102102102106 	 1.529074429554358e-05 	 1.1199739167636877e-11
23.542582582582586 	 1.3545059383173561e-05 	 9.117318447423355e-12
24.043063063063066 	 1.2551706088325247e-05 	 7.349014364476807e-12
24.543543543543546 	 1.2325658235342016e-05 	 6.023304718615011e-12
25.044024024024026 	 1.2805336199833137e-05 	 5.139362110102368e-12
25.54450450450451 	 1.3923060021989082e-05 	 4.693715484630893e-12
26.04498498498499 	 1.5532080876327147e-05 	 4.7238662703678266e-12
26.54546546546547 	 1.7233177415139514e-05 	 5.276534429424738e-12
27.04594594594595 	 1.8234533666169316e-05 	 6.2305987598710934e-12
27.54642642642643 	 1.7583301830468894e-05 	 6.95358425948666e-12
28.04690690690691 	 1.5362924396976777e-05 	 6.553201038033431e-12
28.547387387387392 	 1.3648805844254895e-05 	 5.441891747456772e-12
29.047867867867872 	 1.374824426785528e-05 	 4.7763836517525776e-12
29.548348348348352 	 1.4871041101872125e-05 	 4.912208488465724e-12
30.04882882882883 	 1.561112809165101e-05 	 5.626528964496095e-12
30.54930930930931 	 1.4986811732363379e-05 	 6.35666941866085e-12
31.049789789789795 	 1.2913914118814745e-05 	 6.447469036673394e-12
31.550270270270275 	 1.0361004611180576e-05 	 5.77654648754884e-12
32.05075075075076 	 8.437413663973536e-06 	 4.860424496086636e-12
32.55123123123124 	 7.3781898860776635e-06 	 4.106748185170872e-12
33.05171171171172 	 6.877645085094459e-06 	 3.591142885924928e-12
33.5521921921922 	 6.596717411831773e-06 	 3.253331621717867e-12
34.05267267267268 	 6.32242829657245e-06 	 3.0152248940460926e-12
34.55315315315316 	 5.975929516202108e-06 	 2.8180697679375875e-12
35.053633633633645 	 5.570106562070171e-06 	 2.6307620840557815e-12
35.55411411411412 	 5.1542171420222645e-06 	 2.444985072373663e-12
36.054594594594604 	 4.773094246026562e-06 	 2.2647595524749626e-12
36.55507507507508 	 4.448929536696693e-06 	 2.0970464915249423e-12
37.055555555555564 	 4.181157735955415e-06 	 1.9466542386137216e-12
37.55603603603605 	 3.95476012537004e-06 	 1.8147690866823292e-12
38.056516516516524 	 3.7499168773261323e-06 	 1.6995820758736727e-12
38.55699699699701 	 3.5497913008156314e-06 	 1.5976880347024581e-12
39.057477477477484 	 3.3444793997143713e-06 	 1.505445904323151e-12
39.55795795795797 	 3.1314079213391554e-06 	 1.4198772349389006e-12
40.05843843843845 	 2.9132290387561908e-06 	 1.3390513094749433e-12
40.55891891891893 	 2.6951048082610402e-06 	 1.2619653929828698e-12
41.05939939939941 	 2.482464214807868e-06 	 1.1882885081762178e-12
41.55987987987989 	 2.279730264489087e-06 	 1.1180447114097388e-12
42.06036036036037 	 2.0898668827969267e-06 	 1.051384165387336e-12
42.56084084084085 	 1.9144569691617406e-06 	 9.88446574000382e-13
43.06132132132133 	 1.7539851894685102e-06 	 9.292958792098109e-13
43.56180180180181 	 1.608171451170024e-06 	 8.739187777545482e-13
44.06228228228229 	 1.4762560150811768e-06 	 8.222193974933842e-13
44.56276276276277 	 1.3572220147601019e-06 	 7.740519022071823e-13
45.06324324324325 	 1.2499388357752713e-06 	 7.292387748198172e-13
45.56372372372373 	 1.1532665936474606e-06 	 6.875728712916367e-13
46.064204204204216 	 1.0661152380444962e-06 	 6.488423222103474e-13
46.56468468468469 	 9.874610988327138e-07 	 6.128356720921862e-13
47.065165165165176 	 9.163740619127532e-07 	 5.79351128110311e-13
47.56564564564565 	 8.520230907223385e-07 	 5.481939951226498e-13
48.066126126126136 	 7.936627525933197e-07 	 5.191756008967016e-13
48.56660660660662 	 7.406346649999836e-07 	 4.921318448092949e-13
49.067087087087096 	 6.923553131051236e-07 	 4.669024210282683e-13
49.56756756756758 	 6.483098347547726e-07 	 4.4334431897383796e-13
50.068048048048055 	 6.080513151085309e-07 	 4.213236214112271e-13
50.56852852852854 	 5.711811710663982e-07 	 4.0071900913924516e-13
51.06900900900902 	 5.373459889530299e-07 	 3.814203303032413e-13
51.5694894894895 	 5.062384479989475e-07 	 3.63328951713373e-13
52.06996996996998 	 4.775902932408678e-07 	 3.4634962172275e-13
52.57045045045046 	 4.5115429169848705e-07 	 3.3039896687279705e-13
53.07093093093094 	 4.267224400042501e-07 	 3.1540092523203575e-13
53.571411411411425 	 4.041028437341536e-07 	 3.0128642100430655e-13
54.0718918918919 	 3.8312761367947113e-07 	 2.8798971065190444e-13
54.572372372372385 	 3.6364892753813827e-07 	 2.754519984210998e-13
55.07285285285286 	 3.4552951157509765e-07 	 2.6362273702590016e-13
55.573333333333345 	 3.2865398426269633e-07 	 2.5244885552524397e-13
56.07381381381382 	 3.129105274686725e-07 	 2.41888015991223e-13
56.574294294294305 	 2.982091338859375e-07 	 2.318969260419499e-13
57.07477477477479 	 2.84458718802281e-07 	 2.2243899963864414e-13
57.575255255255264 	 2.715833889445478e-07 	 2.1347786308164398e-13
58.07573573573575 	 2.595124241466929e-07 	 2.0498233263495542e-13
58.576216216216224 	 2.481822820324836e-07 	 1.9692284883110954e-13
59.07669669669671 	 2.3753593664138872e-07 	 1.8927039654356466e-13
59.57717717717719 	 2.2752118509802942e-07 	 1.8200017592486593e-13
60.07765765765767 	 2.1809037154718324e-07 	 1.7508970432179072e-13
60.57813813813815 	 2.0920095416561703e-07 	 1.6851549386974893e-13
61.07861861861863 	 2.0081334270853836e-07 	 1.622577081242824e-13
61.57909909909911 	 1.9289179077051412e-07 	 1.562982293532512e-13
62.079579579579594 	 1.854034390912051e-07 	 1.5061898797120592e-13
62.58006006006007 	 1.7831819797450934e-07 	 1.4520460455826508e-13
63.080540540540554 	 1.7160888873381696e-07 	 1.400387816710285e-13
63.58102102102103 	 1.652501305163998e-07 	 1.3510800653666294e-13
64.0815015015015 	 1.5921832546658818e-07 	 1.3039971718654962e-13
64.58198198198198 	 1.5349288277663628e-07 	 1.2590048282290294e-13
65.08246246246247 	 1.4805352807005676e-07 	 1.215995405764208e-13
65.58294294294295 	 1.428823607131745e-07 	 1.174867564044668e-13
66.08342342342343 	 1.379627624230002e-07 	 1.1355052467838739e-13
66.5839039039039 	 1.3327892744012228e-07 	 1.0978291929750286e-13
67.08438438438439 	 1.2881678646561367e-07 	 1.0617448742831369e-13
67.58486486486487 	 1.2456273581356513e-07 	 1.0271699518245714e-13
68.08534534534535 	 1.2050490243378044e-07 	 9.940267250449855e-14
68.58582582582584 	 1.1663130189699312e-07 	 9.622485823056707e-14
69.08630630630631 	 1.1293180923116371e-07 	 9.317578720532187e-14
69.58678678678679 	 1.0939610760854406e-07 	 9.024987152947099e-14
70.08726726726728 	 1.0601531414173008e-07 	 8.744054961007454e-14
70.58774774774776 	 1.02780402126251e-07 	 8.474253218585916e-14
71.08822822822823 	 9.968385610318968e-08 	 8.215003954376993e-14
71.58870870870871 	 9.671779887304054e-08 	 7.965814469118101e-14
72.0891891891892 	 9.387537760710286e-08 	 7.726213762247678e-14
72.58966966966968 	 9.115014514441557e-08 	 7.495776357064985e-14
73.09015015015015 	 8.85358067838901e-08 	 7.274032221107966e-14
73.59063063063064 	 8.60268385982435e-08 	 7.060596758960643e-14
74.09111111111112 	 8.361776972738287e-08 	 6.855089659320986e-14
74.5915915915916 	 8.130337330677923e-08 	 6.657174602178792e-14
75.09207207207209 	 7.907886285261716e-08 	 6.466517148969017e-14
75.59255255255256 	 7.694009912153273e-08 	 6.282746336170678e-14
76.09303303303304 	 7.48827038816726e-08 	 6.105590770282999e-14
76.59351351351351 	 7.290287339802002e-08 	 5.934740443360055e-14
77.093993993994 	 7.099687975986829e-08 	 5.769936713043225e-14
77.59447447447448 	 6.916087183189945e-08 	 5.610951210584938e-14
78.09495495495496 	 6.73921870267452e-08 	 5.4574565734128284e-14
78.59543543543545 	 6.568703769653695e-08 	 5.309318988990246e-14
79.09591591591592 	 6.404295218406486e-08 	 5.166225741841912e-14
79.5963963963964 	 6.245712702337585e-08 	 5.028008992525782e-14
80.09687687687689 	 6.092685797548634e-08 	 4.894468966018926e-14
80.59735735735737 	 5.944954614631398e-08 	 4.765393953802462e-14
81.09783783783784 	 5.802287492302318e-08 	 4.6406344277227125e-14
81.59831831831832 	 5.664479202159928e-08 	 4.5199942538900473e-14
82.09879879879881 	 5.531330558496056e-08 	 4.403286495353085e-14
82.59927927927929 	 5.402590530797922e-08 	 4.290413016109084e-14
83.09975975975976 	 5.278122412543026e-08 	 4.181173888883993e-14
83.60024024024025 	 5.1577279050486154e-08 	 4.075431330921694e-14
84.10072072072073 	 5.04122349214764e-08 	 3.973078807720888e-14
84.6012012012012 	 4.928472253241242e-08 	 3.8739634991470827e-14
85.10168168168168 	 4.8193076341898627e-08 	 3.777965016226957e-14
85.60216216216217 	 4.713597152798824e-08 	 3.684945623633526e-14
86.10264264264265 	 4.611173374805909e-08 	 3.594818701845569e-14
86.60312312312313 	 4.511920734067505e-08 	 3.507476961915221e-14
87.10360360360362 	 4.415734970793842e-08 	 3.422799793725443e-14
87.60408408408409 	 4.3224583227551796e-08 	 3.3407098005418766e-14
88.10456456456457 	 4.2319925072795206e-08 	 3.261094400787822e-14
88.60504504504506 	 4.144258752513231e-08 	 3.183847424391979e-14
89.10552552552554 	 4.059101791076023e-08 	 3.108921605340133e-14
89.60600600600601 	 3.9764629921357775e-08 	 3.036217151003908e-14
90.10648648648649 	 3.896219841829695e-08 	 2.9656399161875654e-14
90.60696696696698 	 3.818291746976135e-08 	 2.897148858420836e-14
91.10744744744746 	 3.742630278629487e-08 	 2.8306218640978545e-14
91.60792792792793 	 3.6690888603143136e-08 	 2.76602271472035e-14
92.10840840840842 	 3.597634641921859e-08 	 2.7032879074104715e-14
92.6088888888889 	 3.528165658362889e-08 	 2.6423370261485124e-14
93.10936936936938 	 3.4606435234975955e-08 	 2.5831132750297465e-14
93.60984984984987 	 3.3949747625521594e-08 	 2.5255529469300788e-14
94.11033033033034 	 3.3310872324321635e-08 	 2.4696069455987603e-14
94.61081081081082 	 3.2689329580673754e-08 	 2.415227692577269e-14
95.1112912912913 	 3.208456240774703e-08 	 2.3623458543493398e-14
95.61177177177179 	 3.14958770031045e-08 	 2.3109179152880033e-14
96.11225225225226 	 3.092283088159322e-08 	 2.2608997800405634e-14
96.61273273273274 	 3.0364819559347894e-08 	 2.2122351664355557e-14
97.11321321321323 	 2.982120705402018e-08 	 2.164901674611823e-14
97.6136936936937 	 2.9291800294026127e-08 	 2.1188224320589948e-14
98.11417417417418 	 2.877583907829543e-08 	 2.0739872289169182e-14
98.61465465465466 	 2.8273293924037886e-08 	 2.0303316938639043e-14
99.11513513513515 	 2.778316943528646e-08 	 1.9878466583171556e-14
99.61561561561562 	 2.7305521697133e-08 	 1.946460910789009e-14
100.1160960960961 	 2.6948239448854072e-08 	 1.9067136753571357e-14
100.61657657657659 	 2.6814195255676803e-08 	 1.8690587852652586e-14
101.11705705705707 	 2.6681477970227268e-08 	 1.832328861197655e-14
101.61753753753754 	 2.6550067986891118e-08 	 1.7964967712407954e-14
102.11801801801803 	 2.6419946084402522e-08 	 1.7615363074584016e-14
102.61849849849851 	 2.6291093416471668e-08 	 1.7274221501045637e-14
103.11897897897899 	 2.616349150268512e-08 	 1.6941298333886746e-14
103.61945945945946 	 2.6037122219669957e-08 	 1.6616357127177627e-14
104.11993993993995 	 2.5911967792512712e-08 	 1.6299169333457303e-14
104.62042042042043 	 2.5788010786424635e-08 	 1.598951400362675e-14
105.1209009009009 	 2.5665234098644984e-08 	 1.5687177499609316e-14
105.6213813813814 	 2.5543620950574584e-08 	 1.5391953219178064e-14
106.12186186186187 	 2.5423154880131946e-08 	 1.5103641332379914e-14
106.62234234234235 	 2.530381973432466e-08 	 1.482204852901629e-14
107.12282282282284 	 2.5185599662029026e-08 	 1.4546987776667272e-14
107.62330330330332 	 2.5068479106971186e-08 	 1.4278278088772478e-14
108.1237837837838 	 2.4952442800903125e-08 	 1.4015744302306117e-14
108.62426426426427 	 2.483747575696738e-08 	 1.3759216864607655e-14
109.12474474474476 	 2.4723563263244294e-08 	 1.3508531628950697e-14
109.62522522522524 	 2.4610690876476042e-08 	 1.326352965845412e-14
110.12570570570571 	 2.449884441596181e-08 	 1.3024057037958827e-14
110.6261861861862 	 2.4388009957618633e-08 	 1.2789964693512201e-14
111.12666666666668 	 2.427817382820279e-08 	 1.2561108219120048e-14
111.62714714714716 	 2.416932259968657e-08 	 1.233734771044218e-14
112.12762762762763 	 2.4061443083785725e-08 	 1.2118547605124058e-14
112.62810810810812 	 2.395452232663274e-08 	 1.190457652947132e-14
113.1285885885886 	 2.3848547603591577e-08 	 1.169530715118867e-14
113.62906906906908 	 2.3743506414209377e-08 	 1.1490616037917591e-14
114.12954954954957 	 2.3639386477301052e-08 	 1.1290383521320435e-14
114.63003003003004 	 2.353617572616259e-08 	 1.1094493566470217e-14
115.13051051051052 	 2.343386230390927e-08 	 1.090283364631704e-14
115.63099099099101 	 2.3332434558934843e-08 	 1.0715294621012756e-14
116.13147147147149 	 2.3231881040488262e-08 	 1.053177062188601e-14
116.63195195195196 	 2.313219049436417e-08 	 1.0352158939869209e-14
117.13243243243244 	 2.3033351858703947e-08 	 1.0176359918188554e-14
117.63291291291293 	 2.29353542599039e-08 	 1.0004276849136871e-14
118.1333933933934 	 2.2838187008627526e-08 	 9.835815874757385e-15
118.63387387387388 	 2.2741839595918633e-08 	 9.67088589127443e-15
119.13435435435437 	 2.2646301689412497e-08 	 9.509398457114807e-15
119.63483483483485 	 2.2551563129642087e-08 	 9.35126770437037e-15
120.13531531531532 	 2.2457613926436635e-08 	 9.196410253559507e-15
120.63579579579581 	 2.2364444255409855e-08 	 9.044745131551444e-15
121.13627627627629 	 2.2272044454535187e-08 	 8.896193692523493e-15
121.63675675675677 	 2.218040502080564e-08 	 8.750679541827276e-15
122.13723723723724 	 2.2089516606975693e-08 	 8.608128462645428e-15
122.63771771771773 	 2.1999370018383043e-08 	 8.468468345325591e-15
123.13819819819821 	 2.1909956209847802e-08 	 8.331629119283576e-15
123.63867867867869 	 2.1821266282647036e-08 	 8.1975426873723e-15
124.13915915915918 	 2.173329148156247e-08 	 8.066142862617686e-15
124.63963963963965 	 2.1646023191999355e-08 	 7.937365307227119e-15
125.14012012012013 	 2.1559452937174405e-08 	 7.811147473779996e-15
125.64060060060062 	 2.147357237537103e-08 	 7.687428548514112e-15
126.1410810810811 	 2.138837329725983e-08 	 7.56614939662508e-15
126.64156156156157 	 2.130384762328269e-08 	 7.447252509499848e-15
127.14204204204205 	 2.1219987401098612e-08 	 7.330681953808482e-15
127.64252252252254 	 2.1136784803089645e-08 	 7.2163833223819e-15
128.14300300300303 	 2.1054232123925297e-08 	 7.104303686806165e-15
128.64348348348352 	 2.097232177818374e-08 	 6.9943915516669335e-15
129.14396396396398 	 2.0891046298028393e-08 	 6.886596810380505e-15
129.64444444444447 	 2.0810398330938238e-08 	 6.780870702550554e-15
130.14492492492496 	 2.0730370637490595e-08 	 6.6771657727922855e-15
130.64540540540543 	 2.0650956089194813e-08 	 6.5754358309679885e-15
131.14588588588592 	 2.0572147666375548e-08 	 6.475635913780558e-15
131.6463663663664 	 2.0493938456104377e-08 	 6.377722247673634e-15
132.14684684684687 	 2.0416321650178347e-08 	 6.281652212989041e-15
132.64732732732736 	 2.0339290543144347e-08 	 6.187384309334542e-15
133.14780780780782 	 2.0262838530368005e-08 	 6.09487812211653e-15
133.6482882882883 	 2.0186959106145958e-08 	 6.0040942901942895e-15
134.1487687687688 	 2.0111645861860442e-08 	 5.914994474614334e-15
134.64924924924927 	 2.0036892484174946e-08 	 5.827541328384737e-15
135.14972972972976 	 1.9962692753270052e-08 	 5.741698467251276e-15
135.65021021021025 	 1.9889040541118233e-08 	 5.6574304414385904e-15
136.1506906906907 	 1.9815929809796804e-08 	 5.574702708321087e-15
136.6511711711712 	 1.9743354609837835e-08 	 5.493481605989664e-15
137.1516516516517 	 1.96713090786143e-08 	 5.413734327681906e-15
137.65213213213215 	 1.9599787438761354e-08 	 5.335428897044318e-15
138.15261261261264 	 1.9528783996631942e-08 	 5.258534144196769e-15
138.65309309309313 	 1.945829314078589e-08 	 5.1830196825703104e-15
139.1535735735736 	 1.938830934051158e-08 	 5.108855886490685e-15
139.6540540540541 	 1.9318827144379357e-08 	 5.036013869480912e-15
140.15453453453458 	 1.9249841178826052e-08 	 4.9644654632575435e-15
140.65501501501504 	 1.9181346146769623e-08 	 4.894183197395869e-15
141.15549549549553 	 1.911333682625327e-08 	 4.825140279640575e-15
141.65597597597602 	 1.904580806911837e-08 	 4.75731057683921e-15
142.15645645645648 	 1.897875479970538e-08 	 4.690668596476523e-15
142.65693693693697 	 1.8912172013582073e-08 	 4.6251894687888065e-15
143.15741741741743 	 1.884605477629853e-08 	 4.560848929438074e-15
143.65789789789793 	 1.8780398222168055e-08 	 4.497623302726569e-15
144.15837837837842 	 1.8715197553073573e-08 	 4.4354894853330964e-15
144.65885885885888 	 1.8650448037298754e-08 	 4.374424930553068e-15
145.15933933933937 	 1.8586145008383315e-08 	 4.314407633025084e-15
145.65981981981986 	 1.8522283864001958e-08 	 4.2554161139273905e-15
146.16030030030032 	 1.8458860064866318e-08 	 4.19742940662819e-15
146.6607807807808 	 1.8395869133649364e-08 	 4.140427042774412e-15
147.1612612612613 	 1.8333306653931826e-08 	 4.084389038804123e-15
147.66174174174176 	 1.8271168269169964e-08 	 4.029295882868247e-15
148.16222222222225 	 1.8209449681684293e-08 	 3.9751285221478795e-15
148.66270270270275 	 1.8148146651668754e-08 	 3.921868350553942e-15
149.1631831831832 	 1.8087254996219815e-08 	 3.8694971967963996e-15
149.6636636636637 	 1.802677058838503e-08 	 3.817997312810719e-15
150.1641441441442 	 1.7966689356230663e-08 	 3.767351362529801e-15
150.66462462462465 	 1.7907007281927867e-08 	 3.717542410989876e-15
151.16510510510514 	 1.784772040085703e-08 	 3.6685539137594146e-15
151.6655855855856 	 1.7788824800729856e-08 	 3.620369706680458e-15
152.1660660660661 	 1.773031662072876e-08 	 3.572973995912071e-15
152.66654654654658 	 1.7672192050663187e-08 	 3.5263513482661567e-15
153.16702702702705 	 1.7614447330142508e-08 	 3.480486681826075e-15
153.66750750750754 	 1.7557078747765018e-08 	 3.43536525683886e-15
154.16798798798803 	 1.7500082640322793e-08 	 3.390972666872309e-15
154.6684684684685 	 1.744345539202194e-08 	 3.3472948302282994e-15
155.16894894894898 	 1.7387193433717954e-08 	 3.3043179816041762e-15
155.66942942942947 	 1.7331293242165832e-08 	 3.2620286639942612e-15
156.16990990990993 	 1.72757513392846e-08 	 3.220413720823806e-15
156.67039039039042 	 1.7220564291435915e-08 	 3.1794602883080008e-15
157.1708708708709 	 1.7165728708716493e-08 	 3.139155788028966e-15
157.67135135135138 	 1.7111241244263987e-08 	 3.0994879197237348e-15
158.17183183183187 	 1.705709859357602e-08 	 3.0604446542766682e-15
158.67231231231236 	 1.7003297493842167e-08 	 3.022014226909872e-15
159.17279279279282 	 1.6949834723288478e-08 	 2.984185130565369e-15
159.6732732732733 	 1.689670710053437e-08 	 2.9469461094730983e-15
160.1737537537538 	 1.6843911483961542e-08 	 2.9102861528989582e-15
160.67423423423426 	 1.6791444771094727e-08 	 2.8741944890672665e-15
161.17471471471475 	 1.673930389799392e-08 	 2.8386605792522894e-15
161.67519519519522 	 1.668748583865796e-08 	 2.803674112033632e-15
162.1756756756757 	 1.663598760443913e-08 	 2.769224997710424e-15
162.6761561561562 	 1.6584806243468537e-08 	 2.7353033628694637e-15
163.17663663663666 	 1.65339388400921e-08 	 2.701899545102614e-15
163.67711711711715 	 1.6483382514316866e-08 	 2.6690040878688957e-15
164.17759759759764 	 1.6433134421267474e-08 	 2.6366077354969146e-15
164.6780780780781 	 1.638319175065253e-08 	 2.6047014283233594e-15
165.1785585585586 	 1.633355172624062e-08 	 2.573276297963435e-15
165.67903903903908 	 1.6284211605345933e-08 	 2.542323662709346e-15
166.17951951951954 	 1.623516867832308e-08 	 2.5118350230529062e-15
166.68000000000004 	 1.6186420268071044e-08 	 2.4818020573285973e-15
167.18048048048053 	 1.6137963729546086e-08 	 2.4522166174735235e-15
167.680960960961 	 1.60897964492833e-08 	 2.4230707249007116e-15
168.18144144144148 	 1.6041915844926762e-08 	 2.3943565664824636e-15
168.68192192192197 	 1.5994319364768012e-08 	 2.3660664906404904e-15
169.18240240240243 	 1.594700448729277e-08 	 2.3381930035396706e-15
169.68288288288292 	 1.589996872073561e-08 	 2.3107287653824017e-15
170.18336336336338 	 1.5853209602642568e-08 	 2.2836665868006083e-15
170.68384384384387 	 1.5806724699441376e-08 	 2.2569994253425276e-15
171.18432432432436 	 1.5760511606019275e-08 	 2.2307203820515507e-15
171.68480480480483 	 1.5714567945308208e-08 	 2.2048226981344166e-15
172.18528528528532 	 1.5668891367877213e-08 	 2.17929975171618e-15
172.6857657657658 	 1.5623479551531972e-08 	 2.1541450546794785e-15
173.18624624624627 	 1.557833020092125e-08 	 2.129352249585626e-15
173.68672672672676 	 1.5533441047150115e-08 	 2.104915106675204e-15
174.18720720720725 	 1.548880984739992e-08 	 2.0808275209459156e-15
174.6876876876877 	 1.544443438455473e-08 	 2.057083509305418e-15
175.1881681681682 	 1.540031246683417e-08 	 2.033677207797075e-15
175.6886486486487 	 1.5356441927432594e-08 	 2.0106028688965294e-15
176.18912912912916 	 1.5312820624164337e-08 	 1.987854858877079e-15
176.68960960960965 	 1.526944643911505e-08 	 1.965427655241948e-15
177.19009009009014 	 1.5226317278298924e-08 	 1.943315844221547e-15
177.6905705705706 	 1.5183431071321696e-08 	 1.92151411833391e-15
178.1910510510511 	 1.5140785771049348e-08 	 1.900017274006536e-15
178.69153153153155 	 1.5098379353282373e-08 	 1.8788202092579335e-15
179.19201201201204 	 1.5056209816435493e-08 	 1.8579179214371847e-15
179.69249249249253 	 1.501427518122273e-08 	 1.8373055050199498e-15
180.192972972973 	 1.4972573490347738e-08 	 1.816978149459334e-15
180.6934534534535 	 1.4931102808199262e-08 	 1.7969311370900885e-15
181.19393393393398 	 1.4889861220551656e-08 	 1.777159841084718e-15
181.69441441441444 	 1.4848846834270345e-08 	 1.7576597234600336e-15
182.19489489489493 	 1.480805777702215e-08 	 1.7384263331327897e-15
182.69537537537542 	 1.4767492196990363e-08 	 1.7194553040230642e-15
183.19585585585588 	 1.4727148262594507e-08 	 1.7007423532040768e-15
183.69633633633637 	 1.4687024162214653e-08 	 1.68228327909719e-15
184.19681681681686 	 1.4647118103920259e-08 	 1.6640739597108717e-15
184.69729729729733 	 1.4607428315203403e-08 	 1.6461103509224294e-15
185.19777777777782 	 1.4567953042716333e-08 	 1.62838848480136e-15
185.6982582582583 	 1.4528690552013293e-08 	 1.610904467973221e-15
186.19873873873877 	 1.4489639127296472e-08 	 1.5936544800228994e-15
186.69921921921926 	 1.4450797071166049e-08 	 1.576634771936261e-15
187.19969969969975 	 1.4412162704374304e-08 	 1.5598416645791565e-15
187.7001801801802 	 1.4373734365583556e-08 	 1.54327154721275e-15
188.2006606606607 	 1.4335510411128069e-08 	 1.5269208760442738e-15
188.70114114114116 	 1.4297489214779669e-08 	 1.5107861728122155e-15
189.20162162162165 	 1.4259669167517139e-08 	 1.4948640234050667e-15
189.70210210210215 	 1.4222048677299213e-08 	 1.4791510765127307e-15
190.2025825825826 	 1.4184626168841206e-08 	 1.4636440423097484e-15
190.7030630630631 	 1.4147400083395111e-08 	 1.4483396911694948e-15
191.2035435435436 	 1.4110368878533185e-08 	 1.4332348524085554e-15
191.70402402402405 	 1.4073531027934912e-08 	 1.4183264130604856e-15
192.20450450450454 	 1.4036885021177286e-08 	 1.4036113166781885e-15
192.70498498498503 	 1.400042936352839e-08 	 1.3890865621641964e-15
193.2054654654655 	 1.3964162575744149e-08 	 1.374749202628092e-15
193.70594594594598 	 1.3928083193868251e-08 	 1.3605963442704125e-15
194.20642642642648 	 1.3892189769035164e-08 	 1.3466251452923343e-15
194.70690690690694 	 1.3856480867276189e-08 	 1.332832814830483e-15
195.20738738738743 	 1.3820955069328488e-08 	 1.3192166119162297e-15
195.70786786786792 	 1.3785610970447052e-08 	 1.3057738444588448e-15
196.20834834834838 	 1.3750447180219548e-08 	 1.2925018682519107e-15
196.70882882882887 	 1.371546232238398e-08 	 1.2793980860023925e-15
197.20930930930933 	 1.3680655034649138e-08 	 1.266459946381807e-15
197.70978978978982 	 1.3646023968517772e-08 	 1.2536849430989237e-15
198.2102702702703 	 1.3611567789112438e-08 	 1.2410706139934558e-15
198.71075075075078 	 1.3577285175003993e-08 	 1.228614540150228e-15
199.21123123123127 	 1.354317481804265e-08 	 1.2163143450332795e-15
199.71171171171176 	 1.3509235423191583e-08 	 1.2041676936394435e-15
200.21219219219222 	 1.3475465708363067e-08 	 1.1921722916708894e-15
200.7126726726727 	 1.3441864404256981e-08 	 1.1803258847261524e-15
201.2131531531532 	 1.3408430254201812e-08 	 1.1686262575092314e-15
201.71363363363366 	 1.337516201399798e-08 	 1.1570712330562598e-15
202.21411411411415 	 1.3342058451763484e-08 	 1.1456586719793463e-15
202.71459459459464 	 1.3309118347781866e-08 	 1.1343864717271576e-15
203.2150750750751 	 1.3276340494352396e-08 	 1.1232525658618276e-15
203.7155555555556 	 1.3243723695642471e-08 	 1.1122549233517919e-15
204.2160360360361 	 1.321126676754219e-08 	 1.1013915478801714e-15
204.71651651651655 	 1.3178968537521058e-08 	 1.090660477168309e-15
205.21699699699704 	 1.3146827844486787e-08 	 1.0800597823141058e-15
205.71747747747753 	 1.3114843538646155e-08 	 1.0695875671447871e-15
206.217957957958 	 1.3083014481367904e-08 	 1.0592419675837592e-15
206.71843843843848 	 1.305133954504761e-08 	 1.0490211510312061e-15
207.21891891891894 	 1.3019817612974531e-08 	 1.0389233157581087e-15
207.71939939939944 	 1.2988447579200357e-08 	 1.0289466903133483e-15
208.21987987987993 	 1.295722834840989e-08 	 1.0190895329435994e-15
208.7203603603604 	 1.2926158835793528e-08 	 1.0093501310256887e-15
209.22084084084088 	 1.2895237966921647e-08 	 9.997268005111317e-16
209.72132132132137 	 1.286446467762071e-08 	 9.90217885382563e-16
210.22180180180183 	 1.2833837913851226e-08 	 9.808217571217667e-16
210.72228228228232 	 1.2803356631587354e-08 	 9.715368141890342e-16
211.2227627627628 	 1.277301979669832e-08 	 9.62361481513596e-16
211.72324324324327 	 1.2742826384831426e-08 	 9.53294209994843e-16
212.22372372372377 	 1.2712775381296769e-08 	 9.443334760141056e-16
212.72420420420426 	 1.2682865780953573e-08 	 9.354777809567328e-16
213.22468468468472 	 1.2653096588098122e-08 	 9.267256507442285e-16
213.7251651651652 	 1.2623466816353258e-08 	 9.18075635376214e-16
214.2256456456457 	 1.259397548855944e-08 	 9.095263084819915e-16
214.72612612612616 	 1.2564621636667327e-08 	 9.010762668814787e-16
215.22660660660665 	 1.2535404301631846e-08 	 8.927241301552966e-16
215.7270870870871 	 1.2506322533307756e-08 	 8.844685402238117e-16
216.2275675675676 	 1.2477375390346634e-08 	 8.763081609349072e-16
216.7280480480481 	 1.2448561940095324e-08 	 8.682416776602989e-16
217.22852852852856 	 1.2419881258495754e-08 	 8.602677969001885e-16
217.72900900900905 	 1.2391332429986157e-08 	 8.523852458960697e-16
218.22948948948954 	 1.2362914547403648e-08 	 8.4459277225149765e-16
218.72996996997 	 1.2334626711888137e-08 	 8.368891435606431e-16
219.2304504504505 	 1.230646803278754e-08 	 8.292731470444471e-16
219.73093093093098 	 1.2278437627564331e-08 	 8.217435891942167e-16
220.23141141141144 	 1.2250534621703314e-08 	 8.142992954224763e-16
220.73189189189193 	 1.2222758148620684e-08 	 8.06939109720926e-16
221.23237237237242 	 1.2195107349574323e-08 	 7.996618943253399e-16
221.7328528528529 	 1.2167581373575286e-08 	 7.924665293872449e-16
222.23333333333338 	 1.2140179377300502e-08 	 7.853519126522329e-16
222.73381381381387 	 1.2112900525006663e-08 	 7.783169591447605e-16
223.23429429429433 	 1.2085743988445234e-08 	 7.713606008592829e-16
223.73477477477482 	 1.2058708946778644e-08 	 7.644817864575844e-16
224.23525525525528 	 1.2031794586497572e-08 	 7.576794809721737e-16
224.73573573573577 	 1.2005000101339353e-08 	 7.509526655155982e-16
225.23621621621626 	 1.1978324692207461e-08 	 7.443003369955559e-16
225.73669669669673 	 1.1951767567092082e-08 	 7.377215078356733e-16
226.23717717717722 	 1.1925327940991704e-08 	 7.312152057018182e-16
226.7376576576577 	 1.1899005035835798e-08 	 7.247804732338422e-16
227.23813813813817 	 1.1872798080408472e-08 	 7.184163677826114e-16
227.73861861861866 	 1.184670631027316e-08 	 7.121219611522293e-16
228.23909909909915 	 1.182072896769829e-08 	 7.058963393473263e-16
228.7395795795796 	 1.179486530158394e-08 	 6.997386023253117e-16
229.2400600600601 	 1.1769114567389435e-08 	 6.936478637534747e-16
229.7405405405406 	 1.1743476027061904e-08 	 6.876232507708339e-16
230.24102102102106 	 1.171794894896578e-08 	 6.816639037546326e-16
230.74150150150155 	 1.1692532607813185e-08 	 6.757689760913729e-16
231.24198198198204 	 1.166722628459525e-08 	 6.699376339523003e-16
231.7424624624625 	 1.1642029266514308e-08 	 6.641690560732328e-16
232.242942942943 	 1.161694084691697e-08 	 6.584624335386518e-16
232.74342342342348 	 1.1591960325228067e-08 	 6.528169695699549e-16
233.24390390390394 	 1.1567087006885433e-08 	 6.472318793177844e-16
233.74438438438443 	 1.154232020327553e-08 	 6.417063896583446e-16
234.2448648648649 	 1.1517659231669912e-08 	 6.3623973899362895e-16
234.74534534534538 	 1.149310341516247e-08 	 6.30831177055457e-16
235.24582582582588 	 1.1468652082607512e-08 	 6.254799647132633e-16
235.74630630630634 	 1.1444304568558623e-08 	 6.201853737855407e-16
236.24678678678683 	 1.1420060213208273e-08 	 6.149466868548656e-16
236.74726726726732 	 1.1395918362328237e-08 	 6.097631970864384e-16
237.24774774774778 	 1.1371878367210733e-08 	 6.046342080500506e-16
237.74822822822827 	 1.1347939584610327e-08 	 5.9955903354542e-16
238.24870870870876 	 1.1324101376686552e-08 	 5.945369974308139e-16
238.74918918918922 	 1.1300363110947259e-08 	 5.895674334548974e-16
239.24966966966971 	 1.127672416019268e-08 	 5.84649685091736e-16
239.7501501501502 	 1.1253183902460183e-08 	 5.797831053788905e-16
240.25063063063067 	 1.1229741720969732e-08 	 5.749670567585369e-16
240.75111111111116 	 1.1206397004070009e-08 	 5.702009109215477e-16
241.25159159159165 	 1.118314914518522e-08 	 5.654840486544787e-16
241.7520720720721 	 1.115999754276256e-08 	 5.608158596893952e-16
242.2525525525526 	 1.113694160022032e-08 	 5.561957425564822e-16
242.75303303303306 	 1.111398072589665e-08 	 5.516231044393834e-16
243.25351351351355 	 1.1091114332998941e-08 	 5.470973610332062e-16
243.75399399399404 	 1.1068341839553848e-08 	 5.426179364051478e-16
244.2544744744745 	 1.1045662668357905e-08 	 5.381842628576787e-16
244.754954954955 	 1.1023076246928755e-08 	 5.337957807942387e-16
245.2554354354355 	 1.1000582007456993e-08 	 5.29451938587393e-16
245.75591591591595 	 1.0978179386758576e-08 	 5.25152192449396e-16
246.25639639639644 	 1.0955867826227811e-08 	 5.208960063051134e-16
246.75687687687693 	 1.093364677179095e-08 	 5.16682851667263e-16
247.2573573573574 	 1.0911515673860298e-08 	 5.125122075139141e-16
247.75783783783788 	 1.088947398728892e-08 	 5.083835601682118e-16
248.25831831831837 	 1.086752117132587e-08 	 5.042964031802767e-16
248.75879879879884 	 1.0845656689571977e-08 	 5.002502372112348e-16
249.25927927927933 	 1.0823880009936143e-08 	 4.96244569919337e-16
249.75975975975982 	 1.0802190604592198e-08 	 4.922789158481289e-16
250.26024024024028 	 1.0780587949936237e-08 	 4.883527963166233e-16
250.76072072072077 	 1.075907152654449e-08 	 4.844657393114421e-16
251.26120120120126 	 1.0737640819131701e-08 	 4.806172793808866e-16
251.76168168168172 	 1.0716295316509979e-08 	 4.768069575308959e-16
252.2621621621622 	 1.0695034511548156e-08 	 4.730343211228563e-16
252.76264264264267 	 1.067385790113163e-08 	 4.69298923773229e-16
253.26312312312317 	 1.0652764986122673e-08 	 4.656003252549577e-16
253.76360360360366 	 1.0631755271321222e-08 	 4.61938091400618e-16
254.26408408408412 	 1.0610828265426115e-08 	 4.58311794007281e-16
254.7645645645646 	 1.0589983480996802e-08 	 4.547210107430502e-16
255.2650450450451 	 1.0569220434415494e-08 	 4.511653250552474e-16
255.76552552552556 	 1.054853864584977e-08 	 4.476443260802075e-16
256.266006006006 	 1.05279376392156e-08 	 4.44157608554653e-16
256.7664864864865 	 1.0507416942140829e-08 	 4.407047727286241e-16
257.266966966967 	 1.0486976085929051e-08 	 4.37285424279922e-16
257.76744744744747 	 1.0466614605523955e-08 	 4.3389917423004973e-16
258.26792792792793 	 1.0446332039474026e-08 	 4.3054563886160776e-16
258.76840840840845 	 1.04261279298977e-08 	 4.272244396371288e-16
259.2688888888889 	 1.040600182244891e-08 	 4.2393520311931706e-16
259.7693693693694 	 1.038595326628302e-08 	 4.2067756089266466e-16
260.2698498498499 	 1.0365981814023157e-08 	 4.1745114948642256e-16
260.77033033033035 	 1.0346087021726958e-08 	 4.1425561029889935e-16
261.2708108108108 	 1.032626844885363e-08 	 4.110905895230563e-16
261.77129129129133 	 1.0306525658231484e-08 	 4.079557380733864e-16
262.2717717717718 	 1.0286858216025753e-08 	 4.048507115140398e-16
262.77225225225226 	 1.026726569170683e-08 	 4.0177516998817904e-16
263.2727327327328 	 1.024774765801884e-08 	 3.9872877814854094e-16
263.77321321321324 	 1.0228303690948604e-08 	 3.9571120508918127e-16
264.2736936936937 	 1.0208933369694914e-08 	 3.9272212427837633e-16
264.7741741741742 	 1.0189636276638182e-08 	 3.897612134926647e-16
265.2746546546547 	 1.0170411997310434e-08 	 3.868281547520084e-16
265.77513513513514 	 1.0151260120365625e-08 	 3.8392263425604397e-16
266.2756156156156 	 1.0132180237550306e-08 	 3.810443423214137e-16
266.7760960960961 	 1.0113171943674615e-08 	 3.7819297332015043e-16
267.2765765765766 	 1.0094234836583594e-08 	 3.753682256190985e-16
267.77705705705705 	 1.0075368517128827e-08 	 3.7256980152034805e-16
268.27753753753757 	 1.0056572589140389e-08 	 3.6979740720267023e-16
268.77801801801803 	 1.0037846659399133e-08 	 3.6705075266393085e-16
269.2784984984985 	 1.0019190337609247e-08 	 3.643295516644603e-16
269.778978978979 	 1.000060323637115e-08 	 3.6163352167137117e-16
270.2794594594595 	 9.982084971154684e-09 	 3.589623838038012e-16
270.77993993993994 	 9.963635160272577e-09 	 3.5631586277905954e-16
271.28042042042046 	 9.94525342485423e-09 	 3.5369368685966973e-16
271.7809009009009 	 9.926939388819794e-09 	 3.510955878012881e-16
272.2813813813814 	 9.908692678854495e-09 	 3.485213008014755e-16
272.7818618618619 	 9.89051292438329e-09 	 3.459705644493203e-16
273.28234234234236 	 9.872399757545775e-09 	 3.4344312067588433e-16
273.7828228228228 	 9.854352813171366e-09 	 3.409387147054632e-16
274.28330330330334 	 9.836371728754767e-09 	 3.384570950076454e-16
274.7837837837838 	 9.818456144431694e-09 	 3.359980132501547e-16
275.28426426426427 	 9.800605702954862e-09 	 3.335612242524615e-16
275.7847447447448 	 9.782820049670253e-09 	 3.311464859401508e-16
276.28522522522525 	 9.765098832493615e-09 	 3.287535593000321e-16
276.7857057057057 	 9.74744170188723e-09 	 3.2638220833597576e-16
277.2861861861862 	 9.729848310836944e-09 	 3.2403220002546833e-16
277.7866666666667 	 9.71231831482942e-09 	 3.217033042768674e-16
278.28714714714715 	 9.69485137182966e-09 	 3.193952938873477e-16
278.78762762762767 	 9.67744714225875e-09 	 3.171079445015246e-16
279.28810810810813 	 9.660105288971868e-09 	 3.1484103457074456e-16
279.7885885885886 	 9.642825477236495e-09 	 3.1259434531302526e-16
280.2890690690691 	 9.625607374710892e-09 	 3.103676606736428e-16
280.7895495495496 	 9.608450651422793e-09 	 3.0816076728634656e-16
281.29003003003004 	 9.591354979748314e-09 	 3.0597345443519234e-16
281.79051051051056 	 9.574320034391117e-09 	 3.0380551401698817e-16
282.290990990991 	 9.55734549236176e-09 	 3.0165674050433347e-16
282.7914714714715 	 9.540431032957287e-09 	 2.9952693090924696e-16
283.291951951952 	 9.52357633774104e-09 	 2.974158847473719e-16
283.79243243243246 	 9.506781090522672e-09 	 2.953234040027487e-16
284.2929129129129 	 9.490044977338363e-09 	 2.932492930931404e-16
284.7933933933934 	 9.473367686431271e-09 	 2.9119335883591e-16
285.2938738738739 	 9.456748908232165e-09 	 2.8915541041443166e-16
285.79435435435437 	 9.440188335340279e-09 	 2.871352593450319e-16
286.29483483483483 	 9.423685662504343e-09 	 2.851327194444475e-16
286.79531531531535 	 9.407240586603846e-09 	 2.831476067977958e-16
287.2957957957958 	 9.390852806630465e-09 	 2.8117973972704354e-16
287.7962762762763 	 9.374522023669701e-09 	 2.7922893875996913e-16
288.2967567567568 	 9.358247940882707e-09 	 2.772950265996078e-16
288.79723723723725 	 9.342030263488306e-09 	 2.7537782809417373e-16
289.2977177177177 	 9.325868698745178e-09 	 2.734771702074466e-16
289.79819819819824 	 9.309762955934265e-09 	 2.715928819896194e-16
290.2986786786787 	 9.29371274634133e-09 	 2.6972479454859747e-16
290.79915915915916 	 9.277717783239698e-09 	 2.678727410217388e-16
291.2996396396397 	 9.261777781873191e-09 	 2.660365565480321e-16
291.80012012012014 	 9.245892459439236e-09 	 2.642160782407039e-16
292.3006006006006 	 9.23006153507212e-09 	 2.6241114516024294e-16
292.8010810810811 	 9.214284729826449e-09 	 2.6062159828784346e-16
293.3015615615616 	 9.198561766660774e-09 	 2.5884728049925227e-16
293.80204204204205 	 9.182892370421355e-09 	 2.5708803653901513e-16
294.30252252252257 	 9.167276267826116e-09 	 2.553437129951187e-16
294.803003003003 	 9.15171318744877e-09 	 2.536141582740178e-16
295.3034834834835 	 9.136202859703078e-09 	 2.5189922257604176e-16
295.803963963964 	 9.120745016827283e-09 	 2.501987578711755e-16
296.30444444444447 	 9.105339392868722e-09 	 2.485126178752082e-16
296.80492492492493 	 9.089985723668545e-09 	 2.468406580262408e-16
297.30540540540545 	 9.074683746846633e-09 	 2.45182735461551e-16
297.8058858858859 	 9.059433201786655e-09 	 2.435387089948068e-16
298.3063663663664 	 9.044233829621252e-09 	 2.419084390936209e-16
298.8068468468469 	 9.029085373217417e-09 	 2.4029178785744666e-16
299.30732732732736 	 9.013987577161977e-09 	 2.386886189958022e-16
299.8078078078078 	 8.998940187747237e-09 	 2.370987978068226e-16
300.30828828828834 	 8.983942952956784e-09 	 2.3552219115613317e-16
300.8087687687688 	 8.968995622451397e-09 	 2.339586674560372e-16
301.30924924924926 	 8.954097947555138e-09 	 2.324080966450154e-16
301.8097297297298 	 8.939249681241539e-09 	 2.308703501675285e-16
302.31021021021024 	 8.924450578119973e-09 	 2.2934530095412315e-16
302.8106906906907 	 8.909700394422121e-09 	 2.2783282340182986e-16
303.31117117117117 	 8.894998887988582e-09 	 2.2633279335485293e-16
303.8116516516517 	 8.880345818255633e-09 	 2.2484508808554566e-16
304.31213213213215 	 8.865740946242106e-09 	 2.233695862756677e-16
304.8126126126126 	 8.85118403453639e-09 	 2.219061679979153e-16
305.31309309309313 	 8.836674847283567e-09 	 2.204547146977272e-16
305.8135735735736 	 8.822213150172683e-09 	 2.1901510917535612e-16
306.31405405405405 	 8.80779871042412e-09 	 2.175872355682023e-16
306.8145345345346 	 8.793431296777124e-09 	 2.1617097933340802e-16
307.31501501501504 	 8.77911067947742e-09 	 2.147662272307045e-16
307.8154954954955 	 8.764836630264974e-09 	 2.1337286730551061e-16
308.315975975976 	 8.750608922361865e-09 	 2.1199078887227682e-16
308.8164564564565 	 8.736427330460276e-09 	 2.1061988249807287e-16
309.31693693693694 	 8.722291630710596e-09 	 2.092600399864123e-16
309.81741741741746 	 8.708201600709642e-09 	 2.0791115436131218e-16
310.3178978978979 	 8.694157019489006e-09 	 2.0657311985158497e-16
310.8183783783784 	 8.68015766750349e-09 	 2.052458318753549e-16
311.3188588588589 	 8.666203326619668e-09 	 2.0392918702479972e-16
311.81933933933936 	 8.652293780104569e-09 	 2.0262308305111266e-16
312.3198198198198 	 8.63842881261444e-09 	 2.0132741884967842e-16
312.82030030030035 	 8.624608210183641e-09 	 2.0004209444546457e-16
313.3207807807808 	 8.61083176021364e-09 	 1.9876701097862166e-16
313.82126126126127 	 8.597099251462101e-09 	 1.975020706902883e-16
314.3217417417418 	 8.583410474032109e-09 	 1.9624717690860158e-16
314.82222222222225 	 8.56976521936145e-09 	 1.9500223403490481e-16
315.3227027027027 	 8.556163280212038e-09 	 1.9376714753015323e-16
315.82318318318323 	 8.542604450659406e-09 	 1.9254182390151238e-16
316.3236636636637 	 8.529088526082336e-09 	 1.9132617068914797e-16
316.82414414414416 	 8.515615303152546e-09 	 1.901200964532014e-16
317.3246246246247 	 8.502184579824502e-09 	 1.8892351076095118e-16
317.82510510510514 	 8.48879615532532e-09 	 1.877363241741555e-16
318.3255855855856 	 8.475449830144759e-09 	 1.865584482365727e-16
318.8260660660661 	 8.462145406025306e-09 	 1.8538979546165883e-16
319.3265465465466 	 8.448882685952375e-09 	 1.8423027932043798e-16
319.82702702702704 	 8.435661474144557e-09 	 1.8307981422954203e-16
320.32750750750756 	 8.42248157604401e-09 	 1.8193831553941935e-16
320.827987987988 	 8.409342798306908e-09 	 1.8080569952270913e-16
321.3284684684685 	 8.396244948793973e-09 	 1.7968188336277582e-16
321.82894894894895 	 8.383187836561132e-09 	 1.7856678514240665e-16
322.32942942942947 	 8.370171271850216e-09 	 1.7746032383266475e-16
322.82990990990993 	 8.357195066079789e-09 	 1.763624192818988e-16
323.3303903903904 	 8.344259031836021e-09 	 1.7527299220490354e-16
323.8308708708709 	 8.33136298286368e-09 	 1.7419196417223289e-16
324.3313513513514 	 8.318506734057181e-09 	 1.7311925759965978e-16
324.83183183183183 	 8.30569010145174e-09 	 1.7205479573778185e-16
325.33231231231235 	 8.29291290221459e-09 	 1.7099850266177123e-16
325.8327927927928 	 8.280174954636298e-09 	 1.699503032612662e-16
326.3332732732733 	 8.26747607812214e-09 	 1.689101232304002e-16
326.8337537537538 	 8.254816093183568e-09 	 1.6787788905796922e-16
327.33423423423426 	 8.242194821429761e-09 	 1.6685352801773515e-16
327.8347147147147 	 8.229612085559242e-09 	 1.658369681588599e-16
328.33519519519524 	 8.217067709351565e-09 	 1.6482813829647122e-16
328.8356756756757 	 8.204561517659114e-09 	 1.6382696800235944e-16
329.33615615615616 	 8.192093336398923e-09 	 1.628333875957973e-16
329.8366366366367 	 8.179662992544614e-09 	 1.6184732813448846e-16
330.33711711711715 	 8.167270314118395e-09 	 1.6086872140563735e-16
330.8375975975976 	 8.154915130183116e-09 	 1.5989749991714044e-16
331.3380780780781 	 8.142597270834423e-09 	 1.5893359688889709e-16
331.8385585585586 	 8.130316567192965e-09 	 1.5797694624423936e-16
332.33903903903905 	 8.118072851396672e-09 	 1.5702748260147477e-16
332.83951951951957 	 8.10586595659311e-09 	 1.5608514126554655e-16
333.34000000000003 	 8.093695716931908e-09 	 1.5514985821980446e-16
333.8404804804805 	 8.081561967557227e-09 	 1.5422157011788588e-16
334.340960960961 	 8.069464544600343e-09 	 1.533002142757082e-16
334.8414414414415 	 8.05740328517225e-09 	 1.5238572866356678e-16
335.34192192192194 	 8.045378027356358e-09 	 1.514780518983394e-16
335.84240240240246 	 8.033388610201241e-09 	 1.5057712323579482e-16
336.3428828828829 	 8.02143487371347e-09 	 1.4968288256300558e-16
336.8433633633634 	 8.009516658850473e-09 	 1.4879527039085914e-16
337.3438438438439 	 7.997633807513502e-09 	 1.479142278466713e-16
337.84432432432436 	 7.985786162540642e-09 	 1.470396966668978e-16
338.3448048048048 	 7.973973567699858e-09 	 1.4617161918994015e-16
338.8452852852853 	 7.962195867682163e-09 	 1.453099383490506e-16
339.3457657657658 	 7.950452908094777e-09 	 1.4445459766532766e-16
339.84624624624627 	 7.93874453545441e-09 	 1.4360554124080715e-16
340.34672672672673 	 7.927070597180558e-09 	 1.4276271375164197e-16
340.84720720720725 	 7.915430941588873e-09 	 1.4192606044137348e-16
341.3476876876877 	 7.903825417884606e-09 	 1.4109552711429115e-16
341.8481681681682 	 7.892253876156082e-09 	 1.4027106012887866e-16
342.3486486486487 	 7.880716167368261e-09 	 1.3945260639134746e-16
342.84912912912915 	 7.869212143356318e-09 	 1.3864011334925366e-16
343.3496096096096 	 7.857741656819324e-09 	 1.3783352898519961e-16
343.85009009009013 	 7.846304561313936e-09 	 1.3703280181061694e-16
344.3505705705706 	 7.834900711248186e-09 	 1.362378808596316e-16
344.85105105105106 	 7.823529961875287e-09 	 1.3544871568300797e-16
345.3515315315316 	 7.812192169287518e-09 	 1.3466525634217242e-16
345.85201201201204 	 7.80088719041015e-09 	 1.3388745340331465e-16
346.3524924924925 	 7.789614882995428e-09 	 1.331152579315644e-16
346.852972972973 	 7.778375105616603e-09 	 1.3234862148524532e-16
347.3534534534535 	 7.767167717662025e-09 	 1.3158749611020225e-16
347.85393393393394 	 7.75599257932926e-09 	 1.3083183433420119e-16
348.35441441441446 	 7.7448495516193e-09 	 1.3008158916140284e-16
348.8548948948949 	 7.733738496330795e-09 	 1.2933671406690724e-16
349.3553753753754 	 7.72265927605432e-09 	 1.2859716299136662e-16
349.8558558558559 	 7.711611754166736e-09 	 1.2786289033567037e-16
350.35633633633637 	 7.700595794825561e-09 	 1.2713385095569592e-16
350.85681681681683 	 7.689611262963403e-09 	 1.2641000015712814e-16
351.35729729729735 	 7.678658024282438e-09 	 1.25691293690344e-16
351.8577777777778 	 7.667735945248943e-09 	 1.2497768774536393e-16
352.3582582582583 	 7.656844893087873e-09 	 1.2426913894686648e-16
352.8587387387388 	 7.645984735777457e-09 	 1.2356560434926613e-16
353.35921921921926 	 7.635155342043897e-09 	 1.2286704143185561e-16
353.8596996996997 	 7.624356581356053e-09 	 1.2217340809400777e-16
354.36018018018024 	 7.61358832392021e-09 	 1.2148466265043952e-16
354.8606606606607 	 7.602850440674875e-09 	 1.208007638265356e-16
355.36114114114116 	 7.592142803285625e-09 	 1.2012167075373122e-16
355.8616216216217 	 7.58146528413998e-09 	 1.1944734296495305e-16
356.36210210210214 	 7.570817756342354e-09 	 1.1877774039011816e-16
356.8625825825826 	 7.560200093709016e-09 	 1.181128233516892e-16
357.36306306306307 	 7.5496121707631e-09 	 1.174525525602854e-16
357.8635435435436 	 7.539053862729675e-09 	 1.1679688911034904e-16
358.36402402402405 	 7.528525045530845e-09 	 1.1614579447586675e-16
358.8645045045045 	 7.518025595780864e-09 	 1.154992305061424e-16
359.364984984985 	 7.507555390781346e-09 	 1.1485715942162575e-16
359.8654654654655 	 7.497114308516474e-09 	 1.1421954380979097e-16
360.36594594594595 	 7.48670222764825e-09 	 1.1358634662106708e-16
360.8664264264265 	 7.476319027511808e-09 	 1.1295753116481997e-16
361.36690690690693 	 7.465964588110754e-09 	 1.1233306110538341e-16
361.8673873873874 	 7.455638790112526e-09 	 1.1171290045813944e-16
362.3678678678679 	 7.445341514843834e-09 	 1.110970135856482e-16
362.8683483483484 	 7.435072644286094e-09 	 1.1048536519382473e-16
363.36882882882884 	 7.424832061070926e-09 	 1.0987792032816343e-16
363.86930930930936 	 7.4146196484756865e-09 	 1.0927464437000948e-16
364.3697897897898 	 7.404435290419028e-09 	 1.0867550303287597e-16
364.8702702702703 	 7.3942788714565e-09 	 1.080804623588059e-16
365.3707507507508 	 7.384150276776193e-09 	 1.0748948871478003e-16
365.87123123123126 	 7.3740493921944115e-09 	 1.069025487891683e-16
366.3717117117117 	 7.363976104151376e-09 	 1.0631960958822425e-16
366.87219219219224 	 7.3539302997069714e-09 	 1.0574063843262323e-16
367.3726726726727 	 7.343911866536531e-09 	 1.0516560295404275e-16
367.87315315315317 	 7.333920692926642e-09 	 1.0459447109178433e-16
368.3736336336337 	 7.323956667770998e-09 	 1.0402721108943664e-16
368.87411411411415 	 7.31401968056628e-09 	 1.0346379149158004e-16
369.3745945945946 	 7.304109621408065e-09 	 1.0290418114052955e-16
369.87507507507513 	 7.294226380986789e-09 	 1.0234834917311954e-16
370.3755555555556 	 7.284369850583713e-09 	 1.0179626501752588e-16
370.87603603603606 	 7.274539922066942e-09 	 1.0124789839012664e-16
371.3765165165166 	 7.264736487887472e-09 	 1.0070321929240222e-16
371.87699699699704 	 7.254959441075267e-09 	 1.0016219800787116e-16
372.3774774774775 	 7.245208675235367e-09 	 9.962480509906414e-17
372.877957957958 	 7.235484084544027e-09 	 9.909101140453374e-17
373.3784384384385 	 7.225785563744898e-09 	 9.856078803590106e-17
373.87891891891894 	 7.216113008145217e-09 	 9.803410637493693e-17
374.37939939939946 	 7.206466313612046e-09 	 9.75109380706784e-17
374.8798798798799 	 7.196845376568536e-09 	 9.699125503658049e-17
375.3803603603604 	 7.187250093990219e-09 	 9.647502944770119e-17
375.88084084084085 	 7.177680363401326e-09 	 9.596223373792016e-17
376.38132132132137 	 7.168136082871144e-09 	 9.545284059719161e-17
376.8818018018018 	 7.158617151010403e-09 	 9.4946822968829e-17
377.3822822822823 	 7.149123466967671e-09 	 9.444415404682223e-17
377.8827627627628 	 7.1396549304257996e-09 	 9.39448072731868e-17
378.38324324324327 	 7.130211441598396e-09 	 9.3448756335345e-17
378.88372372372373 	 7.120792901226308e-09 	 9.29559751635372e-17
379.38420420420425 	 7.111399210574155e-09 	 9.246643792826476e-17
379.8846846846847 	 7.102030271426869e-09 	 9.198011903776251e-17
380.3851651651652 	 7.09268598608628e-09 	 9.149699313550154e-17
380.8856456456457 	 7.083366257367713e-09 	 9.1017035097721e-17
381.38612612612616 	 7.074070988596625e-09 	 9.054022003098955e-17
381.8866066066066 	 7.064800083605257e-09 	 9.00665232697952e-17
382.38708708708714 	 7.055553446729318e-09 	 8.959592037416335e-17
382.8875675675676 	 7.046330982804706e-09 	 8.912838712730345e-17
383.38804804804806 	 7.037132597164223e-09 	 8.866389953328211e-17
383.8885285285286 	 7.027958195634347e-09 	 8.820243381472446e-17
384.38900900900904 	 7.018807684532025e-09 	 8.774396641054241e-17
384.8894894894895 	 7.009680970661469e-09 	 8.728847397368834e-17
385.38996996997 	 7.0005779613110054e-09 	 8.683593336893649e-17
385.8904504504505 	 6.991498564249926e-09 	 8.638632167068896e-17
386.39093093093095 	 6.982442687725383e-09 	 8.593961616080809e-17
386.89141141141147 	 6.973410240459283e-09 	 8.549579432647311e-17
387.39189189189193 	 6.964401131645239e-09 	 8.505483385806311e-17
387.8923723723724 	 6.955415270945513e-09 	 8.461671264706281e-17
388.3928528528529 	 6.9464525684880005e-09 	 8.41814087839938e-17
388.8933333333334 	 6.937512934863241e-09 	 8.374890055636948e-17
389.39381381381384 	 6.928596281121434e-09 	 8.331916644667301e-17
389.89429429429435 	 6.919702518769491e-09 	 8.289218513035926e-17
390.3947747747748 	 6.910831559768122e-09 	 8.246793547387974e-17
390.8952552552553 	 6.901983316528911e-09 	 8.204639653272963e-17
391.3957357357358 	 6.8931577019114406e-09 	 8.162754754951773e-17
391.89621621621626 	 6.884354629220437e-09 	 8.121136795205861e-17
392.3966966966967 	 6.875574012202926e-09 	 8.079783735148654e-17
392.89717717717724 	 6.866815765045414e-09 	 8.03869355403904e-17
393.3976576576577 	 6.858079802371097e-09 	 7.997864249097127e-17
393.89813813813817 	 6.8493660392370856e-09 	 7.957293835321934e-17
394.3986186186186 	 6.840674391131649e-09 	 7.916980345311316e-17
394.89909909909915 	 6.832004773971481e-09 	 7.876921829083815e-17
395.3995795795796 	 6.823357104098999e-09 	 7.837116353902648e-17
395.90006006006007 	 6.814731298279643e-09 	 7.797562004101587e-17
396.4005405405406 	 6.806127273699209e-09 	 7.758256880912906e-17
396.90102102102105 	 6.7975449479611954e-09 	 7.719199102297192e-17
397.4015015015015 	 6.788984239084181e-09 	 7.680386802775172e-17
397.90198198198203 	 6.7804450654992e-09 	 7.641818133261338e-17
398.4024624624625 	 6.771927346047173e-09 	 7.603491260899583e-17
398.90294294294296 	 6.763430999976312e-09 	 7.565404368900516e-17
399.4034234234235 	 6.754955946939582e-09 	 7.527555656380763e-17
399.90390390390394 	 6.746502106992169e-09 	 7.489943338204017e-17
400.4043843843844 	 6.738069400588964e-09 	 7.452565644823841e-17
400.9048648648649 	 6.72965774858206e-09 	 7.415420822128278e-17
401.4053453453454 	 6.7212670722182915e-09 	 7.378507131286196e-17
401.90582582582584 	 6.712897293136764e-09 	 7.341822848595332e-17
402.40630630630636 	 6.704548333366417e-09 	 7.305366265332021e-17
402.9067867867868 	 6.696220115323609e-09 	 7.269135687602677e-17
403.4072672672673 	 6.687912561809705e-09 	 7.233129436196836e-17
403.9077477477478 	 6.6796255960087e-09 	 7.197345846441891e-17
404.40822822822827 	 6.67135914148485e-09 	 7.161783268059438e-17
404.90870870870873 	 6.663113122180311e-09 	 7.126440065023167e-17
405.40918918918925 	 6.654887462412819e-09 	 7.091314615418419e-17
405.9096696696697 	 6.6466820868733736e-09 	 7.05640531130322e-17
406.4101501501502 	 6.638496920623933e-09 	 7.021710558570873e-17
406.9106306306307 	 6.6303318890951344e-09 	 6.987228776814088e-17
407.41111111111115 	 6.6221869180840365e-09 	 6.952958399190619e-17
407.9115915915916 	 6.614061933751861e-09 	 6.918897872290309e-17
408.41207207207214 	 6.60595686262177e-09 	 6.885045656003698e-17
408.9125525525526 	 6.597871631576648e-09 	 6.85140022339202e-17
409.41303303303306 	 6.5898061678569e-09 	 6.817960060558615e-17
409.9135135135136 	 6.581760399058273e-09 	 6.784723666521794e-17
410.41399399399404 	 6.573734253129692e-09 	 6.751689553089081e-17
410.9144744744745 	 6.565727658371098e-09 	 6.71885624473279e-17
411.414954954955 	 6.557740543431328e-09 	 6.686222278467046e-17
411.9154354354355 	 6.549772837305983e-09 	 6.653786203726067e-17
412.41591591591595 	 6.541824469335333e-09 	 6.62154658224382e-17
412.9163963963964 	 6.5338953692022184e-09 	 6.589501987934957e-17
413.4168768768769 	 6.525985466929986e-09 	 6.557651006777087e-17
413.9173573573574 	 6.518094692880426e-09 	 6.525992236694287e-17
414.41783783783785 	 6.510222977751729e-09 	 6.494524287441883e-17
414.91831831831837 	 6.502370252576455e-09 	 6.46324578049251e-17
415.41879879879883 	 6.494536448719525e-09 	 6.432155348923379e-17
415.9192792792793 	 6.486721497876215e-09 	 6.401251637304742e-17
416.4197597597598 	 6.478925332070169e-09 	 6.370533301589615e-17
416.9202402402403 	 6.471147883651444e-09 	 6.339999009004662e-17
417.42072072072074 	 6.463389085294529e-09 	 6.309647437942225e-17
417.92120120120126 	 6.455648869996421e-09 	 6.279477277853578e-17
418.4216816816817 	 6.447927171074694e-09 	 6.249487229143282e-17
418.9221621621622 	 6.440223922165572e-09 	 6.219676003064679e-17
419.4226426426427 	 6.432539057222041e-09 	 6.190042321616518e-17
419.92312312312316 	 6.424872510511958e-09 	 6.160584917440707e-17
420.4236036036036 	 6.417224216616168e-09 	 6.131302533721084e-17
420.92408408408414 	 6.409594110426661e-09 	 6.102193924083374e-17
421.4245645645646 	 6.401982127144704e-09 	 6.073257852496132e-17
421.92504504504507 	 6.3943882022790246e-09 	 6.04449309317278e-17
422.4255255255256 	 6.386812271643975e-09 	 6.015898430474654e-17
422.92600600600605 	 6.379254271357737e-09 	 5.987472658815145e-17
423.4264864864865 	 6.371714137840515e-09 	 5.959214582564785e-17
423.92696696696703 	 6.36419180781276e-09 	 5.931123015957373e-17
424.4274474474475 	 6.356687218293398e-09 	 5.903196782997112e-17
424.92792792792795 	 6.3492003065980695e-09 	 5.875434717366703e-17
425.4284084084085 	 6.341731010337385e-09 	 5.847835662336402e-17
425.92888888888893 	 6.334279267415201e-09 	 5.820398470674085e-17
426.4293693693694 	 6.3268450160268845e-09 	 5.793122004556206e-17
426.9298498498499 	 6.319428194657611e-09 	 5.766005135479714e-17
427.4303303303304 	 6.312028742080674e-09 	 5.739046744174924e-17
427.93081081081084 	 6.304646597355788e-09 	 5.712245720519245e-17
428.43129129129136 	 6.297281699827426e-09 	 5.685600963451877e-17
428.9317717717718 	 6.2899339891231515e-09 	 5.659111380889358e-17
429.4322522522523 	 6.2826034051519746e-09 	 5.632775889642002e-17
429.9327327327328 	 6.275289888102708e-09 	 5.606593415331237e-17
430.43321321321326 	 6.267993378442344e-09 	 5.580562892307776e-17
430.9336936936937 	 6.260713816914437e-09 	 5.554683263570647e-17
431.4341741741742 	 6.253451144537503e-09 	 5.528953480687096e-17
431.9346546546547 	 6.246205302603421e-09 	 5.503372503713276e-17
432.43513513513517 	 6.2389762326758605e-09 	 5.477939301115809e-17
432.93561561561563 	 6.231763876588695e-09 	 5.452652849694118e-17
433.43609609609615 	 6.224568176444458e-09 	 5.4275121345036e-17
433.9365765765766 	 6.217389074612786e-09 	 5.402516148779588e-17
434.4370570570571 	 6.21022651372888e-09 	 5.377663893862074e-17
434.9375375375376 	 6.203080436691978e-09 	 5.35295437912124e-17
435.43801801801806 	 6.195950786663839e-09 	 5.328386621883755e-17
435.9384984984985 	 6.188837507067237e-09 	 5.3039596473598155e-17
436.43897897897904 	 6.181740541584458e-09 	 5.279672488570945e-17
436.9394594594595 	 6.174659834155825e-09 	 5.255524186278557e-17
437.43993993993996 	 6.167595328978209e-09 	 5.2315137889132024e-17
437.9404204204205 	 6.1605469705035716e-09 	 5.2076403525046064e-17
438.44090090090094 	 6.1535147034375095e-09 	 5.183902940612381e-17
438.9413813813814 	 6.146498472737802e-09 	 5.1603006242574456e-17
439.4418618618619 	 6.13949822361298e-09 	 5.136832481854175e-17
439.9423423423424 	 6.132513901520901e-09 	 5.11349759914323e-17
440.44282282282285 	 6.125545452167326e-09 	 5.0902950691250626e-17
440.94330330330337 	 6.11859282150452e-09 	 5.067223991994107e-17
441.44378378378383 	 6.1116559557298486e-09 	 5.044283475073651e-17
441.9442642642643 	 6.104734801284396e-09 	 5.0214726327513596e-17
442.4447447447448 	 6.09782930485158e-09 	 4.9987905864154376e-17
442.9452252252253 	 6.090939413355791e-09 	 4.976236464391491e-17
443.44570570570573 	 6.084065073961022e-09 	 4.953809401879965e-17
443.94618618618625 	 6.077206234069526e-09 	 4.9315085408942575e-17
444.4466666666667 	 6.070362841320477e-09 	 4.90933303019946e-17
444.9471471471472 	 6.063534843588625e-09 	 4.8872820252516814e-17
445.4476276276277 	 6.056722188982983e-09 	 4.865354688138024e-17
445.94810810810816 	 6.049924825845513e-09 	 4.8435501875171485e-17
446.4485885885886 	 6.043142702749811e-09 	 4.821867698560433e-17
446.94906906906914 	 6.036375768499822e-09 	 4.800306402893727e-17
447.4495495495496 	 6.0296239721285415e-09 	 4.7788654885397003e-17
447.95003003003006 	 6.022887262896743e-09 	 4.757544149860759e-17
448.4505105105105 	 6.016165590291705e-09 	 4.7363415875025374e-17
448.95099099099104 	 6.009458904025943e-09 	 4.715257008337956e-17
449.4514714714715 	 6.002767154035966e-09 	 4.694289625411842e-17
449.95195195195197 	 5.996090290481022e-09 	 4.6734386578861045e-17
450.4524324324325 	 5.9894282637418605e-09 	 4.652703330985436e-17
450.95291291291295 	 5.982781024419516e-09 	 4.632082875943602e-17
451.4533933933934 	 5.976148523334068e-09 	 4.6115765299502114e-17
451.95387387387393 	 5.969530711523441e-09 	 4.5911835360980445e-17
452.4543543543544 	 5.962927540242198e-09 	 4.5709031433309226e-17
452.95483483483486 	 5.956338960960338e-09 	 4.550734606392043e-17
453.4553153153154 	 5.949764925362116e-09 	 4.5306771857728857e-17
453.95579579579584 	 5.943205385344853e-09 	 4.510730147662578e-17
454.4562762762763 	 5.936660293017768e-09 	 4.49089276389779e-17
454.9567567567568 	 5.93012960070081e-09 	 4.471164311913109e-17
455.4572372372373 	 5.923613260923506e-09 	 4.451544074691925e-17
455.95771771771774 	 5.917111226423801e-09 	 4.432031340717764e-17
456.45819819819826 	 5.910623450146922e-09 	 4.412625403926137e-17
456.9586786786787 	 5.904149885244244e-09 	 4.393325563656849e-17
457.4591591591592 	 5.897690485072156e-09 	 4.3741311246067696e-17
457.9596396396397 	 5.891245203190947e-09 	 4.3550413967830756e-17
458.46012012012017 	 5.884813993363691e-09 	 4.336055695456959e-17
458.9606006006006 	 5.878396809555141e-09 	 4.317173341117769e-17
459.46108108108115 	 5.871993605930628e-09 	 4.2983936594276166e-17
459.9615615615616 	 5.865604336854975e-09 	 4.279715981176426e-17
460.46204204204207 	 5.859228956891409e-09 	 4.2611396422374205e-17
460.9625225225226 	 5.852867420800485e-09 	 4.2426639835230235e-17
461.46300300300305 	 5.846519683539018e-09 	 4.224288350941243e-17
461.9634834834835 	 5.840185700259015e-09 	 4.2060120953524023e-17
462.46396396396403 	 5.833865426306624e-09 	 4.187834572526369e-17
462.9644444444445 	 5.8275588172210816e-09 	 4.169755143100148e-17
463.46492492492496 	 5.821265828733671e-09 	 4.151773172535905e-17
463.9654054054055 	 5.814986416766687e-09 	 4.133888031079396e-17
464.46588588588594 	 5.808720537432406e-09 	 4.1160990937187993e-17
464.9663663663664 	 5.802468147032064e-09 	 4.0984057401439403e-17
465.4668468468469 	 5.79622920205484e-09 	 4.080807354705918e-17
465.9673273273274 	 5.790003659176849e-09 	 4.063303326377113e-17
466.46780780780784 	 5.783791475260135e-09 	 4.045893048711595e-17
466.9682882882883 	 5.777592607351679e-09 	 4.028575919805886e-17
467.4687687687688 	 5.771407012682405e-09 	 4.01135134226013e-17
467.9692492492493 	 5.765234648666202e-09 	 3.994218723139626e-17
468.46972972972975 	 5.75907547289894e-09 	 3.977177473936708e-17
468.97021021021027 	 5.7529294431575026e-09 	 3.960227010533025e-17
469.47069069069073 	 5.746796517398824e-09 	 3.943366753162173e-17
469.9711711711712 	 5.740676653758926e-09 	 3.926596126372655e-17
470.4716516516517 	 5.734569810551965e-09 	 3.909914558991241e-17
470.9721321321322 	 5.728475946269293e-09 	 3.8933214840866454e-17
471.47261261261264 	 5.722395019578509e-09 	 3.8768163389335614e-17
471.97309309309315 	 5.716326989322527e-09 	 3.860398564977037e-17
472.4735735735736 	 5.710271814518652e-09 	 3.844067607797199e-17
472.9740540540541 	 5.704229454357649e-09 	 3.827822917074291e-17
473.4745345345346 	 5.6981998682028315e-09 	 3.81166394655406e-17
473.97501501501506 	 5.692183015589152e-09 	 3.795590154013481e-17
474.4754954954955 	 5.686178856222292e-09 	 3.7796010012267776e-17
474.97597597597604 	 5.680187349977765e-09 	 3.763695953931782e-17
475.4764564564565 	 5.674208456900026e-09 	 3.7478744817966265e-17
475.97693693693697 	 5.668242137201573e-09 	 3.7321360583867076e-17
476.4774174174175 	 5.662288351262079e-09 	 3.7164801611320205e-17
476.97789789789795 	 5.656347059627502e-09 	 3.7009062712947417e-17
477.4783783783784 	 5.650418223009223e-09 	 3.6854138739371656e-17
477.9788588588589 	 5.64450180228317e-09 	 3.6700024578899084e-17
478.4793393393394 	 5.638597758488969e-09 	 3.654671515720434e-17
478.97981981981985 	 5.6327060528290814e-09 	 3.639420543701868e-17
479.48030030030037 	 5.626826646667953e-09 	 3.624249041782084e-17
479.98078078078083 	 5.620959501531176e-09 	 3.609156513553123e-17
480.4812612612613 	 5.615104579104642e-09 	 3.594142466220859e-17
480.9817417417418 	 5.609261841233716e-09 	 3.579206410574964e-17
481.4822222222223 	 5.6034312499224005e-09 	 3.5643478609591603e-17
481.98270270270274 	 5.597612767332517e-09 	 3.5495663352417366e-17
482.48318318318326 	 5.591806355782885e-09 	 3.534861354786344e-17
482.9836636636637 	 5.586011977748507e-09 	 3.52023244442307e-17
483.4841441441442 	 5.580229595859765e-09 	 3.505679132419775e-17
483.9846246246247 	 5.574459172901611e-09 	 3.491200950453697e-17
484.48510510510516 	 5.568700671812775e-09 	 3.476797433583314e-17
484.9855855855856 	 5.562954055684967e-09 	 3.462468120220489e-17
485.4860660660661 	 5.557219287762089e-09 	 3.448212552102833e-17
485.9865465465466 	 5.551496331439452e-09 	 3.434030274266369e-17
486.48702702702707 	 5.545785150263002e-09 	 3.4199208350184235e-17
486.98750750750753 	 5.540085707928535e-09 	 3.4058837859107596e-17
487.48798798798805 	 5.534397968280936e-09 	 3.391918681712983e-17
487.9884684684685 	 5.528721895313415e-09 	 3.378025080386181e-17
488.488948948949 	 5.523057453166745e-09 	 3.3642025430568043e-17
488.9894294294295 	 5.517404606128501e-09 	 3.3504506339907683e-17
489.48990990990995 	 5.511763318632323e-09 	 3.336768920567854e-17
489.9903903903904 	 5.5061335552571565e-09 	 3.323156973256259e-17
490.49087087087094 	 5.5005152807265165e-09 	 3.3096143655874524e-17
490.9913513513514 	 5.4949084599077555e-09 	 3.29614067413123e-17
491.49183183183186 	 5.489313057811324e-09 	 3.282735478470993e-17
491.9923123123124 	 5.483729039590045e-09 	 3.269398361179261e-17
492.49279279279284 	 5.478156370538391e-09 	 3.256128907793419e-17
492.9932732732733 	 5.472595016091768e-09 	 3.242926706791665e-17
493.4937537537538 	 5.46704494182579e-09 	 3.229791349569186e-17
493.9942342342343 	 5.461506113455588e-09 	 3.2167224304145624e-17
494.49471471471475 	 5.455978496835083e-09 	 3.203719546486363e-17
494.99519519519527 	 5.4504620579562955e-09 	 3.1907822977899697e-17
495.4956756756757 	 5.444956762948651e-09 	 3.177910287154622e-17
495.9961561561562 	 5.439462578078279e-09 	 3.165103120210633e-17
496.4966366366367 	 5.433979469747327e-09 	 3.152360405366856e-17
496.99711711711717 	 5.428507404493275e-09 	 3.1396817537883186e-17
497.49759759759763 	 5.4230463489882596e-09 	 3.127066779374088e-17
497.99807807807815 	 5.417596270038388e-09 	 3.1145150987353097e-17
498.4985585585586 	 5.412157134583076e-09 	 3.1020263311734733e-17
498.9990390390391 	 5.4067289096943695e-09 	 3.089600098658839e-17
499.4995195195196 	 5.401311562576289e-09 	 3.077236025809095e-17
500.0 	 5.395905060564165e-09 	 3.064933739868182e-17
