3.5233633633633636 	 2.870614243659847e-06 	 9.150928731540873e-10
4.023843843843844 	 2.892200573455636e-06 	 5.142789866309854e-10
4.524324324324325 	 2.9145123515230787e-06 	 3.0446567129788555e-10
5.0248048048048055 	 2.9359522845800715e-06 	 1.869473732025335e-10
5.525285285285285 	 2.953994676893808e-06 	 1.1752688615689872e-10
6.025765765765766 	 2.9645090851543357e-06 	 7.473620805155065e-11
6.526246246246247 	 2.9606634526959425e-06 	 4.7439547291362994e-11
7.026726726726727 	 2.9309037746478223e-06 	 2.954598033778813e-11
7.527207207207208 	 2.854843453715785e-06 	 1.758714652377037e-11
8.027687687687688 	 2.695065468252818e-06 	 9.534012609825055e-12
8.528168168168168 	 2.378772421709811e-06 	 4.213352673105426e-12
9.02864864864865 	 1.7537431643750856e-06 	 1.0429743228219965e-12
9.52912912912913 	 4.7050953550852804e-07 	 2.0488381961951876e-14
10.029609609609611 	 2.3753472668578903e-06 	 2.1340742947434858e-12
10.530090090090091 	 9.473166228234498e-06 	 1.1011946228588026e-11
11.030570570570571 	 2.930145795549466e-05 	 3.822322329050109e-11
11.531051051051053 	 7.20046939454559e-05 	 9.397977363736537e-11
12.031531531531533 	 7.557320373219567e-05 	 8.802430510898024e-11
12.532012012012013 	 5.52717584498758e-05 	 5.2820331518404186e-11
13.032492492492494 	 4.833119236078755e-05 	 4.450678797704269e-11
13.532972972972974 	 3.7517307847291435e-05 	 3.0521439033894803e-11
14.033453453453454 	 3.300847704628285e-05 	 2.3544610915522086e-11
14.533933933933936 	 3.1664722145327166e-05 	 2.0907295198726434e-11
15.034414414414416 	 3.056786219641921e-05 	 1.9269298737813454e-11
15.534894894894897 	 3.104707034815633e-05 	 1.910347021458157e-11
16.035375375375377 	 2.69950819294544e-05 	 1.7689709493747128e-11
16.535855855855857 	 2.5011325972891415e-05 	 1.597551135160024e-11
17.036336336336337 	 2.199329014385436e-05 	 1.5542589306026516e-11
17.53681681681682 	 1.667256908686152e-05 	 1.3441502341109145e-11
18.0372972972973 	 1.2579809762736317e-05 	 1.0940076030861524e-11
18.53777777777778 	 9.969978665036185e-06 	 8.962337262614631e-12
19.03825825825826 	 7.905981807757297e-06 	 7.448889520272552e-12
19.53873873873874 	 6.239087711250109e-06 	 6.068442156525166e-12
20.039219219219223 	 5.466470589094053e-06 	 4.944153055855726e-12
20.539699699699703 	 5.317702472287764e-06 	 4.143839770364072e-12
21.040180180180183 	 5.399287461210317e-06 	 3.6057529543236857e-12
21.540660660660663 	 5.360847575988453e-06 	 3.2233047961973976e-12
22.041141141141143 	 5.109064707555222e-06 	 2.894588472692366e-12
22.541621621621623 	 4.776124457130991e-06 	 2.580782907328302e-12
23.042102102102106 	 4.497443645489707e-06 	 2.28432287351651e-12
23.542582582582586 	 4.348032936699736e-06 	 2.01423946738671e-12
24.043063063063066 	 4.3745307843347145e-06 	 1.7773234447152238e-12
24.543543543543546 	 4.619803594922205e-06 	 1.581090177939184e-12
25.044024024024026 	 5.109273814378581e-06 	 1.4378794395275843e-12
25.54450450450451 	 5.7712544061793636e-06 	 1.3624331981938716e-12
26.04498498498499 	 6.3289811912016836e-06 	 1.351618594271672e-12
26.54546546546547 	 6.429203470526994e-06 	 1.3613104590285318e-12
27.04594594594595 	 6.04851595528122e-06 	 1.3379416201832418e-12
27.54642642642643 	 5.49923081346066e-06 	 1.2705931275375964e-12
28.04690690690691 	 5.078679133437706e-06 	 1.1812939124386519e-12
28.547387387387392 	 4.9590538833021555e-06 	 1.0995579131015386e-12
29.047867867867872 	 5.13917945779119e-06 	 1.064006870699289e-12
29.548348348348352 	 4.9237541707917265e-06 	 1.0847443510989793e-12
30.04882882882883 	 3.816331903768351e-06 	 1.048775787674204e-12
30.54930930930931 	 2.8724293787880272e-06 	 9.519904269344666e-13
31.049789789789795 	 2.3316403530708916e-06 	 8.568102238274917e-13
31.550270270270275 	 2.0091015650620206e-06 	 7.764709439186951e-13
32.05075075075076 	 1.793323929814805e-06 	 7.088955541284307e-13
32.55123123123124 	 1.634564657839316e-06 	 6.510161257855082e-13
33.05171171171172 	 1.509754675635612e-06 	 6.005913389619192e-13
33.5521921921922 	 1.407124892659936e-06 	 5.560821028727715e-13
34.05267267267268 	 1.3200685572433363e-06 	 5.164037483414237e-13
34.55315315315316 	 1.244578423957549e-06 	 4.807627139565119e-13
35.053633633633645 	 1.1780511431227498e-06 	 4.4855678688569765e-13
35.55411411411412 	 1.1186822797256702e-06 	 4.1931367716073037e-13
36.054594594594604 	 1.0651906813440268e-06 	 3.9265368833225836e-13
36.55507507507508 	 1.016608050714516e-06 	 3.6826588696151406e-13
37.055555555555564 	 9.721955573196927e-07 	 3.4589064598014035e-13
37.55603603603605 	 9.313766313236785e-07 	 3.2530814339485173e-13
38.056516516516524 	 8.936872875827238e-07 	 3.0633096362995696e-13
38.55699699699701 	 8.587440141554025e-07 	 2.8879690424141884e-13
39.057477477477484 	 8.262309572569593e-07 	 2.725657665168548e-13
39.55795795795797 	 7.9588536928212e-07 	 2.5751399804330034e-13
40.05843843843845 	 7.674876640589365e-07 	 2.435332203319821e-13
40.55891891891893 	 7.408396693367501e-07 	 2.3052782565938526e-13
41.05939939939941 	 7.157780207864201e-07 	 2.1841242557799115e-13
41.55987987987989 	 6.921601879510315e-07 	 2.0711121432340913e-13
42.06036036036037 	 6.698622046607397e-07 	 1.965561307706233e-13
42.56084084084085 	 6.487737443386277e-07 	 1.8668624804829934e-13
43.06132132132133 	 6.287947413045939e-07 	 1.774466845896329e-13
43.56180180180181 	 6.098410362658096e-07 	 1.687877464318037e-13
44.06228228228229 	 5.918349641522255e-07 	 1.6066460602570133e-13
44.56276276276277 	 5.747046707641515e-07 	 1.530366915138488e-13
45.06324324324325 	 5.58389761046815e-07 	 1.458669770984551e-13
45.56372372372373 	 5.42832703165734e-07 	 1.3912188424777953e-13
46.064204204204216 	 5.279808524085515e-07 	 1.3277075772665387e-13
46.56468468468469 	 5.137903295626295e-07 	 1.2678543279432724e-13
47.065165165165176 	 5.002199870610127e-07 	 1.2114023359369415e-13
47.56564564564565 	 4.872257283758512e-07 	 1.1581190133917353e-13
48.066126126126136 	 4.7477731271335724e-07 	 1.1077856904286114e-13
48.56660660660662 	 4.628384505043998e-07 	 1.0602059661066521e-13
49.067087087087096 	 4.5138124173869046e-07 	 1.0151964477593004e-13
49.56756756756758 	 4.4037891104680037e-07 	 9.725884203628623e-14
50.068048048048055 	 4.2980488998849406e-07 	 9.322272337948624e-14
50.56852852852854 	 4.1963280578784934e-07 	 8.939705191209901e-14
51.06900900900902 	 4.0984507512288755e-07 	 8.576842248804348e-14
51.5694894894895 	 4.004197443374545e-07 	 8.232461484692291e-14
52.06996996996998 	 3.913361052159716e-07 	 7.905433851547345e-14
52.57045045045046 	 3.825787539523137e-07 	 7.59469515047436e-14
53.07093093093094 	 3.741315666302993e-07 	 7.299266256111583e-14
53.571411411411425 	 3.6597784489768564e-07 	 7.018241738469511e-14
54.0718918918919 	 3.581039880299743e-07 	 6.750772877750229e-14
54.572372372372385 	 3.5049648312567144e-07 	 6.496070922815588e-14
55.07285285285286 	 3.431420728866503e-07 	 6.253405242523757e-14
55.573333333333345 	 3.360305987674073e-07 	 6.022085956624756e-14
56.07381381381382 	 3.291498404252434e-07 	 5.801476135540918e-14
56.574294294294305 	 3.22488671416535e-07 	 5.5909846367522945e-14
57.07477477477479 	 3.1603851136439147e-07 	 5.3900465553846494e-14
57.575255255255264 	 3.0978978703619874e-07 	 5.198140931795073e-14
58.07573573573575 	 3.0373352015483274e-07 	 5.014783165420239e-14
58.576216216216224 	 2.9786128278708174e-07 	 4.8395152432280456e-14
59.07669669669671 	 2.9216514411082724e-07 	 4.671907539597959e-14
59.57717717717719 	 2.86638438543748e-07 	 4.5115570816620186e-14
60.07765765765767 	 2.8127597732224067e-07 	 4.3580791757317714e-14
60.57813813813815 	 2.7606679372733933e-07 	 4.211136257896422e-14
61.07861861861863 	 2.710086778210097e-07 	 4.070377992065623e-14
61.57909909909911 	 2.6609326122145183e-07 	 3.935502032163663e-14
62.079579579579594 	 2.61316498543581e-07 	 3.806208527599322e-14
62.58006006006007 	 2.566726711553178e-07 	 3.6822201938319536e-14
63.080540540540554 	 2.5215531785532774e-07 	 3.563279761003281e-14
63.58102102102103 	 2.477612481761573e-07 	 3.4491376491626836e-14
64.0815015015015 	 2.434857713691017e-07 	 3.3395604165901706e-14
64.58198198198198 	 2.393239562564659e-07 	 3.234330247399337e-14
65.08246246246247 	 2.35271765843088e-07 	 3.13324086234297e-14
65.58294294294295 	 2.3132481291538665e-07 	 3.036097363322312e-14
66.08342342342343 	 2.2748036713916574e-07 	 2.942712837218711e-14
66.5839039039039 	 2.2373420532177142e-07 	 2.8529145393154267e-14
67.08438438438439 	 2.2008208787051294e-07 	 2.7665390931461215e-14
67.58486486486487 	 2.1652356358280098e-07 	 2.6834235573224387e-14
68.08534534534535 	 2.130515469148024e-07 	 2.603428497383581e-14
68.58582582582584 	 2.0966619590479354e-07 	 2.5264071282946604e-14
69.08630630630631 	 2.0636269557361432e-07 	 2.452230640580829e-14
69.58678678678679 	 2.0313953102535873e-07 	 2.3807717555032775e-14
70.08726726726728 	 1.9999280153788297e-07 	 2.311912862201401e-14
70.58774774774776 	 1.969214934821512e-07 	 2.2455375837055298e-14
71.08822822822823 	 1.9392243104170225e-07 	 2.1815393526518725e-14
71.58870870870871 	 1.909930898122182e-07 	 2.119818063537393e-14
72.0891891891892 	 1.8813218867293533e-07 	 2.060274100752014e-14
72.58966966966968 	 1.8533637837681376e-07 	 2.002817120489583e-14
73.09015015015015 	 1.826037831604291e-07 	 1.9473609850084913e-14
73.59063063063064 	 1.7993366414067195e-07 	 1.8938175602138217e-14
74.09111111111112 	 1.7732219846415434e-07 	 1.8421130440561868e-14
74.5915915915916 	 1.7476933423022534e-07 	 1.792167885546694e-14
75.09207207207209 	 1.722725058923374e-07 	 1.7439127076154e-14
75.59255255255256 	 1.6982987063292058e-07 	 1.6972772832017383e-14
76.09303303303304 	 1.674407531235413e-07 	 1.6521974779058775e-14
76.59351351351351 	 1.651027231166573e-07 	 1.6086111167703937e-14
77.093993993994 	 1.6281415019577314e-07 	 1.5664590770534022e-14
77.59447447447448 	 1.6057357730229504e-07 	 1.5256856046384672e-14
78.09495495495496 	 1.583804317319208e-07 	 1.486234753366276e-14
78.59543543543545 	 1.5623339149701276e-07 	 1.4480557326918432e-14
79.09591591591592 	 1.5413038579389818e-07 	 1.4110994659262863e-14
79.5963963963964 	 1.520699344669866e-07 	 1.3753214705307619e-14
80.09687687687689 	 1.5005224638880063e-07 	 1.3406729875466915e-14
80.59735735735737 	 1.4807475720554356e-07 	 1.3071137584093349e-14
81.09783783783784 	 1.4613784895078883e-07 	 1.2746009249139025e-14
81.59831831831832 	 1.4423862152447115e-07 	 1.2430975203751486e-14
82.09879879879881 	 1.423773689666032e-07 	 1.2125645196980914e-14
82.59927927927929 	 1.4055261985545285e-07 	 1.1829662147989799e-14
83.09975975975976 	 1.3876297677017487e-07 	 1.1542705170713693e-14
83.60024024024025 	 1.3700871334361217e-07 	 1.1264410050157176e-14
84.10072072072073 	 1.3528798991938012e-07 	 1.0994483305016363e-14
84.6012012012012 	 1.33599875208656e-07 	 1.073262523299413e-14
85.10168168168168 	 1.3194343865003813e-07 	 1.047854887437035e-14
85.60216216216217 	 1.3031853083162558e-07 	 1.023196311075539e-14
86.10264264264265 	 1.2872398249076543e-07 	 9.992620300755634e-15
86.60312312312313 	 1.2715922781356354e-07 	 9.760251573276724e-15
87.10360360360362 	 1.2562326536282232e-07 	 9.534616024279771e-15
87.60408408408409 	 1.2411553287293134e-07 	 9.31549504324614e-15
88.10456456456457 	 1.226356552825471e-07 	 9.102636677188925e-15
88.60504504504506 	 1.2118185108148705e-07 	 8.89585454003423e-15
89.10552552552554 	 1.1975442303777674e-07 	 8.69492923378764e-15
89.60600600600601 	 1.1835223424025509e-07 	 8.49966297920108e-15
90.10648648648649 	 1.1697537265812278e-07 	 8.309854147262631e-15
90.60696696696698 	 1.1562271143597019e-07 	 8.1253311175272e-15
91.10744744744746 	 1.1429398895685626e-07 	 7.945920377117473e-15
91.60792792792793 	 1.1298783241981682e-07 	 7.771452865914379e-15
92.10840840840842 	 1.1170440420286765e-07 	 7.601756001614932e-15
92.6088888888889 	 1.1044350138406394e-07 	 7.43667266941804e-15
93.10936936936938 	 1.0920361721117788e-07 	 7.276073091817274e-15
93.60984984984987 	 1.0798520284142157e-07 	 7.119785194828887e-15
94.11033033033034 	 1.0678744733012624e-07 	 6.96768795717125e-15
94.61081081081082 	 1.0560972677713739e-07 	 6.81963802815496e-15
95.1112912912913 	 1.0445187658618874e-07 	 6.675507211895235e-15
95.61177177177179 	 1.0331268115004666e-07 	 6.535182734764834e-15
96.11225225225226 	 1.0219266861161864e-07 	 6.3985260593702454e-15
96.61273273273274 	 1.0109085750724978e-07 	 6.265438980600096e-15
97.11321321321323 	 1.0000704911321503e-07 	 6.135802468157103e-15
97.6136936936937 	 9.8941356189863e-08 	 6.0095026318812895e-15
98.11417417417418 	 9.789237239838638e-08 	 5.88644861835725e-15
98.61465465465466 	 9.685999774314602e-08 	 5.766539363426304e-15
99.11513513513515 	 9.584417795009125e-08 	 5.649669788537828e-15
99.61561561561562 	 9.484488447430856e-08 	 5.535751992848136e-15
100.1160960960961 	 9.402922401988939e-08 	 5.4250961544335675e-15
100.61657657657659 	 9.356150992328754e-08 	 5.317958201801639e-15
101.11705705705707 	 9.309842574339035e-08 	 5.2134520180011424e-15
101.61753753753754 	 9.263990307125006e-08 	 5.1115004056837525e-15
102.11801801801803 	 9.218587483900818e-08 	 5.01202879645666e-15
102.61849849849851 	 9.173627528719233e-08 	 4.914965149059585e-15
103.11897897897899 	 9.129103993296543e-08 	 4.820239851957112e-15
103.61945945945946 	 9.085010553929502e-08 	 4.72778563013461e-15
104.11993993993995 	 9.041341008501184e-08 	 4.637537455897171e-15
104.62042042042043 	 8.998089273572777e-08 	 4.549432463481414e-15
105.1209009009009 	 8.955249381558445e-08 	 4.4634098672999166e-15
105.6213813813814 	 8.912815477980518e-08 	 4.3794108836474275e-15
106.12186186186187 	 8.870781818802354e-08 	 4.297378655706692e-15
106.62234234234235 	 8.829142767836312e-08 	 4.217258181700125e-15
107.12282282282284 	 8.787892794224375e-08 	 4.138996246041393e-15
107.62330330330332 	 8.7470264699891e-08 	 4.062541353348391e-15
108.1237837837838 	 8.706538467652538e-08 	 3.987843665186021e-15
108.62426426426427 	 8.66642355792103e-08 	 3.9148549394139694e-15
109.12474474474476 	 8.626676607433666e-08 	 3.843528472020741e-15
109.62522522522524 	 8.587292576572448e-08 	 3.7738190413312766e-15
110.12570570570571 	 8.54826651733216e-08 	 3.705682854480999e-15
110.6261861861862 	 8.509593571248044e-08 	 3.6390774960544455e-15
111.12666666666668 	 8.4712689673795e-08 	 3.573961878791694e-15
111.62714714714716 	 8.433288020347998e-08 	 3.5102961962704295e-15
112.12762762762763 	 8.395646128427563e-08 	 3.4480418774761476e-15
112.62810810810812 	 8.35833877168615e-08 	 3.387161543177068e-15
113.1285885885886 	 8.321361510176374e-08 	 3.3276189640245254e-15
113.62906906906908 	 8.284709982174033e-08 	 3.269379020303259e-15
114.12954954954957 	 8.248379902462997e-08 	 3.212407663259821e-15
114.63003003003004 	 8.212367060665006e-08 	 3.1566718779405576e-15
115.13051051051052 	 8.176667319613061e-08 	 3.1021396474740568e-15
115.63099099099101 	 8.141276613767013e-08 	 3.048779918735869e-15
116.13147147147149 	 8.106190947670174e-08 	 2.996562569336396e-15
116.63195195195196 	 8.07140639444562e-08 	 2.945458375875457e-15
117.13243243243244 	 8.036919094331063e-08 	 2.8954389834098167e-15
117.63291291291293 	 8.00272525325113e-08 	 2.8464768760823734e-15
118.1333933933934 	 7.968821141425928e-08 	 2.798545348864104e-15
118.63387387387388 	 7.935203092014813e-08 	 2.751618480362121e-15
119.13435435435437 	 7.901867499794376e-08 	 2.705671106649357e-15
119.63483483483485 	 7.868810819869587e-08 	 2.660678796073368e-15
120.13531531531532 	 7.83602956641716e-08 	 2.6166178250037584e-15
120.63579579579581 	 7.803520311460215e-08 	 2.573465154479511e-15
121.13627627627629 	 7.771279683673278e-08 	 2.5311984077192683e-15
121.63675675675677 	 7.739304367216834e-08 	 2.489795848459297e-15
122.13723723723724 	 7.707591100600479e-08 	 2.4492363600854098e-15
122.63771771771773 	 7.676136675573959e-08 	 2.4094994255266498e-15
123.13819819819821 	 7.644937936045209e-08 	 2.3705651078799713e-15
123.63867867867869 	 7.613991777024706e-08 	 2.332414031736495e-15
124.13915915915918 	 7.583295143595328e-08 	 2.2950273651812252e-15
124.63963963963965 	 7.55284502990706e-08 	 2.2583868024393727e-15
125.14012012012013 	 7.522638478195793e-08 	 2.222474547143534e-15
125.64060060060062 	 7.492672577825603e-08 	 2.1872732961971958e-15
126.1410810810811 	 7.46294446435381e-08 	 2.1527662242109986e-15
126.64156156156157 	 7.433451318618212e-08 	 2.118936968489298e-15
127.14204204204205 	 7.404190365845878e-08 	 2.0857696145454513e-15
127.64252252252254 	 7.375158874782908e-08 	 2.053248682125264e-15
128.14300300300303 	 7.346354156844584e-08 	 2.0213591117188237e-15
128.64348348348352 	 7.317773565285358e-08 	 1.9900862515418628e-15
129.14396396396398 	 7.289414494388145e-08 	 1.9594158449685416e-15
129.64444444444447 	 7.26127437867238e-08 	 1.929334018398327e-15
130.14492492492496 	 7.233350692120369e-08 	 1.899827269540399e-15
130.64540540540543 	 7.205640947421406e-08 	 1.8708824560996304e-15
131.14588588588592 	 7.178142695233203e-08 	 1.8424867848489433e-15
131.6463663663664 	 7.150853523460169e-08 	 1.8146278010734335e-15
132.14684684684687 	 7.123771056548077e-08 	 1.787293378372234e-15
132.64732732732736 	 7.096892954794725e-08 	 1.7604717088047395e-15
133.14780780780782 	 7.070216913676113e-08 	 1.7341512933682816e-15
133.6482882882883 	 7.043740663187778e-08 	 1.7083209327949335e-15
134.1487687687688 	 7.017461967200873e-08 	 1.6829697186556097e-15
134.64924924924927 	 6.991378622832595e-08 	 1.6580870247600808e-15
135.14972972972976 	 6.965488459830617e-08 	 1.6336624988420253e-15
135.65021021021025 	 6.939789339971124e-08 	 1.6096860545186539e-15
136.1506906906907 	 6.914279156470165e-08 	 1.586147863514873e-15
136.6511711711712 	 6.888955833407885e-08 	 1.563038348142329e-15
137.1516516516517 	 6.863817325165419e-08 	 1.5403481740241343e-15
137.65213213213215 	 6.838861615874034e-08 	 1.5180682430563307e-15
138.15261261261264 	 6.81408671887625e-08 	 1.4961896865975997e-15
138.65309309309313 	 6.78949067619865e-08 	 1.474703858879021e-15
139.1535735735736 	 6.765071558036048e-08 	 1.4536023306259954e-15
139.6540540540541 	 6.740827462246746e-08 	 1.432876882884772e-15
140.15453453453458 	 6.716756513858628e-08 	 1.4125195010463301e-15
140.65501501501504 	 6.69285686458578e-08 	 1.3925223690606043e-15
141.15549549549553 	 6.669126692355383e-08 	 1.3728778638343564e-15
141.65597597597602 	 6.645564200844674e-08 	 1.3535785498062485e-15
142.15645645645648 	 6.622167619027643e-08 	 1.334617173692882e-15
142.65693693693697 	 6.598935200731306e-08 	 1.3159866593998669e-15
143.15741741741743 	 6.575865224201262e-08 	 1.2976801030921683e-15
143.65789789789793 	 6.552955991676349e-08 	 1.279690768418204e-15
144.15837837837842 	 6.530205828972149e-08 	 1.2620120818824047e-15
144.65885885885888 	 6.507613085073145e-08 	 1.2446376283610978e-15
145.15933933933937 	 6.485176131733307e-08 	 1.2275611467568226e-15
145.65981981981986 	 6.462893363084921e-08 	 1.2107765257863375e-15
146.16030030030032 	 6.440763195255455e-08 	 1.1942777998977622e-15
146.6607807807808 	 6.418784065992257e-08 	 1.178059145312468e-15
147.1612612612613 	 6.396954434294924e-08 	 1.1621148761875082e-15
147.66174174174176 	 6.375272780055148e-08 	 1.1464394408945111e-15
148.16222222222225 	 6.353737603703848e-08 	 1.131027418411123e-15
148.66270270270275 	 6.332347425865443e-08 	 1.1158735148212395e-15
149.1631831831832 	 6.311100787019084e-08 	 1.1009725599203903e-15
149.6636636636637 	 6.289996247166669e-08 	 1.0863195039227633e-15
150.1641441441442 	 6.26903238550752e-08 	 1.0719094142665292e-15
150.66462462462465 	 6.248207800119521e-08 	 1.0577374725141835e-15
151.16510510510514 	 6.227521107646602e-08 	 1.0437989713448e-15
151.6655855855856 	 6.206970942992416e-08 	 1.0300893116351681e-15
152.1660660660661 	 6.186555959020047e-08 	 1.0166039996269e-15
152.66654654654658 	 6.166274826257632e-08 	 1.0033386441767178e-15
153.16702702702705 	 6.146126232609762e-08 	 9.902889540872053e-16
153.66750750750754 	 6.126108883074499e-08 	 9.774507355154074e-16
154.16798798798803 	 6.106221499465941e-08 	 9.648198894567947e-16
154.6684684684685 	 6.086462820142133e-08 	 9.523924093021244e-16
155.16894894894898 	 6.066831599738278e-08 	 9.401643784648913e-16
155.66942942942947 	 6.047326608905073e-08 	 9.281319680770971e-16
156.16990990990993 	 6.027946634052088e-08 	 9.162914347511523e-16
156.67039039039042 	 6.008690477096049e-08 	 9.046391184058188e-16
157.1708708708709 	 5.989556955213955e-08 	 8.93171440154169e-16
157.67135135135138 	 5.970544900600871e-08 	 8.81884900251581e-16
158.17183183183187 	 5.951653160232334e-08 	 8.707760761018967e-16
158.67231231231236 	 5.9328805956312495e-08 	 8.598416203199191e-16
159.17279279279282 	 5.9142260826391943e-08 	 8.490782588484688e-16
159.6732732732733 	 5.8956885111920074e-08 	 8.384827891283125e-16
160.1737537537538 	 5.877266785099598e-08 	 8.280520783193172e-16
160.67423423423426 	 5.858959821829866e-08 	 8.177830615712338e-16
161.17471471471475 	 5.8407665522966425e-08 	 8.076727403425829e-16
161.67519519519522 	 5.8226859206515805e-08 	 7.977181807661638e-16
162.1756756756757 	 5.804716884079891e-08 	 7.879165120597456e-16
162.6761561561562 	 5.7868584125998493e-08 	 7.782649249805622e-16
163.17663663663666 	 5.7691094888659965e-08 	 7.687606703222744e-16
163.67711711711715 	 5.7514691079759415e-08 	 7.594010574531031e-16
164.17759759759764 	 5.733936277280709e-08 	 7.501834528938875e-16
164.6780780780781 	 5.716510016198544e-08 	 7.411052789348628e-16
165.1785585585586 	 5.699189356032084e-08 	 7.321640122899763e-16
165.67903903903908 	 5.6819733397888684e-08 	 7.233571827876341e-16
166.17951951951954 	 5.664861022005085e-08 	 7.146823720967693e-16
166.68000000000004 	 5.647851468572469e-08 	 7.061372124871774e-16
167.18048048048053 	 5.630943756568354e-08 	 6.977193856231139e-16
167.680960960961 	 5.614136974088725e-08 	 6.894266213891404e-16
168.18144144144148 	 5.597430220084281e-08 	 6.812566967472848e-16
168.68192192192197 	 5.580822604199394e-08 	 6.732074346245816e-16
169.18240240240243 	 5.564313246613949e-08 	 6.652767028300984e-16
169.68288288288292 	 5.547901277887961e-08 	 6.5746241300058125e-16
170.18336336336338 	 5.531585838808953e-08 	 6.497625195738882e-16
170.68384384384387 	 5.515366080242002e-08 	 6.421750187893879e-16
171.18432432432436 	 5.4992411629824314e-08 	 6.346979477145521e-16
171.68480480480483 	 5.4832102576110654e-08 	 6.273293832969676e-16
172.18528528528532 	 5.467272544352015e-08 	 6.200674414410436e-16
172.6857657657658 	 5.4514272129329406e-08 	 6.12910276108698e-16
173.18624624624627 	 5.4356734624477346e-08 	 6.058560784433308e-16
173.68672672672676 	 5.420010501221565e-08 	 5.989030759164128e-16
174.18720720720725 	 5.404437546678274e-08 	 5.920495314960595e-16
174.6876876876877 	 5.388953825210028e-08 	 5.852937428369384e-16
175.1881681681682 	 5.3735585720492123e-08 	 5.786340414909226e-16
175.6886486486487 	 5.3582510311425295e-08 	 5.720687921378964e-16
176.18912912912916 	 5.3430304550272135e-08 	 5.655963918361354e-16
176.68960960960965 	 5.3278961047093756e-08 	 5.592152692917208e-16
177.19009009009014 	 5.312847249544398e-08 	 5.529238841464462e-16
177.6905705705706 	 5.297883167119353e-08 	 5.46720726283697e-16
178.1910510510511 	 5.283003143137398e-08 	 5.406043151518027e-16
178.69153153153155 	 5.268206471304124e-08 	 5.34573199104377e-16
179.19201201201204 	 5.2534924532157954e-08 	 5.286259547571643e-16
179.69249249249253 	 5.23886039824947e-08 	 5.227611863609457e-16
180.192972972973 	 5.224309623454943e-08 	 5.169775251900547e-16
180.6934534534535 	 5.2098394534484845e-08 	 5.112736289460679e-16
181.19393393393398 	 5.195449220308347e-08 	 5.05648181176265e-16
181.69441441441444 	 5.18113826347199e-08 	 5.000998907064408e-16
182.19489489489493 	 5.166905929635006e-08 	 4.946274910876827e-16
182.69537537537542 	 5.152751572651705e-08 	 4.892297400567346e-16
183.19585585585588 	 5.138674553437327e-08 	 4.839054190095707e-16
183.69633633633637 	 5.124674239871855e-08 	 4.78653332487827e-16
184.19681681681686 	 5.1107500067053957e-08 	 4.734723076777404e-16
184.69729729729733 	 5.096901235465098e-08 	 4.68361193921257e-16
185.19777777777782 	 5.083127314363582e-08 	 4.633188622389823e-16
185.6982582582583 	 5.0694276382088495e-08 	 4.583442048646588e-16
186.19873873873877 	 5.055801608315642e-08 	 4.534361347908556e-16
186.69921921921926 	 5.0422486324182275e-08 	 4.485935853255768e-16
187.19969969969975 	 5.0287681245846e-08 	 4.4381550965949894e-16
187.7001801801802 	 5.015359505132018e-08 	 4.391008804435435e-16
188.2006606606607 	 5.0020222005439293e-08 	 4.34448689376529e-16
188.70114114114116 	 4.9887556433881894e-08 	 4.2985794680262e-16
189.20162162162165 	 4.9755592722365945e-08 	 4.253276813183248e-16
189.70210210210215 	 4.962432531585677e-08 	 4.208569393887867e-16
190.2025825825826 	 4.949374871778762e-08 	 4.1644478497312636e-16
190.7030630630631 	 4.936385748929242e-08 	 4.120902991585984e-16
191.2035435435436 	 4.923464624845062e-08 	 4.077925798033332e-16
191.70402402402405 	 4.910610966954385e-08 	 4.0355074118743986e-16
192.20450450450454 	 4.897824248232418e-08 	 3.9936391367225103e-16
192.70498498498503 	 4.885103947129385e-08 	 3.952312433675084e-16
193.2054654654655 	 4.872449547499612e-08 	 3.9115189180626873e-16
193.70594594594598 	 4.85986053853171e-08 	 3.8712503562734577e-16
194.20642642642648 	 4.847336414679846e-08 	 3.8314986626508686e-16
194.70690690690694 	 4.8348766755960676e-08 	 3.7922558964629903e-16
195.20738738738743 	 4.822480826063672e-08 	 3.7535142589414235e-16
195.70786786786792 	 4.8101483759315916e-08 	 3.7152660903880914e-16
196.20834834834838 	 4.797878840049792e-08 	 3.677503867348239e-16
196.70882882882887 	 4.785671738205651e-08 	 3.640220199847884e-16
197.20930930930933 	 4.773526595061306e-08 	 3.6034078286941416e-16
197.70978978978982 	 4.7614429400919553e-08 	 3.567059622836823e-16
198.2102702702703 	 4.749420307525094e-08 	 3.5311685767897457e-16
198.71075075075078 	 4.737458236280669e-08 	 3.4957278081103176e-16
199.21123123123127 	 4.725556269912127e-08 	 3.460730554935825e-16
199.71171171171176 	 4.713713956548365e-08 	 3.426170173575157e-16
200.21219219219222 	 4.7019308488365427e-08 	 3.392040136154463e-16
200.7126726726727 	 4.6902065038857414e-08 	 3.3583340283154296e-16
201.2131531531532 	 4.678540483211482e-08 	 3.3250455469649523e-16
201.71363363363366 	 4.6669323526810606e-08 	 3.2921684980748198e-16
202.21411411411415 	 4.6553816824596846e-08 	 3.2596967945302353e-16
202.71459459459464 	 4.6438880469574305e-08 	 3.2276244540259905e-16
203.2150750750751 	 4.632451024776964e-08 	 3.19594559700908e-16
203.7155555555556 	 4.621070198662041e-08 	 3.1646544446666315e-16
204.2160360360361 	 4.609745155446765e-08 	 3.133745316958079e-16
204.71651651651655 	 4.5984754860055866e-08 	 3.103212630690449e-16
205.21699699699704 	 4.587260785204038e-08 	 3.0730508976357533e-16
205.71747747747753 	 4.5761006518501786e-08 	 3.0432547226894386e-16
206.217957957958 	 4.564994688646761e-08 	 3.013818802068934e-16
206.71843843843848 	 4.5539425021440794e-08 	 2.9847379215512855e-16
207.21891891891894 	 4.542943702693508e-08 	 2.9560069547489824e-16
207.71939939939944 	 4.531997904401706e-08 	 2.927620861423011e-16
208.21987987987993 	 4.5211047250854954e-08 	 2.8995746858323026e-16
208.7203603603604 	 4.510263786227366e-08 	 2.8718635551186443e-16
209.22084084084088 	 4.499474712931642e-08 	 2.844482677726245e-16
209.72132132132137 	 4.488737133881262e-08 	 2.8174273418551307e-16
210.22180180180183 	 4.478050681295182e-08 	 2.790692913947562e-16
210.72228228228232 	 4.467414990886379e-08 	 2.764274837206666e-16
211.2227627627628 	 4.456829701820467e-08 	 2.738168630146581e-16
211.72324324324327 	 4.446294456674878e-08 	 2.7123698851733065e-16
212.22372372372377 	 4.435808901398639e-08 	 2.6868742671955866e-16
212.72420420420426 	 4.4253726852727086e-08 	 2.6616775122650955e-16
213.22468468468472 	 4.4149854608708734e-08 	 2.63677542624525e-16
213.7251651651652 	 4.404646884021191e-08 	 2.6121638835079713e-16
214.2256456456457 	 4.394356613767982e-08 	 2.587838825657765e-16
214.72612612612616 	 4.384114312334345e-08 	 2.5637962602824687e-16
215.22660660660665 	 4.373919645085192e-08 	 2.5400322597300377e-16
215.7270870870871 	 4.363772280490817e-08 	 2.5165429599108133e-16
216.2275675675676 	 4.353671890090944e-08 	 2.4933245591246215e-16
216.7280480480481 	 4.343618148459293e-08 	 2.4703733169121883e-16
217.22852852852856 	 4.33361073316863e-08 	 2.4476855529302756e-16
217.72900900900905 	 4.3236493247562954e-08 	 2.4252576458500157e-16
218.22948948948954 	 4.3137336066902115e-08 	 2.4030860322778967e-16
218.72996996997 	 4.303863265335356e-08 	 2.3811672056989083e-16
219.2304504504505 	 4.294037989920687e-08 	 2.3594977154413035e-16
219.73093093093098 	 4.2842574725065396e-08 	 2.338074165662536e-16
220.23141141141144 	 4.2745214079524395e-08 	 2.316893214355844e-16
220.73189189189193 	 4.2648294938853774e-08 	 2.2959515723770514e-16
221.23237237237242 	 4.2551814306685063e-08 	 2.2752460024911143e-16
221.7328528528529 	 4.245576921370257e-08 	 2.2547733184379646e-16
222.23333333333338 	 4.2360156717338796e-08 	 2.234530384017225e-16
222.73381381381387 	 4.2264973901473915e-08 	 2.2145141121913788e-16
223.23429429429433 	 4.21702178761393e-08 	 2.1947214642069673e-16
223.73477477477482 	 4.207588577722503e-08 	 2.1751494487334188e-16
224.23525525525528 	 4.19819747661913e-08 	 2.1557951210191264e-16
224.73573573573577 	 4.188848202978373e-08 	 2.136655582064377e-16
225.23621621621626 	 4.179540477975241e-08 	 2.1177279778107652e-16
225.73669669669673 	 4.170274025257476e-08 	 2.0990094983467368e-16
226.23717717717722 	 4.161048570918193e-08 	 2.0804973771288777e-16
226.7376576576577 	 4.151863843468904e-08 	 2.0621888902186519e-16
227.23813813813817 	 4.142719573812877e-08 	 2.0440813555341824e-16
227.73861861861866 	 4.133615495218855e-08 	 2.0261721321168113e-16
228.23909909909915 	 4.124551343295128e-08 	 2.0084586194120728e-16
228.7395795795796 	 4.115526855963933e-08 	 1.9909382565647846e-16
229.2400600600601 	 4.106541773436196e-08 	 1.9736085217279347e-16
229.7405405405406 	 4.097595838186601e-08 	 1.9564669313850886e-16
230.24102102102106 	 4.0886887949289916e-08 	 1.9395110396859986e-16
230.74150150150155 	 4.079820390592081e-08 	 1.9227384377951443e-16
231.24198198198204 	 4.070990374295487e-08 	 1.90614675325292e-16
231.7424624624625 	 4.062198497326074e-08 	 1.8897336493492014e-16
232.242942942943 	 4.0534445131145996e-08 	 1.8734968245090163e-16
232.74342342342348 	 4.044728177212666e-08 	 1.8574340116900786e-16
233.24390390390394 	 4.036049247269964e-08 	 1.8415429777919026e-16
233.74438438438443 	 4.027407483011813e-08 	 1.8258215230762787e-16
234.2448648648649 	 4.018802646216986e-08 	 1.8102674805988587e-16
234.74534534534538 	 4.0102345006958215e-08 	 1.7948787156516009e-16
235.24582582582588 	 4.0017028122686114e-08 	 1.779653125215872e-16
235.74630630630634 	 3.993207348744267e-08 	 1.7645886374259543e-16
236.24678678678683 	 3.9847478798992514e-08 	 1.7496832110427488e-16
236.74726726726732 	 3.976324177456789e-08 	 1.7349348349374724e-16
237.24774774774778 	 3.967936015066326e-08 	 1.7203415275851105e-16
237.74822822822827 	 3.959583168283258e-08 	 1.7059013365674454e-16
238.24870870870876 	 3.9512654145489125e-08 	 1.691612338085451e-16
238.74918918918922 	 3.942982533170781e-08 	 1.677472636480853e-16
239.24966966966971 	 3.934734305302997e-08 	 1.6634803637666702e-16
239.7501501501502 	 3.9265205139270676e-08 	 1.6496336791665524e-16
240.25063063063067 	 3.9183409438328356e-08 	 1.6359307686627231e-16
240.75111111111116 	 3.910195381599684e-08 	 1.6223698445523549e-16
241.25159159159165 	 3.9020836155779765e-08 	 1.608949145012202e-16
241.7520720720721 	 3.894005435870722e-08 	 1.5956669336713196e-16
242.2525525525526 	 3.885960634315471e-08 	 1.5825214991917012e-16
242.75303303303306 	 3.87794900446644e-08 	 1.5695111548566815e-16
243.25351351351355 	 3.869970341576843e-08 	 1.5566342381669183e-16
243.75399399399404 	 3.8620244425814596e-08 	 1.5438891104438467e-16
244.2544744744745 	 3.854111106079399e-08 	 1.5312741564403917e-16
244.754954954955 	 3.846230132317087e-08 	 1.5187877839588447e-16
245.2554354354355 	 3.838381323171459e-08 	 1.5064284234757287e-16
245.75591591591595 	 3.830564482133357e-08 	 1.4941945277735235e-16
246.25639639639644 	 3.8227794142911244e-08 	 1.4820845715790907e-16
246.75687687687693 	 3.8150259263144146e-08 	 1.4700970512087053e-16
247.2573573573574 	 3.8073038264381805e-08 	 1.4582304842195083e-16
247.75783783783788 	 3.7996129244468654e-08 	 1.4464834090672902e-16
248.25831831831837 	 3.791953031658786e-08 	 1.4348543847704668e-16
248.75879879879884 	 3.784323960910704e-08 	 1.4233419905801133e-16
249.25927927927933 	 3.776725526542576e-08 	 1.411944825655944e-16
249.75975975975982 	 3.769157544382499e-08 	 1.4006615087481253e-16
250.26024024024028 	 3.761619831731827e-08 	 1.3894906778847927e-16
250.76072072072077 	 3.754112207350468e-08 	 1.3784309900651614e-16
251.26120120120126 	 3.7466344914423606e-08 	 1.3674811209581301e-16
251.76168168168172 	 3.73918650564112e-08 	 1.3566397646062556e-16
252.2621621621622 	 3.731768072995853e-08 	 1.3459056331349958e-16
252.76264264264267 	 3.724379017957149e-08 	 1.3352774564671232e-16
253.26312312312317 	 3.71701916636323e-08 	 1.3247539820422027e-16
253.76360360360366 	 3.709688345426266e-08 	 1.3143339745410274e-16
254.26408408408412 	 3.702386383718856e-08 	 1.3040162156149313e-16
254.7645645645646 	 3.6951131111606606e-08 	 1.2937995036198628e-16
255.2650450450451 	 3.6878683590052016e-08 	 1.2836826533551477e-16
255.76552552552556 	 3.680651959826809e-08 	 1.273664495806833e-16
256.266006006006 	 3.673463747507722e-08 	 1.263743877895526e-16
256.7664864864865 	 3.666303557225347e-08 	 1.2539196622286557e-16
257.266966966967 	 3.659171225439653e-08 	 1.2441907268570412e-16
257.76744744744747 	 3.652066589880729e-08 	 1.2345559650357253e-16
258.26792792792793 	 3.644989489536468e-08 	 1.225014284988938e-16
258.76840840840845 	 3.6379397646404116e-08 	 1.2155646096791652e-16
259.2688888888889 	 3.630917256659724e-08 	 1.2062058765802062e-16
259.7693693693694 	 3.623921808283307e-08 	 1.196937037454152e-16
260.2698498498499 	 3.616953263410054e-08 	 1.1877570581322193e-16
260.77033033033035 	 3.610011467137243e-08 	 1.178664918299359e-16
261.2708108108108 	 3.6030962657490507e-08 	 1.1696596112825556e-16
261.77129129129133 	 3.596207506705215e-08 	 1.1607401438427794e-16
262.2717717717718 	 3.589345038629811e-08 	 1.151905535970483e-16
262.77225225225226 	 3.5825087113001695e-08 	 1.1431548206846008e-16
263.2727327327328 	 3.575698375635909e-08 	 1.134487043834979e-16
263.77321321321324 	 3.5689138836881046e-08 	 1.1259012639081692e-16
264.2736936936937 	 3.562155088628571e-08 	 1.11739655183652e-16
264.7741741741742 	 3.55542184473927e-08 	 1.1089719908105042e-16
265.2746546546547 	 3.548714007401842e-08 	 1.1006266760942389e-16
265.77513513513514 	 3.5420314330872466e-08 	 1.0923597148441013e-16
266.2756156156156 	 3.535373979345529e-08 	 1.084170225930421e-16
266.7760960960961 	 3.528741504795696e-08 	 1.0760573397621678e-16
267.2765765765766 	 3.522133869115711e-08 	 1.0680201981145883e-16
267.77705705705705 	 3.515550933032595e-08 	 1.0600579539597274e-16
268.27753753753757 	 3.5089925583126404e-08 	 1.0521697712997957e-16
268.77801801801803 	 3.5024586077517396e-08 	 1.0443548250033195e-16
269.2784984984985 	 3.495948945165812e-08 	 1.0366123006440167e-16
269.778978978979 	 3.4894634353813436e-08 	 1.0289413943423635e-16
270.2794594594595 	 3.483001944226036e-08 	 1.0213413126097975e-16
270.77993993993994 	 3.476564338519545e-08 	 1.013811272195489e-16
271.28042042042046 	 3.470150486064335e-08 	 1.0063504999356659e-16
271.7809009009009 	 3.4637602556366346e-08 	 9.989582326054262e-17
272.2813813813814 	 3.457393516977475e-08 	 9.916337167729817e-17
272.7818618618619 	 3.451050140783851e-08 	 9.84376208656322e-17
273.28234234234236 	 3.444729998699961e-08 	 9.77184973982219e-17
273.7828228228228 	 3.4384329633085535e-08 	 9.70059287847552e-17
274.28330330330334 	 3.4321589081223583e-08 	 9.629984345829019e-17
274.7837837837838 	 3.425907707575626e-08 	 9.560017076183768e-17
275.28426426426427 	 3.4196792370157426e-08 	 9.49068409351622e-17
275.7847447447448 	 3.413473372694948e-08 	 9.421978510179871e-17
276.28522522522525 	 3.4072899917621425e-08 	 9.353893525628018e-17
276.7857057057057 	 3.4011289722547746e-08 	 9.286422425157183e-17
277.2861861861862 	 3.394990193090827e-08 	 9.219558578670985e-17
277.7866666666667 	 3.3888735340608834e-08 	 9.153295439463971e-17
278.28714714714715 	 3.3827788758202804e-08 	 9.087626543025018e-17
278.78762762762767 	 3.376706099881345e-08 	 9.022545505860113e-17
279.28810810810813 	 3.370655088605721e-08 	 8.958046024334034e-17
279.7885885885886 	 3.3646257251967653e-08 	 8.894121873530544e-17
280.2890690690691 	 3.358617893692039e-08 	 8.830766906131009e-17
280.7895495495496 	 3.352631478955872e-08 	 8.767975051310839e-17
281.29003003003004 	 3.346666366672003e-08 	 8.70574031365356e-17
281.79051051051056 	 3.3407224433363114e-08 	 8.644056772082288e-17
282.290990990991 	 3.334799596249611e-08 	 8.582918578808102e-17
282.7914714714715 	 3.3288977135105286e-08 	 8.522319958295163e-17
283.291951951952 	 3.323016684008459e-08 	 8.462255206242263e-17
283.79243243243246 	 3.3171563974165926e-08 	 8.402718688580505e-17
284.2929129129129 	 3.3113167441850095e-08 	 8.343704840486732e-17
284.7933933933934 	 3.3054976155338636e-08 	 8.285208165412644e-17
285.2938738738739 	 3.2996989034466175e-08 	 8.227223234129107e-17
285.79435435435437 	 3.2939205006633695e-08 	 8.169744683785553e-17
286.29483483483483 	 3.28816230067423e-08 	 8.112767216984068e-17
286.79531531531535 	 3.2824241977127855e-08 	 8.056285600868053e-17
287.2957957957958 	 3.2767060867496175e-08 	 8.000294666225102e-17
287.7962762762763 	 3.271007863485897e-08 	 7.944789306603875e-17
288.2967567567568 	 3.26532942434704e-08 	 7.889764477444754e-17
288.79723723723725 	 3.2596706664764384e-08 	 7.835215195224034e-17
289.2977177177177 	 3.2540314877292425e-08 	 7.781136536611353e-17
289.79819819819824 	 3.2484117866662164e-08 	 7.727523637640225e-17
290.2986786786787 	 3.24281146254766e-08 	 7.674371692891438e-17
290.79915915915916 	 3.237230415327386e-08 	 7.621675954688985e-17
291.2996396396397 	 3.231668545646759e-08 	 7.569431732308448e-17
291.80012012012014 	 3.226125754828808e-08 	 7.517634391197617e-17
292.3006006006006 	 3.220601944872381e-08 	 7.466279352208952e-17
292.8010810810811 	 3.215097018446375e-08 	 7.415362090843979e-17
293.3015615615616 	 3.20961087888402e-08 	 7.364878136509166e-17
293.80204204204205 	 3.2041434301772165e-08 	 7.314823071783177e-17
294.30252252252257 	 3.198694576970935e-08 	 7.265192531695357e-17
294.803003003003 	 3.193264224557678e-08 	 7.215982203015202e-17
295.3034834834835 	 3.187852278871988e-08 	 7.167187823552602e-17
295.803963963964 	 3.182458646485016e-08 	 7.118805181468748e-17
296.30444444444447 	 3.1770832345991485e-08 	 7.070830114597494e-17
296.80492492492493 	 3.171725951042682e-08 	 7.023258509776958e-17
297.30540540540545 	 3.1663867042645553e-08 	 6.97608630219124e-17
297.8058858858859 	 3.1610654033291386e-08 	 6.929309474722111e-17
298.3063663663664 	 3.1557619579110634e-08 	 6.882924057310367e-17
298.8068468468469 	 3.150476278290118e-08 	 6.83692612632691e-17
299.30732732732736 	 3.145208275346185e-08 	 6.791311803953171e-17
299.8078078078078 	 3.1399578605542346e-08 	 6.746077257570876e-17
300.30828828828834 	 3.1347249459793624e-08 	 6.701218699160907e-17
300.8087687687688 	 3.1295094442718836e-08 	 6.656732384711163e-17
301.30924924924926 	 3.124311268662473e-08 	 6.612614613633259e-17
301.8097297297298 	 3.1191303329573484e-08 	 6.56886172818786e-17
302.31021021021024 	 3.113966551533511e-08 	 6.525470112918633e-17
302.8106906906907 	 3.108819839334029e-08 	 6.482436194094525e-17
303.31117117117117 	 3.1036901118633615e-08 	 6.439756439160344e-17
303.8116516516517 	 3.09857728518274e-08 	 6.397427356195447e-17
304.31213213213215 	 3.093481275905592e-08 	 6.355445493380468e-17
304.8126126126126 	 3.0884020011929996e-08 	 6.313807438471803e-17
305.31309309309313 	 3.083339378749216e-08 	 6.27250981828394e-17
305.8135735735736 	 3.0782933268172226e-08 	 6.231549298179348e-17
306.31405405405405 	 3.073263764174323e-08 	 6.19092258156582e-17
306.8145345345346 	 3.068250610127789e-08 	 6.150626409401237e-17
307.31501501501504 	 3.063253784510543e-08 	 6.110657559705535e-17
307.8154954954955 	 3.058273207676886e-08 	 6.071012847079787e-17
308.315975975976 	 3.053308800498265e-08 	 6.031689122232336e-17
308.8164564564565 	 3.0483604843590833e-08 	 5.992683271511781e-17
309.31693693693694 	 3.043428181152548e-08 	 5.953992216446769e-17
309.81741741741746 	 3.038511813276564e-08 	 5.915612913292451e-17
310.3178978978979 	 3.0336113036296646e-08 	 5.877542352583536e-17
310.8183783783784 	 3.028726575606976e-08 	 5.83977755869374e-17
311.3188588588589 	 3.023857553096229e-08 	 5.802315589401661e-17
311.81933933933936 	 3.0190041604738065e-08 	 5.765153535462897e-17
312.3198198198198 	 3.014166322600828e-08 	 5.728288520188271e-17
312.82030030030035 	 3.0093439648192666e-08 	 5.69171769902817e-17
313.3207807807808 	 3.004537012948119e-08 	 5.655438259162845e-17
313.82126126126127 	 2.99974539327959e-08 	 5.619447419098513e-17
314.3217417417418 	 2.994969032575337e-08 	 5.583742428269325e-17
314.82222222222225 	 2.990207858062728e-08 	 5.548320566644943e-17
315.3227027027027 	 2.985461797431151e-08 	 5.5131791443437396e-17
315.82318318318323 	 2.9807307788283535e-08 	 5.4783155012514926e-17
316.3236636636637 	 2.9760147308568134e-08 	 5.443727006645514e-17
316.82414414414416 	 2.9713135825701524e-08 	 5.409411058824091e-17
317.3246246246247 	 2.9666272634695717e-08 	 5.375365084741166e-17
317.82510510510514 	 2.9619557035003343e-08 	 5.341586539646219e-17
318.3255855855856 	 2.9572988330482695e-08 	 5.3080729067291864e-17
318.8260660660661 	 2.9526565829363176e-08 	 5.274821696770431e-17
319.3265465465466 	 2.9480288844211036e-08 	 5.241830447795606e-17
319.82702702702704 	 2.943415669189545e-08 	 5.2090967247353747e-17
320.32750750750756 	 2.9388168693554858e-08 	 5.176618119089901e-17
320.827987987988 	 2.9342324174563766e-08 	 5.14439224859808e-17
321.3284684684685 	 2.9296622464499626e-08 	 5.112416756911302e-17
321.82894894894895 	 2.925106289711026e-08 	 5.080689313271882e-17
322.32942942942947 	 2.920564481028144e-08 	 5.049207612195891e-17
322.82990990990993 	 2.916036754600481e-08 	 5.017969373160446e-17
323.3303903903904 	 2.911523045034612e-08 	 4.986972340295321e-17
323.8308708708709 	 2.9070232873413745e-08 	 4.956214282078856e-17
324.3313513513514 	 2.902537416932749e-08 	 4.925692991038071e-17
324.83183183183183 	 2.8980653696187687e-08 	 4.89540628345292e-17
325.33231231231235 	 2.893607081604455e-08 	 4.8653519990646433e-17
325.8327927927928 	 2.8891624894867916e-08 	 4.835528000788163e-17
326.3332732732733 	 2.8847315302517107e-08 	 4.8059321744283755e-17
326.8337537537538 	 2.8803141412711177e-08 	 4.776562428400403e-17
327.33423423423426 	 2.8759102602999436e-08 	 4.747416693453679e-17
327.8347147147147 	 2.871519825473217e-08 	 4.718492922399786e-17
328.33519519519524 	 2.8671427753031675e-08 	 4.689789089844028e-17
328.8356756756757 	 2.8627790486763612e-08 	 4.6613031919207245e-17
329.33615615615616 	 2.8584285848508477e-08 	 4.6330332460320143e-17
329.8366366366367 	 2.8540913234533476e-08 	 4.604977290590317e-17
330.33711711711715 	 2.8497672044764586e-08 	 4.577133384764245e-17
330.8375975975976 	 2.8454561682758856e-08 	 4.5494996082279704e-17
331.3380780780781 	 2.8411581555677008e-08 	 4.5220740609140014e-17
331.8385585585586 	 2.836873107425628e-08 	 4.4948548627693346e-17
332.33903903903905 	 2.8326009652783442e-08 	 4.4678401535148286e-17
332.83951951951957 	 2.828341670906814e-08 	 4.4410280924079056e-17
333.34000000000003 	 2.8240951664416494e-08 	 4.414416858008425e-17
333.8404804804805 	 2.819861394360477e-08 	 4.388004647947669e-17
334.340960960961 	 2.815640297485354e-08 	 4.361789678700508e-17
334.8414414414415 	 2.8114318189801864e-08 	 4.335770185360564e-17
335.34192192192194 	 2.8072359023481795e-08 	 4.309944421418416e-17
335.84240240240246 	 2.8030524914293106e-08 	 4.284310658542751e-17
336.3428828828829 	 2.7988815303978238e-08 	 4.258867186364484e-17
336.8433633633634 	 2.7947229637597442e-08 	 4.2336123122636927e-17
337.3438438438439 	 2.7905767363504186e-08 	 4.208544361159443e-17
337.84432432432436 	 2.7864427933320793e-08 	 4.183661675302412e-17
338.3448048048048 	 2.7823210801914187e-08 	 4.158962614070206e-17
338.8452852852853 	 2.778211542737201e-08 	 4.134445553765472e-17
339.3457657657658 	 2.7741141270978805e-08 	 4.1101088874166213e-17
339.84624624624627 	 2.7700287797192558e-08 	 4.0859510245812345e-17
340.34672672672673 	 2.765955447362128e-08 	 4.0619703911520206e-17
340.84720720720725 	 2.7618940770999916e-08 	 4.038165429165361e-17
341.3476876876877 	 2.7578446163167458e-08 	 4.014534596612387e-17
341.8481681681682 	 2.7538070127044136e-08 	 3.991076367252486e-17
342.3486486486487 	 2.7497812142608997e-08 	 3.9677892304293306e-17
342.84912912912915 	 2.7457671692877498e-08 	 3.944671690889255e-17
343.3496096096096 	 2.741764826387943e-08 	 3.921722268602051e-17
343.85009009009013 	 2.7377741344636926e-08 	 3.898939498584076e-17
344.3505705705706 	 2.733795042714279e-08 	 3.876321930723702e-17
344.85105105105106 	 2.729827500633886e-08 	 3.8538681296090077e-17
345.3515315315316 	 2.7258714580094697e-08 	 3.831576674357732e-17
345.85201201201204 	 2.7219268649186386e-08 	 3.8094461584494414e-17
346.3524924924925 	 2.7179936717275525e-08 	 3.787475189559849e-17
346.852972972973 	 2.7140718290888413e-08 	 3.7656623893973114e-17
347.3534534534535 	 2.7101612879395425e-08 	 3.7440063935414334e-17
347.85393393393394 	 2.7062619994990528e-08 	 3.72250585128373e-17
348.35441441441446 	 2.7023739152671006e-08 	 3.7011594254703826e-17
348.8548948948949 	 2.698496987021739e-08 	 3.679965792347021e-17
349.3553753753754 	 2.694631166817345e-08 	 3.658923641405449e-17
349.8558558558559 	 2.690776406982648e-08 	 3.638031675232408e-17
350.35633633633637 	 2.6869326601187714e-08 	 3.617288609360238e-17
350.85681681681683 	 2.6830998790972846e-08 	 3.596693172119467e-17
351.35729729729735 	 2.67927801705828e-08 	 3.576244104493271e-17
351.8577777777778 	 2.6754670274084646e-08 	 3.5559401599738236e-17
352.3582582582583 	 2.6716668638192647e-08 	 3.535780104420453e-17
352.8587387387388 	 2.6678774802249473e-08 	 3.515762715919593e-17
353.35921921921926 	 2.6640988308207618e-08 	 3.495886784646567e-17
353.8596996996997 	 2.6603308700610933e-08 	 3.476151112729072e-17
354.36018018018024 	 2.65657355265763e-08 	 3.456554514112418e-17
354.8606606606607 	 2.6528268335775534e-08 	 3.437095814426489e-17
355.36114114114116 	 2.649090668041736e-08 	 3.4177738508543576e-17
355.8616216216217 	 2.645365011522957e-08 	 3.398587472002573e-17
356.36210210210214 	 2.6416498197441355e-08 	 3.379535537773092e-17
356.8625825825826 	 2.6379450486765756e-08 	 3.3606169192368154e-17
357.36306306306307 	 2.6342506545382265e-08 	 3.341830498508707e-17
357.8635435435436 	 2.6305665937919572e-08 	 3.323175168624497e-17
358.36402402402405 	 2.6268928231438513e-08 	 3.3046498334189344e-17
358.8645045045045 	 2.6232292995415014e-08 	 3.286253407405522e-17
359.364984984985 	 2.619575980172337e-08 	 3.267984815657829e-17
359.8654654654655 	 2.6159328224619524e-08 	 3.249842993692222e-17
360.36594594594595 	 2.6122997840724515e-08 	 3.2318268873520775e-17
360.8664264264265 	 2.608676822900811e-08 	 3.21393545269346e-17
361.36690690690693 	 2.6050638970772516e-08 	 3.1961676558721904e-17
361.8673873873874 	 2.6014609649636266e-08 	 3.1785224730323275e-17
362.3678678678679 	 2.597867985151821e-08 	 3.1609988901960494e-17
362.8683483483484 	 2.5942849164621665e-08 	 3.143595903154876e-17
363.36882882882884 	 2.5907117179418667e-08 	 3.126312517362238e-17
363.86930930930936 	 2.587148348863438e-08 	 3.109147747827399e-17
364.3697897897898 	 2.583594768723163e-08 	 3.09210061901066e-17
364.8702702702703 	 2.580050937239552e-08 	 3.0751701647198525e-17
365.3707507507508 	 2.5765168143518255e-08 	 3.058355428008134e-17
365.87123123123126 	 2.5729923602184043e-08 	 3.0416554610730184e-17
366.3717117117117 	 2.5694775352154084e-08 	 3.025069325156634e-17
366.87219219219224 	 2.5659722999351756e-08 	 3.008596090447229e-17
367.3726726726727 	 2.5624766151847875e-08 	 2.9922348359818695e-17
367.87315315315317 	 2.5589904419846093e-08 	 2.975984649550326e-17
368.3736336336337 	 2.5555137415668393e-08 	 2.95984462760013e-17
368.87411411411415 	 2.5520464753740754e-08 	 2.943813875142806e-17
369.3745945945946 	 2.5485886050578843e-08 	 2.927891505661209e-17
369.87507507507513 	 2.5451400924773928e-08 	 2.912076641018029e-17
370.3755555555556 	 2.5417008996978843e-08 	 2.8963684113653836e-17
370.87603603603606 	 2.5382709889894045e-08 	 2.880765955055492e-17
371.3765165165166 	 2.5348503228253864e-08 	 2.8652684185524736e-17
371.87699699699704 	 2.5314388638812773e-08 	 2.849874956345169e-17
372.3774774774775 	 2.5280365750331857e-08 	 2.8345847308610366e-17
372.877957957958 	 2.5246434193565295e-08 	 2.819396912381079e-17
373.3784384384385 	 2.521259360124706e-08 	 2.8043106789558053e-17
373.87891891891894 	 2.517884360807762e-08 	 2.7893252163221877e-17
374.37939939939946 	 2.5145183850710814e-08 	 2.7744397178216175e-17
374.8798798798799 	 2.511161396774082e-08 	 2.7596533843188647e-17
375.3803603603604 	 2.5078133599689203e-08 	 2.7449654241219842e-17
375.88084084084085 	 2.5044742388992086e-08 	 2.730375052903181e-17
376.38132132132137 	 2.501143997998743e-08 	 2.7158814936206437e-17
376.8818018018018 	 2.4978226018902423e-08 	 2.7014839764412938e-17
377.3822822822823 	 2.4945100153840908e-08 	 2.687181738664447e-17
377.8827627627628 	 2.4912062034770985e-08 	 2.672974024646395e-17
378.38324324324327 	 2.487911131351268e-08 	 2.6588600857258872e-17
378.88372372372373 	 2.4846247643725706e-08 	 2.644839180150482e-17
379.38420420420425 	 2.4813470680897344e-08 	 2.6309105730037837e-17
379.8846846846847 	 2.4780780082330383e-08 	 2.6170735361335367e-17
380.3851651651652 	 2.474817550713119e-08 	 2.6033273480805644e-17
380.8856456456457 	 2.4715656616197855e-08 	 2.5896712940085503e-17
381.38612612612616 	 2.4683223072208435e-08 	 2.5761046656346475e-17
381.8866066066066 	 2.4650874539609307e-08 	 2.562626761160911e-17
382.38708708708714 	 2.4618610684603552e-08 	 2.5492368852065185e-17
382.8875675675676 	 2.4586431175139544e-08 	 2.535934348740814e-17
383.38804804804806 	 2.455433568089949e-08 	 2.522718469017104e-17
383.8885285285286 	 2.4522323873288146e-08 	 2.5095885695072522e-17
384.38900900900904 	 2.4490395425421642e-08 	 2.4965439798370413e-17
384.8894894894895 	 2.4458550012116306e-08 	 2.4835840357222664e-17
385.38996996997 	 2.4426787309877653e-08 	 2.470708078905602e-17
385.8904504504505 	 2.4395106996889416e-08 	 2.45791545709418e-17
386.39093093093095 	 2.4363508753002692e-08 	 2.445205523897917e-17
386.89141141141147 	 2.4331992259725127e-08 	 2.4325776387685288e-17
387.39189189189193 	 2.430055720021027e-08 	 2.4200311669392955e-17
387.8923723723724 	 2.4269203259246903e-08 	 2.4075654793654736e-17
388.3928528528529 	 2.423793012324852e-08 	 2.3951799526654388e-17
388.8933333333334 	 2.4206737480242894e-08 	 2.3828739690624936e-17
389.39381381381384 	 2.417562501986167e-08 	 2.370646916327339e-17
389.89429429429435 	 2.4144592433330083e-08 	 2.3584981877212202e-17
390.3947747747748 	 2.411363941345678e-08 	 2.3464271819397387e-17
390.8952552552553 	 2.4082765654623616e-08 	 2.3344333030572727e-17
391.3957357357358 	 2.4051970852775638e-08 	 2.322515960472075e-17
391.89621621621626 	 2.4021254705411102e-08 	 2.3106745688519812e-17
392.3966966966967 	 2.399061691157157e-08 	 2.2989085480807508e-17
392.89717717717724 	 2.3960057171832048e-08 	 2.287217323204997e-17
393.3976576576577 	 2.392957518829128e-08 	 2.275600324381769e-17
393.89813813813817 	 2.3899170664562025e-08 	 2.2640569868266773e-17
394.3986186186186 	 2.386884330576149e-08 	 2.252586750762658e-17
394.89909909909915 	 2.3838592818501746e-08 	 2.241189061369287e-17
395.3995795795796 	 2.3808418910880327e-08 	 2.2298633687326985e-17
395.90006006006007 	 2.377832129247079e-08 	 2.2186091277960427e-17
396.4005405405406 	 2.3748299674313448e-08 	 2.2074257983105337e-17
396.90102102102105 	 2.3718353768906047e-08 	 2.1963128447870246e-17
397.4015015015015 	 2.3688483290194677e-08 	 2.1852697364481602e-17
397.90198198198203 	 2.3658687953564585e-08 	 2.1742959471810363e-17
398.4024624624625 	 2.3628967475831216e-08 	 2.1633909554904365e-17
398.90294294294296 	 2.359932157523115e-08 	 2.1525542444525428e-17
399.4034234234235 	 2.3569749971413262e-08 	 2.141785301669211e-17
399.90390390390394 	 2.354025238542987e-08 	 2.1310836192227475e-17
400.4043843843844 	 2.351082853972797e-08 	 2.1204486936311857e-17
400.9048648648649 	 2.3481478158140496e-08 	 2.109880025804062e-17
401.4053453453454 	 2.345220096587773e-08 	 2.099377120998714e-17
401.90582582582584 	 2.342299668951869e-08 	 2.0889394887770284e-17
402.40630630630636 	 2.339386505700262e-08 	 2.078566642962696e-17
402.9067867867868 	 2.3364805797620577e-08 	 2.0682581015989514e-17
403.4072672672673 	 2.3335818642006994e-08 	 2.0580133869067572e-17
403.9077477477478 	 2.3306903322131395e-08 	 2.0478320252434743e-17
404.40822822822827 	 2.3278059571290133e-08 	 2.0377135470619898e-17
404.90870870870873 	 2.324928712409816e-08 	 2.027657486870282e-17
405.40918918918925 	 2.3220585716480907e-08 	 2.0176633831914596e-17
405.9096696696697 	 2.3191955085666225e-08 	 2.0077307785242257e-17
406.4101501501502 	 2.3163394970176324e-08 	 1.9978592193037758e-17
406.9106306306307 	 2.3134905109819844e-08 	 1.9880482558631484e-17
407.41111111111115 	 2.310648524568395e-08 	 1.978297442394983e-17
407.9115915915916 	 2.307813512012646e-08 	 1.9686063369137027e-17
408.41207207207214 	 2.3049854476768113e-08 	 1.958974501218124e-17
408.9125525525526 	 2.3021643060484788e-08 	 1.949401500854465e-17
409.41303303303306 	 2.2993500617399854e-08 	 1.9398869050797657e-17
409.9135135135136 	 2.2965426894876565e-08 	 1.93043028682571e-17
410.41399399399404 	 2.2937421641510488e-08 	 1.9210312226628454e-17
410.9144744744745 	 2.2909484607121985e-08 	 1.9116892927651815e-17
411.414954954955 	 2.288161554274879e-08 	 1.902404080875197e-17
411.9154354354355 	 2.285381420063861e-08 	 1.8931751742692146e-17
412.41591591591595 	 2.2826080334241763e-08 	 1.8840021637231524e-17
412.9163963963964 	 2.2798413698203894e-08 	 1.8748846434786493e-17
413.4168768768769 	 2.277081404835876e-08 	 1.8658222112095702e-17
413.9173573573574 	 2.2743281141721037e-08 	 1.8568144679888623e-17
414.41783783783785 	 2.2715814736479173e-08 	 1.8478610182557692e-17
414.91831831831837 	 2.2688414591988327e-08 	 1.8389614697834118e-17
415.41879879879883 	 2.266108046876335e-08 	 1.830115433646718e-17
415.9192792792793 	 2.2633812128471782e-08 	 1.821322524190683e-17
416.4197597597598 	 2.2606609333926923e-08 	 1.8125823589989945e-17
416.9202402402403 	 2.2579471849081005e-08 	 1.803894558862985e-17
417.42072072072074 	 2.2552399439018295e-08 	 1.795258747750916e-17
417.92120120120126 	 2.2525391869948362e-08 	 1.786674552777598e-17
418.4216816816817 	 2.249844890919936e-08 	 1.7781416041743408e-17
418.9221621621622 	 2.2471570325211282e-08 	 1.7696595352592117e-17
419.4226426426427 	 2.2444755887529395e-08 	 1.7612279824076275e-17
419.92312312312316 	 2.2418005366797623e-08 	 1.7528465850232586e-17
420.4236036036036 	 2.2391318534751987e-08 	 1.7445149855092298e-17
420.92408408408414 	 2.2364695164214166e-08 	 1.736232829239654e-17
421.4245645645646 	 2.2338135029085e-08 	 1.7279997645314484e-17
421.92504504504507 	 2.2311637904338113e-08 	 1.71981544261646e-17
422.4255255255256 	 2.2285203566013557e-08 	 1.7116795176138837e-17
422.92600600600605 	 2.22588317912115e-08 	 1.7035916465029832e-17
423.4264864864865 	 2.223252235808596e-08 	 1.695551489096087e-17
423.92696696696703 	 2.2206275045838573e-08 	 1.6875587080118826e-17
424.4274474474475 	 2.2180089634712452e-08 	 1.6796129686489898e-17
424.92792792792795 	 2.2153965905986007e-08 	 1.6717139391598106e-17
425.4284084084085 	 2.2127903641966876e-08 	 1.6638612904246592e-17
425.92888888888893 	 2.2101902625985906e-08 	 1.656054696026168e-17
426.4293693693694 	 2.2075962642391097e-08 	 1.6482938322239545e-17
426.9298498498499 	 2.2050083476541675e-08 	 1.6405783779295603e-17
427.4303303303304 	 2.202426491480216e-08 	 1.6329080146816568e-17
427.93081081081084 	 2.1998506744536497e-08 	 1.625282426621506e-17
428.43129129129136 	 2.1972808754102196e-08 	 1.6177013004686808e-17
428.9317717717718 	 2.194717073284456e-08 	 1.6101643254970423e-17
429.4322522522523 	 2.1921592471090928e-08 	 1.6026711935109625e-17
429.9327327327328 	 2.189607376014493e-08 	 1.5952215988218025e-17
430.43321321321326 	 2.187061439228085e-08 	 1.587815238224634e-17
430.9336936936937 	 2.1845214160737962e-08 	 1.5804518109751983e-17
431.4341741741742 	 2.1819872859714945e-08 	 1.573131018767117e-17
431.9346546546547 	 2.1794590284364315e-08 	 1.5658525657093273e-17
432.43513513513517 	 2.176936623078693e-08 	 1.558616158303763e-17
432.93561561561563 	 2.1744200496026468e-08 	 1.551421505423257e-17
433.43609609609615 	 2.1719092878064016e-08 	 1.5442683182896805e-17
433.9365765765766 	 2.169404317581267e-08 	 1.5371563104523103e-17
434.4370570570571 	 2.1669051189112123e-08 	 1.5300851977664082e-17
434.9375375375376 	 2.1644116718723376e-08 	 1.5230546983720348e-17
435.43801801801806 	 2.1619239566323436e-08 	 1.5160645326730777e-17
435.9384984984985 	 2.159441953450004e-08 	 1.5091144233164935e-17
436.43897897897904 	 2.156965642674645e-08 	 1.5022040951717635e-17
436.9394594594595 	 2.1544950047456258e-08 	 1.4953332753105697e-17
437.43993993993996 	 2.152030020191824e-08 	 1.4885016929866632e-17
437.9404204204205 	 2.149570669631124e-08 	 1.4817090796159572e-17
438.44090090090094 	 2.1471169337699097e-08 	 1.4749551687568137e-17
438.9413813813814 	 2.144668793402558e-08 	 1.468239696090531e-17
439.4418618618619 	 2.1422262294109393e-08 	 1.461562399402037e-17
439.9423423423424 	 2.13978922276392e-08 	 1.4549230185607792e-17
440.44282282282285 	 2.137357754516868e-08 	 1.4483212955018043e-17
440.94330330330337 	 2.1349318058111596e-08 	 1.4417569742070324e-17
441.44378378378383 	 2.1325113578736966e-08 	 1.4352298006867307e-17
441.9442642642643 	 2.1300963920164172e-08 	 1.428739522961163e-17
442.4447447447448 	 2.1276868896358177e-08 	 1.4222858910424303e-17
442.9452252252253 	 2.125282832212475e-08 	 1.4158686569165028e-17
443.44570570570573 	 2.12288420131057e-08 	 1.4094875745254232e-17
443.94618618618625 	 2.1204909785774192e-08 	 1.4031423997496952e-17
444.4466666666667 	 2.1181031457430044e-08 	 1.396832890390855e-17
444.9471471471472 	 2.1157206846195084e-08 	 1.3905588061542075e-17
445.4476276276277 	 2.1133435771008525e-08 	 1.3843199086317468e-17
445.94810810810816 	 2.110971805162241e-08 	 1.3781159612852476e-17
446.4485885885886 	 2.1086053508597014e-08 	 1.3719467294295214e-17
446.94906906906914 	 2.1062441963296334e-08 	 1.3658119802158439e-17
447.4495495495496 	 2.1038883237883615e-08 	 1.3597114826155533e-17
447.95003003003006 	 2.1015377155316856e-08 	 1.3536450074038083e-17
448.4505105105105 	 2.0991923539344387e-08 	 1.3476123271435072e-17
448.95099099099104 	 2.0968522214500463e-08 	 1.3416132161693754e-17
449.4514714714715 	 2.09451730061009e-08 	 1.3356474505722053e-17
449.95195195195197 	 2.0921875740238703e-08 	 1.3297148081832575e-17
450.4524324324325 	 2.089863024377976e-08 	 1.3238150685588136e-17
450.95291291291295 	 2.087543634435858e-08 	 1.3179480129648911e-17
451.4533933933934 	 2.0852293870373987e-08 	 1.3121134243621011e-17
451.95387387387393 	 2.0829202650984907e-08 	 1.3063110873906593e-17
452.4543543543544 	 2.0806162516106184e-08 	 1.300540788355556e-17
452.95483483483486 	 2.078317329640437e-08 	 1.294802315211854e-17
453.4553153153154 	 2.076023482329361e-08 	 1.2890954575501515e-17
453.95579579579584 	 2.073734692893148e-08 	 1.2834200065821764e-17
454.4562762762763 	 2.0714509446214944e-08 	 1.2777757551265289e-17
454.9567567567568 	 2.0691722208776236e-08 	 1.2721624975945624e-17
455.4572372372373 	 2.066898505097887e-08 	 1.266580029976409e-17
455.95771771771774 	 2.0646297807913578e-08 	 1.2610281498271315e-17
456.45819819819826 	 2.0623660315394356e-08 	 1.255506656253026e-17
456.9586786786787 	 2.0601072409954503e-08 	 1.2500153498980494e-17
457.4591591591592 	 2.0578533928842663e-08 	 1.2445540329303826e-17
457.9596396396397 	 2.0556044710018932e-08 	 1.2391225090291285e-17
458.46012012012017 	 2.053360459215099e-08 	 1.233720583371138e-17
458.9606006006006 	 2.05112134146102e-08 	 1.2283480626179624e-17
459.46108108108115 	 2.0488871017467815e-08 	 1.2230047549029407e-17
459.9615615615616 	 2.0466577241491163e-08 	 1.2176904698184065e-17
460.46204204204207 	 2.0444331928139847e-08 	 1.2124050184030237e-17
460.9625225225226 	 2.0422134919562002e-08 	 1.2071482131292418e-17
461.46300300300305 	 2.0399986058590556e-08 	 1.2019198678908815e-17
461.9634834834835 	 2.0377885188739523e-08 	 1.196719797990827e-17
462.46396396396403 	 2.0355832154200313e-08 	 1.1915478201288561e-17
462.9644444444445 	 2.033382679983808e-08 	 1.1864037523895733e-17
463.46492492492496 	 2.0311868971188073e-08 	 1.1812874142304659e-17
463.9654054054055 	 2.0289958514452027e-08 	 1.1761986264700784e-17
464.46588588588594 	 2.0268095276494573e-08 	 1.171137211276297e-17
464.9663663663664 	 2.0246279104839674e-08 	 1.1661029921547491e-17
465.4668468468469 	 2.0224509847667067e-08 	 1.1610957939373149e-17
465.9673273273274 	 2.0202787353808753e-08 	 1.1561154427707506e-17
466.46780780780784 	 2.01811114727455e-08 	 1.1511617661054203e-17
466.9682882882883 	 2.0159482054603354e-08 	 1.146234592684136e-17
467.4687687687688 	 2.013789895015019e-08 	 1.1413337525311055e-17
467.9692492492493 	 2.0116362010792304e-08 	 1.1364590769409907e-17
468.46972972972975 	 2.009487108857095e-08 	 1.1316103984680584e-17
468.97021021021027 	 2.0073426036158997e-08 	 1.1267875509154512e-17
469.47069069069073 	 2.0052026706857556e-08 	 1.1219903693245531e-17
469.9711711711712 	 2.0030672954592613e-08 	 1.1172186899644513e-17
470.4716516516517 	 2.000936463391172e-08 	 1.1124723503215113e-17
470.9721321321322 	 1.9988101599980703e-08 	 1.1077511890890423e-17
471.47261261261264 	 1.9966883708580358e-08 	 1.103055046157063e-17
471.97309309309315 	 1.9945710816103207e-08 	 1.0983837626021678e-17
472.4735735735736 	 1.9924582779550253e-08 	 1.093737180677487e-17
472.9740540540541 	 1.9903499456527753e-08 	 1.089115143802742e-17
473.4745345345346 	 1.9882460705244036e-08 	 1.0845174965543954e-17
473.97501501501506 	 1.9861466384506303e-08 	 1.0799440846558978e-17
474.4754954954955 	 1.98405163537175e-08 	 1.0753947549680229e-17
474.97597597597604 	 1.9819610472873133e-08 	 1.0708693554792926e-17
475.4764564564565 	 1.9798748602558202e-08 	 1.0663677352965016e-17
475.97693693693697 	 1.977793060394405e-08 	 1.0618897446353185e-17
476.4774174174175 	 1.975715633878533e-08 	 1.0574352348109888e-17
476.97789789789795 	 1.9736425669416913e-08 	 1.053004058229116e-17
477.4783783783784 	 1.9715738458750866e-08 	 1.0485960683765335e-17
477.9788588588589 	 1.969509457027341e-08 	 1.0442111198122618e-17
478.4793393393394 	 1.9674493868041945e-08 	 1.0398490681585507e-17
478.97981981981985 	 1.9653936216682037e-08 	 1.0355097700920067e-17
479.48030030030037 	 1.963342148138447e-08 	 1.0311930833347994e-17
479.98078078078083 	 1.96129495279023e-08 	 1.0268988666459575e-17
480.4812612612613 	 1.9592520222547922e-08 	 1.0226269798127396e-17
480.9817417417418 	 1.957213343219015e-08 	 1.0183772836420874e-17
481.4822222222223 	 1.9551789024251345e-08 	 1.014149639952163e-17
481.98270270270274 	 1.953148686670453e-08 	 1.0099439115639596e-17
482.48318318318326 	 1.951122682807053e-08 	 1.0057599622929907e-17
482.9836636636637 	 1.9491008777415142e-08 	 1.0015976569410618e-17
483.4841441441442 	 1.9470832584346314e-08 	 9.974568612881142e-18
483.9846246246247 	 1.9450698119011335e-08 	 9.933374420841454e-18
484.48510510510516 	 1.943060525209405e-08 	 9.892392670412042e-18
484.9855855855856 	 1.9410553854812102e-08 	 9.85162204825464e-18
485.4860660660661 	 1.939054379891417e-08 	 9.811061250493606e-18
485.9865465465466 	 1.9370574956677238e-08 	 9.770708982638128e-18
486.48702702702707 	 1.9350647200903886e-08 	 9.730563959505117e-18
486.98750750750753 	 1.933076040491956e-08 	 9.690624905142735e-18
487.48798798798805 	 1.9310914442569926e-08 	 9.650890552754753e-18
487.9884684684685 	 1.9291109188218184e-08 	 9.611359644625538e-18
488.488948948949 	 1.9271344516742417e-08 	 9.572030932045727e-18
488.9894294294295 	 1.925162030353294e-08 	 9.532903175238563e-18
489.48990990990995 	 1.923193642448973e-08 	 9.493975143287033e-18
489.9903903903904 	 1.9212292756019764e-08 	 9.455245614061491e-18
490.49087087087094 	 1.9192689175034467e-08 	 9.416713374148078e-18
490.9913513513514 	 1.917312555894714e-08 	 9.378377218777773e-18
491.49183183183186 	 1.9153601785670406e-08 	 9.340235951756045e-18
491.9923123123124 	 1.9134117733613633e-08 	 9.302288385393174e-18
492.49279279279284 	 1.911467328168047e-08 	 9.264533340435265e-18
492.9932732732733 	 1.9095268309266293e-08 	 9.226969645995796e-18
493.4937537537538 	 1.907590269625573e-08 	 9.189596139487833e-18
493.9942342342343 	 1.905657632302018e-08 	 9.152411666556903e-18
494.49471471471475 	 1.9037289070415348e-08 	 9.115415081014396e-18
494.99519519519527 	 1.901804081977879e-08 	 9.078605244771622e-18
495.4956756756757 	 1.8998831452927502e-08 	 9.041981027774501e-18
495.9961561561562 	 1.8979660852155478e-08 	 9.005541307938745e-18
496.4966366366367 	 1.896052890023131e-08 	 8.969284971085718e-18
496.99711711711717 	 1.8941435480395805e-08 	 8.933210910878831e-18
497.49759759759763 	 1.8922380476359614e-08 	 8.897318028760544e-18
497.99807807807815 	 1.8903363772300852e-08 	 8.861605233889884e-18
498.4985585585586 	 1.8884385252862773e-08 	 8.826071443080605e-18
498.9990390390391 	 1.8865444803151423e-08 	 8.790715580739809e-18
499.4995195195196 	 1.8846542308733325e-08 	 8.755536578807219e-18
500.0 	 1.8827677655633188e-08 	 8.720533376694932e-18
