3.5233633633633636 	 9.562769431601944e-07 	 8.36207916259532e-10
4.023843843843844 	 1.1931126827821213e-06 	 4.71089447188818e-10
4.524324324324325 	 1.4863731538430047e-06 	 2.800623816864649e-10
5.0248048048048055 	 1.8493343714165533e-06 	 1.7316586012705672e-10
5.525285285285285 	 2.2999677315897695e-06 	 1.1014210874176691e-10
6.025765765765766 	 2.8631428376911116e-06 	 7.142731757262012e-11
6.526246246246247 	 3.573721869516615e-06 	 4.6891754567186033e-11
7.026726726726727 	 4.481793645729692e-06 	 3.100506061058226e-11
7.527207207207208 	 5.661103919744442e-06 	 2.0633504876591417e-11
8.027687687687688 	 7.2231658166084265e-06 	 1.3970547218174748e-11
8.528168168168168 	 9.341108094695684e-06 	 1.0006354319358944e-11
9.02864864864865 	 1.228820576308879e-05 	 8.289230438455589e-12
9.52912912912913 	 1.648725672012605e-05 	 8.876867206060691e-12
10.029609609609611 	 2.2492193812697107e-05 	 1.244236828026212e-11
10.530090090090091 	 3.0415984689005057e-05 	 2.0241981004932487e-11
11.030570570570571 	 3.711366879901767e-05 	 3.193869131995613e-11
11.531051051051053 	 3.323098238669631e-05 	 3.85969111799938e-11
12.031531531531533 	 1.901073777890634e-05 	 3.1296079344618187e-11
12.532012012012013 	 8.082250267796919e-06 	 2.0010965358809325e-11
13.032492492492494 	 2.791566176443589e-06 	 1.2236909280737627e-11
13.532972972972974 	 2.1442872848386433e-07 	 7.112961954196789e-12
14.033453453453454 	 3.27494616570268e-08 	 3.694463875269435e-12
14.533933933933936 	 1.6927615734224466e-06 	 1.7698724849859665e-12
15.034414414414416 	 4.708796168463758e-06 	 9.706341142530088e-13
15.534894894894897 	 8.602444250721818e-06 	 9.855353931795685e-13
16.035375375375377 	 1.2943728818758451e-05 	 1.569236604489316e-12
16.535855855855857 	 1.719570709147048e-05 	 2.4802360054236052e-12
17.036336336336337 	 2.0788283809178736e-05 	 3.468482806476203e-12
17.53681681681682 	 2.330783207328488e-05 	 4.319361662836112e-12
18.0372972972973 	 2.4636893293290734e-05 	 4.907045062598995e-12
18.53777777777778 	 2.4934732669211927e-05 	 5.207659290692162e-12
19.03825825825826 	 2.449939020482982e-05 	 5.267301160552847e-12
19.53873873873874 	 2.363509745554507e-05 	 5.159308619243926e-12
20.039219219219223 	 2.2580317468760326e-05 	 4.95361815659462e-12
20.539699699699703 	 2.1492534541587392e-05 	 4.704310749089153e-12
21.040180180180183 	 2.0459739793088583e-05 	 4.448315552622895e-12
21.540660660660663 	 1.9517426629095217e-05 	 4.208431423514727e-12
22.041141141141143 	 1.8660428322057798e-05 	 3.996753788668723e-12
22.541621621621623 	 1.7849590712154025e-05 	 3.816727536848337e-12
23.042102102102106 	 1.701519405527302e-05 	 3.663764792926116e-12
23.542582582582586 	 1.606658481319818e-05 	 3.525170616438822e-12
24.043063063063066 	 1.4917584791997189e-05 	 3.3816766801888594e-12
24.543543543543546 	 1.3529835830958913e-05 	 3.212890027512009e-12
25.044024024024026 	 1.1950434432029712e-05 	 3.006702056145352e-12
25.54450450450451 	 1.0304376334336332e-05 	 2.765920810847311e-12
26.04498498498499 	 8.736775606379305e-06 	 2.5062883702639343e-12
26.54546546546547 	 7.351548370496024e-06 	 2.2472061650432487e-12
27.04594594594595 	 6.189367752635135e-06 	 2.0036116791222347e-12
27.54642642642643 	 5.242687561036148e-06 	 1.783284890290026e-12
28.04690690690691 	 4.481860206855647e-06 	 1.5881536438474879e-12
28.547387387387392 	 3.874863812210471e-06 	 1.4168640838042921e-12
29.047867867867872 	 3.3970794982335575e-06 	 1.2669831242807264e-12
29.548348348348352 	 3.0319538282028743e-06 	 1.1363250161663945e-12
30.04882882882883 	 2.7647079030423707e-06 	 1.0233147250664494e-12
30.54930930930931 	 2.575651388704701e-06 	 9.265087773681554e-13
31.049789789789795 	 2.440274048149096e-06 	 8.439740180449171e-13
31.550270270270275 	 2.3358647682881234e-06 	 7.73301407359555e-13
32.05075075075076 	 2.24677042860115e-06 	 7.120892927634868e-13
32.55123123123124 	 2.1646856820583527e-06 	 6.583481355068598e-13
33.05171171171172 	 2.0861740351845117e-06 	 6.105916814953985e-13
33.5521921921922 	 2.0102399562019305e-06 	 5.677491251376344e-13
34.05267267267268 	 1.9368561562895487e-06 	 5.290439282289819e-13
34.55315315315316 	 1.8662147708852187e-06 	 4.93892922199011e-13
35.053633633633645 	 1.798540486173996e-06 	 4.618405737002442e-13
35.55411411411412 	 1.7339212182105217e-06 	 4.3252016379475794e-13
36.054594594594604 	 1.6723907595257465e-06 	 4.056259396830244e-13
36.55507507507508 	 1.613877815671073e-06 	 3.8089968629725606e-13
37.055555555555564 	 1.5582962000903574e-06 	 3.581197629830301e-13
37.55603603603605 	 1.505513430205549e-06 	 3.370930471871828e-13
38.056516516516524 	 1.4553848076180553e-06 	 3.176506726637133e-13
38.55699699699701 	 1.4077725224730206e-06 	 2.996442497612166e-13
39.057477477477484 	 1.3625214639827777e-06 	 2.829424095534761e-13
39.55795795795797 	 1.319486037257614e-06 	 2.6742804355990046e-13
40.05843843843845 	 1.278539172261947e-06 	 2.529973055878357e-13
40.55891891891893 	 1.2395434009659719e-06 	 2.3955689444495613e-13
41.05939939939941 	 1.2023851986436684e-06 	 2.270234245328883e-13
41.55987987987989 	 1.1669409273579092e-06 	 2.1532200260506825e-13
42.06036036036037 	 1.1331159275679562e-06 	 2.043849782693846e-13
42.56084084084085 	 1.100802937509665e-06 	 1.9415122589423506e-13
43.06132132132133 	 1.0699181522440763e-06 	 1.845657372315098e-13
43.56180180180181 	 1.0403720128515205e-06 	 1.755781074965562e-13
44.06228228228229 	 1.0120834334906728e-06 	 1.671433331752459e-13
44.56276276276277 	 9.849922741047623e-07 	 1.59219833468958e-13
45.06324324324325 	 9.590190746523109e-07 	 1.517699033921847e-13
45.56372372372373 	 9.341005226213605e-07 	 1.4475930851803494e-13
46.064204204204216 	 9.101860205444155e-07 	 1.3815656579151321e-13
46.56468468468469 	 8.872142406023975e-07 	 1.3193276773136326e-13
47.065165165165176 	 8.651400172710426e-07 	 1.2606183098791546e-13
47.56564564564565 	 8.439092947771598e-07 	 1.2051928445081576e-13
48.066126126126136 	 8.23488337083216e-07 	 1.1528307941827694e-13
48.56660660660662 	 8.038241143582218e-07 	 1.103326127096903e-13
49.067087087087096 	 7.848829890790783e-07 	 1.0564907874660535e-13
49.56756756756758 	 7.666289406928488e-07 	 1.0121520467725848e-13
50.068048048048055 	 7.490318228989151e-07 	 9.701479474909476e-14
50.56852852852854 	 7.320509437701221e-07 	 9.303300490679499e-14
51.06900900900902 	 7.156643568828977e-07 	 8.925617312694059e-14
51.5694894894895 	 6.998462648771141e-07 	 8.56715882107065e-14
52.06996996996998 	 6.845593320033041e-07 	 8.22674147323421e-14
52.57045045045046 	 6.697881858342274e-07 	 7.903266701430657e-14
53.07093093093094 	 6.555034771100787e-07 	 7.595729659001414e-14
53.571411411411425 	 6.416871809690806e-07 	 7.303179479217643e-14
54.0718918918919 	 6.283211977763556e-07 	 7.024731565231536e-14
54.572372372372385 	 6.153768138985906e-07 	 6.759577202836234e-14
55.07285285285286 	 6.028433305218207e-07 	 6.506948550269778e-14
55.573333333333345 	 5.907012982697689e-07 	 6.266133322082201e-14
56.07381381381382 	 5.789352215382467e-07 	 6.03646822531473e-14
56.574294294294305 	 5.67525424816972e-07 	 5.817334412095299e-14
57.07477477477479 	 5.564609767023413e-07 	 5.608147772003022e-14
57.575255255255264 	 5.457267594705528e-07 	 5.40836679008658e-14
58.07573573573575 	 5.353088267181285e-07 	 5.21748480875765e-14
58.576216216216224 	 5.251935298111755e-07 	 5.0350271445596605e-14
59.07669669669671 	 5.153725105957284e-07 	 4.860541400515289e-14
59.57717717717719 	 5.058329604832124e-07 	 4.693611176928272e-14
60.07765765765767 	 4.965618482231767e-07 	 4.5338477039243465e-14
60.57813813813815 	 4.875486317435846e-07 	 4.380881536765988e-14
61.07861861861863 	 4.787872879959713e-07 	 4.2343603896959986e-14
61.57909909909911 	 4.7026473502738775e-07 	 4.093962778821343e-14
62.079579579579594 	 4.619759183138242e-07 	 3.959376761624554e-14
62.58006006006007 	 4.5390798903137016e-07 	 3.830320172905907e-14
63.080540540540554 	 4.460565586080002e-07 	 3.7065146977070536e-14
63.58102102102103 	 4.384102746185076e-07 	 3.5877097352294697e-14
64.0815015015015 	 4.3096445935313377e-07 	 3.4736578889223207e-14
64.58198198198198 	 4.237113437995513e-07 	 3.364133349590024e-14
65.08246246246247 	 4.166447194078429e-07 	 3.2589197943359846e-14
65.58294294294295 	 4.097570928663607e-07 	 3.157815044530472e-14
66.08342342342343 	 4.030430267884128e-07 	 3.060625541375605e-14
66.5839039039039 	 3.9649718766979474e-07 	 2.9671684943168284e-14
67.08438438438439 	 3.9011283384894115e-07 	 2.8772746224634035e-14
67.58486486486487 	 3.838844943504604e-07 	 2.7907798792842346e-14
68.08534534534535 	 3.7780790767136435e-07 	 2.7075295621208523e-14
68.58582582582584 	 3.7187675556052416e-07 	 2.6273798685000238e-14
69.08630630630631 	 3.6608720783785884e-07 	 2.5501907367617385e-14
69.58678678678679 	 3.6043581573045747e-07 	 2.4758300552186222e-14
70.08726726726728 	 3.5491649482264363e-07 	 2.4041758505670345e-14
70.58774774774776 	 3.4952517417324534e-07 	 2.3351094822328132e-14
71.08822822822823 	 3.442590486121292e-07 	 2.2685178433388228e-14
71.58870870870871 	 3.391128965084728e-07 	 2.204296204966543e-14
72.0891891891892 	 3.3408408651043824e-07 	 2.142342291332752e-14
72.58966966966968 	 3.2916915837127883e-07 	 2.0825596567005658e-14
73.09015015015015 	 3.2436285268657e-07 	 2.0248598646025495e-14
73.59063063063064 	 3.196635863220206e-07 	 1.969153118979255e-14
74.09111111111112 	 3.1506822020049326e-07 	 1.9153582348391673e-14
74.5915915915916 	 3.10571506598903e-07 	 1.8633980254190214e-14
75.09207207207209 	 3.061734696790919e-07 	 1.8131943511723493e-14
75.59255255255256 	 3.0186885075822964e-07 	 1.764679245530005e-14
76.09303303303304 	 2.9765768217000596e-07 	 1.7177815329865776e-14
76.59351351351351 	 2.9353358865187275e-07 	 1.672440258690108e-14
77.093993993994 	 2.894973693972328e-07 	 1.628590178738722e-14
77.59447447447448 	 2.855449734985075e-07 	 1.5861744103551896e-14
78.09495495495496 	 2.816760419056346e-07 	 1.5451349772523507e-14
78.59543543543545 	 2.7788406052701517e-07 	 1.5054220153339256e-14
79.09591591591592 	 2.741704472816473e-07 	 1.46698100394056e-14
79.5963963963964 	 2.7053302236000073e-07 	 1.429763043337646e-14
80.09687687687689 	 2.6696819592147754e-07 	 1.3937234644498133e-14
80.59735735735737 	 2.634733587860842e-07 	 1.358817483958863e-14
81.09783783783784 	 2.600484695195494e-07 	 1.3250010605961354e-14
81.59831831831832 	 2.5669178168291185e-07 	 1.2922334616187187e-14
82.09879879879881 	 2.5339953702907376e-07 	 1.2604774114288672e-14
82.59927927927929 	 2.501719611612453e-07 	 1.2296940366777985e-14
83.09975975975976 	 2.4700640516744e-07 	 1.19984767229539e-14
83.60024024024025 	 2.4390098007677413e-07 	 1.170905929124253e-14
84.10072072072073 	 2.4085569200776337e-07 	 1.1428328430046916e-14
84.6012012012012 	 2.378667992009027e-07 	 1.1156003199538955e-14
85.10168168168168 	 2.349359022334405e-07 	 1.0891754894290178e-14
85.60216216216217 	 2.320578307212501e-07 	 1.0635323545671077e-14
86.10264264264265 	 2.292331995528531e-07 	 1.0386420264158676e-14
86.60312312312313 	 2.2646215692894555e-07 	 1.014476859421442e-14
87.10360360360362 	 2.2373986906363782e-07 	 9.91013894296014e-15
87.60408408408409 	 2.2106840599559405e-07 	 9.682266290962303e-15
88.10456456456457 	 2.1844480832956968e-07 	 9.4609273645143e-15
88.60504504504506 	 2.1586829070448895e-07 	 9.245899859441063e-15
89.10552552552554 	 2.133370923322388e-07 	 9.036968143874767e-15
89.60600600600601 	 2.1085091806589388e-07 	 8.833926697673971e-15
90.10648648648649 	 2.0840892442615348e-07 	 8.636564376767112e-15
90.60696696696698 	 2.0601056412744385e-07 	 8.444693728634143e-15
91.10744744744746 	 2.0365213600284465e-07 	 8.258151143877808e-15
91.60792792792793 	 2.013352434780398e-07 	 8.076739619566244e-15
92.10840840840842 	 1.9905897790283495e-07 	 7.900290613379278e-15
92.6088888888889 	 1.9682092195391823e-07 	 7.72865435505694e-15
93.10936936936938 	 1.9462056618065653e-07 	 7.561668316723017e-15
93.60984984984987 	 1.9245758408861814e-07 	 7.399179482075272e-15
94.11033033033034 	 1.9033150246824773e-07 	 7.241037344937941e-15
94.61081081081082 	 1.8824031085711874e-07 	 7.087114749025965e-15
95.1112912912913 	 1.8618325418984024e-07 	 6.937277265624719e-15
95.61177177177179 	 1.8416136529540425e-07 	 6.79137628685324e-15
96.11225225225226 	 1.8217203924032475e-07 	 6.6493069587971746e-15
96.61273273273274 	 1.8021511827144956e-07 	 6.510942185459871e-15
97.11321321321323 	 1.7828991169562717e-07 	 6.3761688842668065e-15
97.6136936936937 	 1.763957085037707e-07 	 6.2448734563037364e-15
98.11417417417418 	 1.7453190735467387e-07 	 6.116946388264748e-15
98.61465465465466 	 1.7269780249314785e-07 	 5.992287088576281e-15
99.11513513513515 	 1.7089349749642912e-07 	 5.870791228279064e-15
99.61561561561562 	 1.6911665074887135e-07 	 5.7523729506389074e-15
100.1160960960961 	 1.6766650658593933e-07 	 5.637351020431811e-15
100.61657657657659 	 1.668325106716304e-07 	 5.5260213353159115e-15
101.11705705705707 	 1.6600677050937877e-07 	 5.417426386006542e-15
101.61753753753754 	 1.6518916411700918e-07 	 5.3114859548378865e-15
102.11801801801803 	 1.6437957190368534e-07 	 5.208122555956546e-15
102.61849849849851 	 1.6357787661159592e-07 	 5.107261329514769e-15
103.11897897897899 	 1.6278396325933868e-07 	 5.0088299404517505e-15
103.61945945945946 	 1.6199771908694532e-07 	 4.912758481642976e-15
104.11993993993995 	 1.6121903350249197e-07 	 4.818979381209196e-15
104.62042042042043 	 1.604477980302421e-07 	 4.727427313787461e-15
105.1209009009009 	 1.5968390626027037e-07 	 4.6380391155768814e-15
105.6213813813814 	 1.589272537995194e-07 	 4.5507537029816396e-15
106.12186186186187 	 1.581777382242408e-07 	 4.465511994682687e-15
106.62234234234235 	 1.574352590337762e-07 	 4.382256836978378e-15
107.12282282282284 	 1.5669971760563332e-07 	 4.300932932242392e-15
107.62330330330332 	 1.5597101715181615e-07 	 4.22148677035498e-15
108.1237837837838 	 1.5524906267636727e-07 	 4.143866562970841e-15
108.62426426426427 	 1.5453376093408448e-07 	 4.0680221804938914e-15
109.12474474474476 	 1.538250203903732e-07 	 3.9939050916355835e-15
109.62522522522524 	 1.531227511821985e-07 	 3.921468305439671e-15
110.12570570570571 	 1.5242686508010209e-07 	 3.850666315662063e-15
110.6261861861862 	 1.5173727545125026e-07 	 3.781455047399968e-15
111.12666666666668 	 1.5105389722348037e-07 	 3.713791805869727e-15
111.62714714714716 	 1.5037664685031444e-07 	 3.647635227237581e-15
112.12762762762763 	 1.4970544227690967e-07 	 3.582945231412451e-15
112.62810810810812 	 1.4904020290691713e-07 	 3.5196829767140416e-15
113.1285885885886 	 1.4838084957021966e-07 	 3.4578108163339136e-15
113.62906906906908 	 1.477273044915227e-07 	 3.397292256511033e-15
114.12954954954957 	 1.470794912597715e-07 	 3.3380919163471546e-15
114.63003003003004 	 1.4643733479836926e-07 	 3.2801754891908654e-15
115.13051051051052 	 1.458007613361724e-07 	 3.2235097055225847e-15
115.63099099099101 	 1.451696983792387e-07 	 3.16806229727594e-15
116.13147147147149 	 1.4454407468330633e-07 	 3.1138019635340577e-15
116.63195195195196 	 1.439238202269811e-07 	 3.0606983375421142e-15
117.13243243243244 	 1.4330886618561143e-07 	 3.008721954980284e-15
117.63291291291293 	 1.4269914490582992e-07 	 2.9578442234438046e-15
118.1333933933934 	 1.4209458988074234e-07 	 2.908037393079342e-15
118.63387387387388 	 1.4149513572574442e-07 	 2.8592745283291697e-15
119.13435435435437 	 1.4090071815494838e-07 	 2.811529480736948e-15
119.63483483483485 	 1.4031127395820094e-07 	 2.7647768627709316e-15
120.13531531531532 	 1.3972674097867598e-07 	 2.7189920226225248e-15
120.63579579579581 	 1.39147058091025e-07 	 2.6741510199399417e-15
121.13627627627629 	 1.3857216518006898e-07 	 2.6302306024585923e-15
121.63675675675677 	 1.3800200312001647e-07 	 2.5872081834915213e-15
122.13723723723724 	 1.3743651375419252e-07 	 2.5450618202448783e-15
122.63771771771773 	 1.3687563987526413e-07 	 2.5037701929249476e-15
123.13819819819821 	 1.3631932520594776e-07 	 2.4633125846047804e-15
123.63867867867869 	 1.357675143801854e-07 	 2.4236688618198418e-15
124.13915915915918 	 1.3522015292477616e-07 	 2.3848194558634785e-15
124.63963963963965 	 1.3467718724145023e-07 	 2.3467453447542826e-15
125.14012012012013 	 1.34138564589373e-07 	 2.3094280358486046e-15
125.64060060060062 	 1.3360423306806755e-07 	 2.2728495490727267e-15
126.1410810810811 	 1.3307414160074332e-07 	 2.236992400750198e-15
126.64156156156157 	 1.3254823991802055e-07 	 2.2018395880010036e-15
127.14204204204205 	 1.3202647854203857e-07 	 2.1673745736901394e-15
127.64252252252254 	 1.3150880877093853e-07 	 2.1335812719042325e-15
128.14300300300303 	 1.309951826637093e-07 	 2.1004440339356558e-15
128.64348348348352 	 1.3048555302538734e-07 	 2.0679476347545385e-15
129.14396396396398 	 1.2997987339260074e-07 	 2.036077259949869e-15
129.64444444444447 	 1.2947809801944777e-07 	 2.00481849312166e-15
130.14492492492496 	 1.2898018186370176e-07 	 1.974157303706994e-15
130.64540540540543 	 1.2848608057333265e-07 	 1.944080035223342e-15
131.14588588588592 	 1.2799575047333736e-07 	 1.914573393913383e-15
131.6463663663664 	 1.2750914855287054e-07 	 1.8856244377761325e-15
132.14684684684687 	 1.2702623245266757e-07 	 1.857220565969807e-15
132.64732732732736 	 1.2654696045275265e-07 	 1.829349508572523e-15
133.14780780780782 	 1.260712914604238e-07 	 1.8019993166874187e-15
133.6482882882883 	 1.2559918499850784e-07 	 1.7751583528793791e-15
134.1487687687688 	 1.251306011938785e-07 	 1.7488152819310954e-15
134.64924924924927 	 1.246655007662304e-07 	 1.7229590619066049e-15
135.14972972972976 	 1.2420384501710243e-07 	 1.6975789355110224e-15
135.65021021021025 	 1.2374559581914424e-07 	 1.6726644217355895e-15
136.1506906906907 	 1.2329071560561962e-07 	 1.64820530777761e-15
136.6511711711712 	 1.2283916736013996e-07 	 1.6241916412252433e-15
137.1516516516517 	 1.2239091460662317e-07 	 1.6006137224975824e-15
137.65213213213215 	 1.2194592139947136e-07 	 1.5774620975307417e-15
138.15261261261264 	 1.215041523139617e-07 	 1.554727550701114e-15
138.65309309309313 	 1.210655724368461e-07 	 1.5324010979772912e-15
139.1535735735736 	 1.2063014735715313e-07 	 1.5104739802924469e-15
139.6540540540541 	 1.201978431571879e-07 	 1.4889376571293248e-15
140.15453453453458 	 1.197686264037249e-07 	 1.4677838003103129e-15
140.65501501501504 	 1.1934246413938885e-07 	 1.447004287985298e-15
141.15549549549553 	 1.1891932387421855e-07 	 1.4265911988103598e-15
141.65597597597602 	 1.1849917357741021e-07 	 1.4065368063105924e-15
142.15645645645648 	 1.1808198166923453e-07 	 1.3868335734205873e-15
142.65693693693697 	 1.176677170131244e-07 	 1.367474147196396e-15
143.15741741741743 	 1.1725634890792831e-07 	 1.3484513536930113e-15
143.65789789789793 	 1.1684784708032578e-07 	 1.3297581930016042e-15
144.15837837837842 	 1.1644218167740083e-07 	 1.31138783444104e-15
144.65885885885888 	 1.1603932325936949e-07 	 1.2933336118983224e-15
145.15933933933937 	 1.1563924279245777e-07 	 1.2755890193128849e-15
145.65981981981986 	 1.1524191164192662e-07 	 1.2581477062998069e-15
146.16030030030032 	 1.1484730156524e-07 	 1.2410034739072113e-15
146.6607807807808 	 1.1445538470537291e-07 	 1.2241502705033009e-15
147.1612612612613 	 1.1406613358425601e-07 	 1.2075821877886424e-15
147.66174174174176 	 1.1367952109635347e-07 	 1.1912934569294718e-15
148.16222222222225 	 1.1329552050237104e-07 	 1.175278444807955e-15
148.66270270270275 	 1.1291410542309113e-07 	 1.1595316503854933e-15
149.1631831831832 	 1.1253524983333229e-07 	 1.1440477011752913e-15
149.6636636636637 	 1.1215892805602936e-07 	 1.1288213498205492e-15
150.1641441441442 	 1.1178511475643252e-07 	 1.113847470774793e-15
150.66462462462465 	 1.1141378493642168e-07 	 1.0991210570809462e-15
151.16510510510514 	 1.1104491392893381e-07 	 1.0846372172459049e-15
151.6655855855856 	 1.106784773925008e-07 	 1.0703911722074764e-15
152.1660660660661 	 1.1031445130589488e-07 	 1.0563782523906498e-15
152.66654654654658 	 1.0995281196287953e-07 	 1.0425938948503027e-15
153.16702702702705 	 1.0959353596706321e-07 	 1.0290336404975178e-15
153.66750750750754 	 1.0923660022685364e-07 	 1.0156931314067981e-15
154.16798798798803 	 1.0888198195051051e-07 	 1.0025681082015876e-15
154.6684684684685 	 1.0852965864129401e-07 	 9.896544075155502e-16
155.16894894894898 	 1.0817960809270747e-07 	 9.769479595271933e-16
155.66942942942947 	 1.0783180838383158e-07 	 9.644447855654832e-16
156.16990990990993 	 1.0748623787474857e-07 	 9.521409957841865e-16
156.67039039039042 	 1.0714287520205368e-07 	 9.4003278690275e-16
157.1708708708709 	 1.0680169927445293e-07 	 9.28116440011628e-16
157.67135135135138 	 1.0646268926844433e-07 	 9.163883184399944e-16
158.17183183183187 	 1.0612582462408107e-07 	 9.048448656838912e-16
158.67231231231236 	 1.0579108504081525e-07 	 8.934826033929229e-16
159.17279279279282 	 1.0545845047341965e-07 	 8.822981294136425e-16
159.6732732732733 	 1.051279011279864e-07 	 8.712881158878797e-16
160.1737537537538 	 1.0479941745800056e-07 	 8.604493074042984e-16
160.67423423423426 	 1.0447298016048722e-07 	 8.497785192015253e-16
161.17471471471475 	 1.0414857017223008e-07 	 8.392726354212628e-16
161.67519519519522 	 1.0382616866606074e-07 	 8.289286074098488e-16
162.1756756756757 	 1.0350575704721627e-07 	 8.18743452066767e-16
162.6761561561562 	 1.0318731694976424e-07 	 8.087142502386747e-16
163.17663663663666 	 1.0287083023309349e-07 	 7.988381451575592e-16
163.67711711711715 	 1.0255627897846915e-07 	 7.891123409216747e-16
164.17759759759764 	 1.0224364548565094e-07 	 7.795341010179699e-16
164.6780780780781 	 1.0193291226957302e-07 	 7.701007468847456e-16
165.1785585585586 	 1.0162406205708394e-07 	 7.608096565133221e-16
165.67903903903908 	 1.0131707778374611e-07 	 7.516582630875624e-16
166.17951951951954 	 1.0101194259069287e-07 	 7.426440536600974e-16
166.68000000000004 	 1.0070863982154205e-07 	 7.337645678641606e-16
167.18048048048053 	 1.0040715301936536e-07 	 7.250173966599846e-16
167.680960960961 	 1.0010746592371168e-07 	 7.164001811147106e-16
168.18144144144148 	 9.980956246768365e-08 	 7.0791061121483395e-16
168.68192192192197 	 9.951342677506631e-08 	 6.995464247102205e-16
169.18240240240243 	 9.921904315750671e-08 	 6.913054059887616e-16
169.68288288288292 	 9.892639611174335e-08 	 6.831853849807693e-16
170.18336336336338 	 9.86354703168847e-08 	 6.751842360922449e-16
170.68384384384387 	 9.834625063173524e-08 	 6.672998771661689e-16
171.18432432432436 	 9.80587220921689e-08 	 6.595302684710086e-16
171.68480480480483 	 9.777286990854796e-08 	 6.518734117156421e-16
172.18528528528532 	 9.748867946318726e-08 	 6.443273490899403e-16
172.6857657657658 	 9.72061363078624e-08 	 6.368901623302689e-16
173.18624624624627 	 9.692522616136133e-08 	 6.295599718091872e-16
173.68672672672676 	 9.664593490707773e-08 	 6.223349356486479e-16
174.18720720720725 	 9.636824859064668e-08 	 6.152132488560408e-16
174.6876876876877 	 9.609215341762033e-08 	 6.081931424824063e-16
175.1881681681682 	 9.581763575118355e-08 	 6.012728828022066e-16
175.6886486486487 	 9.554468210990901e-08 	 5.944507705140355e-16
176.18912912912916 	 9.527327916554985e-08 	 5.877251399616705e-16
176.68960960960965 	 9.50034137408705e-08 	 5.81094358374904e-16
177.19009009009014 	 9.473507280751389e-08 	 5.745568251295883e-16
177.6905705705706 	 9.44682434839048e-08 	 5.68110971026359e-16
178.1910510510511 	 9.420291303318858e-08 	 5.617552575875131e-16
178.69153153153155 	 9.393906886120447e-08 	 5.554881763715401e-16
179.19201201201204 	 9.367669851449286e-08 	 5.493082483048058e-16
179.69249249249253 	 9.341578967833589e-08 	 5.43214023029923e-16
180.192972972973 	 9.315633017483077e-08 	 5.372040782703431e-16
180.6934534534535 	 9.289830796099496e-08 	 5.312770192107174e-16
181.19393393393398 	 9.264171112690286e-08 	 5.254314778926032e-16
181.69441441441444 	 9.238652789385325e-08 	 5.196661126250854e-16
182.19489489489493 	 9.2132746612567e-08 	 5.139796074099096e-16
182.69537537537542 	 9.188035576141434e-08 	 5.083706713807326e-16
183.19585585585588 	 9.162934394467122e-08 	 5.028380382561e-16
183.69633633633637 	 9.13796998908041e-08 	 4.973804658057847e-16
184.19681681681686 	 9.113141245078284e-08 	 4.919967353301219e-16
184.69729729729733 	 9.088447059642092e-08 	 4.866856511519905e-16
185.19777777777782 	 9.06388634187425e-08 	 4.81446040121097e-16
185.6982582582583 	 9.03945801263762e-08 	 4.762767511302424e-16
186.19873873873877 	 9.015161004397434e-08 	 4.711766546432348e-16
186.69921921921926 	 8.990994261065783e-08 	 4.661446422341514e-16
187.19969969969975 	 8.966956737848632e-08 	 4.611796261376436e-16
187.7001801801802 	 8.943047401095208e-08 	 4.562805388099835e-16
188.2006606606607 	 8.919265228149866e-08 	 4.514463325005809e-16
188.70114114114116 	 8.89560920720626e-08 	 4.466759788336849e-16
189.20162162162165 	 8.872078337163863e-08 	 4.41968468400004e-16
189.70210210210215 	 8.848671627486736e-08 	 4.373228103579852e-16
190.2025825825826 	 8.825388098064544e-08 	 4.327380320444988e-16
190.7030630630631 	 8.802226779075737e-08 	 4.2821317859468047e-16
191.2035435435436 	 8.779186710852908e-08 	 4.23747312570696e-16
191.70402402402405 	 8.756266943750238e-08 	 4.193395135991936e-16
192.20450450450454 	 8.73346653801302e-08 	 4.149888780172173e-16
192.70498498498503 	 8.710784563649225e-08 	 4.1069451852637046e-16
193.2054654654655 	 8.688220100303044e-08 	 4.064555638550027e-16
193.70594594594598 	 8.665772237130414e-08 	 4.022711584282286e-16
194.20642642642648 	 8.643440072676441e-08 	 3.9814046204556525e-16
194.70690690690694 	 8.621222714754742e-08 	 3.9406264956600196e-16
195.20738738738743 	 8.59911928032863e-08 	 3.9003691060030785e-16
195.70786786786792 	 8.577128895394115e-08 	 3.86062449210392e-16
196.20834834834838 	 8.555250694864702e-08 	 3.8213848361554227e-16
196.70882882882887 	 8.53348382245796e-08 	 3.782642459053627e-16
197.20930930930933 	 8.511827430583794e-08 	 3.74438981759243e-16
197.70978978978982 	 8.490280680234432e-08 	 3.7066195017219614e-16
198.2102702702703 	 8.468842740876072e-08 	 3.669324231869001e-16
198.71075075075078 	 8.447512790342176e-08 	 3.6324968563179554e-16
199.21123123123127 	 8.426290014728345e-08 	 3.596130348650749e-16
199.71171171171176 	 8.40517360828881e-08 	 3.5602178052443334e-16
200.21219219219222 	 8.384162773334465e-08 	 3.5247524428242247e-16
200.7126726726727 	 8.363256720132393e-08 	 3.489727596072729e-16
201.2131531531532 	 8.342454666806943e-08 	 3.455136715290575e-16
201.71363363363366 	 8.321755839242253e-08 	 3.4209733641105026e-16
202.21411411411415 	 8.301159470986202e-08 	 3.387231217261617e-16
202.71459459459464 	 8.280664803155832e-08 	 3.353904058383247e-16
203.2150750750751 	 8.260271084344125e-08 	 3.320985777887067e-16
203.7155555555556 	 8.239977570528168e-08 	 3.2884703708663023e-16
204.2160360360361 	 8.219783524978686e-08 	 3.256351935050918e-16
204.71651651651655 	 8.19968821817087e-08 	 3.224624668807594e-16
205.21699699699704 	 8.179690927696532e-08 	 3.1932828691834654e-16
205.71747747747753 	 8.159790938177539e-08 	 3.162320929992526e-16
206.217957957958 	 8.139987541180505e-08 	 3.131733339943687e-16
206.71843843843848 	 8.120280035132716e-08 	 3.101514680809462e-16
207.21891891891894 	 8.100667725239287e-08 	 3.07165962563434e-16
207.71939939939944 	 8.081149923401503e-08 	 3.042162936981833e-16
208.21987987987993 	 8.061725948136357e-08 	 3.013019465219351e-16
208.7203603603604 	 8.042395124497209e-08 	 2.984224146839916e-16
209.22084084084088 	 8.023156783995634e-08 	 2.955772002819903e-16
209.72132132132137 	 8.004010264524338e-08 	 2.92765813701192e-16
210.22180180180183 	 7.984954910281222e-08 	 2.8998777345720063e-16
210.72228228228232 	 7.965990071694483e-08 	 2.872426060420309e-16
211.2227627627628 	 7.947115105348823e-08 	 2.845298457734501e-16
211.72324324324327 	 7.928329373912672e-08 	 2.8184903464751107e-16
212.22372372372377 	 7.909632246066452e-08 	 2.79199722194205e-16
212.72420420420426 	 7.89102309643186e-08 	 2.7658146533616034e-16
213.22468468468472 	 7.872501305502143e-08 	 2.739938282503156e-16
213.7251651651652 	 7.854066259573339e-08 	 2.714363822324968e-16
214.2256456456457 	 7.835717350676507e-08 	 2.689087055648334e-16
214.72612612612616 	 7.817453976510888e-08 	 2.6641038338594523e-16
215.22660660660665 	 7.79927554037799e-08 	 2.639410075638355e-16
215.7270870870871 	 7.781181451116626e-08 	 2.6150017657143146e-16
216.2275675675676 	 7.763171123038807e-08 	 2.5908749536470543e-16
216.7280480480481 	 7.745243975866561e-08 	 2.567025752633225e-16
217.22852852852856 	 7.727399434669612e-08 	 2.543450338337531e-16
217.72900900900905 	 7.709636929803904e-08 	 2.52014494774796e-16
218.22948948948954 	 7.691955896851003e-08 	 2.4971058780545573e-16
218.72996996997 	 7.674355776558302e-08 	 2.4743294855512194e-16
219.2304504504505 	 7.656836014780052e-08 	 2.4518121845599524e-16
219.73093093093098 	 7.639396062419217e-08 	 2.429550446377135e-16
220.23141141141144 	 7.622035375370095e-08 	 2.4075407982412373e-16
220.73189189189193 	 7.604753414461733e-08 	 2.385779822321542e-16
221.23237237237242 	 7.587549645402116e-08 	 2.3642641547273883e-16
221.7328528528529 	 7.570423538723102e-08 	 2.3429904845374733e-16
222.23333333333338 	 7.553374569726097e-08 	 2.3219555528487445e-16
222.73381381381387 	 7.536402218428482e-08 	 2.301156151844495e-16
223.23429429429433 	 7.519505969510738e-08 	 2.280589123881169e-16
223.73477477477482 	 7.502685312264296e-08 	 2.2602513605934995e-16
224.23525525525528 	 7.485939740540075e-08 	 2.240139802017571e-16
224.73573573573577 	 7.469268752697719e-08 	 2.2202514357313854e-16
225.23621621621626 	 7.452671851555499e-08 	 2.200583296012566e-16
225.73669669669673 	 7.436148544340895e-08 	 2.181132463012816e-16
226.23717717717722 	 7.41969834264181e-08 	 2.1618960619487412e-16
226.7376576576577 	 7.403320762358466e-08 	 2.142871262308724e-16
227.23813813813817 	 7.387015323655902e-08 	 2.1240552770754341e-16
227.73861861861866 	 7.370781550917115e-08 	 2.105445361963691e-16
228.23909909909915 	 7.354618972696814e-08 	 2.0870388146733013e-16
228.7395795795796 	 7.338527121675792e-08 	 2.0688329741565802e-16
229.2400600600601 	 7.322505534615865e-08 	 2.0508252199001896e-16
229.7405405405406 	 7.306553752315435e-08 	 2.0330129712210398e-16
230.24102102102106 	 7.290671319565619e-08 	 2.0153936865759047e-16
230.74150150150155 	 7.274857785106939e-08 	 1.997964862884469e-16
231.24198198198204 	 7.25911270158659e-08 	 1.9807240348655314e-16
231.7424624624625 	 7.24343562551625e-08 	 1.9636687743860532e-16
232.242942942943 	 7.227826117230444e-08 	 1.9467966898227982e-16
232.74342342342348 	 7.212283740845441e-08 	 1.9301054254362966e-16
233.24390390390394 	 7.196808064218682e-08 	 1.9135926607568378e-16
233.74438438438443 	 7.181398658908722e-08 	 1.897256109982274e-16
234.2448648648649 	 7.166055100135701e-08 	 1.881093521387367e-16
234.74534534534538 	 7.150776966742303e-08 	 1.865102676744418e-16
235.24582582582588 	 7.135563841155226e-08 	 1.8492813907549722e-16
235.74630630630634 	 7.120415309347138e-08 	 1.8336275104923392e-16
236.24678678678683 	 7.105330960799112e-08 	 1.8181389148546993e-16
236.74726726726732 	 7.090310388463556e-08 	 1.8028135140286063e-16
237.24774774774778 	 7.075353188727577e-08 	 1.7876492489626166e-16
237.74822822822827 	 7.060458961376851e-08 	 1.7726440908508774e-16
238.24870870870876 	 7.045627309559913e-08 	 1.757796040626442e-16
238.74918918918922 	 7.030857839752916e-08 	 1.7431031284641127e-16
239.24966966966971 	 7.016150161724821e-08 	 1.728563413292614e-16
239.7501501501502 	 7.001503888503036e-08 	 1.7141749823159055e-16
240.25063063063067 	 6.986918636339467e-08 	 1.6999359505434425e-16
240.75111111111116 	 6.972394024677014e-08 	 1.6858444603291895e-16
241.25159159159165 	 6.957929676116458e-08 	 1.6718986809192228e-16
241.7520720720721 	 6.943525216383786e-08 	 1.6580968080077308e-16
242.2525525525526 	 6.929180274297902e-08 	 1.6444370633012462e-16
242.75303303303306 	 6.914894481738744e-08 	 1.630917694090941e-16
243.25351351351355 	 6.900667473615795e-08 	 1.6175369728328072e-16
243.75399399399404 	 6.886498887836984e-08 	 1.6042931967355895e-16
244.2544744744745 	 6.872388365277968e-08 	 1.5911846873562749e-16
244.754954954955 	 6.858335549751779e-08 	 1.5782097902030113e-16
245.2554354354355 	 6.844340087978863e-08 	 1.565366874345301e-16
245.75591591591595 	 6.83040162955748e-08 	 1.5526543320313144e-16
246.25639639639644 	 6.81651982693444e-08 	 1.5400705783121696e-16
246.75687687687693 	 6.802694335376242e-08 	 1.5276140506730767e-16
247.2573573573574 	 6.788924812940513e-08 	 1.5152832086711512e-16
247.75783783783788 	 6.775210920447835e-08 	 1.5030765335798117e-16
248.25831831831837 	 6.761552321453885e-08 	 1.4909925280396064e-16
248.75879879879884 	 6.747948682221923e-08 	 1.479029715715337e-16
249.25927927927933 	 6.73439967169561e-08 	 1.4671866409593648e-16
249.75975975975982 	 6.720904961472154e-08 	 1.4554618684809705e-16
250.26024024024028 	 6.707464225775777e-08 	 1.4438539830216478e-16
250.76072072072077 	 6.694077141431492e-08 	 1.4323615890362054e-16
251.26120120120126 	 6.680743387839211e-08 	 1.420983310379582e-16
251.76168168168172 	 6.66746264694815e-08 	 1.4097177899992368e-16
252.2621621621622 	 6.65423460323153e-08 	 1.3985636896330154e-16
252.76264264264267 	 6.641058943661601e-08 	 1.3875196895123916e-16
253.26312312312317 	 6.627935357684943e-08 	 1.3765844880709692e-16
253.76360360360366 	 6.614863537198073e-08 	 1.3657568016581396e-16
254.26408408408412 	 6.601843176523323e-08 	 1.3550353642577972e-16
254.7645645645646 	 6.588873972385022e-08 	 1.3444189272120153e-16
255.2650450450451 	 6.575955623885945e-08 	 1.3339062589495843e-16
255.76552552552556 	 6.563087832484041e-08 	 1.3234961447193167e-16
256.266006006006 	 6.550270301969439e-08 	 1.313187386328018e-16
256.7664864864865 	 6.537502738441716e-08 	 1.302978801883056e-16
257.266966966967 	 6.524784850287431e-08 	 1.2928692255394067e-16
257.76744744744747 	 6.512116348157933e-08 	 1.282857507251128e-16
258.26792792792793 	 6.499496944947401e-08 	 1.2729425125271298e-16
258.76840840840845 	 6.486926355771172e-08 	 1.263123122191207e-16
259.2688888888889 	 6.474404297944292e-08 	 1.253398232146217e-16
259.7693693693694 	 6.461930490960325e-08 	 1.243766753142333e-16
260.2698498498499 	 6.449504656470416e-08 	 1.234227610549303e-16
260.77033033033035 	 6.437126518262585e-08 	 1.2247797441326322e-16
261.2708108108108 	 6.424795802241241e-08 	 1.2154221078335978e-16
261.77129129129133 	 6.412512236406985e-08 	 1.2061536695530633e-16
262.2717717717718 	 6.400275550836582e-08 	 1.1969734109389736e-16
262.77225225225226 	 6.388085477663198e-08 	 1.1878803271774882e-16
263.2727327327328 	 6.375941751056854e-08 	 1.1788734267876844e-16
263.77321321321324 	 6.363844107205106e-08 	 1.169951731419751e-16
264.2736936936937 	 6.351792284293938e-08 	 1.1611142756566103e-16
264.7741741741742 	 6.33978602248887e-08 	 1.1523601068189043e-16
265.2746546546547 	 6.327825063916295e-08 	 1.143688284773296e-16
265.77513513513514 	 6.315909152645005e-08 	 1.1350978817439877e-16
266.2756156156156 	 6.304038034667947e-08 	 1.1265879821274397e-16
266.7760960960961 	 6.292211457884166e-08 	 1.1181576823101964e-16
267.2765765765766 	 6.280429172080964e-08 	 1.1098060904897808e-16
267.77705705705705 	 6.268690928916251e-08 	 1.101532326498584e-16
268.27753753753757 	 6.2569964819011e-08 	 1.0933355216307148e-16
268.77801801801803 	 6.245345586382493e-08 	 1.0852148184717383e-16
269.2784984984985 	 6.233737999526254e-08 	 1.0771693707312477e-16
269.778978978979 	 6.22217348030018e-08 	 1.0691983430782313e-16
270.2794594594595 	 6.210651789457371e-08 	 1.0613009109791829e-16
270.77993993993994 	 6.199172689519711e-08 	 1.0534762605388766e-16
271.28042042042046 	 6.187735944761559e-08 	 1.0457235883437946e-16
271.7809009009009 	 6.176341321193623e-08 	 1.0380421013081454e-16
272.2813813813814 	 6.164988586546986e-08 	 1.0304310165224026e-16
272.7818618618619 	 6.153677510257338e-08 	 1.0228895611043622e-16
273.28234234234236 	 6.142407863449359e-08 	 1.0154169720526293e-16
273.7828228228228 	 6.131179418921282e-08 	 1.0080124961025186e-16
274.28330330330334 	 6.119991951129629e-08 	 1.0006753895843116e-16
274.7837837837838 	 6.108845236174106e-08 	 9.934049182838325e-17
275.28426426426427 	 6.097739051782665e-08 	 9.862003573052944e-17
275.7847447447448 	 6.086673177296729e-08 	 9.790609909363868e-17
276.28522522522525 	 6.075647393656589e-08 	 9.719861125155539e-17
276.7857057057057 	 6.064661483386929e-08 	 9.649750243014198e-17
277.2861861861862 	 6.053715230582547e-08 	 9.580270373443424e-17
277.7866666666667 	 6.042808420894199e-08 	 9.511414713600342e-17
278.28714714714715 	 6.031940841514612e-08 	 9.443176546052247e-17
278.78762762762767 	 6.021112281164639e-08 	 9.375549237553298e-17
279.28810810810813 	 6.010322530079579e-08 	 9.308526237840895e-17
279.7885885885886 	 5.999571379995613e-08 	 9.242101078451271e-17
280.2890690690691 	 5.98885862413642e-08 	 9.176267371554239e-17
280.7895495495496 	 5.978184057199917e-08 	 9.111018808806459e-17
281.29003003003004 	 5.967547475345135e-08 	 9.046349160223026e-17
281.79051051051056 	 5.956948676179258e-08 	 8.98225227306712e-17
282.290990990991 	 5.946387458744775e-08 	 8.918722070757264e-17
282.7914714714715 	 5.9358636235067815e-08 	 8.85575255179193e-17
283.291951951952 	 5.925376972340413e-08 	 8.793337788691246e-17
283.79243243243246 	 5.91492730851842e-08 	 8.73147192695547e-17
284.2929129129129 	 5.9045144366988496e-08 	 8.670149184039814e-17
284.7933933933934 	 5.894138162912888e-08 	 8.609363848345573e-17
285.2938738738739 	 5.8837982945528084e-08 	 8.549110278227048e-17
285.79435435435437 	 5.873494640360057e-08 	 8.489382901014134e-17
286.29483483483483 	 5.863227010413457e-08 	 8.430176212050202e-17
286.79531531531535 	 5.852995216117544e-08 	 8.371484773745089e-17
287.2957957957958 	 5.842799070191014e-08 	 8.313303214642872e-17
287.7962762762763 	 5.832638386655301e-08 	 8.255626228504213e-17
288.2967567567568 	 5.822512980823263e-08 	 8.198448573402977e-17
288.79723723723725 	 5.812422669288003e-08 	 8.141765070836945e-17
289.2977177177177 	 5.8023672699117826e-08 	 8.085570604852293e-17
289.79819819819824 	 5.7923466018150683e-08 	 8.029860121181659e-17
290.2986786786787 	 5.7823604853656905e-08 	 7.974628626395593e-17
290.79915915915916 	 5.7724087421681005e-08 	 7.91987118706703e-17
291.2996396396397 	 5.762491195052752e-08 	 7.865582928948711e-17
291.80012012012014 	 5.7526076680655896e-08 	 7.811759036163297e-17
292.3006006006006 	 5.7427579864576374e-08 	 7.758394750405805e-17
292.8010810810811 	 5.732941976674702e-08 	 7.705485370158443e-17
293.3015615615616 	 5.7231594663471864e-08 	 7.653026249917375e-17
293.80204204204205 	 5.713410284279984e-08 	 7.601012799431297e-17
294.30252252252257 	 5.703694260442506e-08 	 7.549440482951708e-17
294.803003003003 	 5.694011225958793e-08 	 7.498304818494564e-17
295.3034834834835 	 5.684361013097731e-08 	 7.447601377113156e-17
295.803963963964 	 5.674743455263359e-08 	 7.397325782182047e-17
296.30444444444447 	 5.6651583869852954e-08 	 7.3474737086919e-17
296.80492492492493 	 5.655605643909238e-08 	 7.2980408825549e-17
297.30540540540545 	 5.6460850627875716e-08 	 7.249023079920739e-17
297.8058858858859 	 5.636596481470076e-08 	 7.200416126502935e-17
298.3063663663664 	 5.627139738894705e-08 	 7.152215896915198e-17
298.8068468468469 	 5.6177146750784925e-08 	 7.1044183140179e-17
299.30732732732736 	 5.6083211311085156e-08 	 7.057019348274271e-17
299.8078078078078 	 5.5989589491329705e-08 	 7.010015017116268e-17
300.30828828828834 	 5.5896279723523274e-08 	 6.963401384319938e-17
300.8087687687688 	 5.5803280450105794e-08 	 6.917174559390105e-17
301.30924924924926 	 5.571059012386576e-08 	 6.871330696954239e-17
301.8097297297298 	 5.561820720785436e-08 	 6.825865996165317e-17
302.31021021021024 	 5.552613017530062e-08 	 6.78077670011362e-17
302.8106906906907 	 5.543435750952727e-08 	 6.736059095247207e-17
303.31117117117117 	 5.5342887703867414e-08 	 6.691709510800975e-17
303.8116516516517 	 5.525171926158209e-08 	 6.647724318234186e-17
304.31213213213215 	 5.516085069577874e-08 	 6.60409993067633e-17
304.8126126126126 	 5.507028052933021e-08 	 6.56083280238104e-17
305.31309309309313 	 5.498000729479483e-08 	 6.517919428188179e-17
305.8135735735736 	 5.4890029534337126e-08 	 6.475356342993766e-17
306.31405405405405 	 5.4800345799649304e-08 	 6.433140121227651e-17
306.8145345345346 	 5.4710954651873616e-08 	 6.391267376338909e-17
307.31501501501504 	 5.462185466152535e-08 	 6.349734760288698e-17
307.8154954954955 	 5.4533044408416646e-08 	 6.308538963050555e-17
308.315975975976 	 5.444452248158106e-08 	 6.26767671211795e-17
308.8164564564565 	 5.435628747919882e-08 	 6.227144772019039e-17
309.31693693693694 	 5.426833800852283e-08 	 6.186939943838424e-17
309.81741741741746 	 5.418067268580537e-08 	 6.147059064745867e-17
310.3178978978979 	 5.409329013622562e-08 	 6.107499007531873e-17
310.8183783783784 	 5.4006188993817663e-08 	 6.068256680149887e-17
311.3188588588589 	 5.391936790139935e-08 	 6.029329025265189e-17
311.81933933933936 	 5.3832825510501884e-08 	 5.990713019810278e-17
312.3198198198198 	 5.3746560481299893e-08 	 5.952405674546577e-17
312.82030030030035 	 5.3660571482542354e-08 	 5.914404033632537e-17
313.3207807807808 	 5.357485719148412e-08 	 5.876705174197882e-17
313.82126126126127 	 5.348941629381802e-08 	 5.839306205923918e-17
314.3217417417418 	 5.340424748360779e-08 	 5.802204270629936e-17
314.82222222222225 	 5.331934946322145e-08 	 5.76539654186542e-17
315.3227027027027 	 5.323472094326544e-08 	 5.72888022450813e-17
315.82318318318323 	 5.315036064251933e-08 	 5.692652554367861e-17
316.3236636636637 	 5.3066267287871144e-08 	 5.656710797795887e-17
316.82414414414416 	 5.29824396142534e-08 	 5.62105225129988e-17
317.3246246246247 	 5.289887636457954e-08 	 5.585674241164312e-17
317.82510510510514 	 5.281557628968122e-08 	 5.5505741230762515e-17
318.3255855855856 	 5.273253814824598e-08 	 5.515749281756377e-17
318.8260660660661 	 5.2649760706755604e-08 	 5.4811971305952603e-17
319.3265465465466 	 5.256724273942507e-08 	 5.4469151112947244e-17
319.82702702702704 	 5.248498302814202e-08 	 5.4129006935142556e-17
320.32750750750756 	 5.240298036240678e-08 	 5.3791513745223546e-17
320.827987987988 	 5.232123353927312e-08 	 5.345664678852839e-17
321.3284684684685 	 5.223974136328923e-08 	 5.3124381579658403e-17
321.82894894894895 	 5.215850264643961e-08 	 5.279469389913644e-17
322.32942942942947 	 5.2077516208087265e-08 	 5.246755979011124e-17
322.82990990990993 	 5.199678087491653e-08 	 5.214295555510788e-17
323.3303903903904 	 5.191629548087641e-08 	 5.1820857752823285e-17
323.8308708708709 	 5.1836058867124424e-08 	 5.15012431949663e-17
324.3313513513514 	 5.1756069881971e-08 	 5.118408894314155e-17
324.83183183183183 	 5.1676327380824386e-08 	 5.086937230577627e-17
325.33231231231235 	 5.1596830226135987e-08 	 5.055707083508963e-17
325.8327927927928 	 5.1517577287346404e-08 	 5.024716232410431e-17
326.3332732732733 	 5.1438567440831706e-08 	 4.9939624803698297e-17
326.8337537537538 	 5.1359799569850385e-08 	 4.963443653969802e-17
327.33423423423426 	 5.128127256449077e-08 	 4.933157603001125e-17
327.8347147147147 	 5.120298532161883e-08 	 4.903102200179896e-17
328.33519519519524 	 5.112493674482654e-08 	 4.873275340868607e-17
328.8356756756757 	 5.104712574438077e-08 	 4.843674942801078e-17
329.33615615615616 	 5.096955123717245e-08 	 4.814298945811046e-17
329.8366366366367 	 5.089221214666639e-08 	 4.785145311564549e-17
330.33711711711715 	 5.081510740285147e-08 	 4.756212023295891e-17
330.8375975975976 	 5.0738235942191255e-08 	 4.727497085547213e-17
331.3380780780781 	 5.066159670757512e-08 	 4.698998523911589e-17
331.8385585585586 	 5.058518864826986e-08 	 4.670714384779646e-17
332.33903903903905 	 5.0509010719871546e-08 	 4.642642735089511e-17
332.83951951951957 	 5.0433061884258e-08 	 4.614781662080239e-17
333.34000000000003 	 5.035734110954171e-08 	 4.5871292730485233e-17
333.8404804804805 	 5.028184737002291e-08 	 4.5596836951086405e-17
334.340960960961 	 5.020657964614347e-08 	 4.5324430749557057e-17
334.8414414414415 	 5.013153692444088e-08 	 4.5054055786320363e-17
335.34192192192194 	 5.00567181975028e-08 	 4.478569391296681e-17
335.84240240240246 	 4.998212246392194e-08 	 4.451932716998006e-17
336.3428828828829 	 4.9907748728251464e-08 	 4.425493778449375e-17
336.8433633633634 	 4.9833596000960626e-08 	 4.3992508168077425e-17
337.3438438438439 	 4.97596632983909e-08 	 4.373202091455255e-17
337.84432432432436 	 4.9685949642712566e-08 	 4.347345879783765e-17
338.3448048048048 	 4.961245406188147e-08 	 4.32168047698214e-17
338.8452852852853 	 4.95391755895964e-08 	 4.296204195826472e-17
339.3457657657658 	 4.9466113265256666e-08 	 4.270915366473008e-17
339.84624624624627 	 4.9393266133920227e-08 	 4.2458123362538624e-17
340.34672672672673 	 4.932063324626196e-08 	 4.220893469475381e-17
340.84720720720725 	 4.924821365853247e-08 	 4.1961571472192013e-17
341.3476876876877 	 4.917600643251729e-08 	 4.171601767145929e-17
341.8481681681682 	 4.910401063549622e-08 	 4.1472257433013586e-17
342.3486486486487 	 4.903222534020331e-08 	 4.1230275059252945e-17
342.84912912912915 	 4.896064962478695e-08 	 4.099005501262831e-17
343.3496096096096 	 4.8889282572770474e-08 	 4.075158191378128e-17
343.85009009009013 	 4.8818123273012957e-08 	 4.0514840539706025e-17
344.3505705705706 	 4.8747170819670575e-08 	 4.027981582193552e-17
344.85105105105106 	 4.8676424312158026e-08 	 4.0046492844750946e-17
345.3515315315316 	 4.860588285511052e-08 	 3.9814856843414836e-17
345.85201201201204 	 4.853554555834598e-08 	 3.958489320242699e-17
346.3524924924925 	 4.846541153682757e-08 	 3.935658745380278e-17
346.852972972973 	 4.8395479910626614e-08 	 3.9129925275374365e-17
347.3534534534535 	 4.832574980488579e-08 	 3.8904892489113364e-17
347.85393393393394 	 4.8256220349782596e-08 	 3.8681475059475274e-17
348.35441441441446 	 4.8186890680493245e-08 	 3.8459659091765464e-17
348.8548948948949 	 4.8117759937156836e-08 	 3.823943083052627e-17
349.3553753753754 	 4.8048827264839664e-08 	 3.802077665794425e-17
349.8558558558559 	 4.798009181350012e-08 	 3.7803683092278735e-17
350.35633633633637 	 4.7911552737953714e-08 	 3.7588136786309965e-17
350.85681681681683 	 4.78432091978384e-08 	 3.737412452580723e-17
351.35729729729735 	 4.777506035758021e-08 	 3.716163322801667e-17
351.8577777777778 	 4.7707105386359284e-08 	 3.695064994016848e-17
352.3582582582583 	 4.763934345807607e-08 	 3.6741161838003e-17
352.8587387387388 	 4.757177375131778e-08 	 3.653315622431543e-17
353.35921921921926 	 4.750439544932533e-08 	 3.632662052751961e-17
353.8596996996997 	 4.7437207739960326e-08 	 3.612154230022943e-17
354.36018018018024 	 4.737020981567244e-08 	 3.5917909217858514e-17
354.8606606606607 	 4.7303400873467157e-08 	 3.5715709077237795e-17
355.36114114114116 	 4.7236780114873554e-08 	 3.5514929795250156e-17
355.8616216216217 	 4.717034674591257e-08 	 3.531555940748273e-17
356.36210210210214 	 4.7104099977065466e-08 	 3.511758606689596e-17
356.8625825825826 	 4.7038039023242534e-08 	 3.4920998042509556e-17
357.36306306306307 	 4.697216310375206e-08 	 3.4725783718104795e-17
357.8635435435436 	 4.6906471442269596e-08 	 3.4531931590943336e-17
358.36402402402405 	 4.684096326680751e-08 	 3.433943027050208e-17
358.8645045045045 	 4.6775637809684606e-08 	 3.414826847722353e-17
359.364984984985 	 4.6710494307496284e-08 	 3.395843504128241e-17
359.8654654654655 	 4.664553200108476e-08 	 3.376991890136713e-17
360.36594594594595 	 4.65807501355095e-08 	 3.35827091034766e-17
360.8664264264265 	 4.651614796001808e-08 	 3.339679479973228e-17
361.36690690690693 	 4.645172472801713e-08 	 3.3212165247204707e-17
361.8673873873874 	 4.638747969704356e-08 	 3.3028809806754657e-17
362.3678678678679 	 4.6323412128736094e-08 	 3.284671794188885e-17
362.8683483483484 	 4.6259521288806936e-08 	 3.266587921762966e-17
363.36882882882884 	 4.619580644701371e-08 	 3.248628329939876e-17
363.86930930930936 	 4.613226687713167e-08 	 3.230791995191481e-17
364.3697897897898 	 4.606890185692614e-08 	 3.213077903810457e-17
364.8702702702703 	 4.6005710668125026e-08 	 3.195485051802727e-17
365.3707507507508 	 4.594269259639179e-08 	 3.178012444781258e-17
365.87123123123126 	 4.587984693129856e-08 	 3.160659097861147e-17
366.3717117117117 	 4.581717296629928e-08 	 3.143424035555968e-17
366.87219219219224 	 4.575466999870336e-08 	 3.1263062916754315e-17
367.3726726726727 	 4.5692337329649395e-08 	 3.109304909224272e-17
367.87315315315317 	 4.563017426407908e-08 	 3.092418940302375e-17
368.3736336336337 	 4.5568180110711394e-08 	 3.075647446006117e-17
368.87411411411415 	 4.5506354182017e-08 	 3.058989496330935e-17
369.3745945945946 	 4.544469579419277e-08 	 3.042444170075026e-17
369.87507507507513 	 4.538320426713663e-08 	 3.026010554744289e-17
370.3755555555556 	 4.5321878924422564e-08 	 3.009687746458366e-17
370.87603603603606 	 4.5260719093275715e-08 	 2.993474849857827e-17
371.3765165165166 	 4.519972410454792e-08 	 2.97737097801252e-17
371.87699699699704 	 4.513889329269318e-08 	 2.961375252330974e-17
372.3774774774775 	 4.507822599574355e-08 	 2.945486802470936e-17
372.877957957958 	 4.5017721555285035e-08 	 2.92970476625096e-17
373.3784384384385 	 4.495737931643387e-08 	 2.9140282895630885e-17
373.87891891891894 	 4.489719862781283e-08 	 2.898456526286556e-17
374.37939939939946 	 4.4837178841527786e-08 	 2.882988638202536e-17
374.8798798798799 	 4.4777319313144484e-08 	 2.86762379490993e-17
375.3803603603604 	 4.471761940166549e-08 	 2.852361173742142e-17
375.88084084084085 	 4.4658078469507246e-08 	 2.837199959684842e-17
376.38132132132137 	 4.459869588247743e-08 	 2.822139345294749e-17
376.8818018018018 	 4.453947100975248e-08 	 2.807178530619352e-17
377.3822822822823 	 4.448040322385512e-08 	 2.792316723117586e-17
377.8827627627628 	 4.4421491900632324e-08 	 2.777553137581463e-17
378.38324324324327 	 4.436273641923328e-08 	 2.762886996058641e-17
378.88372372372373 	 4.4304136162087584e-08 	 2.7483175277758908e-17
379.38420420420425 	 4.424569051488362e-08 	 2.7338439690634867e-17
379.8846846846847 	 4.4187398866547076e-08 	 2.719465563280487e-17
380.3851651651652 	 4.412926060921964e-08 	 2.705181560740893e-17
380.8856456456457 	 4.40712751382379e-08 	 2.6909912186406836e-17
381.38612612612616 	 4.401344185211233e-08 	 2.6768938009857103e-17
381.8866066066066 	 4.395576015250658e-08 	 2.6628885785204447e-17
382.38708708708714 	 4.389822944421672e-08 	 2.6489748286575476e-17
382.8875675675676 	 4.384084913515091e-08 	 2.635151835408298e-17
383.38804804804806 	 4.3783618636308965e-08 	 2.6214188893137892e-17
383.8885285285286 	 4.372653736176223e-08 	 2.607775287376975e-17
384.38900900900904 	 4.3669604728633675e-08 	 2.5942203329954978e-17
384.8894894894895 	 4.36128201570779e-08 	 2.5807533358952788e-17
385.38996996997 	 4.355618307026159e-08 	 2.5673736120649204e-17
385.8904504504505 	 4.3499692894343907e-08 	 2.5540804836908395e-17
386.39093093093095 	 4.3443349058457135e-08 	 2.5408732790931812e-17
386.89141141141147 	 4.33871509946874e-08 	 2.5277513326624483e-17
387.39189189189193 	 4.3331098138055694e-08 	 2.5147139847969093e-17
387.8923723723724 	 4.327518992649885e-08 	 2.5017605818406794e-17
388.3928528528529 	 4.321942580085078e-08 	 2.488890476022562e-17
388.8933333333334 	 4.316380520482385e-08 	 2.476103025395574e-17
389.39381381381384 	 4.310832758499037e-08 	 2.4633975937771745e-17
389.89429429429435 	 4.30529923907642e-08 	 2.4507735506901816e-17
390.3947747747748 	 4.299779907438264e-08 	 2.4382302713043843e-17
390.8952552552553 	 4.294274709088825e-08 	 2.4257671363787943e-17
391.3957357357358 	 4.288783589811094e-08 	 2.41338353220459e-17
391.89621621621626 	 4.283306495665022e-08 	 2.4010788505487056e-17
392.3966966966967 	 4.277843372985749e-08 	 2.3888524885980678e-17
392.89717717717724 	 4.272394168381851e-08 	 2.3767038489044534e-17
393.3976576576577 	 4.2669588287336054e-08 	 2.3646323393300172e-17
393.89813813813817 	 4.261537301191259e-08 	 2.3526373729933924e-17
394.3986186186186 	 4.256129533173319e-08 	 2.3407183682164445e-17
394.89909909909915 	 4.2507354723648515e-08 	 2.3288747484716087e-17
395.3995795795796 	 4.2453550667157943e-08 	 2.317105942329842e-17
395.90006006006007 	 4.239988264439285e-08 	 2.3054113834091508e-17
396.4005405405406 	 4.234635014009999e-08 	 2.293790510323714e-17
396.90102102102105 	 4.229295264162495e-08 	 2.2822427666335738e-17
397.4015015015015 	 4.2239689638895865e-08 	 2.2707676007949078e-17
397.90198198198203 	 4.2186560624407104e-08 	 2.2593644661108404e-17
398.4024624624625 	 4.213356509320326e-08 	 2.2480328206828483e-17
398.90294294294296 	 4.2080702542863e-08 	 2.2367721273626625e-17
399.4034234234235 	 4.202797247348329e-08 	 2.225581853704752e-17
399.90390390390394 	 4.1975374387663644e-08 	 2.2144614719193342e-17
400.4043843843844 	 4.1922907790490425e-08 	 2.203410458825895e-17
400.9048648648649 	 4.187057218952135e-08 	 2.1924282958072456e-17
401.4053453453454 	 4.181836709477013e-08 	 2.181514468764099e-17
401.90582582582584 	 4.1766292018691064e-08 	 2.170668468070134e-17
402.40630630630636 	 4.171434647616398e-08 	 2.1598897885275756e-17
402.9067867867868 	 4.1662529984479104e-08 	 2.1491779293232776e-17
403.4072672672673 	 4.1610842063322116e-08 	 2.138532393985277e-17
403.9077477477478 	 4.1559282234759336e-08 	 2.1279526903398428e-17
404.40822822822827 	 4.1507850023222985e-08 	 2.1174383304690053e-17
404.90870870870873 	 4.145654495549653e-08 	 2.1069888306685425e-17
405.40918918918925 	 4.1405366560700186e-08 	 2.0966037114064504e-17
405.9096696696697 	 4.135431437027656e-08 	 2.0862824972818637e-17
406.4101501501502 	 4.130338791797627e-08 	 2.0760247169844266e-17
406.9106306306307 	 4.125258673984379e-08 	 2.065829903254121e-17
407.41111111111115 	 4.120191037420342e-08 	 2.0556975928415438e-17
407.9115915915916 	 4.115135836164516e-08 	 2.0456273264685948e-17
408.41207207207214 	 4.110093024501097e-08 	 2.0356186487896323e-17
408.9125525525526 	 4.105062556938091e-08 	 2.0256711083530334e-17
409.41303303303306 	 4.100044388205947e-08 	 2.0157842575631794e-17
409.9135135135136 	 4.095038473256199e-08 	 2.0059576526428653e-17
410.41399399399404 	 4.090044767260124e-08 	 1.9961908535961184e-17
410.9144744744745 	 4.0850632256073923e-08 	 1.9864834241714147e-17
411.414954954955 	 4.080093803904748e-08 	 1.9768349318253103e-17
411.9154354354355 	 4.075136457974691e-08 	 1.96724494768647e-17
412.41591591591595 	 4.0701911438541605e-08 	 1.95771304652007e-17
412.9163963963964 	 4.0652578177932404e-08 	 1.948238806692606e-17
413.4168768768769 	 4.06033643625387e-08 	 1.9388218101370824e-17
413.9173573573574 	 4.0554269559085596e-08 	 1.9294616423185733e-17
414.41783783783785 	 4.050529333639122e-08 	 1.920157892200155e-17
414.91831831831837 	 4.045643526535409e-08 	 1.9109101522092202e-17
415.41879879879883 	 4.04076949189406e-08 	 1.9017180182041454e-17
415.9192792792793 	 4.035907187217253e-08 	 1.892581089441319e-17
416.4197597597598 	 4.0310565702114735e-08 	 1.883498968542532e-17
416.9202402402403 	 4.02621759878629e-08 	 1.87447126146272e-17
417.42072072072074 	 4.0213902310531305e-08 	 1.8654975774580427e-17
417.92120120120126 	 4.016574425324077e-08 	 1.8565775290543152e-17
418.4216816816817 	 4.011770140110672e-08 	 1.8477107320157876e-17
418.9221621621622 	 4.006977334122712e-08 	 1.8388968053142308e-17
419.4226426426427 	 4.002195966267079e-08 	 1.8301353710983857e-17
419.92312312312316 	 3.99742599564656e-08 	 1.821426054663726e-17
420.4236036036036 	 3.9926673815586765e-08 	 1.8127684844225316e-17
420.92408408408414 	 3.98792008349454e-08 	 1.8041622918743115e-17
421.4245645645646 	 3.983184061137685e-08 	 1.7956071115765103e-17
421.92504504504507 	 3.978459274362946e-08 	 1.7871025811155533e-17
422.4255255255256 	 3.9737456832353066e-08 	 1.7786483410781762e-17
422.92600600600605 	 3.96904324800879e-08 	 1.7702440350230858e-17
423.4264864864865 	 3.9643519291253294e-08 	 1.7618893094528934e-17
423.92696696696703 	 3.959671687213668e-08 	 1.7535838137863682e-17
424.4274474474475 	 3.955002483088252e-08 	 1.7453272003309768e-17
424.92792792792795 	 3.950344277748138e-08 	 1.7371191242557067e-17
425.4284084084085 	 3.9456970323759085e-08 	 1.728959243564188e-17
425.92888888888893 	 3.941060708336594e-08 	 1.7208472190680938e-17
426.4293693693694 	 3.936435267176601e-08 	 1.7127827143608202e-17
426.9298498498499 	 3.931820670622648e-08 	 1.7047653957914428e-17
427.4303303303304 	 3.9272168805807116e-08 	 1.696794932438952e-17
427.93081081081084 	 3.9226238591349785e-08 	 1.6888709960867544e-17
428.43129129129136 	 3.9180415685468024e-08 	 1.6809932611974426e-17
428.9317717717718 	 3.9134699712536734e-08 	 1.6731614048878337e-17
429.4322522522523 	 3.90890902986819e-08 	 1.6653751069042605e-17
429.9327327327328 	 3.904358707177037e-08 	 1.65763404959813e-17
430.43321321321326 	 3.899818966139981e-08 	 1.6499379179017336e-17
430.9336936936937 	 3.895289769888857e-08 	 1.6422863993043062e-17
431.4341741741742 	 3.890771081726575e-08 	 1.634679183828343e-17
431.9346546546547 	 3.886262865126128e-08 	 1.627115964006153e-17
432.43513513513517 	 3.88176508372961e-08 	 1.619596434856669e-17
432.93561561561563 	 3.877277701347233e-08 	 1.6121202938624807e-17
433.43609609609615 	 3.872800681956359e-08 	 1.6046872409471234e-17
433.9365765765766 	 3.868333989700542e-08 	 1.5972969784525952e-17
434.4370570570571 	 3.86387758888856e-08 	 1.5899492111171017e-17
434.9375375375376 	 3.859431443993471e-08 	 1.5826436460530376e-17
435.43801801801806 	 3.8549955196516706e-08 	 1.575379992725198e-17
435.9384984984985 	 3.85056978066195e-08 	 1.568157962929204e-17
436.43897897897904 	 3.846154191984564e-08 	 1.5609772707701576e-17
436.9394594594595 	 3.841748718740313e-08 	 1.5538376326415232e-17
437.43993993993996 	 3.837353326209616e-08 	 1.5467387672042044e-17
437.9404204204205 	 3.832967979831605e-08 	 1.539680395365863e-17
438.44090090090094 	 3.82859264520322e-08 	 1.532662240260431e-17
438.9413813813814 	 3.8242272880783e-08 	 1.5256840272278358e-17
439.4418618618619 	 3.819871874366701e-08 	 1.5187454837939382e-17
439.9423423423424 	 3.8155263701334e-08 	 1.511846339650675e-17
440.44282282282285 	 3.81119074159762e-08 	 1.5049863266363972e-17
440.94330330330337 	 3.8068649551319484e-08 	 1.4981651787164138e-17
441.44378378378383 	 3.8025489772614755e-08 	 1.491382631963738e-17
441.9442642642643 	 3.798242774662923e-08 	 1.4846384245400203e-17
442.4447447447448 	 3.7939463141637897e-08 	 1.4779322966766775e-17
442.9452252252253 	 3.789659562741502e-08 	 1.4712639906562244e-17
443.44570570570573 	 3.785382487522564e-08 	 1.4646332507937767e-17
443.94618618618625 	 3.781115055781719e-08 	 1.458039823418755e-17
444.4466666666667 	 3.776857234941117e-08 	 1.4514834568567702e-17
444.9471471471472 	 3.77260899256948e-08 	 1.4449639014116862e-17
445.4476276276277 	 3.7683702963812837e-08 	 1.4384809093478736e-17
445.94810810810816 	 3.7641411142359386e-08 	 1.432034234872637e-17
446.4485885885886 	 3.759921414136976e-08 	 1.4256236341188163e-17
446.94906906906914 	 3.755711164231241e-08 	 1.4192488651275692e-17
447.4495495495496 	 3.751510332808095e-08 	 1.412909687831323e-17
447.95003003003006 	 3.747318888298614e-08 	 1.4066058640368987e-17
448.4505105105105 	 3.743136799274801e-08 	 1.4003371574088046e-17
448.95099099099104 	 3.738964034448801e-08 	 1.3941033334526954e-17
449.4514714714715 	 3.734800562672118e-08 	 1.3879041594989988e-17
449.95195195195197 	 3.730646352934843e-08 	 1.3817394046867068e-17
450.4524324324325 	 3.726501374364881e-08 	 1.3756088399473221e-17
450.95291291291295 	 3.72236559622719e-08 	 1.3695122379889771e-17
451.4533933933934 	 3.718238987923018e-08 	 1.3634493732806974e-17
451.95387387387393 	 3.714121518989149e-08 	 1.3574200220368277e-17
452.4543543543544 	 3.710013159097158e-08 	 1.3514239622016209e-17
452.95483483483486 	 3.705913878052656e-08 	 1.3454609734339595e-17
453.4553153153154 	 3.7018236457945614e-08 	 1.339530837092253e-17
453.95579579579584 	 3.697742432394359e-08 	 1.3336333362194662e-17
454.4562762762763 	 3.693670208055372e-08 	 1.3277682555283035e-17
454.9567567567568 	 3.689606943112035e-08 	 1.3219353813865399e-17
455.4572372372373 	 3.6855526080291766e-08 	 1.3161345018024967e-17
455.95771771771774 	 3.6815071734013006e-08 	 1.3103654064106543e-17
456.45819819819826 	 3.677470609951878e-08 	 1.3046278864574175e-17
456.9586786786787 	 3.673442888532638e-08 	 1.298921734787012e-17
457.4591591591592 	 3.66942398012287e-08 	 1.2932467458275231e-17
457.9596396396397 	 3.66541385582872e-08 	 1.2876027155770707e-17
458.46012012012017 	 3.661412486882509e-08 	 1.2819894415901235e-17
458.9606006006006 	 3.6574198446420335e-08 	 1.2764067229639376e-17
459.46108108108115 	 3.653435900589888e-08 	 1.2708543603251406e-17
459.9615615615616 	 3.649460626332787e-08 	 1.2653321558164369e-17
460.46204204204207 	 3.645493993600886e-08 	 1.2598399130834485e-17
460.9625225225226 	 3.641535974247118e-08 	 1.2543774372616794e-17
461.46300300300305 	 3.63758654024652e-08 	 1.2489445349636153e-17
461.9634834834835 	 3.633645663695577e-08 	 1.243541014265935e-17
462.46396396396403 	 3.6297133168115635e-08 	 1.2381666846968627e-17
462.9644444444445 	 3.62578947193189e-08 	 1.2328213572236311e-17
463.46492492492496 	 3.621874101513454e-08 	 1.2275048442400691e-17
463.9654054054055 	 3.617967178131998e-08 	 1.2222169595543133e-17
464.46588588588594 	 3.614068674481465e-08 	 1.2169575183766351e-17
464.9663663663664 	 3.610178563373367e-08 	 1.2117263373073848e-17
465.4668468468469 	 3.6062968177361486e-08 	 1.2065232343250552e-17
465.9673273273274 	 3.602423410614563e-08 	 1.2013480287744593e-17
466.46780780780784 	 3.598558315169046e-08 	 1.1962005413550214e-17
466.9682882882883 	 3.5947015046750944e-08 	 1.191080594109179e-17
467.4687687687688 	 3.5908529525226535e-08 	 1.1859880104109012e-17
467.9692492492493 	 3.587012632215505e-08 	 1.1809226149543157e-17
468.46972972972975 	 3.583180517370653e-08 	 1.1758842337424372e-17
468.97021021021027 	 3.579356581717729e-08 	 1.170872694076019e-17
469.47069069069073 	 3.575540799098385e-08 	 1.1658878245425e-17
469.9711711711712 	 3.5717331434656986e-08 	 1.1609294550050569e-17
470.4716516516517 	 3.5679335888835806e-08 	 1.1559974165917699e-17
470.9721321321322 	 3.564142109526186e-08 	 1.1510915416848828e-17
471.47261261261264 	 3.560358679677331e-08 	 1.1462116639101727e-17
471.97309309309315 	 3.556583273729906e-08 	 1.1413576181264135e-17
472.4735735735736 	 3.552815866185307e-08 	 1.1365292404149493e-17
472.9740540540541 	 3.54905643165285e-08 	 1.1317263680693554e-17
473.4745345345346 	 3.545304944849209e-08 	 1.1269488395852066e-17
473.97501501501506 	 3.5415613805978494e-08 	 1.1221964946499413e-17
474.4754954954955 	 3.537825713828459e-08 	 1.1174691741328174e-17
474.97597597597604 	 3.5340979195763914e-08 	 1.112766720074965e-17
475.4764564564565 	 3.530377972982114e-08 	 1.1080889756795381e-17
475.97693693693697 	 3.526665849290646e-08 	 1.1034357853019494e-17
476.4774174174175 	 3.522961523851019e-08 	 1.0988069944402083e-17
476.97789789789795 	 3.5192649721157254e-08 	 1.094202449725343e-17
477.4783783783784 	 3.515576169640178e-08 	 1.0896219989119135e-17
477.9788588588589 	 3.511895092082171e-08 	 1.085065490868616e-17
478.4793393393394 	 3.508221715201344e-08 	 1.0805327755689746e-17
478.97981981981985 	 3.5045560148586527e-08 	 1.0760237040821225e-17
479.48030030030037 	 3.500897967015834e-08 	 1.0715381285636606e-17
479.98078078078083 	 3.497247547734889e-08 	 1.0670759022466186e-17
480.4812612612613 	 3.493604733177554e-08 	 1.062636879432483e-17
480.9817417417418 	 3.4899694996047824e-08 	 1.0582209154823192e-17
481.4822222222223 	 3.486341823376233e-08 	 1.0538278668079762e-17
481.98270270270274 	 3.4827216809497557e-08 	 1.0494575908633699e-17
482.48318318318326 	 3.4791090488808783e-08 	 1.0451099461358461e-17
482.9836636636637 	 3.475503903822307e-08 	 1.040784792137632e-17
483.4841441441442 	 3.4719062225234175e-08 	 1.0364819893973583e-17
483.9846246246247 	 3.468315981829761e-08 	 1.0322013994516667e-17
484.48510510510516 	 3.4647331586825606e-08 	 1.0279428848368883e-17
484.9855855855856 	 3.4611577301182245e-08 	 1.0237063090808101e-17
485.4860660660661 	 3.45758967326785e-08 	 1.0194915366945024e-17
485.9865465465466 	 3.454028965356739e-08 	 1.0152984331642378e-17
486.48702702702707 	 3.4504755837039145e-08 	 1.0111268649434754e-17
486.98750750750753 	 3.446929505721634e-08 	 1.0069766994449186e-17
487.48798798798805 	 3.443390708914914e-08 	 1.0028478050326503e-17
487.9884684684685 	 3.439859170881057e-08 	 9.987400510143419e-18
488.488948948949 	 3.436334869309176e-08 	 9.946533076335288e-18
488.9894294294295 	 3.43281778197972e-08 	 9.905874460619543e-18
489.48990990990995 	 3.4293078867640187e-08 	 9.865423383920005e-18
489.9903903903904 	 3.425805161623806e-08 	 9.825178576291662e-18
490.49087087087094 	 3.422309584610766e-08 	 9.785138776846284e-18
490.9913513513514 	 3.418821133866074e-08 	 9.745302733678717e-18
491.49183183183186 	 3.415339787619939e-08 	 9.705669203793761e-18
491.9923123123124 	 3.411865524191149e-08 	 9.66623695303378e-18
492.49279279279284 	 3.408398321986628e-08 	 9.62700475600701e-18
492.9932732732733 	 3.404938159500981e-08 	 9.587971396016429e-18
493.4937537537538 	 3.401485015316051e-08 	 9.549135664989318e-18
493.9942342342343 	 3.398038868100485e-08 	 9.510496363407523e-18
494.49471471471475 	 3.39459969660928e-08 	 9.472052300238227e-18
494.99519519519527 	 3.39116747968336e-08 	 9.433802292865447e-18
495.4956756756757 	 3.387742196249136e-08 	 9.395745167022156e-18
495.9961561561562 	 3.384323825318074e-08 	 9.357879756722936e-18
496.4966366366367 	 3.380912345986268e-08 	 9.320204904197325e-18
496.99711711711717 	 3.377507737434016e-08 	 9.282719459823733e-18
497.49759759759763 	 3.374109978925392e-08 	 9.24542228206396e-18
497.99807807807815 	 3.370719049807826e-08 	 9.20831223739829e-18
498.4985585585586 	 3.367334929511691e-08 	 9.171388200261216e-18
498.9990390390391 	 3.363957597549877e-08 	 9.134649052977672e-18
499.4995195195196 	 3.3605870335173884e-08 	 9.098093685699914e-18
500.0 	 3.357223217090927e-08 	 9.061720996344942e-18
