3.5233633633633636 	 2.4961730860020146e-06 	 1.1425711591332164e-09
4.023843843843844 	 2.43817341048551e-06 	 6.334657074361035e-10
4.524324324324325 	 2.3665618122166963e-06 	 3.69190011198448e-10
5.0248048048048055 	 2.278206571704188e-06 	 2.2266688525729491e-10
5.525285285285285 	 2.1688518175923595e-06 	 1.371875921464829e-10
6.025765765765766 	 2.032562185542091e-06 	 8.530315436648129e-11
6.526246246246247 	 1.8608637421120834e-06 	 5.2832683984577035e-11
7.026726726726727 	 1.641216373087733e-06 	 3.205584121900013e-11
7.527207207207208 	 1.3542124182547376e-06 	 1.8586079573940272e-11
8.027687687687688 	 9.680366669970722e-07 	 9.853359180673032e-12
8.528168168168168 	 4.263542073020501e-07 	 4.336196287719394e-12
9.02864864864865 	 3.816581379874724e-07 	 1.1787047194355541e-12
9.52912912912913 	 1.7098963835698825e-06 	 7.230807331158628e-14
10.029609609609611 	 4.295741930676627e-06 	 1.5626581611483175e-12
10.530090090090091 	 1.1211443196605348e-05 	 9.458914348405835e-12
11.030570570570571 	 2.9218379294735225e-05 	 3.5725925107398826e-11
11.531051051051053 	 4.502369505519664e-05 	 6.313811383172004e-11
12.031531531531533 	 5.018463548326532e-05 	 6.461338600496227e-11
12.532012012012013 	 4.722340282825851e-05 	 4.946472550151796e-11
13.032492492492494 	 4.612165296634958e-05 	 4.535426246180118e-11
13.532972972972974 	 4.2660315280788125e-05 	 3.609194442841059e-11
14.033453453453454 	 4.0616549818132976e-05 	 3.127052570537189e-11
14.533933933933936 	 4.047108037153169e-05 	 3.00140343101784e-11
15.034414414414416 	 4.1016715163270694e-05 	 3.066558636679876e-11
15.534894894894897 	 4.2387693964489124e-05 	 3.34595130046251e-11
16.035375375375377 	 3.914138246454344e-05 	 2.7423535451600877e-11
16.535855855855857 	 4.107014362070723e-05 	 3.0833236240910627e-11
17.036336336336337 	 4.191454672727888e-05 	 3.4800960769932215e-11
17.53681681681682 	 4.1168169826877885e-05 	 3.618542321123169e-11
18.0372972972973 	 3.8928667920898234e-05 	 3.4679331356028454e-11
18.53777777777778 	 3.496954893802629e-05 	 2.93227127250229e-11
19.03825825825826 	 3.152536145436033e-05 	 2.4139621242499352e-11
19.53873873873874 	 2.781739674181982e-05 	 1.916053907308219e-11
20.039219219219223 	 2.5101482792271784e-05 	 1.4688041519663612e-11
20.539699699699703 	 2.3346284601384875e-05 	 1.1522050272610923e-11
21.040180180180183 	 2.3918104894679724e-05 	 9.640204850272033e-12
21.540660660660663 	 2.6928087165639412e-05 	 1.1191765702532685e-11
22.041141141141143 	 2.8390818614365636e-05 	 1.389352899634364e-11
22.541621621621623 	 2.7284992855248647e-05 	 1.5032692013921503e-11
23.042102102102106 	 2.438709709864149e-05 	 1.405274534137041e-11
23.542582582582586 	 2.0749948345644395e-05 	 1.1687174146565854e-11
24.043063063063066 	 1.7464307569284668e-05 	 8.991051100988874e-12
24.543543543543546 	 1.5279235337463513e-05 	 6.709238059115942e-12
25.044024024024026 	 1.4433388424954629e-05 	 5.1124468472351935e-12
25.54450450450451 	 1.4796810004340088e-05 	 4.2018759200641676e-12
26.04498498498499 	 1.5945242188590736e-05 	 3.8718500500189286e-12
26.54546546546547 	 1.7250521536874985e-05 	 3.9350031003238055e-12
27.04594594594595 	 1.8195074721319682e-05 	 4.147048276147937e-12
27.54642642642643 	 1.8616447406484368e-05 	 4.294668974641131e-12
28.04690690690691 	 1.869266856015163e-05 	 4.2755426777916975e-12
28.547387387387392 	 1.8939846154568094e-05 	 4.170283235571719e-12
29.047867867867872 	 2.0183400303711358e-05 	 4.4121600473711575e-12
29.548348348348352 	 2.2102660476005115e-05 	 5.598665842686407e-12
30.04882882882883 	 2.248474991909405e-05 	 6.92996077470701e-12
30.54930930930931 	 2.126510509058863e-05 	 7.326092719181968e-12
31.049789789789795 	 1.9547031704189486e-05 	 7.061994188021765e-12
31.550270270270275 	 1.7850494255772418e-05 	 6.5613322579571095e-12
32.05075075075076 	 1.6309140674210134e-05 	 6.012993570487811e-12
32.55123123123124 	 1.4936958766206915e-05 	 5.483256070047479e-12
33.05171171171172 	 1.3719843378405567e-05 	 4.993387553505634e-12
33.5521921921922 	 1.2639403577906351e-05 	 4.5484449552020876e-12
34.05267267267268 	 1.1678537475914885e-05 	 4.1477134797841145e-12
34.55315315315316 	 1.0822093493744861e-05 	 3.78815158021754e-12
35.053633633633645 	 1.0056897951369756e-05 	 3.466058049584944e-12
35.55411411411412 	 9.37150337397992e-06 	 3.17757848817555e-12
36.054594594594604 	 8.755889287102014e-06 	 2.9190187000879468e-12
36.55507507507508 	 8.201472195137193e-06 	 2.686977946125068e-12
37.055555555555564 	 7.700715038563913e-06 	 2.4784054030610007e-12
37.55603603603605 	 7.247097886033692e-06 	 2.29054964966236e-12
38.056516516516524 	 6.835049884969903e-06 	 2.121032919197217e-12
38.55699699699701 	 6.4596764424452e-06 	 1.96771769125043e-12
39.057477477477484 	 6.116726298461269e-06 	 1.8287667515250285e-12
39.55795795795797 	 5.802595655728456e-06 	 1.7025509562279612e-12
40.05843843843845 	 5.514071933615522e-06 	 1.5876592176628067e-12
40.55891891891893 	 5.248439057378121e-06 	 1.4828596281904241e-12
41.05939939939941 	 5.003270104875251e-06 	 1.3870660850678433e-12
41.55987987987989 	 4.776433793090303e-06 	 1.299331184130338e-12
42.06036036036037 	 4.566103733220162e-06 	 1.218822632712382e-12
42.56084084084085 	 4.370689266087653e-06 	 1.1448123425857697e-12
43.06132132132133 	 4.188749861448928e-06 	 1.0766485688237173e-12
43.56180180180181 	 4.019013264153369e-06 	 1.0137597682947116e-12
44.06228228228229 	 3.860341853877538e-06 	 9.556482233058776e-13
44.56276276276277 	 3.711820041676033e-06 	 9.018646610082839e-13
45.06324324324325 	 3.5725178110150493e-06 	 8.520096024307823e-13
45.56372372372373 	 3.441660694685782e-06 	 8.057257390674421e-13
46.064204204204216 	 3.318533456431911e-06 	 7.627021221123662e-13
46.56468468468469 	 3.2025285582083077e-06 	 7.226499557969739e-13
47.065165165165176 	 3.0930727995499465e-06 	 6.853216023950635e-13
47.56564564564565 	 2.9896581604402926e-06 	 6.504831147132725e-13
48.066126126126136 	 2.8918268988811e-06 	 6.179325505755732e-13
48.56660660660662 	 2.7991598201319188e-06 	 5.874825126591375e-13
49.067087087087096 	 2.711280982716003e-06 	 5.589681852873468e-13
49.56756756756758 	 2.6278534625612252e-06 	 5.322346086653643e-13
50.068048048048055 	 2.5485568259355064e-06 	 5.071491402373355e-13
50.56852852852854 	 2.473117551162892e-06 	 4.83582703792781e-13
51.06900900900902 	 2.4012703143898603e-06 	 4.614237610392357e-13
51.5694894894895 	 2.332781622723945e-06 	 4.4056816853887655e-13
52.06996996996998 	 2.267432486894808e-06 	 4.2092195138424516e-13
52.57045045045046 	 2.205023615417939e-06 	 4.02399745203268e-13
53.07093093093094 	 2.145370155111219e-06 	 3.8492182837050375e-13
53.571411411411425 	 2.088309266975406e-06 	 3.6841495283626633e-13
54.0718918918919 	 2.033677219626591e-06 	 3.5281527954586926e-13
54.572372372372385 	 1.98133585126906e-06 	 3.3805949898645443e-13
55.07285285285286 	 1.9311519671426613e-06 	 3.240915076462967e-13
55.573333333333345 	 1.8829993173026506e-06 	 3.108616938765159e-13
56.07381381381382 	 1.8367667800393298e-06 	 2.983211940205303e-13
56.574294294294305 	 1.7923465839047221e-06 	 2.864257487879595e-13
57.07477477477479 	 1.749640722316184e-06 	 2.7513505873776927e-13
57.575255255255264 	 1.7085550355552634e-06 	 2.6441248348722957e-13
58.07573573573575 	 1.669009563065293e-06 	 2.542214252055842e-13
58.576216216216224 	 1.6309231031007128e-06 	 2.445298542686133e-13
59.07669669669671 	 1.5942173917526538e-06 	 2.3530933345785603e-13
59.57717717717719 	 1.5588268831011927e-06 	 2.265301941463606e-13
60.07765765765767 	 1.5246839017406504e-06 	 2.1816800483554685e-13
60.57813813813815 	 1.4917286991489872e-06 	 2.1019806068934556e-13
61.07861861861863 	 1.4599024181228347e-06 	 2.02597567845237e-13
61.57909909909911 	 1.4291545604741349e-06 	 1.9534609575058522e-13
62.079579579579594 	 1.3994304431413384e-06 	 1.8842475783318397e-13
62.58006006006007 	 1.3706880755670743e-06 	 1.8181368421502523e-13
63.080540540540554 	 1.3428808929442148e-06 	 1.7549654780842302e-13
63.58102102102103 	 1.3159615990295523e-06 	 1.6945853289261853e-13
64.0815015015015 	 1.2898980194566181e-06 	 1.6368298937539482e-13
64.58198198198198 	 1.2646495868805418e-06 	 1.5815721906060497e-13
65.08246246246247 	 1.240180946616628e-06 	 1.528676105269968e-13
65.58294294294295 	 1.2164600504076594e-06 	 1.4780194679945196e-13
66.08342342342343 	 1.1934531408003686e-06 	 1.4294874931456588e-13
66.5839039039039 	 1.1711314861772727e-06 	 1.3829721124321413e-13
67.08438438438439 	 1.1494662522335689e-06 	 1.3383740762754908e-13
67.58486486486487 	 1.1284331125503365e-06 	 1.2955908542065834e-13
68.08534534534535 	 1.1080064008510351e-06 	 1.2545343502841402e-13
68.58582582582584 	 1.0881575554821516e-06 	 1.2151289923642898e-13
69.08630630630631 	 1.0688704912647294e-06 	 1.1772793430024945e-13
69.58678678678679 	 1.050118960876942e-06 	 1.1409248036672516e-13
70.08726726726728 	 1.0318837904072387e-06 	 1.1059835480861848e-13
70.58774774774776 	 1.0141445430849551e-06 	 1.0723963035763014e-13
71.08822822822823 	 9.96883007000785e-07 	 1.0400966608989445e-13
71.58870870870871 	 9.800813097121667e-07 	 1.0090235364995773e-13
72.0891891891892 	 9.637242576458253e-07 	 9.791231630796733e-14
72.58966966966968 	 9.477933425678964e-07 	 9.50337862680948e-14
73.09015015015015 	 9.322766057576406e-07 	 9.226195129268583e-14
73.59063063063064 	 9.171529221859452e-07 	 8.959239731693782e-14
74.09111111111112 	 9.024155332185199e-07 	 8.70198283379551e-14
74.5915915915916 	 8.880487787592066e-07 	 8.454060398048263e-14
75.09207207207209 	 8.740376218352797e-07 	 8.215010028733459e-14
75.59255255255256 	 8.603711159424952e-07 	 7.984507696977041e-14
76.09303303303304 	 8.470379379317054e-07 	 7.762148982978994e-14
76.59351351351351 	 8.340277592923385e-07 	 7.547562627341663e-14
77.093993993994 	 8.213275378571195e-07 	 7.340480294114493e-14
77.59447447447448 	 8.08928325088455e-07 	 7.140538102077109e-14
78.09495495495496 	 7.968223272268097e-07 	 6.947435000372e-14
78.59543543543545 	 7.849969821983765e-07 	 6.760926862155296e-14
79.09591591591592 	 7.734445637095167e-07 	 6.580714929814344e-14
79.5963963963964 	 7.621563311658165e-07 	 6.406547335924661e-14
80.09687687687689 	 7.511246698249214e-07 	 6.238153838790979e-14
80.59735735735737 	 7.403406344461875e-07 	 6.075365533035657e-14
81.09783783783784 	 7.297966027322619e-07 	 5.917900585273852e-14
81.59831831831832 	 7.194881559260452e-07 	 5.765554384992971e-14
82.09879879879881 	 7.094022519454914e-07 	 5.6181578736615077e-14
82.59927927927929 	 6.995383480689879e-07 	 5.475491014078451e-14
83.09975975975976 	 6.898866752621e-07 	 5.3373743372615014e-14
83.60024024024025 	 6.804397869987553e-07 	 5.2036350016827715e-14
84.10072072072073 	 6.711929580186307e-07 	 5.074137037866003e-14
84.6012012012012 	 6.621415468911003e-07 	 4.948666033129455e-14
85.10168168168168 	 6.532802558898218e-07 	 4.8270744135578846e-14
85.60216216216217 	 6.446017138590403e-07 	 4.70927054068064e-14
86.10264264264265 	 6.361013969317598e-07 	 4.595064048173277e-14
86.60312312312313 	 6.277744698568937e-07 	 4.484326214486814e-14
87.10360360360362 	 6.196170648048581e-07 	 4.376953862854241e-14
87.60408408408409 	 6.116219008708258e-07 	 4.272802645522057e-14
88.10456456456457 	 6.037864404452989e-07 	 4.1717603686095674e-14
88.60504504504506 	 5.961077067241968e-07 	 4.07371550691888e-14
89.10552552552554 	 5.885772414406839e-07 	 3.9785792477001893e-14
89.60600600600601 	 5.81195956916974e-07 	 3.886215669247061e-14
90.10648648648649 	 5.739545300668865e-07 	 3.796563553013786e-14
90.60696696696698 	 5.668545008858282e-07 	 3.709489954105936e-14
91.10744744744746 	 5.598886420550769e-07 	 3.6249266599010014e-14
91.60792792792793 	 5.530563052997696e-07 	 3.542771450227785e-14
92.10840840840842 	 5.463512685655796e-07 	 3.462975450932594e-14
92.6088888888889 	 5.397720057356164e-07 	 3.385423317073448e-14
93.10936936936938 	 5.333146005726159e-07 	 3.310043519136467e-14
93.60984984984987 	 5.269765473299056e-07 	 3.236775436683689e-14
94.11033033033034 	 5.207547378040653e-07 	 3.1655341848929754e-14
94.61081081081082 	 5.146453655286824e-07 	 3.096270500041875e-14
95.1112912912913 	 5.086456419928083e-07 	 3.028902162337341e-14
95.61177177177179 	 5.027541076369358e-07 	 2.96337164806292e-14
96.11225225225226 	 4.969683723191132e-07 	 2.8996119025222926e-14
96.61273273273274 	 4.912834598583914e-07 	 2.8375854358047096e-14
97.11321321321323 	 4.856997043728051e-07 	 2.777220939931463e-14
97.6136936936937 	 4.802132926115056e-07 	 2.7184542249750785e-14
98.11417417417418 	 4.748219283998621e-07 	 2.6612570066008707e-14
98.61465465465466 	 4.6952276981098335e-07 	 2.6055686192172952e-14
99.11513513513515 	 4.643139736166033e-07 	 2.5513418088662718e-14
99.61561561561562 	 4.5919532993425207e-07 	 2.4985214692550073e-14
100.1160960960961 	 4.550682282548859e-07 	 2.447687928907079e-14
100.61657657657659 	 4.52804657248223e-07 	 2.399349564771233e-14
101.11705705705707 	 4.505634934028837e-07 	 2.3521985987232718e-14
101.61753753753754 	 4.483444056437266e-07 	 2.306200200962533e-14
102.11801801801803 	 4.461470693860084e-07 	 2.261320727817133e-14
102.61849849849851 	 4.439711663771125e-07 	 2.2175276758036025e-14
103.11897897897899 	 4.4181638454288595e-07 	 2.1747896376786227e-14
103.61945945945946 	 4.396824178384304e-07 	 2.1330762603873292e-14
104.11993993993995 	 4.375689661031956e-07 	 2.092358204817686e-14
104.62042042042043 	 4.3547573492023313e-07 	 2.052607107275155e-14
105.1209009009009 	 4.334024354794689e-07 	 2.0137955425963197e-14
105.6213813813814 	 4.313487844448649e-07 	 1.9758969888243955e-14
106.12186186186187 	 4.2931450382533853e-07 	 1.9388857933734542e-14
106.62234234234235 	 4.2729932084931786e-07 	 1.9027371406119874e-14
107.12282282282284 	 4.2530296784281276e-07 	 1.8674270207999667e-14
107.62330330330332 	 4.2332518211088933e-07 	 1.8329322003169023e-14
108.1237837837838 	 4.213657058224345e-07 	 1.799230193121532e-14
108.62426426426427 	 4.194242858981074e-07 	 1.766299233386826e-14
109.12474474474476 	 4.1750067390137395e-07 	 1.734118249256745e-14
109.62522522522524 	 4.155946259325256e-07 	 1.7026668376739027e-14
110.12570570570571 	 4.137059025255887e-07 	 1.6719252402297932e-14
110.6261861861862 	 4.1183426854803156e-07 	 1.641874319991638e-14
111.12666666666668 	 4.099794931031827e-07 	 1.6124955392621726e-14
111.62714714714716 	 4.081413494352723e-07 	 1.5837709382308015e-14
112.12762762762763 	 4.06319614837019e-07 	 1.5556831144766422e-14
112.62810810810812 	 4.045140705596785e-07 	 1.5282152032858145e-14
113.1285885885886 	 4.0272450172548167e-07 	 1.501350858747226e-14
113.62906906906908 	 4.009506972423848e-07 	 1.4750742355927647e-14
114.12954954954957 	 3.991924497210649e-07 	 1.4493699717494925e-14
114.63003003003004 	 3.9744955539408756e-07 	 1.4242231715729416e-14
115.13051051051052 	 3.9572181403718444e-07 	 1.399619389732107e-14
115.63099099099101 	 3.940090288925741e-07 	 1.3755446157181055e-14
116.13147147147149 	 3.923110065942667e-07 	 1.3519852589498089e-14
116.63195195195196 	 3.9062755709529097e-07 	 1.3289281344509838e-14
117.13243243243244 	 3.8895849359678696e-07 	 1.3063604490746874e-14
117.63291291291293 	 3.873036324789091e-07 	 1.2842697882517825e-14
118.1333933933934 	 3.8566279323348606e-07 	 1.2626441032415062e-14
118.63387387387388 	 3.8403579839838405e-07 	 1.2414716988630432e-14
119.13435435435437 	 3.8242247349352547e-07 	 1.2207412216880342e-14
119.63483483483485 	 3.8082264695851324e-07 	 1.2004416486748468e-14
120.13531531531532 	 3.792361500918142e-07 	 1.1805622762263289e-14
120.63579579579581 	 3.776628169914565e-07 	 1.1610927096535807e-14
121.13627627627629 	 3.7610248449719674e-07 	 1.1420228530290724e-14
121.63675675675677 	 3.745549921341155e-07 	 1.1233428994131957e-14
122.13723723723724 	 3.730201820575986e-07 	 1.1050433214390286e-14
122.63771771771773 	 3.714978989996668e-07 	 1.0871148622407967e-14
123.13819819819821 	 3.6998799021661333e-07 	 1.0695485267121391e-14
123.63867867867869 	 3.684903054379135e-07 	 1.052335573080914e-14
124.13915915915918 	 3.670046968163703e-07 	 1.0354675047878531e-14
124.63963963963965 	 3.655310188794611e-07 	 1.0189360626569516e-14
125.14012012012013 	 3.640691284818515e-07 	 1.0027332173459764e-14
125.64060060060062 	 3.626188847590446e-07 	 9.868511620660224e-15
126.1410810810811 	 3.611801490821334e-07 	 9.712823055594854e-15
126.64156156156157 	 3.597527850136261e-07 	 9.560192653263185e-15
127.14204204204205 	 3.583366582643147e-07 	 9.410548610888387e-15
127.64252252252254 	 3.5693163665115866e-07 	 9.263821084858007e-15
128.14300300300303 	 3.5553759005615517e-07 	 9.119942129868269e-15
128.64348348348352 	 3.5415439038616933e-07 	 8.978845640186715e-15
129.14396396396398 	 3.52781911533699e-07 	 8.840467292951636e-15
129.64444444444447 	 3.514200293385474e-07 	 8.704744493429975e-15
130.14492492492496 	 3.500686215503814e-07 	 8.571616322159096e-15
130.64540540540543 	 3.487275677921493e-07 	 8.441023483900297e-15
131.14588588588592 	 3.4739674952433665e-07 	 8.31290825833564e-15
131.6463663663664 	 3.460760500100376e-07 	 8.187214452442068e-15
132.14684684684687 	 3.4476535428081944e-07 	 8.063887354479592e-15
132.64732732732736 	 3.4346454910336043e-07 	 7.942873689533138e-15
133.14780780780782 	 3.4217352294683986e-07 	 7.824121576549875e-15
133.6482882882883 	 3.4089216595106045e-07 	 7.707580486816318e-15
134.1487687687688 	 3.3962036989528527e-07 	 7.59320120382195e-15
134.64924924924927 	 3.383580281677684e-07 	 7.480935784457904e-15
135.14972972972976 	 3.3710503573596344e-07 	 7.370737521501686e-15
135.65021021021025 	 3.358612891173914e-07 	 7.262560907340723e-15
136.1506906906907 	 3.3462668635115114e-07 	 7.156361598889426e-15
136.6511711711712 	 3.3340112697005486e-07 	 7.0520963836562506e-15
137.1516516516517 	 3.321845119733757e-07 	 6.949723146919207e-15
137.65213213213215 	 3.3097674380018817e-07 	 6.8492008399694805e-15
138.15261261261264 	 3.29777726303288e-07 	 6.750489449384847e-15
138.65309309309313 	 3.2858736472367856e-07 	 6.65354996729592e-15
139.1535735735736 	 3.274055656656058e-07 	 6.558344362609612e-15
139.6540540540541 	 3.262322370721309e-07 	 6.4648355531557374e-15
140.15453453453458 	 3.250672882012268e-07 	 6.3729873787240545e-15
140.65501501501504 	 3.239106296023844e-07 	 6.2827645749600666e-15
141.15549549549553 	 3.227621730937158e-07 	 6.194132748089415e-15
141.65597597597602 	 3.2162183173954475e-07 	 6.1070583504417674e-15
142.15645645645648 	 3.2048951982846867e-07 	 6.021508656746064e-15
142.65693693693697 	 3.193651528518833e-07 	 5.937451741170332e-15
143.15741741741743 	 3.18248647482958e-07 	 5.854856455080163e-15
143.65789789789793 	 3.1713992155604973e-07 	 5.773692405490836e-15
144.15837837837842 	 3.1603889404654687e-07 	 5.693929934189299e-15
144.65885885885888 	 3.149454850511306e-07 	 5.6155400975028006e-15
145.15933933933937 	 3.138596157684448e-07 	 5.538494646692072e-15
145.65981981981986 	 3.1278120848016504e-07 	 5.4627660089477236e-15
146.16030030030032 	 3.117101865324556e-07 	 5.388327268969243e-15
146.6607807807808 	 3.10646474317807e-07 	 5.315152151106869e-15
147.1612612612613 	 3.0958999725724327e-07 	 5.243215002047279e-15
147.66174174174176 	 3.0854068178289214e-07 	 5.172490774024747e-15
148.16222222222225 	 3.0749845532090735e-07 	 5.1029550085401006e-15
148.66270270270275 	 3.0646324627473665e-07 	 5.034583820570528e-15
149.1631831831832 	 3.054349840087268e-07 	 4.9673538832537655e-15
149.6636636636637 	 3.044135988320565e-07 	 4.90124241303092e-15
150.1641441441442 	 3.033990219829918e-07 	 4.836227155232755e-15
150.66462462462465 	 3.023911856134547e-07 	 4.772286370094704e-15
151.16510510510514 	 3.013900227738982e-07 	 4.709398819186549e-15
151.6655855855856 	 3.0039546739848123e-07 	 4.647543752243144e-15
152.1660660660661 	 2.9940745429053594e-07 	 4.586700894382997e-15
152.66654654654658 	 2.9842591910832045e-07 	 4.526850433702154e-15
153.16702702702705 	 2.9745079835105195e-07 	 4.467973009231113e-15
153.66750750750754 	 2.964820293452114e-07 	 4.4100496992429965e-15
154.16798798798803 	 2.9551955023111627e-07 	 4.353062009901704e-15
154.6684684684685 	 2.945632999497527e-07 	 4.2969918642390136e-15
155.16894894894898 	 2.936132182298638e-07 	 4.2418215914501374e-15
155.66942942942947 	 2.92669245575286e-07 	 4.1875339164975165e-15
156.16990990990993 	 2.9173132325252955e-07 	 4.1341119500130116e-15
156.67039039039042 	 2.9079939327859624e-07 	 4.081539178489005e-15
157.1708708708709 	 2.898733984090311e-07 	 4.0297994547493365e-15
157.67135135135138 	 2.889532821262007e-07 	 3.978876988691078e-15
158.17183183183187 	 2.8803898862779394e-07 	 3.928756338288758e-15
158.67231231231236 	 2.8713046281554125e-07 	 3.879422400852752e-15
159.17279279279282 	 2.862276502841461e-07 	 3.830860404533844e-15
159.6732732732733 	 2.8533049731042427e-07 	 3.783055900066337e-15
160.1737537537538 	 2.844389508426478e-07 	 3.735994752742279e-15
160.67423423423426 	 2.835529584900871e-07 	 3.6896631346095986e-15
161.17471471471475 	 2.8267246851274804e-07 	 3.644047516887288e-15
161.67519519519522 	 2.817974298113006e-07 	 3.599134662590918e-15
162.1756756756757 	 2.8092779191719263e-07 	 3.554911619362016e-15
162.6761561561562 	 2.800635049829472e-07 	 3.5113657124950823e-15
163.17663663663666 	 2.7920451977263777e-07 	 3.4684845381561945e-15
163.67711711711715 	 2.7835078765253856e-07 	 3.42625595678738e-15
164.17759759759764 	 2.775022605819456e-07 	 3.3846680866911184e-15
164.6780780780781 	 2.7665889110416593e-07 	 3.3437092977895358e-15
165.1785585585586 	 2.758206323376692e-07 	 3.303368205552963e-15
165.67903903903908 	 2.7498743796740085e-07 	 3.2636336650928658e-15
166.17951951951954 	 2.7415926223625224e-07 	 3.2244947654141366e-15
166.68000000000004 	 2.733360599366831e-07 	 3.1859408238219874e-15
167.18048048048053 	 2.7251778640249663e-07 	 3.1479613804789235e-15
167.680960960961 	 2.717043975007599e-07 	 3.110546193107211e-15
168.18144144144148 	 2.7089584962386957e-07 	 3.073685231832621e-15
168.68192192192197 	 2.700920996817585e-07 	 3.037368674165254e-15
169.18240240240243 	 2.6929310509424114e-07 	 3.001586900113393e-15
169.68288288288292 	 2.6849882378349353e-07 	 2.966330487426477e-15
170.18336336336338 	 2.6770921416666693e-07 	 2.9315902069634566e-15
170.68384384384387 	 2.669242351486307e-07 	 2.8973570181828e-15
171.18432432432436 	 2.6614384611484295e-07 	 2.863622064750686e-15
171.68480480480483 	 2.6536800692434553e-07 	 2.8303766702638872e-15
172.18528528528532 	 2.645966779028812e-07 	 2.797612334084068e-15
172.6857657657658 	 2.638298198361312e-07 	 2.765320727280274e-15
173.18624624624627 	 2.6306739396306905e-07 	 2.7334936886764826e-15
173.68672672672676 	 2.623093619694295e-07 	 2.702123221001197e-15
174.18720720720725 	 2.615556859812909e-07 	 2.6712014871362257e-15
174.6876876876877 	 2.60806328558767e-07 	 2.6407208064617193e-15
175.1881681681682 	 2.6006125268980675e-07 	 2.6106736512948067e-15
175.6886486486487 	 2.5932042178410127e-07 	 2.581052643419149e-15
176.18912912912916 	 2.5858379966709323e-07 	 2.551850550702824e-15
176.68960960960965 	 2.5785135057408883e-07 	 2.523060283802068e-15
177.19009009009014 	 2.571230391444697e-07 	 2.4946748929484724e-15
177.6905705705706 	 2.5639883041600195e-07 	 2.46668756481725e-15
178.1910510510511 	 2.556786898192417e-07 	 2.4390916194743536e-15
178.69153153153155 	 2.5496258317203456e-07 	 2.411880507400225e-15
179.19201201201204 	 2.542504766741069e-07 	 2.3850478065880243e-15
179.69249249249253 	 2.535423369017479e-07 	 2.3585872197143188e-15
180.192972972973 	 2.528381308025802e-07 	 2.332492571380188e-15
180.6934534534535 	 2.5213782569041706e-07 	 2.3067578054208143e-15
181.19393393393398 	 2.514413892402054e-07 	 2.281376982281687e-15
181.69441441441444 	 2.5074878948305166e-07 	 2.2563442764595784e-15
182.19489489489493 	 2.500599948013303e-07 	 2.231653974006518e-15
182.69537537537542 	 2.493749739238725e-07 	 2.20730047009507e-15
183.19585585585588 	 2.486936959212335e-07 	 2.183278266643214e-15
183.69633633633637 	 2.4801613020103735e-07 	 2.159581969997224e-15
184.19681681681686 	 2.473422465033979e-07 	 2.136206288670998e-15
184.69729729729733 	 2.466720148964141e-07 	 2.1131460311402795e-15
185.19777777777782 	 2.460054057717377e-07 	 2.0903961036903052e-15
185.6982582582583 	 2.45342389840214e-07 	 2.0679515083154764e-15
186.19873873873877 	 2.4468293812759133e-07 	 2.045807340669599e-15
186.69921921921926 	 2.4402702197030037e-07 	 2.0239587880653996e-15
187.19969969969975 	 2.433746130113019e-07 	 2.00240112752199e-15
187.7001801801802 	 2.42725683195999e-07 	 1.981129723858968e-15
188.2006606606607 	 2.420802047682164e-07 	 1.9601400278359857e-15
188.70114114114116 	 2.4143815026624287e-07 	 1.939427574336532e-15
189.20162162162165 	 2.407994925189366e-07 	 1.9189879805947854e-15
189.70210210210215 	 2.40164204641892e-07 	 1.8988169444644002e-15
190.2025825825826 	 2.395322600336678e-07 	 1.878910242728137e-15
190.7030630630631 	 2.3890363237207335e-07 	 1.8592637294472494e-15
191.2035435435436 	 2.3827829561051445e-07 	 1.839873334349614e-15
191.70402402402405 	 2.376562239743955e-07 	 1.82073506125558e-15
192.20450450450454 	 2.370373919575782e-07 	 1.8018449865405566e-15
192.70498498498503 	 2.3642177431889589e-07 	 1.7831992576334212e-15
193.2054654654655 	 2.3580934607872107e-07 	 1.7647940915497662e-15
193.70594594594598 	 2.3520008251558712e-07 	 1.7466257734591467e-15
194.20642642642648 	 2.3459395916286149e-07 	 1.728690655285415e-15
194.70690690690694 	 2.339909518054708e-07 	 1.7109851543393179e-15
195.20738738738743 	 2.3339103647667594e-07 	 1.693505751982525e-15
195.70786786786792 	 2.3279418945489678e-07 	 1.6762489923222773e-15
196.20834834834838 	 2.3220038726058545e-07 	 1.6592114809359021e-15
196.70882882882887 	 2.3160960665314736e-07 	 1.64238988362441e-15
197.20930930930933 	 2.3102182462790914e-07 	 1.6257809251944611e-15
197.70978978978982 	 2.3043701841313248e-07 	 1.6093813882679717e-15
198.2102702702703 	 2.2985516546707353e-07 	 1.5931881121186661e-15
198.71075075075078 	 2.2927624347508646e-07 	 1.5771979915349175e-15
199.21123123123127 	 2.2870023034677051e-07 	 1.561407975708174e-15
199.71171171171176 	 2.2812710421316055e-07 	 1.5458150671463967e-15
200.21219219219222 	 2.275568434239594e-07 	 1.530416320611829e-15
200.7126726726727 	 2.269894265448111e-07 	 1.5152088420825096e-15
201.2131531531532 	 2.264248323546158e-07 	 1.5001897877369711e-15
201.71363363363366 	 2.2586303984288423e-07 	 1.485356362961504e-15
202.21411411411415 	 2.2530402820713086e-07 	 1.4707058213794574e-15
202.71459459459464 	 2.2474777685030673e-07 	 1.4562354639020362e-15
203.2150750750751 	 2.2419426537826952e-07 	 1.4419426378000514e-15
203.7155555555556 	 2.2364347359729093e-07 	 1.4278247357961191e-15
204.2160360360361 	 2.2309538151160108e-07 	 1.4138791951768174e-15
204.71651651651655 	 2.2254996932096872e-07 	 1.4001034969242972e-15
205.21699699699704 	 2.2200721741831662e-07 	 1.3864951648668892e-15
205.71747747747753 	 2.2146710638737214e-07 	 1.3730517648482377e-15
206.217957957958 	 2.20929617000352e-07 	 1.3597709039145211e-15
206.71843843843848 	 2.2039473021568025e-07 	 1.3466502295193094e-15
207.21891891891894 	 2.1986242717573983e-07 	 1.3336874287456572e-15
207.71939939939944 	 2.193326892046563e-07 	 1.3208802275449878e-15
208.21987987987993 	 2.1880549780611383e-07 	 1.3082263899923972e-15
208.7203603603604 	 2.182808346612021e-07 	 1.2957237175579641e-15
209.22084084084088 	 2.1775868162629475e-07 	 1.2833700483936875e-15
209.72132132132137 	 2.172390207309576e-07 	 1.2711632566356955e-15
210.22180180180183 	 2.1672183417588738e-07 	 1.259101251721347e-15
210.72228228228232 	 2.16207104330879e-07 	 1.2471819777208688e-15
211.2227627627628 	 2.1569481373282285e-07 	 1.2354034126832154e-15
211.72324324324327 	 2.1518494508372925e-07 	 1.2237635679957755e-15
212.22372372372377 	 2.146774812487818e-07 	 1.2122604877576325e-15
212.72420420420426 	 2.1417240525441776e-07 	 1.2008922481660462e-15
213.22468468468472 	 2.1366970028643576e-07 	 1.18965695691585e-15
213.7251651651652 	 2.1316934968812958e-07 	 1.1785527526114547e-15
214.2256456456457 	 2.126713369584487e-07 	 1.167577804191184e-15
214.72612612612616 	 2.1217564575018438e-07 	 1.1567303103636364e-15
215.22660660660665 	 2.1168225986818044e-07 	 1.1460084990557961e-15
215.7270870870871 	 2.111911632675702e-07 	 1.1354106268726443e-15
216.2275675675676 	 2.1070234005203661e-07 	 1.12493497856797e-15
216.7280480480481 	 2.1021577447209732e-07 	 1.1145798665261517e-15
217.22852852852856 	 2.097314509234132e-07 	 1.1043436302546461e-15
217.72900900900905 	 2.0924935394511998e-07 	 1.0942246358869355e-15
218.22948948948954 	 2.0876946821818328e-07 	 1.0842212756957032e-15
218.72996996997 	 2.0829177856377593e-07 	 1.0743319676160015e-15
219.2304504504505 	 2.0781626994167737e-07 	 1.064555154778175e-15
219.73093093093098 	 2.0734292744869554e-07 	 1.0548893050503364e-15
220.23141141141144 	 2.068717363171094e-07 	 1.0453329105901591e-15
220.73189189189193 	 2.0640268191313355e-07 	 1.0358844874057899e-15
221.23237237237242 	 2.059357497354029e-07 	 1.0265425749256704e-15
221.7328528528529 	 2.0547092541347857e-07 	 1.0173057355770683e-15
222.23333333333338 	 2.0500819470637322e-07 	 1.0081725543731166e-15
222.73381381381387 	 2.045475435010971e-07 	 9.991416385081863e-16
223.23429429429433 	 2.0408895781122288e-07 	 9.90211616961387e-16
223.73477477477482 	 2.0363242377547032e-07 	 9.813811401080252e-16
224.23525525525528 	 2.0317792765630947e-07 	 9.72648879338846e-16
224.73573573573577 	 2.0272545583858297e-07 	 9.640135266868747e-16
225.23621621621626 	 2.0227499482814613e-07 	 9.554737944616983e-16
225.73669669669673 	 2.0182653125052592e-07 	 9.47028414891024e-16
226.23717717717722 	 2.0138005184959672e-07 	 9.386761397693402e-16
226.7376576576577 	 2.0093554348627474e-07 	 9.304157401135496e-16
227.23813813813817 	 2.0049299313722865e-07 	 9.222460058253894e-16
227.73861861861866 	 2.0005238789360798e-07 	 9.141657453605173e-16
228.23909909909915 	 1.9961371495978785e-07 	 9.06173785404103e-16
228.7395795795796 	 1.9917696165213035e-07 	 8.982689705527879e-16
229.2400600600601 	 1.98742115397762e-07 	 8.904501630028697e-16
229.7405405405406 	 1.983091637333672e-07 	 8.827162422445865e-16
230.24102102102106 	 1.978780943039978e-07 	 8.750661047623597e-16
230.74150150150155 	 1.9744889486189752e-07 	 8.674986637408657e-16
231.24198198198204 	 1.970215532653421e-07 	 8.600128487768218e-16
231.7424624624625 	 1.9659605747749433e-07 	 8.526076055963487e-16
232.242942942943 	 1.961723955652739e-07 	 8.452818957778008e-16
232.74342342342348 	 1.9575055569824186e-07 	 8.380346964799457e-16
233.24390390390394 	 1.9533052614749942e-07 	 8.308650001753688e-16
233.74438438438443 	 1.9491229528460072e-07 	 8.237718143890035e-16
234.2448648648649 	 1.9449585158047995e-07 	 8.167541614416773e-16
234.74534534534538 	 1.9408118360439187e-07 	 8.0981107819855215e-16
235.24582582582588 	 1.9366828002286575e-07 	 8.029416158223764e-16
235.74630630630634 	 1.9325712959867319e-07 	 7.961448395314315e-16
236.24678678678683 	 1.9284772118980828e-07 	 7.894198283620775e-16
236.74726726726732 	 1.9244004374848145e-07 	 7.827656749358077e-16
237.24774774774778 	 1.9203408632012547e-07 	 7.761814852307065e-16
237.74822822822827 	 1.9162983804241435e-07 	 7.696663783572243e-16
238.24870870870876 	 1.9122728814429456e-07 	 7.632194863381831e-16
238.74918918918922 	 1.9082642594502822e-07 	 7.568399538929122e-16
239.24966966966971 	 1.9042724085324857e-07 	 7.505269382254404e-16
239.7501501501502 	 1.900297223660271e-07 	 7.442796088166528e-16
240.25063063063067 	 1.8963386006795246e-07 	 7.380971472203352e-16
240.75111111111116 	 1.8923964363022072e-07 	 7.319787468630168e-16
241.25159159159165 	 1.888470628097371e-07 	 7.259236128475439e-16
241.7520720720721 	 1.884561074482287e-07 	 7.199309617602998e-16
242.2525525525526 	 1.8806676747136834e-07 	 7.140000214819961e-16
242.75303303303306 	 1.8767903288790933e-07 	 7.081300310019696e-16
243.25351351351355 	 1.8729289378883055e-07 	 7.023202402358989e-16
243.75399399399404 	 1.8690834034649258e-07 	 6.965699098468885e-16
244.2544744744745 	 1.8652536281380385e-07 	 6.908783110698345e-16
244.754954954955 	 1.8614395152339697e-07 	 6.852447255390152e-16
245.2554354354355 	 1.8576409688681544e-07 	 6.796684451188404e-16
245.75591591591595 	 1.8538578939371022e-07 	 6.741487717376922e-16
246.25639639639644 	 1.8500901961104568e-07 	 6.686850172247915e-16
246.75687687687693 	 1.84633778182316e-07 	 6.632765031500425e-16
247.2573573573574 	 1.8426005582677025e-07 	 6.579225606667766e-16
247.75783783783788 	 1.8388784333864745e-07 	 6.526225303573506e-16
248.25831831831837 	 1.835171315864207e-07 	 6.473757620815405e-16
248.75879879879884 	 1.8314791151205036e-07 	 6.421816148276673e-16
249.25927927927933 	 1.8278017413024621e-07 	 6.370394565664069e-16
249.75975975975982 	 1.8241391052773874e-07 	 6.319486641072302e-16
250.26024024024028 	 1.8204911186255882e-07 	 6.269086229574163e-16
250.76072072072077 	 1.816857693633263e-07 	 6.219187271835932e-16
251.26120120120126 	 1.8132387432854688e-07 	 6.169783792757517e-16
251.76168168168172 	 1.8096341812591765e-07 	 6.120869900136875e-16
252.2621621621622 	 1.8060439219164048e-07 	 6.072439783358148e-16
252.76264264264267 	 1.8024678802974402e-07 	 6.024487712103182e-16
253.26312312312317 	 1.7989059721141341e-07 	 5.977008035085864e-16
253.76360360360366 	 1.7953581137432808e-07 	 5.929995178808828e-16
254.26408408408412 	 1.7918242222200738e-07 	 5.883443646342183e-16
254.7645645645646 	 1.7883042152316374e-07 	 5.8373480161237e-16
255.2650450450451 	 1.7847980111106364e-07 	 5.791702940780164e-16
255.76552552552556 	 1.7813055288289615e-07 	 5.746503145969413e-16
256.266006006006 	 1.777826687991484e-07 	 5.701743429242623e-16
256.7664864864865 	 1.7743614088298918e-07 	 5.657418658926566e-16
257.266966966967 	 1.7709096121965862e-07 	 5.613523773025316e-16
257.76744744744747 	 1.767471219558663e-07 	 5.570053778141156e-16
258.26792792792793 	 1.7640461529919502e-07 	 5.527003748414165e-16
258.76840840840845 	 1.7606343351751253e-07 	 5.484368824480292e-16
259.2688888888889 	 1.7572356893838965e-07 	 5.442144212447444e-16
259.7693693693694 	 1.7538501394852483e-07 	 5.400325182889261e-16
260.2698498498499 	 1.7504776099317606e-07 	 5.358907069856283e-16
260.77033033033035 	 1.7471180257559878e-07 	 5.317885269904146e-16
261.2708108108108 	 1.7437713125649007e-07 	 5.277255241138448e-16
261.77129129129133 	 1.7404373965344013e-07 	 5.237012502276062e-16
262.2717717717718 	 1.7371162044038898e-07 	 5.197152631722477e-16
262.77225225225226 	 1.7338076634709005e-07 	 5.157671266664916e-16
263.2727327327328 	 1.7305117015857946e-07 	 5.118564102180944e-16
263.77321321321324 	 1.7272282471465197e-07 	 5.079826890362255e-16
264.2736936936937 	 1.7239572290934204e-07 	 5.041455439453326e-16
264.7741741741742 	 1.7206985769041136e-07 	 5.003445613004688e-16
265.2746546546547 	 1.7174522205884223e-07 	 4.965793329040579e-16
265.77513513513514 	 1.7142180906833606e-07 	 4.928494559240585e-16
266.2756156156156 	 1.7109961182481827e-07 	 4.891545328135157e-16
266.7760960960961 	 1.7077862348594826e-07 	 4.854941712314629e-16
267.2765765765766 	 1.7045883726063513e-07 	 4.818679839651562e-16
267.77705705705705 	 1.7014024640855862e-07 	 4.782755888536085e-16
268.27753753753757 	 1.6982284423969567e-07 	 4.747166087124086e-16
268.77801801801803 	 1.695066241138521e-07 	 4.71190671259796e-16
269.2784984984985 	 1.691915794401995e-07 	 4.676974090439646e-16
269.778978978979 	 1.6887770367681733e-07 	 4.642364593715815e-16
270.2794594594595 	 1.6856499033024024e-07 	 4.60807464237494e-16
270.77993993993994 	 1.6825343295501014e-07 	 4.574100702555972e-16
271.28042042042046 	 1.679430251532332e-07 	 4.540439285908507e-16
271.7809009009009 	 1.6763376057414242e-07 	 4.507086948924222e-16
272.2813813813814 	 1.6732563291366393e-07 	 4.474040292279231e-16
272.7818618618619 	 1.67018635913989e-07 	 4.441295960187391e-16
273.28234234234236 	 1.667127633631503e-07 	 4.408850639764167e-16
273.7828228228228 	 1.6640800909460288e-07 	 4.3767010604009506e-16
274.28330330330334 	 1.6610436698680976e-07 	 4.3448439931496276e-16
274.7837837837838 	 1.6580183096283218e-07 	 4.3132762501172177e-16
275.28426426426427 	 1.6550039498992398e-07 	 4.281994683870362e-16
275.7847447447448 	 1.652000530791307e-07 	 4.2509961868495355e-16
276.28522522522525 	 1.6490079928489311e-07 	 4.220277690792798e-16
276.7857057057057 	 1.6460262770465452e-07 	 4.1898361661688367e-16
277.2861861861862 	 1.6430553247847307e-07 	 4.1596686216192696e-16
277.7866666666667 	 1.640095077886376e-07 	 4.1297721034099195e-16
278.28714714714715 	 1.6371454785928804e-07 	 4.1001436948909456e-16
278.78762762762767 	 1.634206469560395e-07 	 4.0707805159656997e-16
279.28810810810813 	 1.6312779938561118e-07 	 4.041679722568125e-16
279.7885885885886 	 1.6283599949545812e-07 	 4.0128385061484926e-16
280.2890690690691 	 1.6254524167340787e-07 	 3.9842540931674596e-16
280.7895495495496 	 1.6225552034730074e-07 	 3.9559237445981695e-16
281.29003003003004 	 1.6196682998463355e-07 	 3.9278447554363045e-16
281.79051051051056 	 1.6167916509220779e-07 	 3.9000144542179827e-16
282.290990990991 	 1.6139252021578093e-07 	 3.8724302025452977e-16
282.7914714714715 	 1.6110688993972187e-07 	 3.845089394619392e-16
283.291951951952 	 1.6082226888666975e-07 	 3.8179894567809577e-16
283.79243243243246 	 1.605386517171967e-07 	 3.791127847058011e-16
284.2929129129129 	 1.602560331294737e-07 	 3.764502054720776e-16
284.7933933933934 	 1.5997440785894032e-07 	 3.7381095998436333e-16
285.2938738738739 	 1.5969377067797784e-07 	 3.711948032873944e-16
285.79435435435437 	 1.5941411639558585e-07 	 3.6860149342076613e-16
286.29483483483483 	 1.5913543985706196e-07 	 3.6603079137715847e-16
286.79531531531535 	 1.5885773594368539e-07 	 3.634824610612185e-16
287.2957957957958 	 1.5858099957240325e-07 	 3.609562692490829e-16
287.7962762762763 	 1.5830522569552073e-07 	 3.584519855485352e-16
288.2967567567568 	 1.580304093003938e-07 	 3.559693823597809e-16
288.79723723723725 	 1.5775654540912598e-07 	 3.535082348368363e-16
289.2977177177177 	 1.5748362907826737e-07 	 3.510683208495133e-16
289.79819819819824 	 1.5721165539851729e-07 	 3.486494209459955e-16
290.2986786786787 	 1.5694061949443012e-07 	 3.462513183159948e-16
290.79915915915916 	 1.566705165241238e-07 	 3.438737987544735e-16
291.2996396396397 	 1.564013416789914e-07 	 3.415166506259289e-16
291.80012012012014 	 1.5613309018341603e-07 	 3.3917966482922826e-16
292.3006006006006 	 1.5586575729448823e-07 	 3.3686263476297997e-16
292.8010810810811 	 1.5559933830172634e-07 	 3.345653562914417e-16
293.3015615615616 	 1.5533382852680022e-07 	 3.322876277109476e-16
293.80204204204205 	 1.5506922332325695e-07 	 3.3002924971684804e-16
294.30252252252257 	 1.5480551807625005e-07 	 3.2779002537095676e-16
294.803003003003 	 1.545427082022711e-07 	 3.2556976006949236e-16
295.3034834834835 	 1.5428078914888428e-07 	 3.23368261511508e-16
295.803963963964 	 1.5401975639446334e-07 	 3.2118533966780017e-16
296.30444444444447 	 1.5375960544793158e-07 	 3.190208067502903e-16
296.80492492492493 	 1.535003318485042e-07 	 3.168744771818678e-16
297.30540540540545 	 1.532419311654332e-07 	 3.1474616756668984e-16
297.8058858858859 	 1.5298439899775532e-07 	 3.1263569666093113e-16
298.3063663663664 	 1.5272773097404177e-07 	 3.1054288534396928e-16
298.8068468468469 	 1.5247192275215133e-07 	 3.084675565900098e-16
299.30732732732736 	 1.522169700189851e-07 	 3.064095354401316e-16
299.8078078078078 	 1.5196286849024435e-07 	 3.043686489747544e-16
300.30828828828834 	 1.5170961391019032e-07 	 3.023447262865174e-16
300.8087687687688 	 1.5145720205140688e-07 	 3.003375984535625e-16
301.30924924924926 	 1.5120562871456516e-07 	 2.983470985132173e-16
301.8097297297298 	 1.5095488972819056e-07 	 2.963730614360673e-16
302.31021021021024 	 1.5070498094843246e-07 	 2.9441532410041706e-16
302.8106906906907 	 1.5045589825883575e-07 	 2.9247372526712715e-16
303.31117117117117 	 1.5020763757011487e-07 	 2.9054810555482525e-16
303.8116516516517 	 1.4996019481992984e-07 	 2.8863830741548327e-16
304.31213213213215 	 1.4971356597266514e-07 	 2.867441751103577e-16
304.8126126126126 	 1.494677470192097e-07 	 2.8486555468627874e-16
305.31309309309313 	 1.492227339767402e-07 	 2.8300229395229504e-16
305.8135735735736 	 1.489785228885057e-07 	 2.8115424245665783e-16
306.31405405405405 	 1.487351098236146e-07 	 2.793212514641425e-16
306.8145345345346 	 1.4849249087682392e-07 	 2.775031739337047e-16
307.31501501501504 	 1.4825066216833031e-07 	 2.756998644964604e-16
307.8154954954955 	 1.4800961984356324e-07 	 2.739111794339896e-16
308.315975975976 	 1.4776936007298032e-07 	 2.721369766569547e-16
308.8164564564565 	 1.4752987905186434e-07 	 2.703771156840311e-16
309.31693693693694 	 1.4729117300012249e-07 	 2.6863145762114293e-16
309.81741741741746 	 1.4705323816208746e-07 	 2.668998651410001e-16
310.3178978978979 	 1.468160708063206e-07 	 2.6518220246293345e-16
310.8183783783784 	 1.4657966722541669e-07 	 2.6347833533301773e-16
311.3188588588589 	 1.463440237358107e-07 	 2.617881310044847e-16
311.81933933933936 	 1.4610913667758678e-07 	 2.6011145821841857e-16
312.3198198198198 	 1.4587500241428845e-07 	 2.584481871847258e-16
312.82030030030035 	 1.4564161733273105e-07 	 2.567981895633814e-16
313.3207807807808 	 1.4540897784281597e-07 	 2.5516133844594465e-16
313.82126126126127 	 1.4517708037734638e-07 	 2.535375083373354e-16
314.3217417417418 	 1.4494592139184513e-07 	 2.519265751378765e-16
314.82222222222225 	 1.4471549736437395e-07 	 2.503284161255876e-16
315.3227027027027 	 1.4448580479535464e-07 	 2.4874290993873434e-16
315.82318318318323 	 1.44256840207392e-07 	 2.471699365586242e-16
316.3236636636637 	 1.440286001450982e-07 	 2.456093772926483e-16
316.82414414414416 	 1.4380108117491911e-07 	 2.4406111475756195e-16
317.3246246246247 	 1.4357427988496196e-07 	 2.425250328630032e-16
317.82510510510514 	 1.4334819288482489e-07 	 2.410010167952441e-16
318.3255855855856 	 1.4312281680542798e-07 	 2.39488953001171e-16
318.8260660660661 	 1.428981482988459e-07 	 2.3798872917249125e-16
319.3265465465466 	 1.4267418403814216e-07 	 2.3650023423016194e-16
319.82702702702704 	 1.4245092071720483e-07 	 2.3502335830903677e-16
320.32750750750756 	 1.4222835505058384e-07 	 2.3355799274272896e-16
320.827987987988 	 1.4200648377333008e-07 	 2.3210403004868734e-16
321.3284684684685 	 1.4178530364083523e-07 	 2.3066136391347726e-16
321.82894894894895 	 1.4156481142867412e-07 	 2.292298891782724e-16
322.32942942942947 	 1.4134500393244779e-07 	 2.2780950182454425e-16
322.82990990990993 	 1.411258779676282e-07 	 2.2640009895995387e-16
323.3303903903904 	 1.4090743036940462e-07 	 2.250015788044374e-16
323.8308708708709 	 1.4068965799253116e-07 	 2.2361384067648663e-16
324.3313513513514 	 1.4047255771117582e-07 	 2.222367849796187e-16
324.83183183183183 	 1.4025612641877096e-07 	 2.2087031318903253e-16
325.33231231231235 	 1.40040361027865e-07 	 2.1951432783845017e-16
325.8327927927928 	 1.3982525846997587e-07 	 2.1816873250714105e-16
326.3332732732733 	 1.3961081569544532e-07 	 2.1683343180712161e-16
326.8337537537538 	 1.3939702967329483e-07 	 2.1550833137053332e-16
327.33423423423426 	 1.3918389739108288e-07 	 2.1419333783719433e-16
327.8347147147147 	 1.3897141585476345e-07 	 2.1288835884232011e-16
328.33519519519524 	 1.3875958208854565e-07 	 2.1159330300441245e-16
328.8356756756757 	 1.3854839313475513e-07 	 2.1030807991331628e-16
329.33615615615616 	 1.383378460536961e-07 	 2.0903260011843557e-16
329.8366366366367 	 1.3812793792351506e-07 	 2.077667751171132e-16
330.33711711711715 	 1.379186658400658e-07 	 2.0651051734316756e-16
330.8375975975976 	 1.3771002691677504e-07 	 2.0526374015558385e-16
331.3380780780781 	 1.3750201828451013e-07 	 2.0402635782736068e-16
331.8385585585586 	 1.372946370914475e-07 	 2.0279828553450777e-16
332.33903903903905 	 1.3708788050294196e-07 	 2.0157943934518906e-16
332.83951951951957 	 1.368817457013979e-07 	 2.00369736209017e-16
333.34000000000003 	 1.3667622988614134e-07 	 1.9916909394648872e-16
333.8404804804805 	 1.3647133027329262e-07 	 1.979774312385635e-16
334.340960960961 	 1.3626704409564128e-07 	 1.9679466761638308e-16
334.8414414414415 	 1.3606336860252114e-07 	 1.9562072345112787e-16
335.34192192192194 	 1.3586030105968695e-07 	 1.944555199440096e-16
335.84240240240246 	 1.3565783874919196e-07 	 1.932989791163976e-16
336.3428828828829 	 1.3545597896926678e-07 	 1.9215102380007875e-16
336.8433633633634 	 1.352547190341991e-07 	 1.9101157762764446e-16
337.3438438438439 	 1.3505405627421456e-07 	 1.8988056502300776e-16
337.84432432432436 	 1.348539880353589e-07 	 1.887579111920472e-16
338.3448048048048 	 1.3465451167938063e-07 	 1.8764354211337198e-16
338.8452852852853 	 1.3445562458361532e-07 	 1.8653738452921296e-16
339.3457657657658 	 1.3425732414087052e-07 	 1.8543936593643206e-16
339.84624624624627 	 1.3405960775931205e-07 	 1.8434941457765214e-16
340.34672672672673 	 1.3386247286235072e-07 	 1.8326745943250208e-16
340.84720720720725 	 1.3366591688853064e-07 	 1.8219343020897905e-16
341.3476876876877 	 1.3346993729141843e-07 	 1.811272573349247e-16
341.8481681681682 	 1.3327453153949273e-07 	 1.8006887194961055e-16
342.3486486486487 	 1.3307969711603587e-07 	 1.7901820589543816e-16
342.84912912912915 	 1.3288543151902528e-07 	 1.779751917097443e-16
343.3496096096096 	 1.3269173226102666e-07 	 1.7693976261671568e-16
343.85009009009013 	 1.3249859686908772e-07 	 1.7591185251940817e-16
344.3505705705706 	 1.3230602288463303e-07 	 1.7489139599187124e-16
344.85105105105106 	 1.321140078633595e-07 	 1.7387832827137372e-16
345.3515315315316 	 1.319225493751332e-07 	 1.7287258525073193e-16
345.85201201201204 	 1.3173164500388676e-07 	 1.7187410347073734e-16
346.3524924924925 	 1.3154129234751758e-07 	 1.7088282011268113e-16
346.852972972973 	 1.3135148901778732e-07 	 1.6989867299097764e-16
347.3534534534535 	 1.311622326402219e-07 	 1.6892160054588233e-16
347.85393393393394 	 1.3097352085401242e-07 	 1.6795154183630299e-16
348.35441441441446 	 1.307853513119171e-07 	 1.6698843653270498e-16
348.8548948948949 	 1.30597721680164e-07 	 1.6603222491010834e-16
349.3553753753754 	 1.3041062963835438e-07 	 1.6508284784117225e-16
349.8558558558559 	 1.3022407287936714e-07 	 1.6414024678937156e-16
350.35633633633637 	 1.3003804910926406e-07 	 1.6320436380225912e-16
350.85681681681683 	 1.298525560471956e-07 	 1.6227514150481468e-16
351.35729729729735 	 1.296675914253078e-07 	 1.6135252309287853e-16
351.8577777777778 	 1.294831529886498e-07 	 1.6043645232667032e-16
352.3582582582583 	 1.2929923849508236e-07 	 1.5952687352438948e-16
352.8587387387388 	 1.2911584571518665e-07 	 1.5862373155589634e-16
353.35921921921926 	 1.2893297243217464e-07 	 1.5772697183647618e-16
353.8596996996997 	 1.2875061644179938e-07 	 1.5683654032068e-16
354.36018018018024 	 1.285687755522666e-07 	 1.5595238349624427e-16
354.8606606606607 	 1.2838744758414698e-07 	 1.5507444837808883e-16
355.36114114114116 	 1.282066303702889e-07 	 1.5420268250238836e-16
355.8616216216217 	 1.2802632175573215e-07 	 1.5333703392072085e-16
356.36210210210214 	 1.278465195976225e-07 	 1.52477451194289e-16
356.8625825825826 	 1.276672217651265e-07 	 1.5162388338821427e-16
357.36306306306307 	 1.2748842613934766e-07 	 1.50776280065903e-16
357.8635435435436 	 1.2731013061324255e-07 	 1.4993459128348312e-16
358.36402402402405 	 1.2713233309153858e-07 	 1.490987675843113e-16
358.8645045045045 	 1.2695503149065132e-07 	 1.4826875999354699e-16
359.364984984985 	 1.2677822373860359e-07 	 1.4744452001279723e-16
359.8654654654655 	 1.2660190777494456e-07 	 1.4662599961482593e-16
360.36594594594595 	 1.264260815506696e-07 	 1.4581315123832956e-16
360.8664264264265 	 1.2625074302814109e-07 	 1.4500592778277957e-16
361.36690690690693 	 1.260758901810097e-07 	 1.4420428260332678e-16
361.8673873873874 	 1.2590152099413614e-07 	 1.434081695057701e-16
362.3678678678679 	 1.2572763346351394e-07 	 1.426175427415881e-16
362.8683483483484 	 1.2555422559619265e-07 	 1.4183235700303126e-16
363.36882882882884 	 1.2538129541020155e-07 	 1.4105256741827505e-16
363.86930930930936 	 1.2520884093447432e-07 	 1.4027812954663358e-16
364.3697897897898 	 1.2503686020877412e-07 	 1.395089993738318e-16
364.8702702702703 	 1.2486535128361914e-07 	 1.3874513330733536e-16
365.3707507507508 	 1.2469431222020918e-07 	 1.3798648817173919e-16
365.87123123123126 	 1.2452374109035255e-07 	 1.372330212042123e-16
366.3717117117117 	 1.243536359763934e-07 	 1.364846900499973e-16
366.87219219219224 	 1.241839949711401e-07 	 1.3574145275796678e-16
367.3726726726727 	 1.240148161777939e-07 	 1.3500326777623318e-16
367.87315315315317 	 1.2384609770987808e-07 	 1.3427009394781222e-16
368.3736336336337 	 1.2367783769116805e-07 	 1.3354189050633945e-16
368.87411411411415 	 1.2351003425562172e-07 	 1.3281861707183964e-16
369.3745945945946 	 1.2334268554731044e-07 	 1.321002336465458e-16
369.87507507507513 	 1.231757897203506e-07 	 1.313867006107714e-16
370.3755555555556 	 1.23009344938836e-07 	 1.3067797871883112e-16
370.87603603603606 	 1.2284334937677008e-07 	 1.2997402909501087e-16
371.3765165165166 	 1.2267780121799957e-07 	 1.2927481322958821e-16
371.87699699699704 	 1.22512698656148e-07 	 1.2858029297489898e-16
372.3774774774775 	 1.2234803989455013e-07 	 1.2789043054145267e-16
372.877957957958 	 1.221838231461866e-07 	 1.2720518849409385e-16
373.3784384384385 	 1.2202004663361965e-07 	 1.2652452974821081e-16
373.87891891891894 	 1.2185670858892854e-07 	 1.258484175659886e-16
374.37939939939946 	 1.216938072536462e-07 	 1.2517681555270753e-16
374.8798798798799 	 1.2153134087869614e-07 	 1.2450968765308672e-16
375.3803603603604 	 1.213693077243297e-07 	 1.2384699814767046e-16
375.88084084084085 	 1.2120770606006406e-07 	 1.2318871164925788e-16
376.38132132132137 	 1.2104653416462052e-07 	 1.2253479309937601e-16
376.8818018018018 	 1.2088579032586373e-07 	 1.218852077647949e-16
377.3822822822823 	 1.2072547284074053e-07 	 1.2123992123408267e-16
377.8827627627628 	 1.205655800152202e-07 	 1.205988994142034e-16
378.38324324324327 	 1.2040611016423466e-07 	 1.1996210852715475e-16
378.88372372372373 	 1.202470616116193e-07 	 1.1932951510664517e-16
379.38420420420425 	 1.2008843269005417e-07 	 1.187010859948109e-16
379.8846846846847 	 1.199302217410059e-07 	 1.1807678833897181e-16
380.3851651651652 	 1.1977242711466971e-07 	 1.1745658958842525e-16
380.8856456456457 	 1.1961504716991215e-07 	 1.168404574912779e-16
381.38612612612616 	 1.194580802742142e-07 	 1.1622836009131508e-16
381.8866066066066 	 1.1930152480361477e-07 	 1.1562026572490708e-16
382.38708708708714 	 1.1914537914265477e-07 	 1.1501614301795106e-16
382.8875675675676 	 1.1898964168432161e-07 	 1.1441596088285029e-16
383.38804804804806 	 1.1883431082999384e-07 	 1.1381968851552687e-16
383.8885285285286 	 1.1867938498938657e-07 	 1.1322729539247108e-16
384.38900900900904 	 1.1852486258049735e-07 	 1.1263875126782502e-16
384.8894894894895 	 1.1837074202955205e-07 	 1.1205402617049892e-16
385.38996996997 	 1.1821702177095166e-07 	 1.1147309040132325e-16
385.8904504504505 	 1.1806370024721911e-07 	 1.1089591453023197e-16
386.39093093093095 	 1.1791077590894684e-07 	 1.1032246939348016e-16
386.89141141141147 	 1.1775824721474434e-07 	 1.0975272609089246e-16
387.39189189189193 	 1.1760611263118671e-07 	 1.0918665598314533e-16
387.8923723723724 	 1.1745437063276301e-07 	 1.0862423068907868e-16
388.3928528528529 	 1.1730301970182534e-07 	 1.0806542208304033e-16
388.8933333333334 	 1.1715205832853829e-07 	 1.0751020229226038e-16
389.39381381381384 	 1.170014850108287e-07 	 1.0695854369425579e-16
389.89429429429435 	 1.1685129825433575e-07 	 1.0641041891426524e-16
390.3947747747748 	 1.1670149657236182e-07 	 1.0586580082271395e-16
390.8952552552553 	 1.1655207848582305e-07 	 1.0532466253270606e-16
391.3957357357358 	 1.1640304252320089e-07 	 1.0478697739754766e-16
391.89621621621626 	 1.1625438722049373e-07 	 1.0425271900829719e-16
392.3966966966967 	 1.1610611112116907e-07 	 1.037218611913445e-16
392.89717717717724 	 1.159582127761157e-07 	 1.0319437800601639e-16
393.3976576576577 	 1.1581069074359676e-07 	 1.0267024374221153e-16
393.89813813813817 	 1.1566354358920274e-07 	 1.0214943291806041e-16
394.3986186186186 	 1.1551676988580504e-07 	 1.0163192027761309e-16
394.89909909909915 	 1.1537036821350977e-07 	 1.0111768078855285e-16
395.3995795795796 	 1.1522433715961209e-07 	 1.0060668963993635e-16
395.90006006006007 	 1.1507867531855062e-07 	 1.0009892223995852e-16
396.4005405405406 	 1.149333812918625e-07 	 9.959435421374388e-17
396.90102102102105 	 1.1478845368813847e-07 	 9.909296140116178e-17
397.4015015015015 	 1.1464389112297859e-07 	 9.859471985466749e-17
397.90198198198203 	 1.1449969221894802e-07 	 9.809960583716651e-17
398.4024624624625 	 1.1435585560553353e-07 	 9.760759581990442e-17
398.90294294294296 	 1.1421237991909972e-07 	 9.711866648037869e-17
399.4034234234235 	 1.1406926380284616e-07 	 9.663279470027557e-17
399.90390390390394 	 1.1392650590676463e-07 	 9.614995756342967e-17
400.4043843843844 	 1.1378410488759663e-07 	 9.567013235380608e-17
400.9048648648649 	 1.1364205940879109e-07 	 9.519329655350533e-17
401.4053453453454 	 1.135003681404629e-07 	 9.471942784079134e-17
401.90582582582584 	 1.1335902975935105e-07 	 9.42485040881402e-17
402.40630630630636 	 1.1321804294877761e-07 	 9.378050336031153e-17
402.9067867867868 	 1.130774063986069e-07 	 9.331540391244169e-17
403.4072672672673 	 1.1293711880520475e-07 	 9.285318418815738e-17
403.9077477477478 	 1.1279717887139834e-07 	 9.239382281771073e-17
404.40822822822827 	 1.1265758530643621e-07 	 9.193729861613526e-17
404.90870870870873 	 1.1251833682594849e-07 	 9.148359058142163e-17
405.40918918918925 	 1.1237943215190757e-07 	 9.10326778927146e-17
405.9096696696697 	 1.1224087001258904e-07 	 9.058453990852923e-17
406.4101501501502 	 1.1210264914253278e-07 	 9.013915616498693e-17
406.9106306306307 	 1.1196476828250452e-07 	 8.969650637407128e-17
407.41111111111115 	 1.1182722617945759e-07 	 8.925657042190299e-17
407.9115915915916 	 1.1169002158649486e-07 	 8.881932836703343e-17
408.41207207207214 	 1.1155315326283126e-07 	 8.838476043875775e-17
408.9125525525526 	 1.1141661997375616e-07 	 8.795284703544596e-17
409.41303303303306 	 1.1128042049059639e-07 	 8.75235687228924e-17
409.9135135135136 	 1.1114455359067929e-07 	 8.709690623268348e-17
410.41399399399404 	 1.1100901805729623e-07 	 8.667284046058345e-17
410.9144744744745 	 1.1087381267966617e-07 	 8.625135246493713e-17
411.414954954955 	 1.1073893625289966e-07 	 8.583242346509102e-17
411.9154354354355 	 1.1060438757796311e-07 	 8.54160348398311e-17
412.41591591591595 	 1.1047016546164316e-07 	 8.500216812583773e-17
412.9163963963964 	 1.1033626871651144e-07 	 8.459080501615723e-17
413.4168768768769 	 1.1020269616088955e-07 	 8.418192735869056e-17
413.9173573573574 	 1.1006944661881435e-07 	 8.377551715469809e-17
414.41783783783785 	 1.0993651892000337e-07 	 8.337155655732029e-17
414.91831831831837 	 1.0980391189982059e-07 	 8.297002787011519e-17
415.41879879879883 	 1.0967162439924248e-07 	 8.257091354561117e-17
415.9192792792793 	 1.095396552648241e-07 	 8.217419618387516e-17
416.4197597597598 	 1.0940800334866566e-07 	 8.177985853109704e-17
416.9202402402403 	 1.092766675083793e-07 	 8.138788347818871e-17
417.42072072072074 	 1.0914564660705589e-07 	 8.099825405939845e-17
417.92120120120126 	 1.0901493951323231e-07 	 8.061095345094004e-17
418.4216816816817 	 1.0888454510085903e-07 	 8.022596496963712e-17
418.9221621621622 	 1.0875446224926741e-07 	 7.984327207158125e-17
419.4226426426427 	 1.0862468984313795e-07 	 7.946285835080508e-17
419.92312312312316 	 1.0849522677246826e-07 	 7.908470753796967e-17
420.4236036036036 	 1.0836607193254132e-07 	 7.870880349906502e-17
420.92408408408414 	 1.082372242238943e-07 	 7.833513023412583e-17
421.4245645645646 	 1.0810868255228714e-07 	 7.796367187595984e-17
421.92504504504507 	 1.0798044582867169e-07 	 7.75944126888902e-17
422.4255255255256 	 1.0785251296916088e-07 	 7.722733706751114e-17
422.92600600600605 	 1.077248828949983e-07 	 7.6862429535457e-17
423.4264864864865 	 1.0759755453252773e-07 	 7.649967474418404e-17
423.92696696696703 	 1.0747052681316312e-07 	 7.613905747176544e-17
424.4274474474475 	 1.0734379867335875e-07 	 7.578056262169904e-17
424.92792792792795 	 1.0721736905457938e-07 	 7.542417522172747e-17
425.4284084084085 	 1.0709123690327088e-07 	 7.506988042267086e-17
425.92888888888893 	 1.0696540117083109e-07 	 7.471766349727232e-17
426.4293693693694 	 1.0683986081358054e-07 	 7.436750983905475e-17
426.9298498498499 	 1.0671461479273366e-07 	 7.401940496119024e-17
427.4303303303304 	 1.0658966207437023e-07 	 7.367333449538141e-17
427.93081081081084 	 1.064650016294068e-07 	 7.332928419075416e-17
428.43129129129136 	 1.0634063243356855e-07 	 7.298723991276238e-17
428.9317717717718 	 1.0621655346736115e-07 	 7.264718764210397e-17
429.4322522522523 	 1.0609276371604294e-07 	 7.230911347364804e-17
429.9327327327328 	 1.0596926216959726e-07 	 7.197300361537383e-17
430.43321321321326 	 1.0584604782270501e-07 	 7.163884438732019e-17
430.9336936936937 	 1.057231196747173e-07 	 7.130662222054624e-17
431.4341741741742 	 1.0560047672962845e-07 	 7.097632365610304e-17
431.9346546546547 	 1.05478117996049e-07 	 7.064793534401552e-17
432.43513513513517 	 1.0535604248717914e-07 	 7.032144404227559e-17
432.93561561561563 	 1.0523424922078195e-07 	 6.999683661584501e-17
433.43609609609615 	 1.0511273721915726e-07 	 6.96741000356692e-17
433.9365765765766 	 1.0499150550911548e-07 	 6.935322137770113e-17
434.4370570570571 	 1.0487055312195144e-07 	 6.903418782193494e-17
434.9375375375376 	 1.0474987909341877e-07 	 6.871698665145e-17
435.43801801801806 	 1.0462948246370423e-07 	 6.840160525146478e-17
435.9384984984985 	 1.0450936227740223e-07 	 6.808803110840019e-17
436.43897897897904 	 1.0438951758348953e-07 	 6.777625180895274e-17
436.9394594594595 	 1.0426994743530026e-07 	 6.746625503917763e-17
437.43993993993996 	 1.0415065089050086e-07 	 6.715802858358023e-17
437.9404204204205 	 1.0403162701106539e-07 	 6.685156032421819e-17
438.44090090090094 	 1.03912874863251e-07 	 6.654683823981181e-17
438.9413813813814 	 1.0379439351757336e-07 	 6.62438504048638e-17
439.4418618618619 	 1.0367618204878255e-07 	 6.594258498878817e-17
439.9423423423424 	 1.0355823953583893e-07 	 6.564303025504795e-17
440.44282282282285 	 1.0344056506188921e-07 	 6.534517456030167e-17
440.94330330330337 	 1.0332315771424266e-07 	 6.504900635355849e-17
441.44378378378383 	 1.0320601658434759e-07 	 6.475451417534211e-17
441.9442642642643 	 1.0308914076776789e-07 	 6.446168665686313e-17
442.4447447447448 	 1.0297252936415964e-07 	 6.417051251919954e-17
442.9452252252253 	 1.0285618147724821e-07 	 6.388098057248618e-17
443.44570570570573 	 1.0274009621480509e-07 	 6.359307971511166e-17
443.94618618618625 	 1.0262427268862519e-07 	 6.330679893292382e-17
444.4466666666667 	 1.025087100145042e-07 	 6.30221272984434e-17
444.9471471471472 	 1.02393407312216e-07 	 6.27390539700852e-17
445.4476276276277 	 1.0227836370549037e-07 	 6.245756819138733e-17
445.94810810810816 	 1.0216357832199085e-07 	 6.217765929024848e-17
446.4485885885886 	 1.0204905029329254e-07 	 6.189931667817238e-17
446.94906906906914 	 1.0193477875486033e-07 	 6.162252984952015e-17
447.4495495495496 	 1.0182076284602711e-07 	 6.134728838077025e-17
447.95003003003006 	 1.0170700170997217e-07 	 6.107358192978563e-17
448.4505105105105 	 1.0159349449369965e-07 	 6.080140023508834e-17
448.95099099099104 	 1.0148024034801736e-07 	 6.053073311514143e-17
449.4514714714715 	 1.0136723842751554e-07 	 6.026157046763797e-17
449.95195195195197 	 1.0125448789054577e-07 	 5.999390226879723e-17
450.4524324324325 	 1.0114198789920013e-07 	 5.972771857266782e-17
450.95291291291295 	 1.010297376192905e-07 	 5.946300951043792e-17
451.4533933933934 	 1.009177362203278e-07 	 5.919976528975223e-17
451.95387387387393 	 1.008059828755016e-07 	 5.89379761940356e-17
452.4543543543544 	 1.0069447676165986e-07 	 5.867763258182399e-17
452.95483483483486 	 1.0058321705928846e-07 	 5.841872488610106e-17
453.4553153153154 	 1.004722029524914e-07 	 5.816124361364242e-17
453.95579579579584 	 1.0036143362897072e-07 	 5.790517934436558e-17
454.4562762762763 	 1.0025090828000668e-07 	 5.765052273068667e-17
454.9567567567568 	 1.001406261004381e-07 	 5.739726449688353e-17
455.4572372372373 	 1.0003058628864287e-07 	 5.714539543846504e-17
455.95771771771774 	 9.992078804651842e-08 	 5.689490642154653e-17
456.45819819819826 	 9.981123057946249e-08 	 5.664578838223157e-17
456.9586786786787 	 9.970191309635395e-08 	 5.639803232599978e-17
457.4591591591592 	 9.959283480953376e-08 	 5.615162932710053e-17
457.9596396396397 	 9.948399493478602e-08 	 5.590657052795269e-17
458.46012012012017 	 9.937539269131927e-08 	 5.566284713855042e-17
458.9606006006006 	 9.926702730174771e-08 	 5.542045043587441e-17
459.46108108108115 	 9.915889799207267e-08 	 5.5179371763309196e-17
459.9615615615616 	 9.905100399166424e-08 	 5.493960253006612e-17
460.46204204204207 	 9.894334453324291e-08 	 5.4701134210611827e-17
460.9625225225226 	 9.883591885286143e-08 	 5.4463958344102324e-17
461.46300300300305 	 9.87287261898867e-08 	 5.4228066533822883e-17
461.9634834834835 	 9.862176578698181e-08 	 5.3993450446632724e-17
462.46396396396403 	 9.851503689008823e-08 	 5.3760101812415884e-17
462.9644444444445 	 9.84085387484081e-08 	 5.352801242353688e-17
463.46492492492496 	 9.830227061438662e-08 	 5.329717413430178e-17
463.9654054054055 	 9.819623174369447e-08 	 5.3067578860424636e-17
464.46588588588594 	 9.80904213952106e-08 	 5.2839218578498926e-17
464.9663663663664 	 9.798483883100482e-08 	 5.261208532547417e-17
465.4668468468469 	 9.78794833163207e-08 	 5.2386171198137583e-17
465.9673273273274 	 9.777435411955853e-08 	 5.2161468352600805e-17
466.46780780780784 	 9.76694505122584e-08 	 5.1937969003791506e-17
466.9682882882883 	 9.756477176908331e-08 	 5.171566542494981e-17
467.4687687687688 	 9.746031716780252e-08 	 5.1494549947129716e-17
467.9692492492493 	 9.735608598927494e-08 	 5.127461495870538e-17
468.46972972972975 	 9.725207751743254e-08 	 5.10558529048817e-17
468.97021021021027 	 9.714829103926405e-08 	 5.0838256287210184e-17
469.47069069069073 	 9.704472584479865e-08 	 5.062181766310908e-17
469.9711711711712 	 9.694138122708973e-08 	 5.040652964538813e-17
470.4716516516517 	 9.683825648219884e-08 	 5.019238490177796e-17
470.9721321321322 	 9.67353509091797e-08 	 4.997937615446396e-17
471.47261261261264 	 9.663266381006234e-08 	 4.9767496179624554e-17
471.97309309309315 	 9.653019448983727e-08 	 4.9556737806973857e-17
472.4735735735736 	 9.642794225643987e-08 	 4.934709391930886e-17
472.9740540540541 	 9.632590642073475e-08 	 4.913855745206061e-17
473.4745345345346 	 9.622408629650027e-08 	 4.893112139284986e-17
473.97501501501506 	 9.61224812004132e-08 	 4.872477878104705e-17
474.4754954954955 	 9.602109045203342e-08 	 4.851952270733617e-17
474.97597597597604 	 9.591991337378867e-08 	 4.831534631328285e-17
475.4764564564565 	 9.581894929095958e-08 	 4.8112242790906804e-17
475.97693693693697 	 9.57181975316645e-08 	 4.7910205382257767e-17
476.4774174174175 	 9.561765742684477e-08 	 4.770922737899602e-17
476.97789789789795 	 9.551732831024984e-08 	 4.750930212197654e-17
477.4783783783784 	 9.541720951842251e-08 	 4.731042300083703e-17
477.9788588588589 	 9.531730039068431e-08 	 4.7112583453590014e-17
478.4793393393394 	 9.521760026912106e-08 	 4.691577696621867e-17
478.97981981981985 	 9.511810849856837e-08 	 4.6719997072276534e-17
479.48030030030037 	 9.501882442659723e-08 	 4.652523735249065e-17
479.98078078078083 	 9.491974740349986e-08 	 4.6331491434369004e-17
480.4812612612613 	 9.482087678227545e-08 	 4.6138752991811097e-17
480.9817417417418 	 9.472221191861612e-08 	 4.594701574472235e-17
481.4822222222223 	 9.462375217089291e-08 	 4.575627345863235e-17
481.98270270270274 	 9.452549690014191e-08 	 4.55665199443162e-17
482.48318318318326 	 9.442744547005035e-08 	 4.537774905741973e-17
482.9836636636637 	 9.432959724694295e-08 	 4.5189954698088137e-17
483.4841441441442 	 9.42319515997682e-08 	 4.5003130810597993e-17
483.9846246246247 	 9.413450790008488e-08 	 4.481727138299278e-17
484.48510510510516 	 9.40372655220485e-08 	 4.4632370446721684e-17
484.9855855855856 	 9.394022384239794e-08 	 4.4448422076281934e-17
485.4860660660661 	 9.384338224044207e-08 	 4.426542038886411e-17
485.9865465465466 	 9.374674009804664e-08 	 4.4083359544001183e-17
486.48702702702707 	 9.365029679962106e-08 	 4.390223374322056e-17
486.98750750750753 	 9.355405173210526e-08 	 4.372203722969909e-17
487.48798798798805 	 9.345800428495679e-08 	 4.3542764287921795e-17
487.9884684684685 	 9.336215385013794e-08 	 4.3364409243343384e-17
488.488948948949 	 9.326649982210284e-08 	 4.318696646205297e-17
488.9894294294295 	 9.317104159778463e-08 	 4.301043035044168e-17
489.48990990990995 	 9.307577857658302e-08 	 4.2834795354873913e-17
489.9903903903904 	 9.298071016035146e-08 	 4.266005596136078e-17
490.49087087087094 	 9.288583575338472e-08 	 4.24862066952372e-17
490.9913513513514 	 9.279115476240648e-08 	 4.2313242120841746e-17
491.49183183183186 	 9.269666659655695e-08 	 4.2141156841199264e-17
491.9923123123124 	 9.260237066738044e-08 	 4.1969945497706494e-17
492.49279279279284 	 9.250826638881338e-08 	 4.179960276982085e-17
492.9932732732733 	 9.241435317717201e-08 	 4.163012337475151e-17
493.4937537537538 	 9.232063045114033e-08 	 4.146150206715365e-17
493.9942342342343 	 9.22270976317582e-08 	 4.129373363882555e-17
494.49471471471475 	 9.21337541424093e-08 	 4.112681291840815e-17
494.99519519519527 	 9.204059940880933e-08 	 4.0960734771087475e-17
495.4956756756757 	 9.194763285899431e-08 	 4.0795494098300014e-17
495.9961561561562 	 9.185485392330872e-08 	 4.0631085837440256e-17
496.4966366366367 	 9.176226203439398e-08 	 4.046750496157133e-17
496.99711711711717 	 9.166985662717684e-08 	 4.030474647913797e-17
497.49759759759763 	 9.157763713885792e-08 	 4.014280543368237e-17
497.99807807807815 	 9.148560300890022e-08 	 3.9981676903562187e-17
498.4985585585586 	 9.139375367901784e-08 	 3.9821356001671624e-17
498.9990390390391 	 9.130208859316461e-08 	 3.9661837875164425e-17
499.4995195195196 	 9.121060719752295e-08 	 3.950311770517992e-17
500.0 	 9.111930894049271e-08 	 3.93451907065712e-17
