3.5233633633633636 	 1.2080740930402242e-06 	 1.056389707243064e-09
4.023843843843844 	 1.4920309304849194e-06 	 5.891145374398086e-10
4.524324324324325 	 1.8372584303848729e-06 	 3.4617617417050825e-10
5.0248048048048055 	 2.2560154882297652e-06 	 2.112462021565238e-10
5.525285285285285 	 2.764763466677235e-06 	 1.3240050032421203e-10
6.025765765765766 	 3.3860672607893105e-06 	 8.447280323383666e-11
6.526246246246247 	 4.151366895716078e-06 	 5.447118849755083e-11
7.026726726726727 	 5.105547081176778e-06 	 3.5320188570684286e-11
7.527207207207208 	 6.3143554729755e-06 	 2.30144661343813e-11
8.027687687687688 	 7.876624821370565e-06 	 1.523442238218939e-11
8.528168168168168 	 9.943929180485813e-06 	 1.065210654858558e-11
9.02864864864865 	 1.2748541533762286e-05 	 8.599758220602485e-12
9.52912912912913 	 1.66232310333359e-05 	 8.950076833489234e-12
10.029609609609611 	 2.1927582726501915e-05 	 1.2130033292930041e-11
10.530090090090091 	 2.867874607881265e-05 	 1.9085840531161744e-11
11.030570570570571 	 3.590356632101114e-05 	 3.089732055923017e-11
11.531051051051053 	 4.117372039078791e-05 	 4.782219226565364e-11
12.031531531531533 	 3.886910322516161e-05 	 6.39875502327187e-11
12.532012012012013 	 2.0762013786983374e-05 	 5.1404983130235993e-11
13.032492492492494 	 5.685230886452987e-06 	 2.4921370370736976e-11
13.532972972972974 	 3.378908354206461e-07 	 1.1208407912560466e-11
14.033453453453454 	 4.252451154924804e-08 	 4.797186389733094e-12
14.533933933933936 	 1.944221235305218e-06 	 2.032786969599639e-12
15.034414414414416 	 5.017224023641719e-06 	 1.0342110004275668e-12
15.534894894894897 	 8.723311399053085e-06 	 9.993824869916736e-13
16.035375375375377 	 1.2609792795287376e-05 	 1.5287517767456303e-12
16.535855855855857 	 1.616541147481418e-05 	 2.3316305266800997e-12
17.036336336336337 	 1.9061978725834263e-05 	 3.1804523199158353e-12
17.53681681681682 	 2.123921761973966e-05 	 3.936010095099652e-12
18.0372972972973 	 2.2788562478357585e-05 	 4.538904384653321e-12
18.53777777777778 	 2.3842738359279916e-05 	 4.9795945109753906e-12
19.03825825825826 	 2.452590116077694e-05 	 5.2730009427866155e-12
19.53873873873874 	 2.4942925283513843e-05 	 5.444794532641051e-12
20.039219219219223 	 2.5179567608438726e-05 	 5.523835679145197e-12
20.539699699699703 	 2.5306763909272408e-05 	 5.5391736722670775e-12
21.040180180180183 	 2.5384608481695243e-05 	 5.5190706161626065e-12
21.540660660660663 	 2.546488367039963e-05 	 5.49084767532311e-12
22.041141141141143 	 2.559218714312094e-05 	 5.481421388579785e-12
22.541621621621623 	 2.580234717320212e-05 	 5.517242975449553e-12
23.042102102102106 	 2.6118867936786647e-05 	 5.6239963215835475e-12
23.542582582582586 	 2.6547000714695093e-05 	 5.824679479932062e-12
24.043063063063066 	 2.7068235286767668e-05 	 6.1361152840393845e-12
24.543543543543546 	 2.76375972347757e-05 	 6.563018328487062e-12
25.044024024024026 	 2.8189780739995522e-05 	 7.092484561570493e-12
25.54450450450451 	 2.865188833586032e-05 	 7.690795798495409e-12
26.04498498498499 	 2.8960592365842678e-05 	 8.307824203412966e-12
26.54546546546547 	 2.9072518653972423e-05 	 8.88682762596495e-12
27.04594594594595 	 2.896580563244585e-05 	 9.376761695189962e-12
27.54642642642643 	 2.8632498723129112e-05 	 9.739260970591445e-12
28.04690690690691 	 2.806465854905569e-05 	 9.944752330704253e-12
28.547387387387392 	 2.724162247082949e-05 	 9.96104078338063e-12
29.047867867867872 	 2.612923673432043e-05 	 9.745224393463384e-12
29.548348348348352 	 2.4708775323489233e-05 	 9.260431098173374e-12
30.04882882882883 	 2.303784663134755e-05 	 8.527109741227209e-12
30.54930930930931 	 2.127793664933142e-05 	 7.654061864250743e-12
31.049789789789795 	 1.9615717954270733e-05 	 6.784138163194613e-12
31.550270270270275 	 1.815650706234679e-05 	 6.010815632249227e-12
32.05075075075076 	 1.6909245541732736e-05 	 5.35920027506919e-12
32.55123123123124 	 1.583695028316799e-05 	 4.816508363063782e-12
33.05171171171172 	 1.4897521757987143e-05 	 4.360279970371279e-12
33.5521921921922 	 1.405845793212482e-05 	 3.9705096732971e-12
34.05267267267268 	 1.3297910115168853e-05 	 3.632266950604217e-12
34.55315315315316 	 1.2601533691753327e-05 	 3.334990375334532e-12
35.053633633633645 	 1.1959772984457335e-05 	 3.071105965602432e-12
35.55411411411412 	 1.1365928980061586e-05 	 2.8351884805985196e-12
36.054594594594604 	 1.0814913715804126e-05 	 2.623076881749742e-12
36.55507507507508 	 1.0302630810030505e-05 	 2.4315774127828244e-12
37.055555555555564 	 9.825717227025731e-06 	 2.25809671118796e-12
37.55603603603605 	 9.381134903555792e-06 	 2.100489631820758e-12
38.056516516516524 	 8.966189453083779e-06 	 1.956950557745413e-12
38.55699699699701 	 8.5785132663576e-06 	 1.8259357465287004e-12
39.057477477477484 	 8.215895616299622e-06 	 1.7061201337119194e-12
39.55795795795797 	 7.876292697883302e-06 	 1.5963348510135268e-12
40.05843843843845 	 7.55793463354688e-06 	 1.4955639526581425e-12
40.55891891891893 	 7.259102538412115e-06 	 1.4029101838663596e-12
41.05939939939941 	 6.978307747783283e-06 	 1.3175805258857344e-12
41.55987987987989 	 6.714135595151301e-06 	 1.2388811534643715e-12
42.06036036036037 	 6.465350350440157e-06 	 1.1661829639222156e-12
42.56084084084085 	 6.2307488461240885e-06 	 1.0989319572954547e-12
43.06132132132133 	 6.0093233187506706e-06 	 1.0366355466176843e-12
43.56180180180181 	 5.800049923290469e-06 	 9.78843890778735e-13
44.06228228228229 	 5.6020854001621014e-06 	 9.251719725181176e-13
44.56276276276277 	 5.41464744457429e-06 	 8.75254849284781e-13
45.06324324324325 	 5.236948227347794e-06 	 8.287750969109804e-13
45.56372372372373 	 5.068327253537393e-06 	 7.854481726508849e-13
46.064204204204216 	 4.908190876980176e-06 	 7.450112180444399e-13
46.56468468468469 	 4.75592656172035e-06 	 7.072277762232938e-13
47.065165165165176 	 4.6110691902460665e-06 	 6.718910388262305e-13
47.56564564564565 	 4.473079234136571e-06 	 6.38803615419704e-13
48.066126126126136 	 4.34158170444096e-06 	 6.077935605096824e-13
48.56660660660662 	 4.216104358682653e-06 	 5.787009882399062e-13
49.067087087087096 	 4.096298358713326e-06 	 5.513817395597703e-13
49.56756756756758 	 3.98183250180658e-06 	 5.257067275554168e-13
50.068048048048055 	 3.872384459219635e-06 	 5.015522331839251e-13
50.56852852852854 	 3.7676195675140487e-06 	 4.788095318971941e-13
51.06900900900902 	 3.667305273120569e-06 	 4.57378701648197e-13
51.5694894894895 	 3.571197335784267e-06 	 4.371676508471523e-13
52.06996996996998 	 3.479006744224268e-06 	 4.180921613414389e-13
52.57045045045046 	 3.3905475098604273e-06 	 4.000727663018328e-13
53.07093093093094 	 3.305605152668379e-06 	 3.830411885802192e-13
53.571411411411425 	 3.223997896938812e-06 	 3.6693011766895335e-13
54.0718918918919 	 3.1455517304494463e-06 	 3.516777184847101e-13
54.572372372372385 	 3.0700758965038756e-06 	 3.37231019633516e-13
55.07285285285286 	 2.9974421656477742e-06 	 3.2353682900325805e-13
55.573333333333345 	 2.927496529147055e-06 	 3.105475407841535e-13
56.07381381381382 	 2.8601095572718817e-06 	 2.9821921038967406e-13
56.574294294294305 	 2.795139783690187e-06 	 2.865116193784886e-13
57.07477477477479 	 2.7324791728258206e-06 	 2.753858334494655e-13
57.575255255255264 	 2.6720134273490315e-06 	 2.6480703818079314e-13
58.07573573573575 	 2.6136373913349825e-06 	 2.5474292042772014e-13
58.576216216216224 	 2.5572504669227367e-06 	 2.4516344519749e-13
59.07669669669671 	 2.502766150779922e-06 	 2.3603894739384896e-13
59.57717717717719 	 2.4500946175726907e-06 	 2.273436565024441e-13
60.07765765765767 	 2.3991510313226045e-06 	 2.1905398962187172e-13
60.57813813813815 	 2.3498565281067736e-06 	 2.1114699965861303e-13
61.07861861861863 	 2.3021455496717652e-06 	 2.036000990679408e-13
61.57909909909911 	 2.255940754885525e-06 	 1.9639443049433812e-13
62.079579579579594 	 2.211185156326368e-06 	 1.8951020554410132e-13
62.58006006006007 	 2.167809818573942e-06 	 1.8293147245164276e-13
63.080540540540554 	 2.125762004229775e-06 	 1.7664056184025693e-13
63.58102102102103 	 2.0849811767804746e-06 	 1.7062344791564613e-13
64.0815015015015 	 2.045417154066075e-06 	 1.6486462582142388e-13
64.58198198198198 	 2.0070215347274315e-06 	 1.5935112847760045e-13
65.08246246246247 	 1.9697480424171323e-06 	 1.5407013664810446e-13
65.58294294294295 	 1.9335499093649817e-06 	 1.4901006228913844e-13
66.08342342342343 	 1.898385577581957e-06 	 1.441594817413042e-13
66.5839039039039 	 1.8642153017659213e-06 	 1.3950769594436058e-13
67.08438438438439 	 1.8310010543790264e-06 	 1.3504536150452528e-13
67.58486486486487 	 1.7987036396255387e-06 	 1.3076292478954755e-13
68.08534534534535 	 1.7672910765120132e-06 	 1.2665147386726697e-13
68.58582582582584 	 1.7367286033061329e-06 	 1.227031725200702e-13
69.08630630630631 	 1.7069852780861901e-06 	 1.18909864938304e-13
69.58678678678679 	 1.6780338128555595e-06 	 1.1526397672554688e-13
70.08726726726728 	 1.64984290448006e-06 	 1.1175903419654961e-13
70.58774774774776 	 1.6223844609191388e-06 	 1.0838833990943596e-13
71.08822822822823 	 1.595635358319527e-06 	 1.0514545068322862e-13
71.58870870870871 	 1.5695681653986878e-06 	 1.0202481787177277e-13
72.0891891891892 	 1.5441611335249405e-06 	 9.902063086981068e-14
72.58966966966968 	 1.5193909882539374e-06 	 9.612754702015676e-14
73.09015015015015 	 1.4952341749362767e-06 	 9.334113459460062e-14
73.59063063063064 	 1.4716708326334704e-06 	 9.065609391216935e-14
74.09111111111112 	 1.4486842259733985e-06 	 8.806820504251574e-14
74.5915915915916 	 1.4262490051246712e-06 	 8.557351603208997e-14
75.09207207207209 	 1.4043523122897302e-06 	 8.316735223233005e-14
75.59255255255256 	 1.3829736478287584e-06 	 8.08465294550368e-14
76.09303303303304 	 1.362100683743396e-06 	 7.860678694885604e-14
76.59351351351351 	 1.3417098842207265e-06 	 7.644541247081812e-14
77.093993993994 	 1.3217919769317804e-06 	 7.4358445344385e-14
77.59447447447448 	 1.3023298350243168e-06 	 7.234314906154228e-14
78.09495495495496 	 1.2833134791973228e-06 	 7.039620871098036e-14
78.59543543543545 	 1.2647199819845154e-06 	 6.851552768090919e-14
79.09591591591592 	 1.2465436851986667e-06 	 6.669777596014865e-14
79.5963963963964 	 1.2287715385315063e-06 	 6.494039504573415e-14
80.09687687687689 	 1.2113897479114512e-06 	 6.324132769563009e-14
80.59735735735737 	 1.1943835389435688e-06 	 6.159822923830664e-14
81.09783783783784 	 1.177746182906324e-06 	 6.000861856049555e-14
81.59831831831832 	 1.1614673441962835e-06 	 5.847039421783632e-14
82.09879879879881 	 1.1455325831569016e-06 	 5.698186989818246e-14
82.59927927927929 	 1.1299362103833165e-06 	 5.554082932735635e-14
83.09975975975976 	 1.1146644099852931e-06 	 5.4145458163514286e-14
83.60024024024025 	 1.0997115127867766e-06 	 5.279432375560421e-14
84.10072072072073 	 1.085066541695392e-06 	 5.148517231866141e-14
84.6012012012012 	 1.070720090445866e-06 	 5.021699873606989e-14
85.10168168168168 	 1.056669187502537e-06 	 4.898775234102218e-14
85.60216216216217 	 1.0428973598781301e-06 	 4.77964945753257e-14
86.10264264264265 	 1.0294017981278687e-06 	 4.66415847132628e-14
86.60312312312313 	 1.0161779279229879e-06 	 4.5521468439256785e-14
87.10360360360362 	 1.003210161515293e-06 	 4.443531736750177e-14
87.60408408408409 	 9.904995361425297e-07 	 4.3381505497433e-14
88.10456456456457 	 9.78034734164696e-07 	 4.235905467684075e-14
88.60504504504506 	 9.65811458701486e-07 	 4.136687236977758e-14
89.10552552552554 	 9.538206137787748e-07 	 4.040388104786827e-14
89.60600600600601 	 9.42059941492802e-07 	 3.946906441906823e-14
90.10648648648649 	 9.305206477587299e-07 	 3.85612156504695e-14
90.60696696696698 	 9.19200066075535e-07 	 3.767944166468156e-14
91.10744744744746 	 9.080872194197028e-07 	 3.682319104026921e-14
91.60792792792793 	 8.971813668257809e-07 	 3.5991216272916245e-14
92.10840840840842 	 8.864777041238314e-07 	 3.518269589567593e-14
92.6088888888889 	 8.759689694783253e-07 	 3.439706167232809e-14
93.10936936936938 	 8.656501110116377e-07 	 3.363343939575411e-14
93.60984984984987 	 8.555180070647623e-07 	 3.289104617204783e-14
94.11033033033034 	 8.455678601630115e-07 	 3.2169075395919134e-14
94.61081081081082 	 8.357942516603486e-07 	 3.1467063250810445e-14
95.1112912912913 	 8.261931176930767e-07 	 3.078435145699881e-14
95.61177177177179 	 8.167615505704692e-07 	 3.011997124185195e-14
96.11225225225226 	 8.074942652871209e-07 	 2.9473662696827005e-14
96.61273273273274 	 7.98387425587071e-07 	 2.88447185755286e-14
97.11321321321323 	 7.894382313287939e-07 	 2.823262089692725e-14
97.6136936936937 	 7.806421844574752e-07 	 2.7636792855905802e-14
98.11417417417418 	 7.719952782190845e-07 	 2.7056678635061105e-14
98.61465465465466 	 7.634948837386101e-07 	 2.649182831496914e-14
99.11513513513515 	 7.551391958838432e-07 	 2.5941680826195317e-14
99.61561561561562 	 7.469213743134529e-07 	 2.5405956721759518e-14
100.1160960960961 	 7.402762978137632e-07 	 2.488986875111448e-14
100.61657657657659 	 7.365940632374735e-07 	 2.4398329153776187e-14
101.11705705705707 	 7.329482792182637e-07 	 2.391886388266786e-14
101.61753753753754 	 7.293384071839705e-07 	 2.3451118763077575e-14
102.11801801801803 	 7.257639191206015e-07 	 2.2994751681712366e-14
102.61849849849851 	 7.222242973148684e-07 	 2.2549432119543256e-14
103.11897897897899 	 7.187190341042184e-07 	 2.211484070490739e-14
103.61945945945946 	 7.152476316341092e-07 	 2.16906687858958e-14
104.11993993993995 	 7.118096016222857e-07 	 2.1276618021106707e-14
104.62042042042043 	 7.084044651298214e-07 	 2.0872399987891945e-14
105.1209009009009 	 7.050317523386998e-07 	 2.047773580726948e-14
105.6213813813814 	 7.01691002335721e-07 	 2.0092355784718387e-14
106.12186186186187 	 6.983817629025216e-07 	 1.9715999066112067e-14
106.62234234234235 	 6.951035903115088e-07 	 1.934841330808438e-14
107.12282282282284 	 6.918560491275147e-07 	 1.8989354362159137e-14
107.62330330330332 	 6.886387120149859e-07 	 1.8638585972007336e-14
108.1237837837838 	 6.854511595505261e-07 	 1.8295879483228582e-14
108.62426426426427 	 6.822929800406225e-07 	 1.7961013565083928e-14
109.12474474474476 	 6.791637693443874e-07 	 1.7633773943635508e-14
109.62522522522524 	 6.760631307011547e-07 	 1.7313953145775966e-14
110.12570570570571 	 6.729906745627791e-07 	 1.7001350253656003e-14
110.6261861861862 	 6.69946018430485e-07 	 1.6695770669042913e-14
111.12666666666668 	 6.669287866961272e-07 	 1.6397025887165972e-14
111.62714714714716 	 6.639386104877185e-07 	 1.6104933279625853e-14
112.12762762762763 	 6.609751275190967e-07 	 1.5819315885966678e-14
112.62810810810812 	 6.580379819435991e-07 	 1.5540002213527954e-14
113.1285885885886 	 6.551268242116202e-07 	 1.5266826045212766e-14
113.62906906906908 	 6.522413109319348e-07 	 1.499962625482565e-14
114.12954954954957 	 6.493811047366697e-07 	 1.4738246629650668e-14
114.63003003003004 	 6.465458741498119e-07 	 1.4482535699955337e-14
115.13051051051052 	 6.437352934591476e-07 	 1.4232346575121577e-14
115.63099099099101 	 6.409490425915252e-07 	 1.3987536786118452e-14
116.13147147147149 	 6.38186806991346e-07 	 1.3747968134045468e-14
116.63195195195196 	 6.354482775021806e-07 	 1.351350654448731e-14
117.13243243243244 	 6.327331502514234e-07 	 1.3284021927433505e-14
117.63291291291293 	 6.300411265378883e-07 	 1.305938804252768e-14
118.1333933933934 	 6.273719127222648e-07 	 1.2839482369422102e-14
118.63387387387388 	 6.247252201203438e-07 	 1.2624185983023377e-14
119.13435435435437 	 6.22100764898938e-07 	 1.241338343342534e-14
119.63483483483485 	 6.194982679744115e-07 	 1.220696263033403e-14
120.13531531531532 	 6.169174549137482e-07 	 1.2004814731799e-14
120.63579579579581 	 6.143580558380819e-07 	 1.1806834037073275e-14
121.13627627627629 	 6.118198053286173e-07 	 1.1612917883432517e-14
121.63675675675677 	 6.093024423348747e-07 	 1.1422966546791458e-14
122.13723723723724 	 6.068057100851893e-07 	 1.1236883145962999e-14
122.63771771771773 	 6.043293559994033e-07 	 1.1054573550412163e-14
123.13819819819821 	 6.018731316036864e-07 	 1.0875946291363848e-14
123.63867867867869 	 5.994367924474249e-07 	 1.0700912476129278e-14
124.13915915915918 	 5.970200980221217e-07 	 1.0529385705522295e-14
124.63963963963965 	 5.946228116822501e-07 	 1.0361281994242195e-14
125.14012012012013 	 5.922447005680069e-07 	 1.0196519694104997e-14
125.64060060060062 	 5.898855355299111e-07 	 1.0035019420010616e-14
126.1410810810811 	 5.875450910551985e-07 	 9.876703978537786e-15
126.64156156156157 	 5.852231451959609e-07 	 9.721498299063715e-15
127.14204204204205 	 5.829194794989831e-07 	 9.569329367309493e-15
127.64252252252254 	 5.806338789372297e-07 	 9.420126161216856e-15
128.14300300300303 	 5.783661318429389e-07 	 9.273819589065678e-15
128.64348348348352 	 5.761160298422762e-07 	 9.130342429745576e-15
129.14396396396398 	 5.738833677915093e-07 	 8.989629275098645e-15
129.64444444444447 	 5.716679437146594e-07 	 8.851616474253715e-15
130.14492492492496 	 5.694695587425935e-07 	 8.716242079876259e-15
130.64540540540543 	 5.672880170535147e-07 	 8.58344579626063e-15
131.14588588588592 	 5.651231258148157e-07 	 8.453168929194998e-15
131.6463663663664 	 5.629746951262594e-07 	 8.325354337531919e-15
132.14684684684687 	 5.608425379644492e-07 	 8.199946386400154e-15
132.64732732732736 	 5.587264701285576e-07 	 8.076890901996411e-15
133.14780780780782 	 5.566263101872785e-07 	 7.956135127897761e-15
133.6482882882883 	 5.545418794269705e-07 	 7.837627682838158e-15
134.1487687687688 	 5.52473001800963e-07 	 7.721318519894842e-15
134.64924924924927 	 5.504195038799905e-07 	 7.607158887032347e-15
135.14972972972976 	 5.483812148037299e-07 	 7.49510128895424e-15
135.65021021021025 	 5.463579662334096e-07 	 7.385099450214588e-15
136.1506906906907 	 5.443495923054651e-07 	 7.277108279543079e-15
136.6511711711712 	 5.423559295862109e-07 	 7.171083835339558e-15
137.1516516516517 	 5.40376817027507e-07 	 7.066983292295677e-15
137.65213213213215 	 5.384120959233921e-07 	 6.9647649091027235e-15
138.15261261261264 	 5.364616098676571e-07 	 6.864387997206581e-15
138.65309309309313 	 5.345252047123416e-07 	 6.765812890572306e-15
139.1535735735736 	 5.326027285271224e-07 	 6.669000916422041e-15
139.6540540540541 	 5.306940315595764e-07 	 6.573914366911659e-15
140.15453453453458 	 5.28798966196296e-07 	 6.480516471712869e-15
140.65501501501504 	 5.269173869248337e-07 	 6.388771371468577e-15
141.15549549549553 	 5.250491502964547e-07 	 6.298644092090808e-15
141.65597597597602 	 5.23194114889683e-07 	 6.210100519871616e-15
142.15645645645648 	 5.213521412746137e-07 	 6.12310737737837e-15
142.65693693693697 	 5.195230919779784e-07 	 6.037632200106173e-15
143.15741741741743 	 5.177068314489435e-07 	 5.953643313861064e-15
143.65789789789793 	 5.159032260256221e-07 	 5.8711098128485666e-15
144.15837837837842 	 5.141121439022852e-07 	 5.790001538443412e-15
144.65885885885888 	 5.123334550972526e-07 	 5.710289058616809e-15
145.15933933933937 	 5.105670314214469e-07 	 5.631943647998807e-15
145.65981981981986 	 5.088127464475991e-07 	 5.554937268554058e-15
146.16030030030032 	 5.070704754800827e-07 	 5.4792425508499935e-15
146.6607807807808 	 5.053400955253689e-07 	 5.4048327758973894e-15
147.1612612612613 	 5.036214852630827e-07 	 5.331681857543919e-15
147.66174174174176 	 5.019145250176483e-07 	 5.259764325402036e-15
148.16222222222225 	 5.002190967305091e-07 	 5.1890553082932284e-15
148.66270270270275 	 4.985350839329087e-07 	 5.1195305181914e-15
149.1631831831832 	 4.968623717192206e-07 	 5.0511662346486424e-15
149.6636636636637 	 4.952008467208112e-07 	 4.98393928968738e-15
150.1641441441442 	 4.935503970804279e-07 	 4.917827053143453e-15
150.66462462462465 	 4.919109124270956e-07 	 4.852807418445172e-15
151.16510510510514 	 4.902822838515131e-07 	 4.7888587888140286e-15
151.6655855855856 	 4.886644038819362e-07 	 4.725960063873216e-15
152.1660660660661 	 4.870571664605367e-07 	 4.664090626650556e-15
152.66654654654658 	 4.854604669202263e-07 	 4.603230330963062e-15
153.16702702702705 	 4.838742019619359e-07 	 4.5433594891706546e-15
153.66750750750754 	 4.822982696323365e-07 	 4.484458860287049e-15
154.16798798798803 	 4.807325693019975e-07 	 4.426509638436394e-15
154.6684684684685 	 4.791770016439656e-07 	 4.369493441644372e-15
155.16894894894898 	 4.776314686127606e-07 	 4.313392300953147e-15
155.66942942942947 	 4.7609587342377524e-07 	 4.258188649849746e-15
156.16990990990993 	 4.7457012053307214e-07 	 4.20386531399788e-15
156.67039039039042 	 4.730541156175661e-07 	 4.1504055012635386e-15
157.1708708708709 	 4.7154776555558755e-07 	 4.097792792025139e-15
157.67135135135138 	 4.700509784078143e-07 	 4.046011129759106e-15
158.17183183183187 	 4.685636633985655e-07 	 3.9950448118922985e-15
158.67231231231236 	 4.6708573089745063e-07 	 3.944878480912916e-15
159.17279279279282 	 4.656170924013639e-07 	 3.895497115731718e-15
159.6732732732733 	 4.6415766051681713e-07 	 3.846886023285812e-15
160.1737537537538 	 4.627073489426045e-07 	 3.79903083037747e-15
160.67423423423426 	 4.6126607245279077e-07 	 3.7519174757406285e-15
161.17471471471475 	 4.598337468800163e-07 	 3.705532202328088e-15
161.67519519519522 	 4.58410289099113e-07 	 3.6598615498126045e-15
162.1756756756757 	 4.5699561701102293e-07 	 3.614892347295285e-15
162.6761561561562 	 4.5558964952701375e-07 	 3.57061170621494e-15
163.17663663663666 	 4.541923065531851e-07 	 3.527007013452283e-15
163.67711711711715 	 4.5280350897525843e-07 	 3.4840659246230024e-15
164.17759759759764 	 4.5142317864364614e-07 	 3.4417763575540286e-15
164.6780780780781 	 4.500512383587925e-07 	 3.4001264859374213e-15
165.1785585585586 	 4.4868761185678017e-07 	 3.3591047331564917e-15
165.67903903903908 	 4.473322237951991e-07 	 3.318699766279066e-15
166.17951951951954 	 4.4598499973927024e-07 	 3.278900490212791e-15
166.68000000000004 	 4.446458661482179e-07 	 3.2396960420176657e-15
167.18048048048053 	 4.433147503618896e-07 	 3.2010757853711692e-15
167.680960960961 	 4.419915805876129e-07 	 3.1630293051813467e-15
168.18144144144148 	 4.4067628588728874e-07 	 3.1255464023435605e-15
168.68192192192197 	 4.3936879616471304e-07 	 3.0886170886366186e-15
169.18240240240243 	 4.3806904215312495e-07 	 3.05223158175419e-15
169.68288288288292 	 4.3677695540297374e-07 	 3.016380300467516e-15
170.18336336336338 	 4.354924682699034e-07 	 2.9810538599156123e-15
170.68384384384387 	 4.3421551390294666e-07 	 2.946243067019186e-15
171.18432432432436 	 4.3294602623292787e-07 	 2.9119389160147228e-15
171.68480480480483 	 4.3168393996106757e-07 	 2.8781325841052085e-15
172.18528528528532 	 4.3042919054778605e-07 	 2.8448154272241345e-15
172.6857657657658 	 4.2918171420170206e-07 	 2.81197897590953e-15
173.18624624624627 	 4.2794144786882204e-07 	 2.7796149312848238e-15
173.68672672672676 	 4.267083292219154e-07 	 2.7477151611434737e-15
174.18720720720725 	 4.2548229665007464e-07 	 2.7162716961344494e-15
174.6876876876877 	 4.242632892484536e-07 	 2.6852767260456007e-15
175.1881681681682 	 4.230512468081817e-07 	 2.6547225961822084e-15
175.6886486486487 	 4.2184610980645176e-07 	 2.624601803837981e-15
176.18912912912916 	 4.2064781939677493e-07 	 2.594906994855867e-15
176.68960960960965 	 4.194563173994027e-07 	 2.5656309602761925e-15
177.19009009009014 	 4.182715462919108e-07 	 2.536766633069637e-15
177.6905705705706 	 4.1709344919994186e-07 	 2.50830708495267e-15
178.1910510510511 	 4.159219698881046e-07 	 2.480245523283152e-15
178.69153153153155 	 4.147570527510255e-07 	 2.4525752880338673e-15
179.19201201201204 	 4.1359864280455096e-07 	 2.4252898488417972e-15
179.69249249249253 	 4.1244668567709586e-07 	 2.398382802131064e-15
180.192972972973 	 4.1130112760113684e-07 	 2.3718478683074943e-15
180.6934534534535 	 4.101619154048465e-07 	 2.3456788890228077e-15
181.19393393393398 	 4.0902899650386693e-07 	 2.3198698245065565e-15
181.69441441441444 	 4.0790231889321793e-07 	 2.294414750963919e-15
182.19489489489493 	 4.067818311393401e-07 	 2.269307858037565e-15
182.69537537537542 	 4.0566748237226783e-07 	 2.2445434463318486e-15
183.19585585585588 	 4.0455922227793073e-07 	 2.220115924997613e-15
183.69633633633637 	 4.034570010905808e-07 	 2.196019809375982e-15
184.19681681681686 	 4.0236076958534344e-07 	 2.1722497186995358e-15
184.69729729729733 	 4.0127047907088934e-07 	 2.1488003738493218e-15
185.19777777777782 	 4.0018608138222474e-07 	 2.125666595166184e-15
185.6982582582583 	 3.9910752887359956e-07 	 2.1028433003149975e-15
186.19873873873877 	 3.980347744115283e-07 	 2.0803255022003224e-15
186.69921921921926 	 3.9696777136792406e-07 	 2.0581083069321678e-15
187.19969969969975 	 3.9590647361334335e-07 	 2.0361869118405093e-15
187.7001801801802 	 3.9485083551033706e-07 	 2.014556603537237e-15
188.2006606606607 	 3.938008119069096e-07 	 1.9932127560243274e-15
188.70114114114116 	 3.927563581300808e-07 	 1.972150828846987e-15
189.20162162162165 	 3.917174299795504e-07 	 1.9513663652905835e-15
189.70210210210215 	 3.906839837214629e-07 	 1.9308549906202246e-15
190.2025825825826 	 3.896559760822709e-07 	 1.910612410361866e-15
190.7030630630631 	 3.886333642426946e-07 	 1.8906344086238472e-15
191.2035435435436 	 3.87616105831777e-07 	 1.8709168464578286e-15
191.70402402402405 	 3.866041589210312e-07 	 1.8514556602580754e-15
192.20450450450454 	 3.855974820186799e-07 	 1.8322468601981097e-15
192.70498498498503 	 3.845960340639847e-07 	 1.8132865287037802e-15
193.2054654654655 	 3.83599774421663e-07 	 1.7945708189617633e-15
193.70594594594598 	 3.826086628763916e-07 	 1.7760959534626337e-15
194.20642642642648 	 3.816226596273955e-07 	 1.7578582225775841e-15
194.70690690690694 	 3.806417252831204e-07 	 1.7398539831679525e-15
195.20738738738743 	 3.796658208559864e-07 	 1.7220796572267059e-15
195.70786786786792 	 3.786949077572227e-07 	 1.7045317305510663e-15
196.20834834834838 	 3.777289477917815e-07 	 1.6872067514455048e-15
196.70882882882887 	 3.7676790315332897e-07 	 1.670101329454308e-15
197.20930930930933 	 3.758117364193132e-07 	 1.6532121341229929e-15
197.70978978978982 	 3.7486041054610624e-07 	 1.6365358937878276e-15
198.2102702702703 	 3.7391388886422053e-07 	 1.620069394392754e-15
198.71075075075078 	 3.729721350735975e-07 	 1.603809478333042e-15
199.21123123123127 	 3.720351132389661e-07 	 1.5877530433249586e-15
199.71171171171176 	 3.711027877852729e-07 	 1.571897041300875e-15
200.21219219219222 	 3.7017512349317963e-07 	 1.5562384773291105e-15
200.7126726726727 	 3.6925208549462774e-07 	 1.5407744085579266e-15
201.2131531531532 	 3.6833363926847015e-07 	 1.5255019431830933e-15
201.71363363363366 	 3.6741975063616773e-07 	 1.5104182394384023e-15
202.21411411411415 	 3.665103857575488e-07 	 1.495520504608591e-15
202.71459459459464 	 3.6560551112663304e-07 	 1.4808059940641219e-15
203.2150750750751 	 3.647050935675156e-07 	 1.4662720103172746e-15
203.7155555555556 	 3.6380910023031275e-07 	 1.4519159020990233e-15
204.2160360360361 	 3.6291749858716694e-07 	 1.4377350634562172e-15
204.71651651651655 	 3.6203025642831057e-07 	 1.4237269328685372e-15
205.21699699699704 	 3.6114734185818675e-07 	 1.409888992384772e-15
205.71747747747753 	 3.602687232916275e-07 	 1.3962187667779328e-15
206.217957957958 	 3.593943694500875e-07 	 1.3827138227187604e-15
206.71843843843848 	 3.5852424935793174e-07 	 1.369371767967167e-15
207.21891891891894 	 3.5765833233877784e-07 	 1.3561902505812024e-15
207.71939939939944 	 3.56796588011891e-07 	 1.3431669581430964e-15
208.21987987987993 	 3.55938986288631e-07 	 1.3302996170020008e-15
208.7203603603604 	 3.550854973689496e-07 	 1.3175859915329984e-15
209.22084084084088 	 3.5423609173793964e-07 	 1.3050238834120166e-15
209.72132132132137 	 3.533907401624319e-07 	 1.2926111309062563e-15
210.22180180180183 	 3.525494136876423e-07 	 1.280345608179775e-15
210.72228228228232 	 3.517120836338649e-07 	 1.2682252246138464e-15
211.2227627627628 	 3.5087872159321417e-07 	 1.2562479241417819e-15
211.72324324324327 	 3.500492994264113e-07 	 1.244411684597834e-15
212.22372372372377 	 3.4922378925961743e-07 	 1.2327145170798833e-15
212.72420420420426 	 3.484021634813111e-07 	 1.2211544653255674e-15
213.22468468468472 	 3.475843947392097e-07 	 1.2097296051015433e-15
213.7251651651652 	 3.46770455937234e-07 	 1.1984380436055745e-15
214.2256456456457 	 3.4596032023251547e-07 	 1.187277918881147e-15
214.72612612612616 	 3.451539610324457e-07 	 1.176247399244326e-15
215.22660660660665 	 3.4435135199176606e-07 	 1.1653446827225547e-15
215.7270870870871 	 3.4355246700969903e-07 	 1.1545679965051447e-15
216.2275675675676 	 3.427572802271185e-07 	 1.1439155964051611e-15
216.7280480480481 	 3.4196576602375973e-07 	 1.1333857663324599e-15
217.22852852852856 	 3.4117789901546777e-07 	 1.1229768177776115e-15
217.72900900900905 	 3.403936540514836e-07 	 1.1126870893064643e-15
218.22948948948954 	 3.39613006211768e-07 	 1.1025149460651047e-15
218.72996996997 	 3.3883593080436217e-07 	 1.0924587792949799e-15
219.2304504504505 	 3.380624033627837e-07 	 1.0825170058579403e-15
219.73093093093098 	 3.3729239964345953e-07 	 1.0726880677709954e-15
220.23141141141144 	 3.365258956231923e-07 	 1.062970431750545e-15
220.73189189189193 	 3.3576286749666265e-07 	 1.053362588765882e-15
221.23237237237242 	 3.3500329167396437e-07 	 1.043863053601757e-15
221.7328528528529 	 3.342471447781736e-07 	 1.0344703644297967e-15
222.23333333333338 	 3.334944036429502e-07 	 1.0251830823885764e-15
222.73381381381387 	 3.327450453101723e-07 	 1.0159997911721654e-15
223.23429429429433 	 3.31999047027602e-07 	 1.0069190966269378e-15
223.73477477477482 	 3.312563862465826e-07 	 9.979396263564746e-16
224.23525525525528 	 3.3051704061976674e-07 	 9.890600293343812e-16
224.73573573573577 	 3.297809879988748e-07 	 9.802789755248327e-16
225.23621621621626 	 3.2904820643248327e-07 	 9.715951555106854e-16
225.73669669669673 	 3.2831867416384277e-07 	 9.630072801289862e-16
226.23717717717722 	 3.27592369628724e-07 	 9.545140801137077e-16
226.7376576576577 	 3.2686927145329404e-07 	 9.461143057455683e-16
227.23813813813817 	 3.261493584520187e-07 	 9.378067265087584e-16
227.73861861861866 	 3.254326096255941e-07 	 9.295901307544427e-16
228.23909909909915 	 3.247190041589044e-07 	 9.214633253708764e-16
228.7395795795796 	 3.240085214190074e-07 	 9.134251354600022e-16
229.2400600600601 	 3.2330114095314526e-07 	 9.054744040203703e-16
229.7405405405406 	 3.225968424867822e-07 	 8.976099916362663e-16
230.24102102102106 	 3.2189560592166754e-07 	 8.898307761728953e-16
230.74150150150155 	 3.211974113339237e-07 	 8.8213565247749485e-16
231.24198198198204 	 3.2050223897215936e-07 	 8.7452353208625795e-16
231.7424624624625 	 3.198100692556067e-07 	 8.669933429369263e-16
232.242942942943 	 3.191208827722832e-07 	 8.595440290869445e-16
232.74342342342348 	 3.184346602771768e-07 	 8.521745504370529e-16
233.24390390390394 	 3.177513826904545e-07 	 8.448838824601937e-16
233.74438438438443 	 3.1707103109569387e-07 	 8.376710159356311e-16
234.2448648648649 	 3.163935867381377e-07 	 8.305349566881677e-16
234.74534534534538 	 3.157190310229703e-07 	 8.2347472533234245e-16
235.24582582582588 	 3.1504734551361633e-07 	 8.164893570215185e-16
235.74630630630634 	 3.143785119300611e-07 	 8.095779012017467e-16
236.24678678678683 	 3.137125121471921e-07 	 8.027394213703026e-16
236.74726726726732 	 3.1304932819316185e-07 	 7.959729948388132e-16
237.24774774774778 	 3.123889422477712e-07 	 7.892777125008567e-16
237.74822822822827 	 3.1173133664087315e-07 	 7.826526786039554e-16
238.24870870870876 	 3.11076493850797e-07 	 7.760970105258686e-16
238.74918918918922 	 3.10424396502792e-07 	 7.696098385550869e-16
239.24966966966971 	 3.097750273674904e-07 	 7.631903056754496e-16
239.7501501501502 	 3.0912836935939055e-07 	 7.568375673547957e-16
240.25063063063067 	 3.08484405535358e-07 	 7.505507913375661e-16
240.75111111111116 	 3.078431190931458e-07 	 7.443291574412701e-16
241.25159159159165 	 3.0720449336993327e-07 	 7.381718573567442e-16
241.7520720720721 	 3.065685118408827e-07 	 7.320780944521188e-16
242.2525525525526 	 3.0593515811771387e-07 	 7.260470835804188e-16
242.75303303303306 	 3.0530441594729665e-07 	 7.200780508907251e-16
243.25351351351355 	 3.046762692102604e-07 	 7.14170233642817e-16
243.75399399399404 	 3.0405070191962095e-07 	 7.083228800252372e-16
244.2544744744745 	 3.0342769821942444e-07 	 7.025352489766937e-16
244.754954954955 	 3.028072423834072e-07 	 6.968066100107418e-16
245.2554354354355 	 3.021893188136728e-07 	 6.911362430436778e-16
245.75591591591595 	 3.015739120393852e-07 	 6.855234382255758e-16
246.25639639639644 	 3.009610067154767e-07 	 6.799674957744018e-16
246.75687687687693 	 3.003505876213738e-07 	 6.744677258131566e-16
247.2573573573574 	 2.997426396597361e-07 	 6.690234482099653e-16
247.75783783783788 	 2.991371478552121e-07 	 6.636339924210713e-16
248.25831831831837 	 2.9853409735320967e-07 	 6.582986973366716e-16
248.75879879879884 	 2.979334734186811e-07 	 6.530169111295309e-16
249.25927927927933 	 2.9733526143492283e-07 	 6.477879911063244e-16
249.75975975975982 	 2.9673944690239015e-07 	 6.426113035616564e-16
250.26024024024028 	 2.961460154375252e-07 	 6.374862236346947e-16
250.76072072072077 	 2.955549527715999e-07 	 6.324121351683738e-16
251.26120120120126 	 2.9496624474957194e-07 	 6.273884305711167e-16
251.76168168168172 	 2.9437987732895535e-07 	 6.224145106810204e-16
252.2621621621622 	 2.9379583657870337e-07 	 6.174897846324596e-16
252.76264264264267 	 2.932141086781055e-07 	 6.126136697250617e-16
253.26312312312317 	 2.926346799156972e-07 	 6.077855912950061e-16
253.76360360360366 	 2.9205753668818287e-07 	 6.030049825885977e-16
254.26408408408412 	 2.9148266549937075e-07 	 5.982712846380775e-16
254.7645645645646 	 2.909100529591213e-07 	 5.935839461396183e-16
255.2650450450451 	 2.903396857823075e-07 	 5.889424233334712e-16
255.76552552552556 	 2.8977155078778743e-07 	 5.843461798862143e-16
256.266006006006 	 2.892056348973886e-07 	 5.79794686775063e-16
256.7664864864865 	 2.886419251349048e-07 	 5.752874221742094e-16
257.266966966967 	 2.8808040862510393e-07 	 5.708238713431397e-16
257.76744744744747 	 2.875210725927483e-07 	 5.664035265169042e-16
258.26792792792793 	 2.86963904361625e-07 	 5.620258867982869e-16
258.76840840840845 	 2.8640889135358886e-07 	 5.576904580518548e-16
259.2688888888889 	 2.8585602108761594e-07 	 5.533967527998395e-16
259.7693693693694 	 2.853052811788673e-07 	 5.491442901198158e-16
260.2698498498499 	 2.8475665933776505e-07 	 5.449325955441516e-16
260.77033033033035 	 2.8421014336907784e-07 	 5.407612009611868e-16
261.2708108108108 	 2.836657211710169e-07 	 5.36629644518108e-16
261.77129129129133 	 2.831233807343433e-07 	 5.325374705254968e-16
262.2717717717718 	 2.825831101414849e-07 	 5.284842293635073e-16
262.77225225225226 	 2.820448975656627e-07 	 5.244694773896462e-16
263.2727327327328 	 2.8150873127002874e-07 	 5.204927768481318e-16
263.77321321321324 	 2.8097459960681246e-07 	 5.165536957807924e-16
264.2736936936937 	 2.804424910164773e-07 	 5.126518079394797e-16
264.7741741741742 	 2.7991239402688665e-07 	 5.087866926999659e-16
265.2746546546547 	 2.7938429725247985e-07 	 5.049579349773063e-16
265.77513513513514 	 2.788581893934563e-07 	 5.011651251426212e-16
266.2756156156156 	 2.783340592349704e-07 	 4.974078589412908e-16
266.7760960960961 	 2.778118956463338e-07 	 4.936857374125224e-16
267.2765765765766 	 2.7729168758022805e-07 	 4.899983668102728e-16
267.77705705705705 	 2.767734240719252e-07 	 4.863453585254913e-16
268.27753753753757 	 2.7625709423851766e-07 	 4.827263290096722e-16
268.77801801801803 	 2.7574268727815616e-07 	 4.791408996996803e-16
269.2784984984985 	 2.7523019246929677e-07 	 4.755886969438295e-16
269.778978978979 	 2.747195991699555e-07 	 4.720693519291939e-16
270.2794594594595 	 2.742108968169726e-07 	 4.685825006101305e-16
270.77993993993994 	 2.737040749252831e-07 	 4.651277836379798e-16
271.28042042042046 	 2.731991230871969e-07 	 4.617048462919348e-16
271.7809009009009 	 2.7269603097168666e-07 	 4.583133384110569e-16
272.2813813813814 	 2.7219478832368253e-07 	 4.549529143274023e-16
272.7818618618619 	 2.7169538496337585e-07 	 4.516232328002613e-16
273.28234234234236 	 2.7119781078552993e-07 	 4.483239569514709e-16
273.7828228228228 	 2.7070205575879826e-07 	 4.450547542017915e-16
274.28330330330334 	 2.702081099250505e-07 	 4.4181529620832537e-16
274.7837837837838 	 2.6971596339870595e-07 	 4.386052588029589e-16
275.28426426426427 	 2.692256063660735e-07 	 4.354243219318063e-16
275.7847447447448 	 2.6873702908469973e-07 	 4.322721695956437e-16
276.28522522522525 	 2.682502218827238e-07 	 4.2914848979131006e-16
276.7857057057057 	 2.677651751582386e-07 	 4.2605297445405653e-16
277.2861861861862 	 2.6728187937866034e-07 	 4.2298531940083505e-16
277.7866666666667 	 2.668003250801033e-07 	 4.199452242744996e-16
278.28714714714715 	 2.6632050286676255e-07 	 4.1693239248890937e-16
278.78762762762767 	 2.6584240341030243e-07 	 4.139465311749176e-16
279.28810810810813 	 2.653660174492526e-07 	 4.1098735112722926e-16
279.7885885885886 	 2.648913357884095e-07 	 4.0805456675210805e-16
280.2890690690691 	 2.644183492982448e-07 	 4.051478960159279e-16
280.7895495495496 	 2.6394704891432047e-07 	 4.022670603945429e-16
281.29003003003004 	 2.6347742563670927e-07 	 3.994117848234661e-16
281.79051051051056 	 2.6300947052942223e-07 	 3.965817976488458e-16
282.290990990991 	 2.6254317471984157e-07 	 3.937768305792186e-16
282.7914714714715 	 2.6207852939816005e-07 	 3.909966186380294e-16
283.291951951952 	 2.6161552581682617e-07 	 3.8824090011690574e-16
283.79243243243246 	 2.6115415528999535e-07 	 3.855094165296727e-16
284.2929129129129 	 2.606944091929864e-07 	 3.828019125670898e-16
284.7933933933934 	 2.602362789617445e-07 	 3.801181360523071e-16
285.2938738738739 	 2.5977975609230915e-07 	 3.774578378970198e-16
285.79435435435437 	 2.5932483214028816e-07 	 3.748207720583135e-16
286.29483483483483 	 2.5887149872033675e-07 	 3.722066954961847e-16
286.79531531531535 	 2.584197475056427e-07 	 3.696153681317296e-16
287.2957957957958 	 2.5796957022741617e-07 	 3.670465528059838e-16
287.7962762762763 	 2.575209586743855e-07 	 3.6450001523940677e-16
288.2967567567568 	 2.570739046922975e-07 	 3.61975523991996e-16
288.79723723723725 	 2.5662840018342404e-07 	 3.5947285042402307e-16
289.2977177177177 	 2.561844371060725e-07 	 3.5699176865737835e-16
289.79819819819824 	 2.5574200747410225e-07 	 3.5453205553751487e-16
290.2986786786787 	 2.553011033564457e-07 	 3.5209349059598356e-16
290.79915915915916 	 2.5486171687663444e-07 	 3.4967585601354343e-16
291.2996396396397 	 2.544238402123299e-07 	 3.472789365838427e-16
291.80012012012014 	 2.539874655948598e-07 	 3.4490251967766185e-16
292.3006006006006 	 2.5355258530875796e-07 	 3.42546395207699e-16
292.8010810810811 	 2.5311919169130997e-07 	 3.4021035559390404e-16
293.3015615615616 	 2.526872771321033e-07 	 3.3789419572933853e-16
293.80204204204205 	 2.5225683407258137e-07 	 3.355977129465582e-16
294.30252252252257 	 2.518278550056028e-07 	 3.333207069845105e-16
294.803003003003 	 2.5140033247500536e-07 	 3.3106297995593557e-16
295.3034834834835 	 2.509742590751734e-07 	 3.2882433631526265e-16
295.803963963964 	 2.505496274506104e-07 	 3.2660458282699457e-16
296.30444444444447 	 2.501264302955161e-07 	 3.244035285345733e-16
296.80492492492493 	 2.49704660353367e-07 	 3.222209847297131e-16
297.30540540540545 	 2.492843104165017e-07 	 3.200567649222e-16
297.8058858858859 	 2.4886537332571067e-07 	 3.1791068481014765e-16
298.3063663663664 	 2.484478419698292e-07 	 3.1578256225069684e-16
298.8068468468469 	 2.4803170928533574e-07 	 3.1367221723116116e-16
299.30732732732736 	 2.476169682559531e-07 	 3.1157947184060164e-16
299.8078078078078 	 2.47203611912254e-07 	 3.0950415024182875e-16
300.30828828828834 	 2.4679163333127135e-07 	 3.074460786438242e-16
300.8087687687688 	 2.463810256361108e-07 	 3.054050852745729e-16
301.30924924924926 	 2.4597178199556925e-07 	 3.033810003543023e-16
301.8097297297298 	 2.4556389562375467e-07 	 3.013736560691166e-16
302.31021021021024 	 2.4515735977971226e-07 	 2.9938288654502744e-16
302.8106906906907 	 2.447521677670525e-07 	 2.974085278223663e-16
303.31117117117117 	 2.4434831293358326e-07 	 2.9545041783057687e-16
303.8116516516517 	 2.4394578867094626e-07 	 2.9350839636338066e-16
304.31213213213215 	 2.4354458841425654e-07 	 2.915823050543112e-16
304.8126126126126 	 2.431447056417451e-07 	 2.8967198735260294e-16
305.31309309309313 	 2.42746133874406e-07 	 2.87777288499442e-16
305.8135735735736 	 2.4234886667564643e-07 	 2.858980555045622e-16
306.31405405405405 	 2.4195289765093973e-07 	 2.8403413712318377e-16
306.8145345345346 	 2.4155822044748296e-07 	 2.821853838332922e-16
307.31501501501504 	 2.411648287538566e-07 	 2.8035164781324745e-16
307.8154954954955 	 2.4077271629968847e-07 	 2.785327829197211e-16
308.315975975976 	 2.4038187685532033e-07 	 2.7672864466595346e-16
308.8164564564565 	 2.399923042314783e-07 	 2.749390902003303e-16
309.31693693693694 	 2.396039922789457e-07 	 2.7316397828526637e-16
309.81741741741746 	 2.392169348882398e-07 	 2.714031692763983e-16
310.3178978978979 	 2.3883112598929153e-07 	 2.6965652510207916e-16
310.8183783783784 	 2.384465595511278e-07 	 2.679239092431663e-16
311.3188588588589 	 2.380632295815573e-07 	 2.6620518671310357e-16
311.81933933933936 	 2.3768113012685977e-07 	 2.645002240382914e-16
312.3198198198198 	 2.373002552714771e-07 	 2.62808889238735e-16
312.82030030030035 	 2.3692059913770824e-07 	 2.611310518089753e-16
313.3207807807808 	 2.365421558854073e-07 	 2.594665826992916e-16
313.82126126126127 	 2.3616491971168332e-07 	 2.57815354297171e-16
314.3217417417418 	 2.357888848506044e-07 	 2.561772404090476e-16
314.82222222222225 	 2.3541404557290346e-07 	 2.5455211624229803e-16
315.3227027027027 	 2.3504039618568738e-07 	 2.5293985838749554e-16
315.82318318318323 	 2.3466793103214893e-07 	 2.513403448009159e-16
316.3236636636637 	 2.3429664449128104e-07 	 2.497534547872931e-16
316.82414414414416 	 2.339265309775944e-07 	 2.4817906898281794e-16
317.3246246246247 	 2.3355758494083693e-07 	 2.466170693383778e-16
317.82510510510514 	 2.331898008657168e-07 	 2.4506733910303487e-16
318.3255855855856 	 2.3282317327162715e-07 	 2.43529762807735e-16
318.8260660660661 	 2.324576967123742e-07 	 2.420042262492487e-16
319.3265465465466 	 2.3209336577590744e-07 	 2.4049061647433683e-16
319.82702702702704 	 2.3173017508405253e-07 	 2.389888217641387e-16
320.32750750750756 	 2.313681192922464e-07 	 2.3749873161877896e-16
320.827987987988 	 2.3100719308927572e-07 	 2.360202367421926e-16
321.3284684684685 	 2.3064739119701632e-07 	 2.3455322902715725e-16
321.82894894894895 	 2.3028870837017664e-07 	 2.330976015405399e-16
322.32942942942947 	 2.2993113939604245e-07 	 2.3165324850874546e-16
322.82990990990993 	 2.295746790942245e-07 	 2.3022006530336993e-16
323.3303903903904 	 2.2921932231640814e-07 	 2.287979484270517e-16
323.8308708708709 	 2.288650639461057e-07 	 2.2738679549952006e-16
324.3313513513514 	 2.2851189889841084e-07 	 2.2598650524383694e-16
324.83183183183183 	 2.2815982211975517e-07 	 2.2459697747282827e-16
325.33231231231235 	 2.2780882858766715e-07 	 2.2321811307570315e-16
325.8327927927928 	 2.2745891331053374e-07 	 2.218498140048592e-16
326.3332732732733 	 2.2711007132736309e-07 	 2.2049198326286604e-16
326.8337537537538 	 2.267622977075505e-07 	 2.1914452488963076e-16
327.33423423423426 	 2.264155875506461e-07 	 2.1780734394973925e-16
327.8347147147147 	 2.260699359861246e-07 	 2.1648034651996953e-16
328.33519519519524 	 2.2572533817315704e-07 	 2.151634396769767e-16
328.8356756756757 	 2.2538178930038528e-07 	 2.1385653148514817e-16
329.33615615615616 	 2.2503928458569759e-07 	 2.125595309846205e-16
329.8366366366367 	 2.2469781927600698e-07 	 2.1127234817946365e-16
330.33711711711715 	 2.2435738864703138e-07 	 2.0999489402602348e-16
330.8375975975976 	 2.240179880030756e-07 	 2.087270804214233e-16
331.3380780780781 	 2.2367961267681548e-07 	 2.0746882019222103e-16
331.8385585585586 	 2.2334225802908422e-07 	 2.0622002708322212e-16
332.33903903903905 	 2.2300591944865986e-07 	 2.049806157464393e-16
332.83951951951957 	 2.226705923520555e-07 	 2.0375050173020608e-16
333.34000000000003 	 2.2233627218331126e-07 	 2.0252960146843485e-16
333.8404804804805 	 2.2200295441378735e-07 	 2.0131783227001823e-16
334.340960960961 	 2.216706345419602e-07 	 2.0011511230837642e-16
334.8414414414415 	 2.2133930809321963e-07 	 1.9892136061114165e-16
335.34192192192194 	 2.2100897061966777e-07 	 1.9773649704998244e-16
335.84240240240246 	 2.206796176999203e-07 	 1.9656044233056313e-16
336.3428828828829 	 2.2035124493890915e-07 	 1.9539311798263956e-16
336.8433633633634 	 2.2002384796768687e-07 	 1.9423444635028351e-16
337.3438438438439 	 2.196974224432329e-07 	 1.930843505822404e-16
337.84432432432436 	 2.1937196404826176e-07 	 1.9194275462241465e-16
338.3448048048048 	 2.1904746849103232e-07 	 1.908095832004797e-16
338.8452852852853 	 2.187239315051595e-07 	 1.8968476182261472e-16
339.3457657657658 	 2.18401348849427e-07 	 1.8856821676236257e-16
339.84624624624627 	 2.1807971630760238e-07 	 1.8745987505161003e-16
340.34672672672673 	 2.1775902968825287e-07 	 1.863596644716852e-16
340.84720720720725 	 2.1743928482456354e-07 	 1.85267513544574e-16
341.3476876876877 	 2.171204775741571e-07 	 1.8418335152425218e-16
341.8481681681682 	 2.1680260381891431e-07 	 1.8310710838812947e-16
342.3486486486487 	 2.1648565946479753e-07 	 1.8203871482860903e-16
342.84912912912915 	 2.1616964044167416e-07 	 1.8097810224475474e-16
343.3496096096096 	 2.1585454270314304e-07 	 1.799252027340694e-16
343.85009009009013 	 2.1554036222636122e-07 	 1.788799490843791e-16
344.3505705705706 	 2.1522709501187328e-07 	 1.7784227476582524e-16
344.85105105105106 	 2.1491473708344112e-07 	 1.768121139229586e-16
345.3515315315316 	 2.1460328448787605e-07 	 1.757894013669384e-16
345.85201201201204 	 2.14292733294872e-07 	 1.7477407256783201e-16
346.3524924924925 	 2.1398307959684005e-07 	 1.737660636470134e-16
346.852972972973 	 2.1367431950874454e-07 	 1.7276531136966224e-16
347.3534534534535 	 2.1336644916794082e-07 	 1.7177175313735885e-16
347.85393393393394 	 2.1305946473401386e-07 	 1.7078532698077416e-16
348.35441441441446 	 2.1275336238861868e-07 	 1.6980597155245534e-16
348.8548948948949 	 2.1244813833532234e-07 	 1.6883362611970452e-16
349.3553753753754 	 2.1214378879944645e-07 	 1.6786823055754687e-16
349.8558558558559 	 2.1184031002791186e-07 	 1.669097253417918e-16
350.35633633633637 	 2.1153769828908458e-07 	 1.6595805154218167e-16
350.85681681681683 	 2.1123594987262237e-07 	 1.650131508156283e-16
351.35729729729735 	 2.109350610893234e-07 	 1.640749653995362e-16
351.8577777777778 	 2.1063502827097585e-07 	 1.6314343810521177e-16
352.3582582582583 	 2.1033584777020892e-07 	 1.6221851231135555e-16
352.8587387387388 	 2.1003751596034479e-07 	 1.6130013195763725e-16
353.35921921921926 	 2.0974002923525228e-07 	 1.6038824153835405e-16
353.8596996996997 	 2.0944338400920163e-07 	 1.594827860961679e-16
354.36018018018024 	 2.0914757671671998e-07 	 1.5858371121592232e-16
354.8606606606607 	 2.0885260381244924e-07 	 1.5769096301853916e-16
355.36114114114116 	 2.0855846177100378e-07 	 1.568044881549901e-16
355.8616216216217 	 2.0826514708683024e-07 	 1.5592423380034644e-16
356.36210210210214 	 2.0797265627406844e-07 	 1.5505014764790267e-16
356.8625825825826 	 2.0768098586641297e-07 	 1.541821779033747e-16
357.36306306306307 	 2.073901324169765e-07 	 1.533202732791706e-16
357.8635435435436 	 2.0710009249815377e-07 	 1.5246438298873351e-16
358.36402402402405 	 2.0681086270148742e-07 	 1.516144567409562e-16
358.8645045045045 	 2.065224396375337e-07 	 1.5077044473466355e-16
359.364984984985 	 2.0623481993573074e-07 	 1.4993229765316682e-16
359.8654654654655 	 2.0594800024426708e-07 	 1.4909996665888384e-16
360.36594594594595 	 2.056619772299512e-07 	 1.4827340338802668e-16
360.8664264264265 	 2.053767475780828e-07 	 1.474525599453566e-16
361.36690690690693 	 2.050923079923244e-07 	 1.4663738889900296e-16
361.8673873873874 	 2.0480865519457457e-07 	 1.4582784327534675e-16
362.3678678678679 	 2.0452578592484195e-07 	 1.4502387655396835e-16
362.8683483483484 	 2.0424369694112038e-07 	 1.4422544266265721e-16
363.36882882882884 	 2.0396238501926495e-07 	 1.4343249597248274e-16
363.86930930930936 	 2.036818469528692e-07 	 1.4264499129292762e-16
364.3697897897898 	 2.0340207955314344e-07 	 1.4186288386708e-16
364.8702702702703 	 2.0312307964879365e-07 	 1.4108612936688457e-16
365.3707507507508 	 2.0284484408590188e-07 	 1.4031468388845337e-16
365.87123123123126 	 2.0256736972780748e-07 	 1.3954850394743376e-16
366.3717117117117 	 2.0229065345498886e-07 	 1.3878754647443194e-16
366.87219219219224 	 2.0201469216494695e-07 	 1.380317688104945e-16
367.3726726726727 	 2.0173948277208907e-07 	 1.3728112870264392e-16
367.87315315315317 	 2.0146502220761395e-07 	 1.365355842994692e-16
368.3736336336337 	 2.011913074193977e-07 	 1.3579509414676987e-16
368.87411411411415 	 2.009183353718807e-07 	 1.3505961718325412e-16
369.3745945945946 	 2.0064610304595523e-07 	 1.3432911273628713e-16
369.87507507507513 	 2.0037460743885438e-07 	 1.336035405176939e-16
370.3755555555556 	 2.001038455640415e-07 	 1.3288286061961102e-16
370.87603603603606 	 1.9983381445110069e-07 	 1.3216703351038856e-16
371.3765165165166 	 1.9956451114562828e-07 	 1.3145602003054363e-16
371.87699699699704 	 1.9929593270912492e-07 	 1.3074978138876038e-16
372.3774774774775 	 1.9902807621888892e-07 	 1.3004827915794007e-16
372.877957957958 	 1.9876093876790988e-07 	 1.2935147527129745e-16
373.3784384384385 	 1.9849451746476407e-07 	 1.2865933201850578e-16
373.87891891891894 	 1.982288094335096e-07 	 1.279718120418863e-16
374.37939939939946 	 1.9796381181358307e-07 	 1.2728887833264443e-16
374.8798798798799 	 1.9769952175969714e-07 	 1.2661049422715175e-16
375.3803603603604 	 1.9743593644173843e-07 	 1.259366234032712e-16
375.88084084084085 	 1.9717305304466656e-07 	 1.2526722987672645e-16
376.38132132132137 	 1.9691086876841398e-07 	 1.246022779975159e-16
376.8818018018018 	 1.9664938082778675e-07 	 1.2394173244636826e-16
377.3822822822823 	 1.9638858645236544e-07 	 1.2328555823124027e-16
377.8827627627628 	 1.961284828864077e-07 	 1.2263372068385655e-16
378.38324324324327 	 1.95869067388751e-07 	 1.2198618545629084e-16
378.88372372372373 	 1.9561033723271642e-07 	 1.2134291851758704e-16
379.38420420420425 	 1.9535228970601316e-07 	 1.2070388615042091e-16
379.8846846846847 	 1.950949221106436e-07 	 1.2006905494780102e-16
380.3851651651652 	 1.9483823176280937e-07 	 1.1943839180980853e-16
380.8856456456457 	 1.9458221599281804e-07 	 1.1881186394037564e-16
381.38612612612616 	 1.943268721449906e-07 	 1.1818943884410224e-16
381.8866066066066 	 1.9407219757756966e-07 	 1.1757108432310962e-16
382.38708708708714 	 1.9381818966262815e-07 	 1.1695676847393122e-16
382.8875675675676 	 1.9356484578597934e-07 	 1.1634645968444055e-16
383.38804804804806 	 1.9331216334708667e-07 	 1.1574012663081376e-16
383.8885285285286 	 1.9306013975897496e-07 	 1.1513773827452912e-16
384.38900900900904 	 1.9280877244814238e-07 	 1.145392638594013e-16
384.8894894894895 	 1.9255805885447243e-07 	 1.1394467290864936e-16
385.38996996997 	 1.9230799643114733e-07 	 1.1335393522200044e-16
385.8904504504505 	 1.9205858264456164e-07 	 1.1276702087282578e-16
386.39093093093095 	 1.9180981497423682e-07 	 1.1218390020531118e-16
386.89141141141147 	 1.9156169091273596e-07 	 1.1160454383165916e-16
387.39189189189193 	 1.9131420796558018e-07 	 1.1102892262932531e-16
387.8923723723724 	 1.9106736365116446e-07 	 1.1045700773828459e-16
388.3928528528529 	 1.9082115550067487e-07 	 1.0988877055833093e-16
388.8933333333334 	 1.905755810580064e-07 	 1.0932418274640733e-16
389.39381381381384 	 1.9033063787968114e-07 	 1.0876321621396671e-16
389.89429429429435 	 1.9008632353476716e-07 	 1.0820584312436334e-16
390.3947747747748 	 1.8984263560479853e-07 	 1.07652035890275e-16
390.8952552552553 	 1.8959957168369486e-07 	 1.0710176717115306e-16
391.3957357357358 	 1.8935712937768255e-07 	 1.0655500987070369e-16
391.89621621621626 	 1.8911530630521615e-07 	 1.0601173713439683e-16
392.3966966966967 	 1.888741000969004e-07 	 1.054719223470046e-16
392.89717717717724 	 1.8863350839541256e-07 	 1.049355391301662e-16
393.3976576576577 	 1.8839352885542606e-07 	 1.0440256133998323e-16
393.89813813813817 	 1.8815415914353394e-07 	 1.038729630646398e-16
394.3986186186186 	 1.8791539693817338e-07 	 1.0334671862205155e-16
394.89909909909915 	 1.8767723992955051e-07 	 1.0282380255754064e-16
395.3995795795796 	 1.8743968581956622e-07 	 1.0230418964153769e-16
395.90006006006007 	 1.8720273232174188e-07 	 1.0178785486730912e-16
396.4005405405406 	 1.869663771611463e-07 	 1.0127477344871099e-16
396.90102102102105 	 1.867306180743226e-07 	 1.0076492081796763e-16
397.4015015015015 	 1.864954528092163e-07 	 1.002582726234761e-16
397.90198198198203 	 1.8626087912510323e-07 	 9.975480472763452e-17
398.4024624624625 	 1.860268947925189e-07 	 9.925449320469643e-17
398.90294294294296 	 1.8579349759318724e-07 	 9.875731433864719e-17
399.4034234234235 	 1.8556068531995087e-07 	 9.826324462110614e-17
399.90390390390394 	 1.8532845577670154e-07 	 9.777226074925184e-17
400.4043843843844 	 1.85096806778311e-07 	 9.728433962376999e-17
400.9048648648649 	 1.8486573615056233e-07 	 9.67994583468248e-17
401.4053453453454 	 1.846352417300822e-07 	 9.631759422005364e-17
401.90582582582584 	 1.8440532136427307e-07 	 9.583872474258299e-17
402.40630630630636 	 1.8417597291124635e-07 	 9.536282760906715e-17
402.9067867867868 	 1.8394719423975587e-07 	 9.488988070774935e-17
403.4072672672673 	 1.837189832291318e-07 	 9.441986211854344e-17
403.9077477477478 	 1.834913377692152e-07 	 9.395275011113757e-17
404.40822822822827 	 1.83264255760293e-07 	 9.348852314311904e-17
404.90870870870873 	 1.8303773511303326e-07 	 9.302715985811927e-17
405.40918918918925 	 1.8281177374842125e-07 	 9.256863908398032e-17
405.9096696696697 	 1.8258636959769591e-07 	 9.211293983094103e-17
406.4101501501502 	 1.8236152060228652e-07 	 9.16600412898432e-17
406.9106306306307 	 1.8213722471375015e-07 	 9.120992283035809e-17
407.41111111111115 	 1.819134798937095e-07 	 9.076256399923232e-17
407.9115915915916 	 1.8169028411379102e-07 	 9.031794451855245e-17
408.41207207207214 	 1.8146763535556367e-07 	 8.987604428402971e-17
408.9125525525526 	 1.8124553161047814e-07 	 8.943684336330297e-17
409.41303303303306 	 1.8102397087980634e-07 	 8.900032199426025e-17
409.9135135135136 	 1.8080295117458155e-07 	 8.856646058337912e-17
410.41399399399404 	 1.8058247051553888e-07 	 8.813523970408497e-17
410.9144744744745 	 1.8036252693305604e-07 	 8.7706640095127e-17
411.414954954955 	 1.801431184670949e-07 	 8.728064265897255e-17
411.9154354354355 	 1.7992424316714318e-07 	 8.685722846021874e-17
412.41591591591595 	 1.797058990921567e-07 	 8.643637872402098e-17
412.9163963963964 	 1.7948808431050178e-07 	 8.601807483453904e-17
413.4168768768769 	 1.7927079689989857e-07 	 8.560229833340016e-17
413.9173573573574 	 1.7905403494736437e-07 	 8.518903091817852e-17
414.41783783783785 	 1.7883779654915746e-07 	 8.477825444089105e-17
414.91831831831837 	 1.7862207981072138e-07 	 8.436995090651014e-17
415.41879879879883 	 1.7840688284662977e-07 	 8.39641024714921e-17
415.9192792792793 	 1.7819220378053113e-07 	 8.356069144232115e-17
416.4197597597598 	 1.7797804074509443e-07 	 8.315970027406984e-17
416.9202402402403 	 1.777643918819552e-07 	 8.276111156897478e-17
417.42072072072074 	 1.775512553416613e-07 	 8.23649080750272e-17
417.92120120120126 	 1.7733862928361993e-07 	 8.197107268457932e-17
418.4216816816817 	 1.7712651187604467e-07 	 8.157958843296566e-17
418.9221621621622 	 1.7691490129590247e-07 	 8.119043849713837e-17
419.4226426426427 	 1.7670379572886186e-07 	 8.080360619431822e-17
419.92312312312316 	 1.7649319336924101e-07 	 8.041907498065966e-17
420.4236036036036 	 1.762830924199559e-07 	 8.003682844992939e-17
420.92408408408414 	 1.7607349109246974e-07 	 7.965685033220058e-17
421.4245645645646 	 1.758643876067418e-07 	 7.927912449255955e-17
421.92504504504507 	 1.756557801911772e-07 	 7.890363492982718e-17
422.4255255255256 	 1.7544766708257683e-07 	 7.853036577529331e-17
422.92600600600605 	 1.7524004652608775e-07 	 7.815930129146525e-17
423.4264864864865 	 1.7503291677515377e-07 	 7.779042587082889e-17
423.92696696696703 	 1.7482627609146648e-07 	 7.742372403462332e-17
424.4274474474475 	 1.7462012274491672e-07 	 7.705918043162867e-17
424.92792792792795 	 1.7441445501354617e-07 	 7.669677983696607e-17
425.4284084084085 	 1.7420927118349942e-07 	 7.633650715091095e-17
425.92888888888893 	 1.740045695489765e-07 	 7.597834739771867e-17
426.4293693693694 	 1.7380034841218555e-07 	 7.562228572446241e-17
426.9298498498499 	 1.735966060832957e-07 	 7.526830739988329e-17
427.4303303303304 	 1.733933408803907e-07 	 7.491639781325292e-17
427.93081081081084 	 1.7319055112942252e-07 	 7.456654247324735e-17
428.43129129129136 	 1.7298823516416543e-07 	 7.421872700683342e-17
428.9317717717718 	 1.7278639132617038e-07 	 7.387293715816648e-17
429.4322522522523 	 1.7258501796471961e-07 	 7.352915878749948e-17
429.9327327327328 	 1.7238411343678173e-07 	 7.318737787010383e-17
430.43321321321326 	 1.72183676106967e-07 	 7.284758049520145e-17
430.9336936936937 	 1.7198370434748288e-07 	 7.250975286490766e-17
431.4341741741742 	 1.7178419653809017e-07 	 7.217388129318553e-17
431.9346546546547 	 1.7158515106605904e-07 	 7.183995220481077e-17
432.43513513513517 	 1.713865663261257e-07 	 7.150795213434771e-17
432.93561561561563 	 1.7118844072044913e-07 	 7.117786772513539e-17
433.43609609609615 	 1.7099077265856837e-07 	 7.084968572828475e-17
433.9365765765766 	 1.707935605573599e-07 	 7.0523393001686e-17
434.4370570570571 	 1.7059680284099524e-07 	 7.019897650902603e-17
434.9375375375376 	 1.7040049794089925e-07 	 6.987642331881623e-17
435.43801801801806 	 1.7020464429570827e-07 	 6.955572060343046e-17
435.9384984984985 	 1.7000924035122866e-07 	 6.923685563815255e-17
436.43897897897904 	 1.6981428456039585e-07 	 6.891981580023392e-17
436.9394594594595 	 1.6961977538323348e-07 	 6.860458856796099e-17
437.43993993993996 	 1.6942571128681272e-07 	 6.829116151973161e-17
437.9404204204205 	 1.6923209074521217e-07 	 6.797952233314177e-17
438.44090090090094 	 1.690389122394778e-07 	 6.766965878408112e-17
438.9413813813814 	 1.6884617425758311e-07 	 6.736155874583779e-17
439.4418618618619 	 1.686538752943899e-07 	 6.705521018821258e-17
439.9423423423424 	 1.6846201385160895e-07 	 6.675060117664231e-17
440.44282282282285 	 1.6827058843776113e-07 	 6.644771987133159e-17
440.94330330330337 	 1.6807959756813872e-07 	 6.614655452639389e-17
441.44378378378383 	 1.6788903976476719e-07 	 6.584709348900143e-17
441.9442642642643 	 1.676989135563668e-07 	 6.554932519854332e-17
442.4447447447448 	 1.675092174783149e-07 	 6.52532381857924e-17
442.9452252252253 	 1.673199500726084e-07 	 6.495882107208104e-17
443.44570570570573 	 1.6713110988782625e-07 	 6.466606256848431e-17
443.94618618618625 	 1.6694269547909244e-07 	 6.43749514750124e-17
444.4466666666667 	 1.6675470540803912e-07 	 6.408547667981062e-17
444.9471471471472 	 1.6656713824276995e-07 	 6.37976271583676e-17
445.4476276276277 	 1.663799925578238e-07 	 6.35113919727317e-17
445.94810810810816 	 1.6619326693413872e-07 	 6.322676027073505e-17
446.4485885885886 	 1.6600695995901586e-07 	 6.294372128522557e-17
446.94906906906914 	 1.6582107022608397e-07 	 6.266226433330658e-17
447.4495495495496 	 1.6563559633526414e-07 	 6.238237881558424e-17
447.95003003003006 	 1.654505368927344e-07 	 6.210405421542239e-17
448.4505105105105 	 1.6526589051089493e-07 	 6.18272800982049e-17
448.95099099099104 	 1.650816558083334e-07 	 6.155204611060548e-17
449.4514714714715 	 1.6489783140979048e-07 	 6.127834197986462e-17
449.95195195195197 	 1.647144159461257e-07 	 6.100615751307406e-17
450.4524324324325 	 1.6453140805428317e-07 	 6.07354825964679e-17
450.95291291291295 	 1.6434880637725833e-07 	 6.046630719472155e-17
451.4533933933934 	 1.6416660956406394e-07 	 6.019862135025682e-17
451.95387387387393 	 1.6398481626969687e-07 	 5.993241518255434e-17
452.4543543543544 	 1.6380342515510527e-07 	 5.966767888747314e-17
452.95483483483486 	 1.6362243488715533e-07 	 5.940440273657614e-17
453.4553153153154 	 1.6344184413859884e-07 	 5.914257707646321e-17
453.95579579579584 	 1.632616515880407e-07 	 5.888219232811025e-17
454.4562762762763 	 1.6308185591990661e-07 	 5.862323898621499e-17
454.9567567567568 	 1.6290245582441118e-07 	 5.836570761854943e-17
455.4572372372373 	 1.6272344999752612e-07 	 5.810958886531842e-17
455.95771771771774 	 1.6254483714094845e-07 	 5.785487343852455e-17
456.45819819819826 	 1.623666159620693e-07 	 5.760155212133962e-17
456.9586786786787 	 1.6218878517394278e-07 	 5.734961576748194e-17
457.4591591591592 	 1.620113434952548e-07 	 5.709905530059995e-17
457.9596396396397 	 1.6183428965029237e-07 	 5.684986171366182e-17
458.46012012012017 	 1.616576223689132e-07 	 5.660202606835111e-17
458.9606006006006 	 1.6148134038651503e-07 	 5.635553949446818e-17
459.46108108108115 	 1.6130544244400571e-07 	 5.611039318933769e-17
459.9615615615616 	 1.6112992728777305e-07 	 5.586657841722169e-17
460.46204204204207 	 1.6095479366965519e-07 	 5.562408650873863e-17
460.9625225225226 	 1.6078004034691084e-07 	 5.538290886028779e-17
461.46300300300305 	 1.6060566608219005e-07 	 5.514303693347971e-17
461.9634834834835 	 1.6043166964350491e-07 	 5.490446225457158e-17
462.46396396396403 	 1.6025804980420058e-07 	 5.4667176413908785e-17
462.9644444444445 	 1.6008480534292643e-07 	 5.4431171065371403e-17
463.46492492492496 	 1.5991193504360739e-07 	 5.4196437925826166e-17
463.9654054054055 	 1.5973943769541553e-07 	 5.39629687745839e-17
464.46588588588594 	 1.595673120927418e-07 	 5.373075545286211e-17
464.9663663663664 	 1.5939555703516798e-07 	 5.3499789863252646e-17
465.4668468468469 	 1.592241713274386e-07 	 5.3270063969194705e-17
465.9673273273274 	 1.5905315377943338e-07 	 5.304156979445286e-17
466.46780780780784 	 1.5888250320613966e-07 	 5.281429942260006e-17
466.9682882882883 	 1.58712218427625e-07 	 5.258824499650566e-17
467.4687687687688 	 1.585422982690099e-07 	 5.2363398717828305e-17
467.9692492492493 	 1.5837274156044104e-07 	 5.2139752846514e-17
468.46972972972975 	 1.5820354713706407e-07 	 5.19172997002983e-17
468.97021021021027 	 1.5803471383899724e-07 	 5.169603165421414e-17
469.47069069069073 	 1.578662405113048e-07 	 5.1475941140103816e-17
469.9711711711712 	 1.5769812600397057e-07 	 5.125702064613566e-17
470.4716516516517 	 1.5753036917187182e-07 	 5.1039262716325625e-17
470.9721321321322 	 1.5736296887475342e-07 	 5.082265995006317e-17
471.47261261261264 	 1.571959239772018e-07 	 5.060720500164182e-17
471.97309309309315 	 1.5702923334861935e-07 	 5.0392890579794074e-17
472.4735735735736 	 1.56862895863199e-07 	 5.017970944723095e-17
472.9740540540541 	 1.5669691039989874e-07 	 4.996765442018558e-17
473.4745345345346 	 1.5653127584241646e-07 	 4.9756718367961424e-17
473.97501501501506 	 1.5636599107916505e-07 	 4.954689421248473e-17
474.4754954954955 	 1.5620105500324742e-07 	 4.9338174927861135e-17
474.97597597597604 	 1.5603646651243172e-07 	 4.9130553539936407e-17
475.4764564564565 	 1.558722245091271e-07 	 4.892402312586169e-17
475.97693693693697 	 1.5570832790035876e-07 	 4.871857681366226e-17
476.4774174174175 	 1.5554477559774436e-07 	 4.8514207781811085e-17
476.97789789789795 	 1.5538156651746942e-07 	 4.831090925880575e-17
477.4783783783784 	 1.5521869958026365e-07 	 4.8108674522749776e-17
477.9788588588589 	 1.55056173711377e-07 	 4.790749690093763e-17
478.4793393393394 	 1.5489398784055613e-07 	 4.770736976944387e-17
478.97981981981985 	 1.5473214090202094e-07 	 4.750828655271604e-17
479.48030030030037 	 1.545706318344411e-07 	 4.7310240723171143e-17
479.98078078078083 	 1.5440945958091286e-07 	 4.7113225800796415e-17
480.4812612612613 	 1.542486230889362e-07 	 4.6917235352753364e-17
480.9817417417418 	 1.5408812131039164e-07 	 4.6722262992985684e-17
481.4822222222223 	 1.5392795320151768e-07 	 4.6528302381830983e-17
481.98270270270274 	 1.537681177228881e-07 	 4.633534722563588e-17
482.48318318318326 	 1.5360861383938938e-07 	 4.614339127637471e-17
482.9836636636637 	 1.5344944052019858e-07 	 4.595242833127206e-17
483.4841441441442 	 1.5329059673876092e-07 	 4.576245223242849e-17
483.9846246246247 	 1.5313208147276781e-07 	 4.557345686644994e-17
484.48510510510516 	 1.5297389370413488e-07 	 4.5385436164080375e-17
484.9855855855856 	 1.5281603241898026e-07 	 4.5198384099838224e-17
485.4860660660661 	 1.526584966076028e-07 	 4.501229469165554e-17
485.9865465465466 	 1.5250128526446063e-07 	 4.482716200052125e-17
486.48702702702707 	 1.523443973881498e-07 	 4.464298013012719e-17
486.98750750750753 	 1.5218783198138286e-07 	 4.4459743226517495e-17
487.48798798798805 	 1.520315880509679e-07 	 4.427744547774135e-17
487.9884684684685 	 1.518756646077874e-07 	 4.409608111350893e-17
488.488948948949 	 1.5172006066677763e-07 	 4.391564440485045e-17
488.9894294294295 	 1.515647752469074e-07 	 4.373612966377808e-17
489.48990990990995 	 1.5140980737115805e-07 	 4.355753124295176e-17
489.9903903903904 	 1.5125515606650249e-07 	 4.33798435353471e-17
490.49087087087094 	 1.5110082036388496e-07 	 4.3203060973926954e-17
490.9913513513514 	 1.5094679929820107e-07 	 4.302717803131599e-17
491.49183183183186 	 1.5079309190827725e-07 	 4.285218921947784e-17
491.9923123123124 	 1.50639697236851e-07 	 4.2678089089395507e-17
492.49279279279284 	 1.5048661433055097e-07 	 4.2504872230754795e-17
492.9932732732733 	 1.5033384223987728e-07 	 4.233253327163031e-17
493.4937537537538 	 1.5018138001918169e-07 	 4.216106687817443e-17
493.9942342342343 	 1.5002922672664836e-07 	 4.199046775430933e-17
494.49471471471475 	 1.4987738142427424e-07 	 4.182073064142151e-17
494.99519519519527 	 1.4972584317784983e-07 	 4.165185031805914e-17
495.4956756756757 	 1.4957461105694018e-07 	 4.148382159963253e-17
495.9961561561562 	 1.494236841348656e-07 	 4.1316639338116636e-17
496.4966366366367 	 1.49273061488683e-07 	 4.115029842175692e-17
496.99711711711717 	 1.491227421991668e-07 	 4.098479377477745e-17
497.49759759759763 	 1.4897272535079044e-07 	 4.0820120357091885e-17
497.99807807807815 	 1.488230100317077e-07 	 4.0656273164016836e-17
498.4985585585586 	 1.4867359533373428e-07 	 4.049324722598811e-17
498.9990390390391 	 1.4852448035232932e-07 	 4.033103760827918e-17
499.4995195195196 	 1.4837566418657733e-07 	 4.0169639410722474e-17
500.0 	 1.4822714593916995e-07 	 4.000904776743307e-17
