3.5233633633633636 	 3.3357724764355795e-06 	 1.1460299377214085e-09
4.023843843843844 	 3.423628680332208e-06 	 6.426811700190724e-10
4.524324324324325 	 3.531335837494433e-06 	 3.798471148594204e-10
5.0248048048048055 	 3.663489828179821e-06 	 2.330787468248984e-10
5.525285285285285 	 3.826562148159402e-06 	 1.4671322662347112e-10
6.025765765765766 	 4.029893337242307e-06 	 9.373880450321124e-11
6.526246246246247 	 4.287428576894519e-06 	 6.015571855727317e-11
7.026726726726727 	 4.6208009597120875e-06 	 3.8316610585006936e-11
7.527207207207208 	 5.065088850291556e-06 	 2.38683968931856e-11
8.027687687687688 	 5.680860860332108e-06 	 1.4253750283690794e-11
8.528168168168168 	 6.580364508867429e-06 	 7.975043513052509e-12
9.02864864864865 	 7.992812306278649e-06 	 4.2407207698523886e-12
9.52912912912913 	 1.0444385446853402e-05 	 2.9374914972192037e-12
10.029609609609611 	 1.5287985827080543e-05 	 5.196446782682506e-12
10.530090090090091 	 2.542874800810776e-05 	 1.5403400009609106e-11
11.030570570570571 	 4.007643130297634e-05 	 3.8730744520444665e-11
11.531051051051053 	 4.984277847908351e-05 	 6.304404054186481e-11
12.031531531531533 	 4.6442761696587795e-05 	 6.011275124336673e-11
12.532012012012013 	 3.0159466135506015e-05 	 2.7710552528915083e-11
13.032492492492494 	 2.4093208432475223e-05 	 1.2999596855314077e-11
13.532972972972974 	 2.3195120968386242e-05 	 8.114076173429565e-12
14.033453453453454 	 3.148894980823374e-05 	 1.3876841415065741e-11
14.533933933933936 	 4.219079757459328e-05 	 3.0963849305563725e-11
15.034414414414416 	 5.079387463302885e-05 	 5.966763475525755e-11
15.534894894894897 	 5.1940462978907166e-05 	 6.728381496190484e-11
16.035375375375377 	 4.952993183743563e-05 	 6.11487370491137e-11
16.535855855855857 	 4.6056959445383054e-05 	 4.8888606508079285e-11
17.036336336336337 	 4.6351136996965744e-05 	 5.061319602048787e-11
17.53681681681682 	 4.77607490579409e-05 	 6.071573572311559e-11
18.0372972972973 	 4.836386154863036e-05 	 7.3108916208266e-11
18.53777777777778 	 4.7101252144593516e-05 	 8.081747932902578e-11
19.03825825825826 	 4.2950636222722374e-05 	 7.509656773177627e-11
19.53873873873874 	 3.71020726902773e-05 	 6.10119307393029e-11
20.039219219219223 	 3.140440154976484e-05 	 4.819714359336487e-11
20.539699699699703 	 2.6322549342633336e-05 	 3.77440180328356e-11
21.040180180180183 	 2.2139492166028803e-05 	 2.976658583645185e-11
21.540660660660663 	 1.869570926145077e-05 	 2.3830775953118704e-11
22.041141141141143 	 1.5665419310403693e-05 	 1.9139252626875854e-11
22.541621621621623 	 1.2966337165518038e-05 	 1.516078398283876e-11
23.042102102102106 	 1.0754443024014725e-05 	 1.1772163127423244e-11
23.542582582582586 	 9.17290203159263e-06 	 9.002926181492401e-12
24.043063063063066 	 8.238929056748307e-06 	 6.8226184310008364e-12
24.543543543543546 	 7.920884905593021e-06 	 5.132930477094975e-12
25.044024024024026 	 8.258171577603722e-06 	 3.8335391138241434e-12
25.54450450450451 	 9.492751556321913e-06 	 2.8817726632326373e-12
26.04498498498499 	 1.2244020244062213e-05 	 2.3866289662580767e-12
26.54546546546547 	 1.7221643392066973e-05 	 2.832006306316716e-12
27.04594594594595 	 2.2942059672316118e-05 	 5.050284226034466e-12
27.54642642642643 	 2.6376015871856654e-05 	 8.889836167358681e-12
28.04690690690691 	 2.7157489818780765e-05 	 1.2877123238234747e-11
28.547387387387392 	 2.6145198072486884e-05 	 1.5896784892032777e-11
29.047867867867872 	 2.3903172716469126e-05 	 1.7699586659143486e-11
29.548348348348352 	 2.054904485269191e-05 	 1.822240520657268e-11
30.04882882882883 	 1.6095047718369045e-05 	 1.7177183758202792e-11
30.54930930930931 	 1.1182567488669374e-05 	 1.4623940961250492e-11
31.049789789789795 	 7.031109975662477e-06 	 1.1586574655904807e-11
31.550270270270275 	 4.1734209915494755e-06 	 9.019566204076193e-12
32.05075075075076 	 2.364106863189419e-06 	 7.122061992513306e-12
32.55123123123124 	 1.2308530996526992e-06 	 5.755546782739748e-12
33.05171171171172 	 5.109563690035127e-07 	 4.7575222860711956e-12
33.5521921921922 	 4.538128367933303e-08 	 4.0101133216848056e-12
34.05267267267268 	 2.6009384116032725e-07 	 3.43564623256522e-12
34.55315315315316 	 4.621965088412673e-07 	 2.9834574613731902e-12
35.053633633633645 	 5.959781214582733e-07 	 2.620024204414844e-12
35.55411411411412 	 6.836900018655003e-07 	 2.3225968793515234e-12
36.054594594594604 	 7.398060599101471e-07 	 2.0753662762824686e-12
36.55507507507508 	 7.739658926279992e-07 	 1.867091214308723e-12
37.055555555555564 	 7.927020552134865e-07 	 1.6895802092347868e-12
37.55603603603605 	 8.005315267217285e-07 	 1.5367541518512333e-12
38.056516516516524 	 8.00616872423583e-07 	 1.4040050964881617e-12
38.55699699699701 	 7.951974429441076e-07 	 1.2878059369210364e-12
39.057477477477484 	 7.858914049348149e-07 	 1.1853835027716566e-12
39.55795795795797 	 7.738590152966028e-07 	 1.0945549658282762e-12
40.05843843843845 	 7.599552450357899e-07 	 1.0135657638087406e-12
40.55891891891893 	 7.448058862482487e-07 	 9.409966255548148e-13
41.05939939939941 	 7.288704715552824e-07 	 8.756842099987069e-13
41.55987987987989 	 7.124884054482543e-07 	 8.166631046540622e-13
42.06036036036037 	 6.959125817276897e-07 	 7.631390807565893e-13
42.56084084084085 	 6.793286864058911e-07 	 7.144351896710766e-13
43.06132132132133 	 6.628775319137861e-07 	 6.699795430251225e-13
43.56180180180181 	 6.466525509581373e-07 	 6.292883680021769e-13
44.06228228228229 	 6.307270068543376e-07 	 5.919478215543547e-13
44.56276276276277 	 6.151507984976686e-07 	 5.576001649319994e-13
45.06324324324325 	 5.999596958775257e-07 	 5.259309001698511e-13
45.56372372372373 	 5.851752861764999e-07 	 4.966729616956308e-13
46.064204204204216 	 5.708126861190849e-07 	 4.69585652871981e-13
46.56468468468469 	 5.568721399072067e-07 	 4.4446917985265996e-13
47.065165165165176 	 5.43360714879435e-07 	 4.2113319275101333e-13
47.56564564564565 	 5.302684332105529e-07 	 3.9942096961950403e-13
48.066126126126136 	 5.175935669361906e-07 	 3.7918680747330445e-13
48.56660660660662 	 5.053287968883731e-07 	 3.6030146822759286e-13
49.067087087087096 	 4.934623110902443e-07 	 3.426525655858804e-13
49.56756756756758 	 4.819789456124779e-07 	 3.2613735787394033e-13
50.068048048048055 	 4.7087434516166616e-07 	 3.10665194298183e-13
50.56852852852854 	 4.6013181529913805e-07 	 2.9614976895073016e-13
51.06900900900902 	 4.497403474002085e-07 	 2.8251960027282815e-13
51.5694894894895 	 4.3968619921748573e-07 	 2.6970454134080673e-13
52.06996996996998 	 4.299603672364821e-07 	 2.5764565207100785e-13
52.57045045045046 	 4.205460519469995e-07 	 2.462863660088593e-13
53.07093093093094 	 4.114350949640448e-07 	 2.355760764786241e-13
53.571411411411425 	 4.0261604740900955e-07 	 2.2546752183720738e-13
54.0718918918919 	 3.940750879040477e-07 	 2.159196427337016e-13
54.572372372372385 	 3.858028685056007e-07 	 2.0689314434103177e-13
55.07285285285286 	 3.777901371341825e-07 	 1.9835352240713343e-13
55.573333333333345 	 3.7002521240593936e-07 	 1.9026752754044843e-13
56.07381381381382 	 3.6249934429442434e-07 	 1.8260500910014204e-13
56.574294294294305 	 3.5520175932435065e-07 	 1.7533921537594454e-13
57.07477477477479 	 3.4812626391913825e-07 	 1.6844372096218647e-13
57.575255255255264 	 3.412633280450163e-07 	 1.6189676786125527e-13
58.07573573573575 	 3.3460390743084715e-07 	 1.556754007170174e-13
58.576216216216224 	 3.281379936369163e-07 	 1.4975992460693915e-13
59.07669669669671 	 3.218638699184558e-07 	 1.4413195127200252e-13
59.57717717717719 	 3.1577083047023174e-07 	 1.3877391386693018e-13
60.07765765765767 	 3.098501186345734e-07 	 1.336708182439244e-13
60.57813813813815 	 3.0409892023882605e-07 	 1.2880686414504836e-13
61.07861861861863 	 2.985091072295188e-07 	 1.2416856726519878e-13
61.57909909909911 	 2.930754479512888e-07 	 1.1974307196671752e-13
62.079579579579594 	 2.8779155775861075e-07 	 1.1551859476895368e-13
62.58006006006007 	 2.8265231642843116e-07 	 1.1148376184780012e-13
63.080540540540554 	 2.776525614539585e-07 	 1.0762822190459845e-13
63.58102102102103 	 2.7278730820893e-07 	 1.0394169702597085e-13
64.0815015015015 	 2.6805135093395006e-07 	 1.0041625158930066e-13
64.58198198198198 	 2.6344015248184163e-07 	 9.70427783659328e-14
65.08246246246247 	 2.5894995274699953e-07 	 9.381281841655434e-14
65.58294294294295 	 2.545763097707097e-07 	 9.07190172743386e-14
66.08342342342343 	 2.503145108469937e-07 	 8.775508370989377e-14
66.5839039039039 	 2.4616189385718465e-07 	 8.491347323063087e-14
67.08438438438439 	 2.4211374478980535e-07 	 8.218868369993854e-14
67.58486486486487 	 2.381670482175793e-07 	 7.957453100394223e-14
68.08534534534535 	 2.3431814933792716e-07 	 7.706574746531703e-14
68.58582582582584 	 2.3056393218703196e-07 	 7.465705545634764e-14
69.08630630630631 	 2.2690107112514154e-07 	 7.234379712870034e-14
69.58678678678679 	 2.2332712914965467e-07 	 7.012096844318157e-14
70.08726726726728 	 2.1983854227346416e-07 	 6.798451362102119e-14
70.58774774774776 	 2.1643304704252746e-07 	 6.59305147939283e-14
71.08822822822823 	 2.1310810255109846e-07 	 6.39546741193621e-14
71.58870870870871 	 2.0986070753150743e-07 	 6.20536196119879e-14
72.0891891891892 	 2.0668863282587808e-07 	 6.022413585767868e-14
72.58966966966968 	 2.0358935507124328e-07 	 5.846273502586163e-14
73.09015015015015 	 2.0056090383792823e-07 	 5.6766274205783975e-14
73.59063063063064 	 1.97601378783549e-07 	 5.513170995211942e-14
74.09111111111112 	 1.947081519564723e-07 	 5.3556622816730676e-14
74.5915915915916 	 1.918790287234847e-07 	 5.203854355712773e-14
75.09207207207209 	 1.8911278222257708e-07 	 5.057438807180391e-14
75.59255255255256 	 1.864069406945874e-07 	 4.9162488042868e-14
76.09303303303304 	 1.8376024410117344e-07 	 4.780007695614958e-14
76.59351351351351 	 1.8117046849172222e-07 	 4.6485349401963485e-14
77.093993993994 	 1.7863649567766652e-07 	 4.5216068652295883e-14
77.59447447447448 	 1.7615625331042182e-07 	 4.3990420282868895e-14
78.09495495495496 	 1.7372840380889003e-07 	 4.2806568545293546e-14
78.59543543543545 	 1.7135141788884537e-07 	 4.166289819126636e-14
79.09591591591592 	 1.6902396476039108e-07 	 4.055774777460759e-14
79.5963963963964 	 1.667445704935833e-07 	 3.948935567942722e-14
80.09687687687689 	 1.6451178514224976e-07 	 3.845651403442282e-14
80.59735735735737 	 1.6232442619945458e-07 	 3.7457597055712976e-14
81.09783783783784 	 1.6018146656052217e-07 	 3.6491272418740466e-14
81.59831831831832 	 1.5808146489042646e-07 	 3.5556277644879354e-14
82.09879879879881 	 1.5602318091729508e-07 	 3.465143399557947e-14
82.59927927927929 	 1.540054410719052e-07 	 3.377558426300819e-14
83.09975975975976 	 1.5202756031388252e-07 	 3.2927631553534813e-14
83.60024024024025 	 1.500882717110693e-07 	 3.210630099138039e-14
84.10072072072073 	 1.4818669345247018e-07 	 3.131060593457349e-14
84.6012012012012 	 1.4632132013794035e-07 	 3.0540031965100146e-14
85.10168168168168 	 1.4449182175936597e-07 	 2.979301616385365e-14
85.60216216216217 	 1.4269697495566866e-07 	 2.9069111675994447e-14
86.10264264264265 	 1.4093615597133248e-07 	 2.8367080808991902e-14
86.60312312312313 	 1.3920819238512282e-07 	 2.7686522985895796e-14
87.10360360360362 	 1.3751218683747747e-07 	 2.702647582144688e-14
87.60408408408409 	 1.358478980723216e-07 	 2.6386033871564505e-14
88.10456456456457 	 1.3421381907369747e-07 	 2.576485251954955e-14
88.60504504504506 	 1.3260981896586979e-07 	 2.5161896643345044e-14
89.10552552552554 	 1.3103468580751312e-07 	 2.4576711669027964e-14
89.60600600600601 	 1.2948818926022528e-07 	 2.4008525480644525e-14
90.10648648648649 	 1.279690569900083e-07 	 2.3456884655972084e-14
90.60696696696698 	 1.264772709431967e-07 	 2.2921071749108502e-14
91.10744744744746 	 1.2501168886664087e-07 	 2.240071183174516e-14
91.60792792792793 	 1.2357180588113603e-07 	 2.1895144088241088e-14
92.10840840840842 	 1.2215721104986075e-07 	 2.1403823136776218e-14
92.6088888888889 	 1.2076698659419124e-07 	 2.092644839008093e-14
93.10936936936938 	 1.1940071989738489e-07 	 2.0462402785987415e-14
93.60984984984987 	 1.1805805853696798e-07 	 2.0011245743518292e-14
94.11033033033034 	 1.1673842282744757e-07 	 1.957244041201973e-14
94.61081081081082 	 1.154407661981936e-07 	 1.914580862724343e-14
95.1112912912913 	 1.1416512327128983e-07 	 1.8730841204117263e-14
95.61177177177179 	 1.1291079739139705e-07 	 1.832716038891948e-14
96.11225225225226 	 1.1167731676670567e-07 	 1.7934402558531417e-14
96.61273273273274 	 1.1046440638577088e-07 	 1.7552122220349508e-14
97.11321321321323 	 1.0927138289263252e-07 	 1.7180050782308522e-14
97.6136936936937 	 1.0809760397152e-07 	 1.681801795905557e-14
98.11417417417418 	 1.0694330784679159e-07 	 1.6465342522211932e-14
98.61465465465466 	 1.0580729736354062e-07 	 1.6122090799628495e-14
99.11513513513515 	 1.0468977841013257e-07 	 1.578773398495091e-14
99.61561561561562 	 1.0359021231727951e-07 	 1.5462034013206403e-14
100.1160960960961 	 1.0269447211136706e-07 	 1.514821848501375e-14
100.61657657657659 	 1.0218365589704404e-07 	 1.4849062660249396e-14
101.11705705705707 	 1.0167789626865864e-07 	 1.45572553889716e-14
101.61753753753754 	 1.0117711851304746e-07 	 1.4272581116973467e-14
102.11801801801803 	 1.0068124938172426e-07 	 1.3994831630746116e-14
102.61849849849851 	 1.0019021705516301e-07 	 1.372380577316355e-14
103.11897897897899 	 9.970395110812108e-08 	 1.3459309171496234e-14
103.61945945945946 	 9.922238247596741e-08 	 1.3201153977162095e-14
104.11993993993995 	 9.874544342198182e-08 	 1.2949158616654967e-14
104.62042042042043 	 9.82730675055929e-08 	 1.2703147553119503e-14
105.1209009009009 	 9.780518955152308e-08 	 1.2462951058069271e-14
105.6213813813814 	 9.734174561981116e-08 	 1.2228404992771034e-14
106.12186186186187 	 9.688267297668294e-08 	 1.1999350598842334e-14
106.62234234234235 	 9.642791006624229e-08 	 1.1775634297633092e-14
107.12282282282284 	 9.597739648295572e-08 	 1.1557107497983706e-14
107.62330330330332 	 9.553107294490483e-08 	 1.1343626411972835e-14
108.1237837837838 	 9.508888126778141e-08 	 1.1135051878287515e-14
108.62426426426427 	 9.46507643396016e-08 	 1.0931249192867055e-14
109.12474474474476 	 9.421666609611581e-08 	 1.073208794648917e-14
109.62522522522524 	 9.378653149689218e-08 	 1.0537441868983808e-14
110.12570570570571 	 9.336030650205221e-08 	 1.0347188679775311e-14
110.6261861861862 	 9.293793804963794e-08 	 1.0161209944468742e-14
111.12666666666668 	 9.251937403359066e-08 	 9.979390937209933e-15
111.62714714714716 	 9.2104563282322e-08 	 9.80162050856205e-15
112.12762762762763 	 9.169345553785901e-08 	 9.627790958654297e-15
112.62810810810812 	 9.128600143554509e-08 	 9.45779791536981e-15
113.1285885885886 	 9.088215248427999e-08 	 9.29154021735153e-15
113.62906906906908 	 9.048186104728172e-08 	 9.128919801615e-15
114.12954954954957 	 9.008508032335491e-08 	 8.969841595567637e-15
114.63003003003004 	 8.969176432864963e-08 	 8.814213413243158e-15
115.13051051051052 	 8.930186787889624e-08 	 8.661945855569256e-15
115.63099099099101 	 8.891534657210127e-08 	 8.512952214494977e-15
116.13147147147149 	 8.853215677169109e-08 	 8.367148380812674e-15
116.63195195195196 	 8.815225559008932e-08 	 8.224452755516878e-15
117.13243243243244 	 8.777560087271533e-08 	 8.084786164550017e-15
117.63291291291293 	 8.74021511823913e-08 	 7.948071776791807e-15
118.1333933933934 	 8.703186578414559e-08 	 7.814235025155734e-15
118.63387387387388 	 8.666470463040066e-08 	 7.683203530662385e-15
119.13435435435437 	 8.630062834653455e-08 	 7.554907029365406e-15
119.63483483483485 	 8.59395982168046e-08 	 7.429277302011416e-15
120.13531531531532 	 8.558157617062312e-08 	 7.30624810632078e-15
120.63579579579581 	 8.522652476917464e-08 	 7.185755111781154e-15
121.13627627627629 	 8.487440719236489e-08 	 7.067735836850579e-15
121.63675675675677 	 8.452518722609207e-08 	 6.952129588471695e-15
122.13723723723724 	 8.417882924983093e-08 	 6.838877403802877e-15
122.63771771771773 	 8.383529822452098e-08 	 6.7279219940763846e-15
123.13819819819821 	 8.349455968075003e-08 	 6.61920769049767e-15
123.63867867867869 	 8.315657970722468e-08 	 6.512680392103615e-15
124.13915915915918 	 8.282132493951978e-08 	 6.40828751550128e-15
124.63963963963965 	 8.248876254909886e-08 	 6.305977946412107e-15
125.14012012012013 	 8.215886023259808e-08 	 6.2057019929497184e-15
125.64060060060062 	 8.18315862013663e-08 	 6.10741134056282e-15
126.1410810810811 	 8.150690917125417e-08 	 6.011059008577364e-15
126.64156156156157 	 8.118479835264524e-08 	 5.91659930827529e-15
127.14204204204205 	 8.086522344072267e-08 	 5.823987802449616e-15
127.64252252252254 	 8.054815460596477e-08 	 5.733181266378404e-15
128.14300300300303 	 8.023356248486343e-08 	 5.644137650162459e-15
128.64348348348352 	 7.992141817085904e-08 	 5.5568160423740416e-15
129.14396396396398 	 7.961169320548635e-08 	 5.471176634966086e-15
129.64444444444447 	 7.930435956972519e-08 	 5.387180689393488e-15
130.14492492492496 	 7.899938967555107e-08 	 5.304790503900273e-15
130.64540540540543 	 7.869675635767973e-08 	 5.2239693819280104e-15
131.14588588588592 	 7.839643286550081e-08 	 5.1446816016031384e-15
131.6463663663664 	 7.809839285519555e-08 	 5.0668923862623196e-15
132.14684684684687 	 7.780261038203354e-08 	 4.990567875976711e-15
132.64732732732736 	 7.75090598928439e-08 	 4.915675100037761e-15
133.14780780780782 	 7.721771621865623e-08 	 4.842181950368523e-15
133.6482882882883 	 7.692855456750694e-08 	 4.770057155826036e-15
134.1487687687688 	 7.664155051740657e-08 	 4.699270257361755e-15
134.64924924924927 	 7.635668000946398e-08 	 4.629791584008261e-15
135.14972972972976 	 7.607391934116333e-08 	 4.561592229661845e-15
135.65021021021025 	 7.579324515978979e-08 	 4.4946440306317925e-15
136.1506906906907 	 7.55146344560004e-08 	 4.4289195439282964e-15
136.6511711711712 	 7.523806455753603e-08 	 4.36439202626209e-15
137.1516516516517 	 7.496351312307123e-08 	 4.301035413730067e-15
137.65213213213215 	 7.469095813619805e-08 	 4.238824302161933e-15
138.15261261261264 	 7.44203778995407e-08 	 4.177733928104191e-15
138.65309309309313 	 7.415175102899772e-08 	 4.1177401504185346e-15
139.1535735735736 	 7.388505644810838e-08 	 4.058819432472682e-15
139.6540540540541 	 7.362027338254004e-08 	 4.000948824902488e-15
140.15453453453458 	 7.3357381354694e-08 	 3.944105948925156e-15
140.65501501501504 	 7.309636017842621e-08 	 3.888268980183897e-15
141.15549549549553 	 7.283718995388017e-08 	 3.833416633105402e-15
141.65597597597602 	 7.257985106242988e-08 	 3.779528145752093e-15
142.15645645645648 	 7.23243241617291e-08 	 3.726583265151765e-15
142.65693693693697 	 7.207059018086499e-08 	 3.674562233088004e-15
143.15741741741743 	 7.181863031561359e-08 	 3.623445772335397e-15
143.65789789789793 	 7.156842602379418e-08 	 3.573215073323999e-15
144.15837837837842 	 7.131995902072061e-08 	 3.5238517812183834e-15
144.65885885885888 	 7.107321127474701e-08 	 3.475337983396867e-15
145.15933933933937 	 7.082816500290553e-08 	 3.427656197317282e-15
145.65981981981986 	 7.058480266663426e-08 	 3.380789358756042e-15
146.16030030030032 	 7.034310696759261e-08 	 3.3347208104077797e-15
146.6607807807808 	 7.010306084356267e-08 	 3.2894342908333332e-15
147.1612612612613 	 6.986464746443398e-08 	 3.2449139237442886e-15
147.66174174174176 	 6.962785022827004e-08 	 3.2011442076127213e-15
148.16222222222225 	 6.939265275745457e-08 	 3.1581100055952105e-15
148.66270270270275 	 6.915903889491554e-08 	 3.115796535760619e-15
149.1631831831832 	 6.892699270042539e-08 	 3.0741893616114686e-15
149.6636636636637 	 6.869649844697516e-08 	 3.0332743828891483e-15
150.1641441441442 	 6.846754061722143e-08 	 2.9930378266535726e-15
150.66462462462465 	 6.824010390000399e-08 	 2.953466238628174e-15
151.16510510510514 	 6.801417318693257e-08 	 2.9145464748015197e-15
151.6655855855856 	 6.778973356904134e-08 	 2.876265693277127e-15
152.1660660660661 	 6.756677033350927e-08 	 2.838611346363316e-15
152.66654654654658 	 6.734526896044507e-08 	 2.8015711728953302e-15
153.16702702702705 	 6.71252151197352e-08 	 2.7651331907821266e-15
153.66750750750754 	 6.690659466795335e-08 	 2.7292856897705505e-15
154.16798798798803 	 6.66893936453303e-08 	 2.694017224419927e-15
154.6684684684685 	 6.64735982727824e-08 	 2.6593166072802157e-15
155.16894894894898 	 6.625919494899771e-08 	 2.625172902267262e-15
155.66942942942947 	 6.604617024757836e-08 	 2.5915754182288083e-15
156.16990990990993 	 6.583451091423771e-08 	 2.5585137026951736e-15
156.67039039039042 	 6.562420386405131e-08 	 2.5259775358087387e-15
157.1708708708709 	 6.541523617876046e-08 	 2.4939569244266036e-15
157.67135135135138 	 6.520759510412711e-08 	 2.462442096390882e-15
158.17183183183187 	 6.500126804733872e-08 	 2.4314234949613956e-15
158.67231231231236 	 6.479624257446264e-08 	 2.400891773405686e-15
159.17279279279282 	 6.459250640794822e-08 	 2.3708377897413657e-15
159.6732732732733 	 6.439004742417602e-08 	 2.341252601626109e-15
160.1737537537538 	 6.418885365105287e-08 	 2.3121274613906628e-15
160.67423423423426 	 6.39889132656521e-08 	 2.2834538112104528e-15
161.17471471471475 	 6.379021459189733e-08 	 2.255223278411488e-15
161.67519519519522 	 6.359274609828975e-08 	 2.2274276709064584e-15
162.1756756756757 	 6.339649639567717e-08 	 2.200058972756987e-15
162.6761561561562 	 6.320145423506433e-08 	 2.1731093398582e-15
163.17663663663666 	 6.300760850546356e-08 	 2.1465710957418644e-15
163.67711711711715 	 6.281494823178478e-08 	 2.1204367274944953e-15
164.17759759759764 	 6.262346257276413e-08 	 2.094698881786941e-15
164.6780780780781 	 6.243314081893052e-08 	 2.0693503610120816e-15
165.1785585585586 	 6.224397239060884e-08 	 2.044384119527345e-15
165.67903903903908 	 6.20559468359596e-08 	 2.019793259998944e-15
166.17951951951954 	 6.186905382905401e-08 	 1.9955710298447443e-15
166.68000000000004 	 6.168328316798346e-08 	 1.9717108177728115e-15
167.18048048048053 	 6.149862477300337e-08 	 1.9482061504128342e-15
167.680960960961 	 6.131506868470991e-08 	 1.9250506890375963e-15
168.18144144144148 	 6.113260506224952e-08 	 1.902238226371882e-15
168.68192192192197 	 6.095122418156012e-08 	 1.8797626834862125e-15
169.18240240240243 	 6.077091643364374e-08 	 1.857618106772913e-15
169.68288288288292 	 6.059167232286951e-08 	 1.835798665002096e-15
170.18336336336338 	 6.041348246530678e-08 	 1.8142986464552273e-15
170.68384384384387 	 6.023633758708737e-08 	 1.793112456133994e-15
171.18432432432436 	 6.00602285227968e-08 	 1.7722346130423046e-15
171.68480480480483 	 5.98851462138934e-08 	 1.7516597475392762e-15
172.18528528528532 	 5.971108170715512e-08 	 1.7313825987611656e-15
172.6857657657658 	 5.953802615315339e-08 	 1.7113980121102667e-15
173.18624624624627 	 5.9365970804753384e-08 	 1.6917009368088222e-15
173.68672672672676 	 5.9194907015640114e-08 	 1.672286423516089e-15
174.18720720720725 	 5.902482623887019e-08 	 1.6531496220067897e-15
174.6876876876877 	 5.885572002544822e-08 	 1.634285778909131e-15
175.1881681681682 	 5.868758002292769e-08 	 1.6156902355007543e-15
175.6886486486487 	 5.8520397974035904e-08 	 1.597358425560951e-15
176.18912912912916 	 5.8354165715322094e-08 	 1.579285873277537e-15
176.68960960960965 	 5.818887517582874e-08 	 1.5614681912068807e-15
177.19009009009014 	 5.80245183757853e-08 	 1.5439010782855541e-15
177.6905705705706 	 5.7861087425323985e-08 	 1.5265803178921804e-15
178.1910510510511 	 5.7698574523217283e-08 	 1.5095017759580643e-15
178.69153153153155 	 5.753697195563661e-08 	 1.4926613991252568e-15
179.19201201201204 	 5.737627209493178e-08 	 1.4760552129507102e-15
179.69249249249253 	 5.7216467398430886e-08 	 1.4596793201552766e-15
180.192972972973 	 5.705755040726022e-08 	 1.4435298989162913e-15
180.6934534534535 	 5.689951374518368e-08 	 1.4276032012025283e-15
181.19393393393398 	 5.674235011746159e-08 	 1.411895551150397e-15
181.69441441441444 	 5.658605230972818e-08 	 1.3964033434802101e-15
182.19489489489493 	 5.6430613186887745e-08 	 1.381123041951451e-15
182.69537537537542 	 5.627602569202886e-08 	 1.3660511778559754e-15
183.19585585585588 	 5.61222828453564e-08 	 1.3511843485480966e-15
183.69633633633637 	 5.596937774314098e-08 	 1.3365192160105742e-15
184.19681681681686 	 5.581730355668564e-08 	 1.3220525054555309e-15
184.69729729729733 	 5.5666053531309215e-08 	 1.3077810039593417e-15
185.19777777777782 	 5.55156209853462e-08 	 1.293701559130593e-15
185.6982582582583 	 5.5365999309162914e-08 	 1.279811077810229e-15
186.19873873873877 	 5.521718196418933e-08 	 1.2661065248030035e-15
186.69921921921926 	 5.5069162481966585e-08 	 1.2525849216394214e-15
187.19969969969975 	 5.492193446320991e-08 	 1.2392433453673536e-15
187.7001801801802 	 5.477549157688621e-08 	 1.2260789273725215e-15
188.2006606606607 	 5.4629827559306676e-08 	 1.2130888522271115e-15
188.70114114114116 	 5.4484936213233696e-08 	 1.200270356565759e-15
189.20162162162165 	 5.434081140700196e-08 	 1.187620727988183e-15
189.70210210210215 	 5.419744707365346e-08 	 1.175137303987779e-15
190.2025825825826 	 5.405483721008622e-08 	 1.1628174709054803e-15
190.7030630630631 	 5.3912975876216346e-08 	 1.1506586629082332e-15
191.2035435435436 	 5.377185719415324e-08 	 1.1386583609914413e-15
191.70402402402405 	 5.3631475347387814e-08 	 1.12681409200476e-15
192.20450450450454 	 5.349182457999328e-08 	 1.1151234277006231e-15
192.70498498498503 	 5.3352899195838536e-08 	 1.1035839838049406e-15
193.2054654654655 	 5.32146935578136e-08 	 1.0921934191093562e-15
193.70594594594598 	 5.307720208706718e-08 	 1.0809494345845472e-15
194.20642642642648 	 5.294041926225598e-08 	 1.069849772514001e-15
194.70690690690694 	 5.2804339618805624e-08 	 1.0588922156477608e-15
195.20738738738743 	 5.266895774818293e-08 	 1.0480745863756179e-15
195.70786786786792 	 5.2534268297179285e-08 	 1.03739474591926e-15
196.20834834834838 	 5.2400265967205106e-08 	 1.0268505935429002e-15
196.70882882882887 	 5.2266945513595006e-08 	 1.0164400657819051e-15
197.20930930930933 	 5.2134301744923505e-08 	 1.006161135688978e-15
197.70978978978982 	 5.200232952233121e-08 	 9.960118120974514e-16
198.2102702702703 	 5.187102375886117e-08 	 9.85990138901254e-16
198.71075075075078 	 5.1740379418805254e-08 	 9.760941943511456e-16
199.21123123123127 	 5.1610391517060356e-08 	 9.663220903667893e-16
199.71171171171176 	 5.148105511849434e-08 	 9.566719718643008e-16
200.21219219219222 	 5.135236533732152e-08 	 9.47142016098856e-16
200.7126726726727 	 5.122431733648729e-08 	 9.37730432021994e-16
201.2131531531532 	 5.109690632706218e-08 	 9.284354596532698e-16
201.71363363363366 	 5.097012756764486e-08 	 9.19255369465869e-16
202.21411411411415 	 5.0843976363773844e-08 	 9.101884617858645e-16
202.71459459459464 	 5.071844806734817e-08 	 9.01233066204774e-16
203.2150750750751 	 5.0593538076056466e-08 	 8.92387541005087e-16
203.7155555555556 	 5.046924183281446e-08 	 8.836502725984452e-16
204.2160360360361 	 5.034555482521083e-08 	 8.750196749761764e-16
204.71651651651655 	 5.0222472584961075e-08 	 8.664941891718658e-16
205.21699699699704 	 5.0099990687369495e-08 	 8.580722827356855e-16
205.71747747747753 	 4.99781047507989e-08 	 8.497524492201894e-16
206.217957957958 	 4.985681043614817e-08 	 8.4153320767729945e-16
206.71843843843848 	 4.97361034463373e-08 	 8.334131021662125e-16
207.21891891891894 	 4.9615979525799966e-08 	 8.253907012719669e-16
207.71939939939944 	 4.9496434459983374e-08 	 8.174645976344048e-16
208.21987987987993 	 4.937746407485544e-08 	 8.0963340748729725e-16
208.7203603603604 	 4.925906423641886e-08 	 8.018957702073717e-16
209.22084084084088 	 4.9141230850232366e-08 	 7.942503478730139e-16
209.72132132132137 	 4.9023959860938693e-08 	 7.866958248324198e-16
210.22180180180183 	 4.890724725179938e-08 	 7.792309072809636e-16
210.72228228228232 	 4.8791089044236066e-08 	 7.718543228475628e-16
211.2227627627628 	 4.867548129737854e-08 	 7.645648201898451e-16
211.72324324324327 	 4.856042010761894e-08 	 7.573611685978835e-16
212.22372372372377 	 4.844590160817241e-08 	 7.502421576063213e-16
212.72420420420426 	 4.833192196864397e-08 	 7.432065966146788e-16
213.22468468468472 	 4.821847739460142e-08 	 7.362533145156519e-16
213.7251651651652 	 4.810556412715424e-08 	 7.293811593312157e-16
214.2256456456457 	 4.7993178442538454e-08 	 7.22588997856356e-16
214.72612612612616 	 4.78813166517073e-08 	 7.158757153102473e-16
215.22660660660665 	 4.7769975099927473e-08 	 7.092402149946994e-16
215.7270870870871 	 4.7659150166381224e-08 	 7.026814179597229e-16
216.2275675675676 	 4.754883826377377e-08 	 6.961982626760253e-16
216.7280480480481 	 4.743903583794623e-08 	 6.89789704714296e-16
217.22852852852856 	 4.732973936749397e-08 	 6.834547164311195e-16
217.72900900900905 	 4.7220945363390093e-08 	 6.771922866613594e-16
218.22948948948954 	 4.711265036861419e-08 	 6.710014204168729e-16
218.72996996997 	 4.700485095778617e-08 	 6.648811385914108e-16
219.2304504504505 	 4.68975437368051e-08 	 6.58830477671552e-16
219.73093093093098 	 4.6790725342492975e-08 	 6.528484894535528e-16
220.23141141141144 	 4.668439244224337e-08 	 6.469342407659603e-16
220.73189189189193 	 4.657854173367481e-08 	 6.410868131978714e-16
221.23237237237242 	 4.647316994428898e-08 	 6.353053028327037e-16
221.7328528528529 	 4.636827383113338e-08 	 6.295888199873569e-16
222.23333333333338 	 4.6263850180468656e-08 	 6.23936488956642e-16
222.73381381381387 	 4.615989580744044e-08 	 6.183474477628642e-16
223.23429429429433 	 4.60564075557555e-08 	 6.128208479104394e-16
223.73477477477482 	 4.595338229736233e-08 	 6.073558541454331e-16
224.23525525525528 	 4.585081693213595e-08 	 6.019516442199177e-16
224.73573573573577 	 4.5748708387566954e-08 	 5.966074086610321e-16
225.23621621621626 	 4.5647053618454726e-08 	 5.913223505446469e-16
225.73669669669673 	 4.554584960660469e-08 	 5.860956852735324e-16
226.23717717717722 	 4.5445093360529556e-08 	 5.809266403599229e-16
226.7376576576577 	 4.5344781915154665e-08 	 5.758144552123939e-16
227.23813813813817 	 4.524491233152701e-08 	 5.707583809269427e-16
227.73861861861866 	 4.514548169652829e-08 	 5.657576800821928e-16
228.23909909909915 	 4.504648712259163e-08 	 5.608116265386228e-16
228.7395795795796 	 4.4947925747422064e-08 	 5.559195052417394e-16
229.2400600600601 	 4.484979473372064e-08 	 5.510806120291018e-16
229.7405405405406 	 4.475209126891216e-08 	 5.462942534411192e-16
230.24102102102106 	 4.46548125648765e-08 	 5.415597465355388e-16
230.74150150150155 	 4.455795585768336e-08 	 5.368764187055391e-16
231.24198198198204 	 4.446151840733052e-08 	 5.32243607501361e-16
231.7424624624625 	 4.43654974974854e-08 	 5.276606604553888e-16
232.242942942943 	 4.426989043523011e-08 	 5.231269349106163e-16
232.74342342342348 	 4.4174694550809636e-08 	 5.186417978524226e-16
233.24390390390394 	 4.407990719738335e-08 	 5.142046257435816e-16
233.74438438438443 	 4.398552575077968e-08 	 5.098148043624454e-16
234.2448648648649 	 4.389154760925399e-08 	 5.054717286442281e-16
234.74534534534538 	 4.379797019324945e-08 	 5.01174802525323e-16
235.24582582582588 	 4.370479094516104e-08 	 4.969234387905941e-16
235.74630630630634 	 4.361200732910254e-08 	 4.927170589235754e-16
236.24678678678683 	 4.3519616830676475e-08 	 4.885550929595147e-16
236.74726726726732 	 4.3427616956746974e-08 	 4.844369793412096e-16
237.24774774774778 	 4.33360052352155e-08 	 4.803621647775659e-16
237.74822822822827 	 4.324477921479946e-08 	 4.763301041048319e-16
238.24870870870876 	 4.3153936464813535e-08 	 4.723402601504462e-16
238.74918918918922 	 4.30634745749538e-08 	 4.683921035994455e-16
239.24966966966971 	 4.297339115508456e-08 	 4.644851128633806e-16
239.7501501501502 	 4.288368383502781e-08 	 4.606187739516868e-16
240.25063063063067 	 4.2794350264355414e-08 	 4.5679258034546e-16
240.75111111111116 	 4.270538811218379e-08 	 4.530060328735841e-16
241.25159159159165 	 4.2616795066971164e-08 	 4.492586395911659e-16
241.7520720720721 	 4.252856883631741e-08 	 4.455499156602292e-16
242.2525525525526 	 4.244070714676625e-08 	 4.418793832326157e-16
242.75303303303306 	 4.2353207743610064e-08 	 4.3824657133505917e-16
243.25351351351355 	 4.2266068390696936e-08 	 4.3465101575637264e-16
243.75399399399404 	 4.217928687024021e-08 	 4.3109225893672215e-16
244.2544744744745 	 4.2092860982630336e-08 	 4.2756984985892987e-16
244.754954954955 	 4.2006788546248966e-08 	 4.2408334394177363e-16
245.2554354354355 	 4.1921067397285465e-08 	 4.2063230293524185e-16
245.75591591591595 	 4.183569538955555e-08 	 4.1721629481770044e-16
246.25639639639644 	 4.1750670394322135e-08 	 4.138348936949333e-16
246.75687687687693 	 4.166599030011849e-08 	 4.104876797010255e-16
247.2573573573574 	 4.158165301257335e-08 	 4.0717423890104063e-16
247.75783783783788 	 4.149765645423833e-08 	 4.0389416319546543e-16
248.25831831831837 	 4.141399856441728e-08 	 4.0064705022638287e-16
248.75879879879884 	 4.1330677298997834e-08 	 3.97432503285338e-16
249.25927927927933 	 4.124769063028485e-08 	 3.9425013122286395e-16
249.75975975975982 	 4.116503654683597e-08 	 3.9109954835963486e-16
250.26024024024028 	 4.108271305329909e-08 	 3.879803743992138e-16
250.76072072072077 	 4.100071817025177e-08 	 3.8489223434236144e-16
251.26120120120126 	 4.091904993404262e-08 	 3.818347584028785e-16
251.76168168168172 	 4.083770639663455e-08 	 3.7880758192494883e-16
252.2621621621622 	 4.075668562544981e-08 	 3.7581034530195142e-16
252.76264264264267 	 4.067598570321702e-08 	 3.7284269389671903e-16
253.26312312312317 	 4.059560472781987e-08 	 3.6990427796320825e-16
253.76360360360366 	 4.051554081214774e-08 	 3.669947525695563e-16
254.26408408408412 	 4.043579208394795e-08 	 3.64113777522497e-16
254.7645645645646 	 4.035635668567986e-08 	 3.612610172931086e-16
255.2650450450451 	 4.027723277437063e-08 	 3.584361409438695e-16
255.76552552552556 	 4.0198418521472705e-08 	 3.556388220569934e-16
256.266006006006 	 4.0119912112722916e-08 	 3.5286873866401967e-16
256.7664864864865 	 4.0041711748003334e-08 	 3.501255731766388e-16
257.266966966967 	 3.99638156412036e-08 	 3.474090123187202e-16
257.76744744744747 	 3.988622202008502e-08 	 3.447187470595305e-16
258.26792792792793 	 3.980892912614607e-08 	 3.420544725481062e-16
258.76840840840845 	 3.973193521448966e-08 	 3.3941588804877163e-16
259.2688888888889 	 3.9655238553691736e-08 	 3.368026968777709e-16
259.7693693693694 	 3.9578837425671515e-08 	 3.3421460634099453e-16
260.2698498498499 	 3.950273012556323e-08 	 3.316513276727833e-16
260.77033033033035 	 3.94269149615893e-08 	 3.291125759757851e-16
261.2708108108108 	 3.935139025493491e-08 	 3.2659807016184337e-16
261.77129129129133 	 3.927615433962421e-08 	 3.2410753289390424e-16
262.2717717717718 	 3.920120556239772e-08 	 3.2164069052891503e-16
262.77225225225226 	 3.9126542282591264e-08 	 3.191972730616991e-16
263.2727327327328 	 3.9052162872016253e-08 	 3.167770140697895e-16
263.77321321321324 	 3.897806571484135e-08 	 3.143796506592024e-16
264.2736936936937 	 3.890424920747542e-08 	 3.120049234111297e-16
264.7741741741742 	 3.883071175845185e-08 	 3.09652576329537e-16
265.2746546546547 	 3.875745178831423e-08 	 3.073223567896515e-16
265.77513513513514 	 3.868446772950319e-08 	 3.050140154873156e-16
266.2756156156156 	 3.8611758026244665e-08 	 3.027273063891986e-16
266.7760960960961 	 3.8539321134439294e-08 	 3.004619866838453e-16
267.2765765765766 	 3.846715552155317e-08 	 2.9821781673354796e-16
267.77705705705705 	 3.8395259666509686e-08 	 2.959945600270233e-16
268.27753753753757 	 3.8323632059582734e-08 	 2.9379198313288494e-16
268.77801801801803 	 3.825227120229101e-08 	 2.916098556538922e-16
269.2784984984985 	 3.818117560729349e-08 	 2.894479501819605e-16
269.778978978979 	 3.8110343798286084e-08 	 2.873060422539222e-16
270.2794594594595 	 3.803977430989955e-08 	 2.8518391030802496e-16
270.77993993993994 	 3.796946568759833e-08 	 2.8308133564114647e-16
271.28042042042046 	 3.789941648758062e-08 	 2.80998102366721e-16
271.7809009009009 	 3.7829625276679644e-08 	 2.789339973733637e-16
272.2813813813814 	 3.776009063226578e-08 	 2.7688881028417015e-16
272.7818618618619 	 3.769081114215e-08 	 2.7486233341669425e-16
273.28234234234236 	 3.762178540448821e-08 	 2.728543617435785e-16
273.7828228228228 	 3.755301202768671e-08 	 2.7086469285383254e-16
274.28330330330334 	 3.748448963030868e-08 	 2.6889312691474527e-16
274.7837837837838 	 3.7416216840981696e-08 	 2.6693946663442016e-16
275.28426426426427 	 3.7348192298306204e-08 	 2.6500351722492013e-16
275.7847447447448 	 3.728041465076506e-08 	 2.630850863660149e-16
276.28522522522525 	 3.721288255663402e-08 	 2.6118398416951767e-16
276.7857057057057 	 3.714559468389319e-08 	 2.5930002314419776e-16
277.2861861861862 	 3.707854971013944e-08 	 2.5743301816126573e-16
277.7866666666667 	 3.7011746322499827e-08 	 2.555827864204136e-16
278.28714714714715 	 3.694518321754582e-08 	 2.5374914741640435e-16
278.78762762762767 	 3.687885910120858e-08 	 2.519319229061999e-16
279.28810810810813 	 3.6812772688695093e-08 	 2.5013093687661826e-16
279.7885885885886 	 3.674692270440518e-08 	 2.483460155125078e-16
280.2890690690691 	 3.6681307881849434e-08 	 2.465769871654346e-16
280.7895495495496 	 3.6615926963568076e-08 	 2.4482368232286905e-16
281.29003003003004 	 3.655077870105052e-08 	 2.430859335778638e-16
281.79051051051056 	 3.6485861854656024e-08 	 2.4136357559921775e-16
282.290990990991 	 3.642117519353497e-08 	 2.3965644510211226e-16
282.7914714714715 	 3.63567174955511e-08 	 2.379643808192143e-16
283.291951951952 	 3.6292487547204544e-08 	 2.362872234722391e-16
283.79243243243246 	 3.6228484143555714e-08 	 2.346248157439628e-16
284.2929129129129 	 3.616470608814988e-08 	 2.3297700225067513e-16
284.7933933933934 	 3.610115219294266e-08 	 2.313436295150693e-16
285.2938738738739 	 3.603782127822624e-08 	 2.2972454593955763e-16
285.79435435435437 	 3.597471217255639e-08 	 2.281196017800067e-16
286.29483483483483 	 3.5911823712680205e-08 	 2.2652864911988446e-16
286.79531531531535 	 3.584915474346468e-08 	 2.249515418448128e-16
287.2957957957958 	 3.5786704117825936e-08 	 2.2338813561751776e-16
287.7962762762763 	 3.572447069665927e-08 	 2.2183828785317082e-16
288.2967567567568 	 3.566245334876984e-08 	 2.2030185769511416e-16
288.79723723723725 	 3.5600650950804234e-08 	 2.1877870599096452e-16
289.2977177177177 	 3.553906238718251e-08 	 2.1726869526908646e-16
289.79819819819824 	 3.5477686550031175e-08 	 2.157716897154321e-16
290.2986786786787 	 3.54165223391167e-08 	 2.1428755515073872e-16
290.79915915915916 	 3.5355568661779804e-08 	 2.1281615900807772e-16
291.2996396396397 	 3.529482443287036e-08 	 2.1135737031075068e-16
291.80012012012014 	 3.523428857468303e-08 	 2.099110596505268e-16
292.3006006006006 	 3.517396001689351e-08 	 2.0847709916621183e-16
292.8010810810811 	 3.511383769649544e-08 	 2.0705536252254917e-16
293.3015615615616 	 3.5053920557738014e-08 	 2.056457248894425e-16
293.80204204204205 	 3.499420755206411e-08 	 2.0424806292149533e-16
294.30252252252257 	 3.493469763804918e-08 	 2.0286225473786507e-16
294.803003003003 	 3.4875389781340706e-08 	 2.0148817990242257e-16
295.3034834834835 	 3.4816282954598226e-08 	 2.001257194042135e-16
295.803963963964 	 3.475737613743405e-08 	 1.9877475563821737e-16
296.30444444444447 	 3.4698668316354556e-08 	 1.97435172386398e-16
296.80492492492493 	 3.4640158484702026e-08 	 1.9610685479904014e-16
297.30540540540545 	 3.4581845642597104e-08 	 1.9478968937636846e-16
297.8058858858859 	 3.4523728796881905e-08 	 1.9348356395044565e-16
298.3063663663664 	 3.446580696106355e-08 	 1.9218836766733933e-16
298.8068468468469 	 3.4408079155258414e-08 	 1.9090399096956126e-16
299.30732732732736 	 3.4350544406136815e-08 	 1.8963032557876718e-16
299.8078078078078 	 3.4293201746868346e-08 	 1.8836726447871733e-16
300.30828828828834 	 3.423605021706771e-08 	 1.8711470189849163e-16
300.8087687687688 	 3.417908886274109e-08 	 1.858725332959554e-16
301.30924924924926 	 3.412231673623309e-08 	 1.8464065534147208e-16
301.8097297297298 	 3.4065732896174155e-08 	 1.8341896590185721e-16
302.31021021021024 	 3.400933640742856e-08 	 1.822073640245729e-16
302.8106906906907 	 3.39531263410429e-08 	 1.8100574992215524e-16
303.31117117117117 	 3.3897101774195054e-08 	 1.7981402495687245e-16
303.8116516516517 	 3.384126179014369e-08 	 1.7863209162561067e-16
304.31213213213215 	 3.3785605478178314e-08 	 1.774598535449834e-16
304.8126126126126 	 3.3730131933569675e-08 	 1.7629721543665791e-16
305.31309309309313 	 3.367484025752079e-08 	 1.751440831129006e-16
305.8135735735736 	 3.361972955711844e-08 	 1.7400036346233354e-16
306.31405405405405 	 3.3564798945284995e-08 	 1.7286596443589873e-16
306.8145345345346 	 3.351004754073093e-08 	 1.7174079503303023e-16
307.31501501501504 	 3.345547446790763e-08 	 1.7062476528802673e-16
307.8154954954955 	 3.340107885696073e-08 	 1.6951778625662362e-16
308.315975975976 	 3.3346859843683904e-08 	 1.6841977000276057e-16
308.8164564564565 	 3.329281656947311e-08 	 1.6733062958554245e-16
309.31693693693694 	 3.3238948181281244e-08 	 1.6625027904638842e-16
309.81741741741746 	 3.318525383157326e-08 	 1.651786333963679e-16
310.3178978978979 	 3.313173267828175e-08 	 1.64115608603721e-16
310.8183783783784 	 3.307838388476289e-08 	 1.6306112158155716e-16
311.3188588588589 	 3.302520661975283e-08 	 1.6201509017573305e-16
311.81933933933936 	 3.29722000573246e-08 	 1.609774331529055e-16
312.3198198198198 	 3.2919363376845254e-08 	 1.5994807018875412e-16
312.82030030030035 	 3.2866695762933565e-08 	 1.589269218563751e-16
313.3207807807808 	 3.281419640541809e-08 	 1.5791390961484137e-16
313.82126126126127 	 3.27618644992956e-08 	 1.569089557979249e-16
314.3217417417418 	 3.2709699244689964e-08 	 1.5591198360298245e-16
314.82222222222225 	 3.2657699846811376e-08 	 1.5492291707999823e-16
315.3227027027027 	 3.260586551591599e-08 	 1.539416811207835e-16
315.82318318318323 	 3.2554195467265945e-08 	 1.5296820144832957e-16
316.3236636636637 	 3.250268892108976e-08 	 1.520024046063126e-16
316.82414414414416 	 3.245134510254311e-08 	 1.5104421794874628e-16
317.3246246246247 	 3.240016324166997e-08 	 1.5009356962978185e-16
317.82510510510514 	 3.234914257336413e-08 	 1.491503885936522e-16
318.3255855855856 	 3.2298282337331056e-08 	 1.482146045647574e-16
318.8260660660661 	 3.224758177805015e-08 	 1.4728614803789078e-16
319.3265465465466 	 3.2197040144737304e-08 	 1.4636495026860198e-16
319.82702702702704 	 3.2146656691307885e-08 	 1.4545094326369558e-16
320.32750750750756 	 3.2096430676339956e-08 	 1.445440597718626e-16
320.827987987988 	 3.2046361363038024e-08 	 1.4364423327444485e-16
321.3284684684685 	 3.199644801919685e-08 	 1.4275139797632535e-16
321.82894894894895 	 3.19466899171659e-08 	 1.4186548879694955e-16
322.32942942942947 	 3.18970863338139e-08 	 1.4098644136146903e-16
322.82990990990993 	 3.184763655049386e-08 	 1.401141919920099e-16
323.3303903903904 	 3.1798339853008305e-08 	 1.3924867769906164e-16
323.8308708708709 	 3.174919553157497e-08 	 1.3838983617298656e-16
324.3313513513514 	 3.170020288079266e-08 	 1.3753760577564573e-16
324.83183183183183 	 3.165136119960755e-08 	 1.3669192553214141e-16
325.33231231231235 	 3.1602669791279696e-08 	 1.3585273512267318e-16
325.8327927927928 	 3.155412796334998e-08 	 1.3501997487450764e-16
326.3332732732733 	 3.150573502760722e-08 	 1.341935857540564e-16
326.8337537537538 	 3.1457490300055644e-08 	 1.3337350935906476e-16
327.33423423423426 	 3.140939310088272e-08 	 1.325596879109076e-16
327.8347147147147 	 3.1361442754427167e-08 	 1.3175206424699e-16
328.33519519519524 	 3.131363858914732e-08 	 1.309505818132519e-16
328.8356756756757 	 3.126597993758987e-08 	 1.3015518465677688e-16
329.33615615615616 	 3.1218466136358644e-08 	 1.2936581741849904e-16
329.8366366366367 	 3.1171096526083964e-08 	 1.2858242532601175e-16
330.33711711711715 	 3.1123870451392076e-08 	 1.2780495418647301e-16
330.8375975975976 	 3.107678726087493e-08 	 1.2703335037960695e-16
331.3380780780781 	 3.102984630706022e-08 	 1.2626756085080093e-16
331.8385585585586 	 3.0983046946381794e-08 	 1.255075331042967e-16
332.33903903903905 	 3.09363885391501e-08 	 1.2475321519647135e-16
332.83951951951957 	 3.088987044952313e-08 	 1.2400455572921145e-16
333.34000000000003 	 3.084349204547755e-08 	 1.2326150384337562e-16
333.8404804804805 	 3.079725269877999e-08 	 1.225240092123442e-16
334.340960960961 	 3.075115178495877e-08 	 1.2179202203565718e-16
334.8414414414415 	 3.070518868327574e-08 	 1.2106549303273674e-16
335.34192192192194 	 3.0659362776698435e-08 	 1.2034437343669356e-16
335.84240240240246 	 3.061367345187243e-08 	 1.1962861498821652e-16
336.3428828828829 	 3.056812009909404e-08 	 1.1891816992954454e-16
336.8433633633634 	 3.052270211228313e-08 	 1.182129909985174e-16
337.3438438438439 	 3.047741888895628e-08 	 1.17513031422707e-16
337.84432432432436 	 3.0432269830200133e-08 	 1.168182449136269e-16
338.3448048048048 	 3.038725434064498e-08 	 1.1612858566101728e-16
338.8452852852853 	 3.034237182843861e-08 	 1.154440083272075e-16
339.3457657657658 	 3.029762170522034e-08 	 1.1476446804155193e-16
339.84624624624627 	 3.0253003386095356e-08 	 1.1408992039494044e-16
340.34672672672673 	 3.020851628960917e-08 	 1.134203214343803e-16
340.84720720720725 	 3.01641598377224e-08 	 1.1275562765765036e-16
341.3476876876877 	 3.011993345578574e-08 	 1.1209579600802567e-16
341.8481681681682 	 3.00758365725151e-08 	 1.1144078386907042e-16
342.3486486486487 	 3.0031868619967076e-08 	 1.1079054905950069e-16
342.84912912912915 	 2.998802903351449e-08 	 1.101450498281132e-16
343.3496096096096 	 2.9944317251822305e-08 	 1.0950424484878152e-16
343.85009009009013 	 2.9900732716823553e-08 	 1.088680932155168e-16
344.3505705705706 	 2.985727487369573e-08 	 1.0823655443759385e-16
344.85105105105106 	 2.981394317083711e-08 	 1.0760958843473971e-16
345.3515315315316 	 2.977073705984352e-08 	 1.0698715553238596e-16
345.85201201201204 	 2.9727655995485132e-08 	 1.0636921645698195e-16
346.3524924924925 	 2.9684699435683553e-08 	 1.0575573233136881e-16
346.852972972973 	 2.9641866841489102e-08 	 1.0514666467021405e-16
347.3534534534535 	 2.959915767705826e-08 	 1.0454197537550484e-16
347.85393393393394 	 2.95565714096313e-08 	 1.0394162673209915e-16
348.35441441441446 	 2.9514107509510163e-08 	 1.0334558140333486e-16
348.8548948948949 	 2.947176545003652e-08 	 1.0275380242669585e-16
349.3553753753754 	 2.9429544707569932e-08 	 1.0216625320953207e-16
349.8558558558559 	 2.9387444761466307e-08 	 1.0158289752483673e-16
350.35633633633637 	 2.934546509405652e-08 	 1.0100369950707652e-16
350.85681681681683 	 2.9303605190625134e-08 	 1.0042862364807517e-16
351.35729729729735 	 2.9261864539389407e-08 	 9.985763479294991e-17
351.8577777777778 	 2.9220242631478425e-08 	 9.929069813610037e-17
352.3582582582583 	 2.9178738960912436e-08 	 9.872777921724785e-17
352.8587387387388 	 2.91373530245823e-08 	 9.816884391752487e-17
353.35921921921926 	 2.9096084322229225e-08 	 9.761385845561586e-17
353.8596996996997 	 2.9054932356424568e-08 	 9.706278938394522e-17
354.36018018018024 	 2.9013896632549836e-08 	 9.651560358491453e-17
354.8606606606607 	 2.8972976658776933e-08 	 9.597226826718782e-17
355.36114114114116 	 2.893217194604844e-08 	 9.543275096202275e-17
355.8616216216217 	 2.8891482008058164e-08 	 9.489701951964905e-17
356.36210210210214 	 2.885090636123183e-08 	 9.436504210569218e-17
356.8625825825826 	 2.8810444524707894e-08 	 9.383678719764242e-17
357.36306306306307 	 2.8770096020318573e-08 	 9.331222358136771e-17
357.8635435435436 	 2.8729860372570984e-08 	 9.279132034767095e-17
358.36402402402405 	 2.8689737108628524e-08 	 9.22740468888906e-17
358.8645045045045 	 2.8649725758292244e-08 	 9.176037289554246e-17
359.364984984985 	 2.8609825853982578e-08 	 9.12502683530056e-17
359.8654654654655 	 2.8570036930721095e-08 	 9.07437035382481e-17
360.36594594594595 	 2.8530358526112416e-08 	 9.024064901659373e-17
360.8664264264265 	 2.8490790180326332e-08 	 8.974107563853e-17
361.36690690690693 	 2.8451331436080028e-08 	 8.924495453655475e-17
361.8673873873874 	 2.841198183862046e-08 	 8.875225712206227e-17
362.3678678678679 	 2.83727409357069e-08 	 8.826295508226849e-17
362.8683483483484 	 2.833360827759361e-08 	 8.77770203771737e-17
363.36882882882884 	 2.829458341701264e-08 	 8.729442523656278e-17
363.86930930930936 	 2.8255665909156806e-08 	 8.681514215704322e-17
364.3697897897898 	 2.8216855311662796e-08 	 8.633914389911907e-17
364.8702702702703 	 2.8178151184594378e-08 	 8.586640348430064e-17
365.3707507507508 	 2.8139553090425802e-08 	 8.53968941922507e-17
365.87123123123126 	 2.8101060594025338e-08 	 8.493058955796529e-17
366.3717117117117 	 2.806267326263886e-08 	 8.446746336898854e-17
366.87219219219224 	 2.8024390665873675e-08 	 8.400748966266253e-17
367.3726726726727 	 2.7986212375682433e-08 	 8.355064272341037e-17
367.87315315315317 	 2.7948137966347163e-08 	 8.309689708005239e-17
368.3736336336337 	 2.7910167014463445e-08 	 8.264622750315524e-17
368.87411411411415 	 2.7872299098924745e-08 	 8.219860900241356e-17
369.3745945945946 	 2.783453380090679e-08 	 8.175401682406249e-17
369.87507507507513 	 2.779687070385219e-08 	 8.131242644832322e-17
370.3755555555556 	 2.7759309393455102e-08 	 8.087381358687818e-17
370.87603603603606 	 2.7721849457646002e-08 	 8.043815418037724e-17
371.3765165165166 	 2.768449048657667e-08 	 8.000542439597453e-17
371.87699699699704 	 2.7647232072605206e-08 	 7.957560062489447e-17
372.3774774774775 	 2.761007381028122e-08 	 7.914865948002745e-17
372.877957957958 	 2.757301529633111e-08 	 7.872457779355427e-17
373.3784384384385 	 2.753605612964351e-08 	 7.83033326145998e-17
373.87891891891894 	 2.749919591125476e-08 	 7.788490120691401e-17
374.37939939939946 	 2.7462434244334595e-08 	 7.746926104658115e-17
374.8798798798799 	 2.742577073417189e-08 	 7.705638981975704e-17
375.3803603603604 	 2.7389204988160548e-08 	 7.664626542043245e-17
375.88084084084085 	 2.735273661578544e-08 	 7.62388659482235e-17
376.38132132132137 	 2.731636522860855e-08 	 7.583416970618925e-17
376.8818018018018 	 2.728009044025519e-08 	 7.54321551986744e-17
377.3822822822823 	 2.7243911866400267e-08 	 7.50328011291779e-17
377.8827627627628 	 2.7207829124754748e-08 	 7.4636086398247e-17
378.38324324324327 	 2.717184183505219e-08 	 7.424199010139653e-17
378.88372372372373 	 2.7135949619035374e-08 	 7.385049152705253e-17
379.38420420420425 	 2.710015210044306e-08 	 7.346157015452038e-17
379.8846846846847 	 2.706444890499684e-08 	 7.307520565197717e-17
380.3851651651652 	 2.7028839660388078e-08 	 7.269137787448731e-17
380.8856456456457 	 2.6993323996264978e-08 	 7.231006686204197e-17
381.38612612612616 	 2.6957901544219754e-08 	 7.193125283762156e-17
381.8866066066066 	 2.6922571937775886e-08 	 7.155491620528103e-17
382.38708708708714 	 2.6887334812375458e-08 	 7.118103754825739e-17
382.8875675675676 	 2.6852189805366684e-08 	 7.080959762710011e-17
383.38804804804806 	 2.6817136555991373e-08 	 7.044057737782248e-17
383.8885285285286 	 2.6782174705372653e-08 	 7.007395791007539e-17
384.38900900900904 	 2.674730389650272e-08 	 6.970972050534256e-17
384.8894894894895 	 2.6712523774230647e-08 	 6.934784661515585e-17
385.38996996997 	 2.667783398525037e-08 	 6.898831785933272e-17
385.8904504504505 	 2.6643234178088698e-08 	 6.863111602423308e-17
386.39093093093095 	 2.6608724003093452e-08 	 6.827622306103722e-17
386.89141141141147 	 2.657430311242167e-08 	 6.792362108404314e-17
387.39189189189193 	 2.653997116002797e-08 	 6.757329236898438e-17
387.8923723723724 	 2.6505727801652887e-08 	 6.722521935136634e-17
388.3928528528529 	 2.647157269481141e-08 	 6.68793846248228e-17
388.8933333333334 	 2.6437505498781548e-08 	 6.653577093949103e-17
389.39381381381384 	 2.640352587459301e-08 	 6.619436120040551e-17
389.89429429429435 	 2.6369633485015942e-08 	 6.585513846591033e-17
390.3947747747748 	 2.6335827994549816e-08 	 6.551808594609035e-17
390.8952552552553 	 2.63021090694123e-08 	 6.518318700121928e-17
391.3957357357358 	 2.6268476377528302e-08 	 6.485042514022665e-17
391.89621621621626 	 2.623492958851908e-08 	 6.45197840191818e-17
392.3966966966967 	 2.6201468373691423e-08 	 6.419124743979575e-17
392.89717717717724 	 2.6168092406026867e-08 	 6.386479934793915e-17
393.3976576576577 	 2.613480136017112e-08 	 6.354042383217876e-17
393.89813813813817 	 2.6101594912423418e-08 	 6.321810512232898e-17
394.3986186186186 	 2.6068472740726094e-08 	 6.289782758802123e-17
394.89909909909915 	 2.60354345246541e-08 	 6.25795757372886e-17
395.3995795795796 	 2.6002479945404744e-08 	 6.226333421516745e-17
395.90006006006007 	 2.5969608685787386e-08 	 6.194908780231425e-17
396.4005405405406 	 2.5936820430213293e-08 	 6.163682141363845e-17
396.90102102102105 	 2.5904114864685502e-08 	 6.132652009695056e-17
397.4015015015015 	 2.5871491676788842e-08 	 6.101816903162597e-17
397.90198198198203 	 2.583895055567994e-08 	 6.071175352728319e-17
398.4024624624625 	 2.58064911920774e-08 	 6.040725902247802e-17
398.90294294294296 	 2.5774113278251954e-08 	 6.010467108341113e-17
399.4034234234235 	 2.5741816508016752e-08 	 5.980397540265125e-17
399.90390390390394 	 2.5709600576717743e-08 	 5.950515779787242e-17
400.4043843843844 	 2.567746518122406e-08 	 5.920820421060524e-17
400.9048648648649 	 2.5645410019918513e-08 	 5.8913100705002e-17
401.4053453453454 	 2.5613434792688182e-08 	 5.861983346661638e-17
401.90582582582584 	 2.5581539200915013e-08 	 5.832838880119584e-17
402.40630630630636 	 2.5549722947466545e-08 	 5.803875313348801e-17
402.9067867867868 	 2.551798573668668e-08 	 5.775091300606059e-17
403.4072672672673 	 2.548632727438652e-08 	 5.746485507813399e-17
403.9077477477478 	 2.545474726783528e-08 	 5.718056612442703e-17
404.40822822822827 	 2.5423245425751285e-08 	 5.68980330340159e-17
404.90870870870873 	 2.5391821458292966e-08 	 5.661724280920495e-17
405.40918918918925 	 2.5360475077050007e-08 	 5.633818256441102e-17
405.9096696696697 	 2.5329205995034535e-08 	 5.606083952505943e-17
406.4101501501502 	 2.5298013926672315e-08 	 5.578520102649214e-17
406.9106306306307 	 2.526689858779409e-08 	 5.551125451288858e-17
407.41111111111115 	 2.5235859695626956e-08 	 5.523898753619791e-17
407.9115915915916 	 2.5204896968785764e-08 	 5.496838775508292e-17
408.41207207207214 	 2.5174010127264653e-08 	 5.4699442933876125e-17
408.9125525525526 	 2.5143198892428585e-08 	 5.443214094154681e-17
409.41303303303306 	 2.5112462987004968e-08 	 5.416646975067963e-17
409.9135135135136 	 2.5081802135075354e-08 	 5.390241743646445e-17
410.41399399399404 	 2.505121606206718e-08 	 5.3639972175697267e-17
410.9144744744745 	 2.502070449474554e-08 	 5.33791222457917e-17
411.414954954955 	 2.4990267161205094e-08 	 5.311985602380192e-17
411.9154354354355 	 2.495990379086197e-08 	 5.286216198545578e-17
412.41591591591595 	 2.492961411444574e-08 	 5.2606028704198575e-17
412.9163963963964 	 2.4899397863991464e-08 	 5.235144485024717e-17
413.4168768768769 	 2.4869254772831796e-08 	 5.2098399189654675e-17
413.9173573573574 	 2.483918457558913e-08 	 5.1846880583385043e-17
414.41783783783785 	 2.480918700816782e-08 	 5.159687798639762e-17
414.91831831831837 	 2.4779261807746434e-08 	 5.1348380446741915e-17
415.41879879879883 	 2.474940871277011e-08 	 5.110137710466206e-17
415.9192792792793 	 2.471962746294289e-08 	 5.085585719171064e-17
416.4197597597598 	 2.4689917799220182e-08 	 5.0611810029872584e-17
416.9202402402403 	 2.4660279463801265e-08 	 5.0369225030698223e-17
417.42072072072074 	 2.463071220012179e-08 	 5.0128091694445694e-17
417.92120120120126 	 2.4601215752846406e-08 	 4.988839960923259e-17
418.4216816816817 	 2.4571789867861427e-08 	 4.965013845019693e-17
418.9221621621622 	 2.4542434292267473e-08 	 4.9413297978666643e-17
419.4226426426427 	 2.4513148774372294e-08 	 4.9177868041338503e-17
419.92312312312316 	 2.4483933063683535e-08 	 4.8943838569465674e-17
420.4236036036036 	 2.445478691090159e-08 	 4.8711199578053506e-17
420.92408408408414 	 2.4425710067912557e-08 	 4.8479941165064775e-17
421.4245645645646 	 2.4396702287781142e-08 	 4.8250053510632636e-17
421.92504504504507 	 2.4367763324743708e-08 	 4.802152687628237e-17
422.4255255255256 	 2.43388929342013e-08 	 4.779435160416116e-17
422.92600600600605 	 2.4310090872712795e-08 	 4.756851811627648e-17
423.4264864864865 	 2.4281356897988033e-08 	 4.734401691374198e-17
423.92696696696703 	 2.4252690768881005e-08 	 4.712083857603182e-17
424.4274474474475 	 2.422409224538317e-08 	 4.689897376024288e-17
424.92792792792795 	 2.419556108861668e-08 	 4.667841320036439e-17
425.4284084084085 	 2.4167097060827774e-08 	 4.645914770655573e-17
425.92888888888893 	 2.4138699925380178e-08 	 4.624116816443169e-17
426.4293693693694 	 2.4110369446748527e-08 	 4.6024465534355195e-17
426.9298498498499 	 2.4082105390511852e-08 	 4.580903085073744e-17
427.4303303303304 	 2.4053907523347137e-08 	 4.55948552213457e-17
427.93081081081084 	 2.4025775613022878e-08 	 4.5381929826617945e-17
428.43129129129136 	 2.399770942839271e-08 	 4.517024591898509e-17
428.9317717717718 	 2.396970873938909e-08 	 4.4959794822200096e-17
429.4322522522523 	 2.3941773317016997e-08 	 4.4750567930674084e-17
429.9327327327328 	 2.3913902933347686e-08 	 4.454255670881957e-17
430.43321321321326 	 2.3886097361512515e-08 	 4.4335752690400445e-17
430.9336936936937 	 2.3858356375696744e-08 	 4.4130147477888586e-17
431.4341741741742 	 2.3830679751133475e-08 	 4.3925732741827607e-17
431.9346546546547 	 2.3803067264097534e-08 	 4.3722500220202687e-17
432.43513513513517 	 2.3775518691899484e-08 	 4.352044171781748e-17
432.93561561561563 	 2.37480338128796e-08 	 4.331954910567701e-17
433.43609609609615 	 2.3720612406401948e-08 	 4.3119814320377306e-17
433.9365765765766 	 2.3693254252848484e-08 	 4.2921229363501326e-17
434.4370570570571 	 2.366595913361317e-08 	 4.272378630102094e-17
434.9375375375376 	 2.3638726831096164e-08 	 4.2527477262705206e-17
435.43801801801806 	 2.361155712869805e-08 	 4.2332294441534903e-17
435.9384984984985 	 2.3584449810814075e-08 	 4.2138230093122876e-17
436.43897897897904 	 2.355740466282844e-08 	 4.194527653514037e-17
436.9394594594595 	 2.353042147110868e-08 	 4.1753426146749614e-17
437.43993993993996 	 2.350350002299997e-08 	 4.1562671368041544e-17
437.9404204204205 	 2.347664010681961e-08 	 4.137300469948013e-17
438.44090090090094 	 2.344984151185143e-08 	 4.118441870135177e-17
438.9413813813814 	 2.3423104028340287e-08 	 4.09969059932206e-17
439.4418618618619 	 2.339642744748661e-08 	 4.0810459253389266e-17
439.9423423423424 	 2.336981156144095e-08 	 4.062507121836541e-17
440.44282282282285 	 2.3343256163298583e-08 	 4.0440734682333356e-17
440.94330330330337 	 2.331676104709415e-08 	 4.0257442496631235e-17
441.44378378378383 	 2.329032600779634e-08 	 4.007518756923364e-17
441.9442642642643 	 2.326395084130259e-08 	 3.9893962864239305e-17
442.4447447447448 	 2.323763534443383e-08 	 3.971376140136397e-17
442.9452252252253 	 2.3211379314929282e-08 	 3.9534576255438783e-17
443.44570570570573 	 2.3185182551441263e-08 	 3.9356400555913264e-17
443.94618618618625 	 2.3159044853530037e-08 	 3.9179227486363553e-17
444.4466666666667 	 2.313296602165873e-08 	 3.900305028400588e-17
444.9471471471472 	 2.310694585718821e-08 	 3.882786223921436e-17
445.4476276276277 	 2.308098416237207e-08 	 3.865365669504422e-17
445.94810810810816 	 2.3055080740351615e-08 	 3.8480427046759574e-17
446.4485885885886 	 2.3029235395150895e-08 	 3.8308166741365943e-17
446.94906906906914 	 2.3003447931671733e-08 	 3.813686927714754e-17
447.4495495495496 	 2.2977718155688853e-08 	 3.79665282032092e-17
447.95003003003006 	 2.2952045873844978e-08 	 3.77971371190229e-17
448.4505105105105 	 2.2926430893645992e-08 	 3.7628689673978847e-17
448.95099099099104 	 2.2900873023456136e-08 	 3.7461179566940976e-17
449.4514714714715 	 2.2875372072493226e-08 	 3.729460054580702e-17
449.95195195195197 	 2.2849927850823902e-08 	 3.712894640707293e-17
450.4524324324325 	 2.282454016935891e-08 	 3.69642109954015e-17
450.95291291291295 	 2.2799208839848432e-08 	 3.680038820319563e-17
451.4533933933934 	 2.277393367487742e-08 	 3.6637471970175496e-17
451.95387387387393 	 2.274871448786097e-08 	 3.647545628295999e-17
452.4543543543544 	 2.2723551093039755e-08 	 3.6314335174652684e-17
452.95483483483486 	 2.2698443305475426e-08 	 3.615410272443124e-17
453.4553153153154 	 2.2673390941046126e-08 	 3.5994753057141576e-17
453.95579579579584 	 2.2648393816441947e-08 	 3.5836280342895555e-17
454.4562762762763 	 2.262345174916049e-08 	 3.567867879667294e-17
454.9567567567568 	 2.2598564557502398e-08 	 3.5521942677927125e-17
455.4572372372373 	 2.2573732060566983e-08 	 3.536606629019491e-17
455.95771771771774 	 2.254895407824779e-08 	 3.521104398070989e-17
456.45819819819826 	 2.252423043122828e-08 	 3.505687014001991e-17
456.9586786786787 	 2.2499560940977496e-08 	 3.490353920160814e-17
457.4591591591592 	 2.2474945429745766e-08 	 3.475104564151794e-17
457.9596396396397 	 2.2450383720560422e-08 	 3.4599383977981274e-17
458.46012012012017 	 2.2425875637221588e-08 	 3.4448548771051043e-17
458.9606006006006 	 2.2401421004297923e-08 	 3.4298534622236616e-17
459.46108108108115 	 2.2377019647122476e-08 	 3.414933617414338e-17
459.9615615615616 	 2.2352671391788505e-08 	 3.400094811011545e-17
460.46204204204207 	 2.2328376065145354e-08 	 3.3853365153882125e-17
460.9625225225226 	 2.2304133494794338e-08 	 3.3706582069207487e-17
461.46300300300305 	 2.2279943509084688e-08 	 3.356059365954393e-17
461.9634834834835 	 2.225580593710947e-08 	 3.3415394767688364e-17
462.46396396396403 	 2.2231720608701583e-08 	 3.3270980275442426e-17
462.9644444444445 	 2.2207687354429752e-08 	 3.31273451032756e-17
463.46492492492496 	 2.218370600559455e-08 	 3.298448420999165e-17
463.9654054054055 	 2.215977639422446e-08 	 3.284239259239844e-17
464.46588588588594 	 2.2135898353071947e-08 	 3.270106528498084e-17
464.9663663663664 	 2.2112071715609564e-08 	 3.256049735957675e-17
465.4668468468469 	 2.2088296316026084e-08 	 3.242068392505637e-17
465.9673273273274 	 2.2064571989222643e-08 	 3.2281620127004506e-17
466.46780780780784 	 2.2040898570808928e-08 	 3.2143301147405934e-17
466.9682882882883 	 2.201727589709938e-08 	 3.20057222043338e-17
467.4687687687688 	 2.1993703805109415e-08 	 3.1868878551641005e-17
467.9692492492493 	 2.1970182132551692e-08 	 3.1732765478654686e-17
468.46972972972975 	 2.1946710717832353e-08 	 3.1597378309873284e-17
468.97021021021027 	 2.192328940004736e-08 	 3.146271240466698e-17
469.47069069069073 	 2.189991801897881e-08 	 3.132876315698069e-17
469.9711711711712 	 2.1876596415091263e-08 	 3.119552599503992e-17
470.4716516516517 	 2.1853324429528126e-08 	 3.106299638105957e-17
470.9721321321322 	 2.183010190410805e-08 	 3.093116981095542e-17
471.47261261261264 	 2.1806928681321335e-08 	 3.0800041814058376e-17
471.97309309309315 	 2.178380460432638e-08 	 3.066960795283146e-17
472.4735735735736 	 2.176072951694614e-08 	 3.053986382258954e-17
472.9740540540541 	 2.1737703263664595e-08 	 3.0410805051221565e-17
473.4745345345346 	 2.1714725689623287e-08 	 3.0282427298915636e-17
473.97501501501506 	 2.1691796640617822e-08 	 3.015472625788656e-17
474.4754954954955 	 2.1668915963094437e-08 	 3.0027697652106046e-17
474.97597597597604 	 2.1646083504146553e-08 	 2.9901337237035364e-17
475.4764564564565 	 2.1623299111511405e-08 	 2.977564079936073e-17
475.97693693693697 	 2.1600562633566598e-08 	 2.965060415673088e-17
476.4774174174175 	 2.1577873919326808e-08 	 2.9526223157497456e-17
476.97789789789795 	 2.1555232818440402e-08 	 2.940249368045763e-17
477.4783783783784 	 2.1532639181186127e-08 	 2.9279411634599187e-17
477.9788588588589 	 2.15100928584698e-08 	 2.915697295884806e-17
478.4793393393394 	 2.148759370182105e-08 	 2.903517362181818e-17
478.97981981981985 	 2.1465141563390034e-08 	 2.8914009621563755e-17
479.48030030030037 	 2.1442736295944223e-08 	 2.87934769853337e-17
479.98078078078083 	 2.1420377752865158e-08 	 2.867357176932863e-17
480.4812612612613 	 2.1398065788145273e-08 	 2.855429005845986e-17
480.9817417417418 	 2.1375800256384705e-08 	 2.843562796611086e-17
481.4822222222223 	 2.135358101278814e-08 	 2.8317581633900825e-17
481.98270270270274 	 2.1331407913161675e-08 	 2.820014723145053e-17
482.48318318318326 	 2.13092808139097e-08 	 2.808332095615021e-17
482.9836636636637 	 2.1287199572031784e-08 	 2.796709903292986e-17
483.4841441441442 	 2.1265164045119617e-08 	 2.785147771403142e-17
483.9846246246247 	 2.1243174091353932e-08 	 2.7736453278783238e-17
484.48510510510516 	 2.122122956950147e-08 	 2.7622022033376515e-17
484.9855855855856 	 2.1199330338911957e-08 	 2.7508180310644002e-17
485.4860660660661 	 2.1177476259515084e-08 	 2.739492446984043e-17
485.9865465465466 	 2.1155667191817543e-08 	 2.728225089642533e-17
486.48702702702707 	 2.1133902996900056e-08 	 2.7170156001847682e-17
486.98750750750753 	 2.1112183536414404e-08 	 2.705863622333247e-17
487.48798798798805 	 2.1090508672580512e-08 	 2.6947688023669362e-17
487.9884684684685 	 2.106887826818354e-08 	 2.6837307891003326e-17
488.488948948949 	 2.1047292186570984e-08 	 2.672749233862709e-17
488.9894294294295 	 2.1025750291649774e-08 	 2.661823790477544e-17
489.48990990990995 	 2.100425244788347e-08 	 2.650954115242176e-17
489.9903903903904 	 2.0982798520289354e-08 	 2.640139866907596e-17
490.49087087087094 	 2.0961388374435635e-08 	 2.6293807066584568e-17
490.9913513513514 	 2.0940021876438673e-08 	 2.6186762980932703e-17
491.49183183183186 	 2.0918698892960126e-08 	 2.6080263072047544e-17
491.9923123123124 	 2.0897419291204213e-08 	 2.5974304023603846e-17
492.49279279279284 	 2.0876182938914965e-08 	 2.586888254283129e-17
492.9932732732733 	 2.0854989704373458e-08 	 2.5763995360323318e-17
493.4937537537538 	 2.08338394563951e-08 	 2.565963922984791e-17
493.9942342342343 	 2.081273206432695e-08 	 2.5555810928160117e-17
494.49471471471475 	 2.0791667398044977e-08 	 2.5452507254816115e-17
494.99519519519527 	 2.0770645327951424e-08 	 2.5349725031989076e-17
495.4956756756757 	 2.074966572497215e-08 	 2.5247461104286786e-17
495.9961561561562 	 2.0728728460553968e-08 	 2.5145712338570698e-17
496.4966366366367 	 2.0707833406662032e-08 	 2.504447562377679e-17
496.99711711711717 	 2.0686980435777225e-08 	 2.4943747870738003e-17
497.49759759759763 	 2.066616942089357e-08 	 2.4843526012008307e-17
497.99807807807815 	 2.064540023551563e-08 	 2.4743807001688252e-17
498.4985585585586 	 2.0624672753655985e-08 	 2.4644587815252297e-17
498.9990390390391 	 2.060398684983264e-08 	 2.4545865449377405e-17
499.4995195195196 	 2.0583342399066526e-08 	 2.444763692177351e-17
500.0 	 2.0562739276878973e-08 	 2.4349899271015246e-17
