3.5233633633633636 	 1.945328736490204e-06 	 8.904336489368646e-10
4.023843843843844 	 1.922919433985883e-06 	 4.995967531898972e-10
4.524324324324325 	 1.892338392873808e-06 	 2.9520988163074583e-10
5.0248048048048055 	 1.8505849490531382e-06 	 1.8087209106830557e-10
5.525285285285285 	 1.7933989637986193e-06 	 1.13438863644751e-10
6.025765765765766 	 1.7145957521804569e-06 	 7.195864764420699e-11
6.526246246246247 	 1.6050109708007727e-06 	 4.55686440082129e-11
7.026726726726727 	 1.450623736950223e-06 	 2.8333231950826512e-11
7.527207207207208 	 1.2291973493079994e-06 	 1.687029260576271e-11
8.027687687687688 	 9.03826246059376e-07 	 9.199780279985335e-12
8.528168168168168 	 4.096221684640476e-07 	 4.16602462422289e-12
9.02864864864865 	 3.762556883210133e-07 	 1.1620199110047762e-12
9.52912912912913 	 1.7103710183333404e-06 	 7.232814465953584e-14
10.029609609609611 	 4.204830395831021e-06 	 1.5295873542512584e-12
10.530090090090091 	 9.608967071022393e-06 	 8.10693100857641e-12
11.030570570570571 	 2.4058544577511655e-05 	 2.941688699085616e-11
11.531051051051053 	 6.667742316233265e-05 	 9.350380346322152e-11
12.031531531531533 	 8.542044797338986e-05 	 1.0997996347830234e-10
12.532012012012013 	 6.032669375523118e-05 	 6.318992635640807e-11
13.032492492492494 	 4.930437652718827e-05 	 4.848403059537077e-11
13.532972972972974 	 4.020564060198683e-05 	 3.401521382963274e-11
14.033453453453454 	 3.514039521579272e-05 	 2.7054455309785957e-11
14.533933933933936 	 3.337809298532784e-05 	 2.4753755493383184e-11
15.034414414414416 	 3.082127632342922e-05 	 2.3043105896433312e-11
15.534894894894897 	 2.787949092879861e-05 	 2.2007193646249292e-11
16.035375375375377 	 2.350776730784289e-05 	 1.647019214864447e-11
16.535855855855857 	 2.1653284467891206e-05 	 1.6256111533379476e-11
17.036336336336337 	 1.690494605799946e-05 	 1.4035899479246327e-11
17.53681681681682 	 1.3037476169996005e-05 	 1.145949880214608e-11
18.0372972972973 	 1.0348971457458347e-05 	 9.219308790543317e-12
18.53777777777778 	 8.83231956067688e-06 	 7.406088355108938e-12
19.03825825825826 	 8.08795356040646e-06 	 6.1931133084005296e-12
19.53873873873874 	 7.50573889762919e-06 	 5.169930340899636e-12
20.039219219219223 	 7.551713571163133e-06 	 4.418857778075213e-12
20.539699699699703 	 7.804169248357486e-06 	 3.851577754269525e-12
21.040180180180183 	 8.995231994859236e-06 	 3.6255330214499152e-12
21.540660660660663 	 9.085085749613568e-06 	 3.775914363008904e-12
22.041141141141143 	 7.3307557625431866e-06 	 3.587429765074519e-12
22.541621621621623 	 5.717787688424949e-06 	 3.150220407866078e-12
23.042102102102106 	 4.70076021210903e-06 	 2.708751513327694e-12
23.542582582582586 	 4.126396951063742e-06 	 2.3241464972159027e-12
24.043063063063066 	 3.883858219382054e-06 	 1.99950485187716e-12
24.543543543543546 	 3.9459126175183496e-06 	 1.732682724408828e-12
25.044024024024026 	 4.318105085997748e-06 	 1.5295149055069398e-12
25.54450450450451 	 4.9383748181341445e-06 	 1.402358902120306e-12
26.04498498498499 	 5.559553109725785e-06 	 1.3499798705708558e-12
26.54546546546547 	 5.852642531908313e-06 	 1.3350417527328976e-12
27.04594594594595 	 5.743453849036124e-06 	 1.3090564753697783e-12
27.54642642642643 	 5.441646415147672e-06 	 1.2553453148081154e-12
28.04690690690691 	 5.188957373956561e-06 	 1.186861503171768e-12
28.547387387387392 	 5.1332482740187125e-06 	 1.1302678515160237e-12
29.047867867867872 	 5.118313632683807e-06 	 1.1188807921473004e-12
29.548348348348352 	 4.392644711396248e-06 	 1.1126692160633619e-12
30.04882882882883 	 3.3428502296778648e-06 	 1.0302903546067686e-12
30.54930930930931 	 2.6965456689659903e-06 	 9.289934617391809e-13
31.049789789789795 	 2.329691186932145e-06 	 8.41675906141501e-13
31.550270270270275 	 2.091027039494931e-06 	 7.686018644588484e-13
32.05075075075076 	 1.9154658329820198e-06 	 7.062103373982809e-13
32.55123123123124 	 1.7757387890996418e-06 	 6.518616437623023e-13
33.05171171171172 	 1.6590605033009545e-06 	 6.038211836102266e-13
33.5521921921922 	 1.558684611725625e-06 	 5.60911843288803e-13
34.05267267267268 	 1.47060083681072e-06 	 5.22294073791443e-13
34.55315315315316 	 1.3922363268684896e-06 	 4.873365994030166e-13
35.053633633633645 	 1.3217890634048578e-06 	 4.555477887138908e-13
35.55411411411412 	 1.2579535215299956e-06 	 4.265319970152056e-13
36.054594594594604 	 1.199729529885906e-06 	 3.999631354342728e-13
36.55507507507508 	 1.1463489956831883e-06 	 3.7556848291086867e-13
37.055555555555564 	 1.0971761121751834e-06 	 3.531161964709634e-13
37.55603603603605 	 1.0517050226983075e-06 	 3.3240651763959813e-13
38.056516516516524 	 1.0095076494213071e-06 	 3.1326749513744397e-13
38.55699699699701 	 9.702321827524197e-07 	 2.95547779773902e-13
39.057477477477484 	 9.335639509373092e-07 	 2.791151067730425e-13
39.55795795795797 	 8.992557243882433e-07 	 2.63852383362126e-13
40.05843843843845 	 8.670752772437402e-07 	 2.4965580298857686e-13
40.55891891891893 	 8.368324147663981e-07 	 2.364331546679128e-13
41.05939939939941 	 8.083546043933467e-07 	 2.2410168409054962e-13
41.55987987987989 	 7.814860313292903e-07 	 2.1258730141665925e-13
42.06036036036037 	 7.560959366535548e-07 	 2.018234569203087e-13
42.56084084084085 	 7.320683955684036e-07 	 1.9175029013532774e-13
43.06132132132133 	 7.092982869495757e-07 	 1.8231334187361e-13
43.56180180180181 	 6.876893051728668e-07 	 1.7346341125292509e-13
44.06228228228229 	 6.671482064438354e-07 	 1.6515609816507704e-13
44.56276276276277 	 6.476118974639657e-07 	 1.5735091621186074e-13
45.06324324324325 	 6.290026992397079e-07 	 1.5001082375425416e-13
45.56372372372373 	 6.11260964825546e-07 	 1.4310204762707036e-13
46.064204204204216 	 5.943233381576998e-07 	 1.3659397356842155e-13
46.56468468468469 	 5.781447399231112e-07 	 1.3045824983475881e-13
47.065165165165176 	 5.626717296864755e-07 	 1.24669258178225e-13
47.56564564564565 	 5.478642724759494e-07 	 1.1920307917337021e-13
48.066126126126136 	 5.336800632550576e-07 	 1.1403804384215672e-13
48.56660660660662 	 5.200827473012075e-07 	 1.0915401006319859e-13
49.067087087087096 	 5.070364292913235e-07 	 1.0453259347234326e-13
49.56756756756758 	 4.945129509825634e-07 	 1.0015661477928662e-13
50.068048048048055 	 4.824778559217662e-07 	 9.601050575925782e-14
50.56852852852854 	 4.7090919682832593e-07 	 9.20795465367387e-14
51.06900900900902 	 4.597791862974784e-07 	 8.835033695190121e-14
51.5694894894895 	 4.4906573211772764e-07 	 8.48103676852779e-14
52.06996996996998 	 4.387464661809452e-07 	 8.144807828908594e-14
52.57045045045046 	 4.2880043883032716e-07 	 7.825276161301714e-14
53.07093093093094 	 4.19209099387872e-07 	 7.521440186976342e-14
53.571411411411425 	 4.0995679165360996e-07 	 7.23236804291548e-14
54.0718918918919 	 4.010232219148583e-07 	 6.957206324524533e-14
54.572372372372385 	 3.9239607773606623e-07 	 6.695140622360364e-14
55.07285285285286 	 3.840608759076682e-07 	 6.445420682508014e-14
55.573333333333345 	 3.7600150485942624e-07 	 6.2073556600198e-14
56.07381381381382 	 3.682069066994697e-07 	 5.980286950248509e-14
56.574294294294305 	 3.6066497858651617e-07 	 5.763602725103736e-14
57.07477477477479 	 3.533641872494006e-07 	 5.556733743941657e-14
57.575255255255264 	 3.4629239271492086e-07 	 5.359150256504897e-14
58.07573573573575 	 3.3944243355350836e-07 	 5.1703442055022444e-14
58.576216216216224 	 3.3280429005648223e-07 	 4.989848043280523e-14
59.07669669669671 	 3.263666084010996e-07 	 4.8172294119395166e-14
59.57717717717719 	 3.201236833009697e-07 	 4.652067584615114e-14
60.07765765765767 	 3.1406541392918544e-07 	 4.493982304565296e-14
60.57813813813815 	 3.081851295328594e-07 	 4.342607110666835e-14
61.07861861861863 	 3.024757012577784e-07 	 4.1975984590740154e-14
61.57909909909911 	 2.96930432322972e-07 	 4.058637341826942e-14
62.079579579579594 	 2.915412093542797e-07 	 3.9254242352812395e-14
62.58006006006007 	 2.863049650292839e-07 	 3.797666400467698e-14
63.080540540540554 	 2.812146492376016e-07 	 3.675098841130493e-14
63.58102102102103 	 2.762622266783814e-07 	 3.5574739917251355e-14
64.0815015015015 	 2.714461374181936e-07 	 3.4445448056220116e-14
64.58198198198198 	 2.6675910638674564e-07 	 3.336092373958526e-14
65.08246246246247 	 2.621969875241098e-07 	 3.2319015285257135e-14
65.58294294294295 	 2.577554208632615e-07 	 3.1317718151890945e-14
66.08342342342343 	 2.5342952149691153e-07 	 3.0355136619002146e-14
66.5839039039039 	 2.4921534997657337e-07 	 2.942947765264392e-14
67.08438438438439 	 2.4510847253316136e-07 	 2.853905670361586e-14
67.58486486486487 	 2.4110657998553183e-07 	 2.7682232685665615e-14
68.08534534534535 	 2.372057465647162e-07 	 2.6857494408124714e-14
68.58582582582584 	 2.3340022551030769e-07 	 2.6063448203166944e-14
69.08630630630631 	 2.2969042541501543e-07 	 2.529864893235039e-14
69.58678678678679 	 2.2607005952340372e-07 	 2.4561878023932624e-14
70.08726726726728 	 2.225380189090261e-07 	 2.3851851344611313e-14
70.58774774774776 	 2.190900633797302e-07 	 2.3167444495043574e-14
71.08822822822823 	 2.1572398264292603e-07 	 2.2507535232020715e-14
71.58870870870871 	 2.1243729838410271e-07 	 2.1871066408040723e-14
72.0891891891892 	 2.0922740314872141e-07 	 2.125705513259055e-14
72.58966966966968 	 2.0609201097369103e-07 	 2.066453017001705e-14
73.09015015015015 	 2.0302913463513968e-07 	 2.0092603434450058e-14
73.59063063063064 	 2.0003447976589587e-07 	 1.954043666519513e-14
74.09111111111112 	 1.9710874209978518e-07 	 1.900717382407925e-14
74.5915915915916 	 1.9424823598402055e-07 	 1.8492073391708574e-14
75.09207207207209 	 1.9145141103592563e-07 	 1.7994365715892537e-14
75.59255255255256 	 1.8871553833048234e-07 	 1.7513380451972453e-14
76.09303303303304 	 1.860395044762178e-07 	 1.7048425882671875e-14
76.59351351351351 	 1.8342214522753034e-07 	 1.6598849533746692e-14
77.093993993994 	 1.8086010142710913e-07 	 1.6164075223643555e-14
77.59447447447448 	 1.7835291867868303e-07 	 1.5743493854075853e-14
78.09495495495496 	 1.758995172765233e-07 	 1.5336548953498506e-14
78.59543543543545 	 1.7349691776247555e-07 	 1.4942732244861555e-14
79.09591591591592 	 1.711444754801376e-07 	 1.456152202487229e-14
79.5963963963964 	 1.6884065357573487e-07 	 1.4192437891407726e-14
80.09687687687689 	 1.6658474680025252e-07 	 1.3835003954513167e-14
80.59735735735737 	 1.643739395152724e-07 	 1.3488814745490787e-14
81.09783783783784 	 1.622081598386937e-07 	 1.3153415081020417e-14
81.59831831831832 	 1.60086704468771e-07 	 1.2828405767722862e-14
82.09879879879881 	 1.5800637436783073e-07 	 1.251341892147736e-14
82.59927927927929 	 1.5596799279436312e-07 	 1.2208070442267833e-14
83.09975975975976 	 1.5396964596050106e-07 	 1.1912009124608814e-14
83.60024024024025 	 1.520099536735572e-07 	 1.1624898053490011e-14
84.10072072072073 	 1.500874875173236e-07 	 1.1346431309113405e-14
84.6012012012012 	 1.48202708245026e-07 	 1.1076267782220514e-14
85.10168168168168 	 1.4635462346329544e-07 	 1.0814113113878032e-14
85.60216216216217 	 1.4454062951100082e-07 	 1.0559713290437208e-14
86.10264264264265 	 1.42761123057246e-07 	 1.0312766285397211e-14
86.60312312312313 	 1.410151724683228e-07 	 1.0073012919500061e-14
87.10360360360362 	 1.393015789486081e-07 	 9.84021613854081e-15
87.60408408408409 	 1.376194529746725e-07 	 9.614122089288439e-15
88.10456456456457 	 1.3596833596367943e-07 	 9.394502383007023e-15
88.60504504504506 	 1.3434776087134518e-07 	 9.181135398986665e-15
89.10552552552554 	 1.3275556365418518e-07 	 8.973818445280675e-15
89.60600600600601 	 1.3119296497511103e-07 	 8.772327992193698e-15
90.10648648648649 	 1.2965710938742994e-07 	 8.57648873042387e-15
90.60696696696698 	 1.2814949687154528e-07 	 8.386089737769813e-15
91.10744744744746 	 1.266680969311824e-07 	 8.200962245624532e-15
91.60792792792793 	 1.2521332756956607e-07 	 8.020922966623361e-15
92.10840840840842 	 1.2378302984634176e-07 	 7.845824074415698e-15
92.6088888888889 	 1.223779374064541e-07 	 7.675483692907406e-15
93.10936936936938 	 1.2099717419363052e-07 	 7.50974962702001e-15
93.60984984984987 	 1.1963995728968006e-07 	 7.348480249514626e-15
94.11033033033034 	 1.1830609846094269e-07 	 7.191523605500739e-15
94.61081081081082 	 1.1699434131572145e-07 	 7.038752351642615e-15
95.1112912912913 	 1.1570464164236369e-07 	 6.890023433405875e-15
95.61177177177179 	 1.1443663972908715e-07 	 6.745211794821617e-15
96.11225225225226 	 1.1319009831164498e-07 	 6.6041900167716464e-15
96.61273273273274 	 1.1196339612231631e-07 	 6.4668511793882584e-15
97.11321321321323 	 1.1075715975503778e-07 	 6.3330716603221375e-15
97.6136936936937 	 1.0957093344370616e-07 	 6.202734733448516e-15
98.11417417417418 	 1.0840359548450627e-07 	 6.075747786039964e-15
98.61465465465466 	 1.072549115741758e-07 	 5.952001688163091e-15
99.11513513513515 	 1.0612453019869377e-07 	 5.831397852044671e-15
99.61561561561562 	 1.050127695587086e-07 	 5.7138355332561715e-15
100.1160960960961 	 1.0410691843555386e-07 	 5.599627303088548e-15
100.61657657657659 	 1.0358907652189744e-07 	 5.489042607872691e-15
101.11705705705707 	 1.030763607417996e-07 	 5.381174348307814e-15
101.61753753753754 	 1.0256869535450189e-07 	 5.27594284352429e-15
102.11801801801803 	 1.0206600610406793e-07 	 5.173271126184317e-15
102.61849849849851 	 1.0156822018317537e-07 	 5.0730848373831795e-15
103.11897897897899 	 1.01075266197962e-07 	 4.975312126107877e-15
103.61945945945946 	 1.0058707413389087e-07 	 4.87988355303457e-15
104.11993993993995 	 1.0010357532259982e-07 	 4.786731998457816e-15
104.62042042042043 	 9.962470240970252e-08 	 4.695792574155355e-15
105.1209009009009 	 9.915038932350915e-08 	 4.607002539002371e-15
105.6213813813814 	 9.868057124463668e-08 	 4.520301218158911e-15
106.12186186186187 	 9.821518457647878e-08 	 4.4356299256630674e-15
106.62234234234235 	 9.775416691650759e-08 	 4.352931890271211e-15
107.12282282282284 	 9.72974570283798e-08 	 4.272152184394651e-15
107.62330330330332 	 9.684499481482129e-08 	 4.193237655989736e-15
108.1237837837838 	 9.639672129126447e-08 	 4.116136863265581e-15
108.62426426426427 	 9.595257856021477e-08 	 4.040800012080591e-15
109.12474474474476 	 9.551250978632223e-08 	 3.967178895905245e-15
109.62522522522524 	 9.507645917213607e-08 	 3.895226838234805e-15
110.12570570570571 	 9.464437193452042e-08 	 3.824898637341379e-15
110.6261861861862 	 9.421619428171006e-08 	 3.7561505132602e-15
111.12666666666668 	 9.379187339098638e-08 	 3.6889400569102254e-15
111.62714714714716 	 9.337135738695372e-08 	 3.62322618125394e-15
112.12762762762763 	 9.295459532039749e-08 	 3.558969074406027e-15
112.62810810810812 	 9.254153714770612e-08 	 3.4961301546048216e-15
113.1285885885886 	 9.213213371083908e-08 	 3.43467202696474e-15
113.62906906906908 	 9.172633671782433e-08 	 3.3745584419317042e-15
114.12954954954957 	 9.132409872376898e-08 	 3.315754255367428e-15
114.63003003003004 	 9.092537311236728e-08 	 3.2582253901918744e-15
115.13051051051052 	 9.053011407789103e-08 	 3.2019387995166128e-15
115.63099099099101 	 9.013827660764754e-08 	 3.146862431204953e-15
116.13147147147149 	 8.974981646489149e-08 	 3.092965193797788e-15
116.63195195195196 	 8.936469017217637e-08 	 3.040216923746882e-15
117.13243243243244 	 8.898285499513299e-08 	 2.9885883539001337e-15
117.63291291291293 	 8.8604268926662e-08 	 2.9380510831858726e-15
118.1333933933934 	 8.822889067152828e-08 	 2.8885775474457155e-15
118.63387387387388 	 8.785667963134517e-08 	 2.840140991367829e-15
119.13435435435437 	 8.748759588993732e-08 	 2.792715441474683e-15
119.63483483483485 	 8.712160019907079e-08 	 2.7462756801214295e-15
120.13531531531532 	 8.675865396454002e-08 	 2.7007972204630974e-15
120.63579579579581 	 8.639871923260098e-08 	 2.6562562823506392e-15
121.13627627627629 	 8.604175867674065e-08 	 2.6126297691176962e-15
121.63675675675677 	 8.56877355847732e-08 	 2.5698952452216714e-15
122.13723723723724 	 8.533661384625334e-08 	 2.5280309147043006e-15
122.63771771771773 	 8.498835794019793e-08 	 2.487015600438501e-15
123.13819819819821 	 8.464293292310702e-08 	 2.4468287241297198e-15
123.63867867867869 	 8.43003044172757e-08 	 2.407450287041442e-15
124.13915915915918 	 8.396043859938888e-08 	 2.368860851415814e-15
124.63963963963965 	 8.362330218939071e-08 	 2.3310415225616824e-15
125.14012012012013 	 8.328886243962111e-08 	 2.2939739315834617e-15
125.64060060060062 	 8.2957087124212e-08 	 2.2576402187255066e-15
126.1410810810811 	 8.262794452873591e-08 	 2.2220230173076773e-15
126.64156156156157 	 8.230140344010006e-08 	 2.1871054382289006e-15
127.14204204204205 	 8.197743313667912e-08 	 2.1528710550164695e-15
127.64252252252254 	 8.165600337868008e-08 	 2.119303889399846e-15
128.14300300300303 	 8.133708439873296e-08 	 2.0863883973885697e-15
128.64348348348352 	 8.102064689270112e-08 	 2.0541094558347918e-15
129.14396396396398 	 8.070666201070532e-08 	 2.0224523494617664e-15
129.64444444444447 	 8.039510134835542e-08 	 1.9914027583403833e-15
130.14492492492496 	 8.00859369381849e-08 	 1.9609467457966795e-15
130.64540540540543 	 7.97791412412817e-08 	 1.9310707467338286e-15
131.14588588588592 	 7.947468713911108e-08 	 1.9017615563529486e-15
131.6463663663664 	 7.917254792552486e-08 	 1.873006319257628e-15
132.14684684684687 	 7.887269729895219e-08 	 1.8447925189277097e-15
132.64732732732736 	 7.857510935476722e-08 	 1.817107967548501e-15
133.14780780780782 	 7.827975857782882e-08 	 1.7899407961821147e-15
133.6482882882883 	 7.798661983518799e-08 	 1.763279445268189e-15
134.1487687687688 	 7.769566836895843e-08 	 1.7371126554418024e-15
134.64924924924927 	 7.740687978934616e-08 	 1.7114294586568144e-15
135.14972972972976 	 7.712023006783404e-08 	 1.686219169603418e-15
135.65021021021025 	 7.683569553051703e-08 	 1.661471377409097e-15
136.1506906906907 	 7.655325285158473e-08 	 1.63717593761263e-15
136.6511711711712 	 7.627287904694668e-08 	 1.6133229644011804e-15
137.1516516516517 	 7.599455146799779e-08 	 1.5899028231009676e-15
137.65213213213215 	 7.571824779551931e-08 	 1.566906122912293e-15
138.15261261261264 	 7.544394603371259e-08 	 1.5443237098801564e-15
138.65309309309313 	 7.517162450436202e-08 	 1.5221466600919996e-15
139.1535735735736 	 7.4901261841124e-08 	 1.5003662730944403e-15
139.6540540540541 	 7.463283698393845e-08 	 1.4789740655211889e-15
140.15453453453458 	 7.436632917356047e-08 	 1.4579617649246772e-15
140.65501501501504 	 7.410171794620837e-08 	 1.4373213038041447e-15
141.15549549549553 	 7.38389831283257e-08 	 1.417044813823287e-15
141.65597597597602 	 7.357810483145439e-08 	 1.3971246202108e-15
142.15645645645648 	 7.331906344721612e-08 	 1.3775532363373982e-15
142.65693693693697 	 7.306183964239923e-08 	 1.358323358463161e-15
143.15741741741743 	 7.280641435414891e-08 	 1.339427860649294e-15
143.65789789789793 	 7.25527687852577e-08 	 1.3208597898285762e-15
144.15837837837842 	 7.230088439955432e-08 	 1.302612361029051e-15
144.65885885885888 	 7.205074291738795e-08 	 1.2846789527456523e-15
145.15933933933937 	 7.180232631120614e-08 	 1.267053102454714e-15
145.65981981981986 	 7.15556168012239e-08 	 1.2497285022664745e-15
146.16030030030032 	 7.131059685118156e-08 	 1.2326989947108636e-15
146.6607807807808 	 7.106724916418965e-08 	 1.2159585686520631e-15
147.1612612612613 	 7.082555667865859e-08 	 1.1995013553274751e-15
147.66174174174176 	 7.058550256431105e-08 	 1.1833216245069018e-15
148.16222222222225 	 7.03470702182751e-08 	 1.1674137807678982e-15
148.66270270270275 	 7.011024326125653e-08 	 1.1517723598834162e-15
149.1631831831832 	 6.987500553378792e-08 	 1.136392025317973e-15
149.6636636636637 	 6.96413410925531e-08 	 1.1212675648287442e-15
150.1641441441442 	 6.940923420678515e-08 	 1.106393887168108e-15
150.66462462462465 	 6.917866935473616e-08 	 1.0917660188842694e-15
151.16510510510514 	 6.894963122021704e-08 	 1.0773791012167496e-15
151.6655855855856 	 6.8722104689206e-08 	 1.0632283870836242e-15
152.1660660660661 	 6.84960748465238e-08 	 1.0493092381574888e-15
152.66654654654658 	 6.827152697257445e-08 	 1.0356171220272873e-15
153.16702702702705 	 6.804844654014992e-08 	 1.0221476094431903e-15
153.66750750750754 	 6.782681921129706e-08 	 1.0088963716418278e-15
154.16798798798803 	 6.76066308342458e-08 	 9.958591777493074e-16
154.6684684684685 	 6.738786744039681e-08 	 9.8303189225948e-16
155.16894894894898 	 6.717051524136747e-08 	 9.70410472585062e-16
155.66942942942947 	 6.695456062609496e-08 	 9.579909666792733e-16
156.16990990990993 	 6.673999015799496e-08 	 9.457695107257405e-16
156.67039039039042 	 6.652679057217465e-08 	 9.33742326894495e-16
157.1708708708709 	 6.631494877269934e-08 	 9.219057211619878e-16
157.67135135135138 	 6.61044518299108e-08 	 9.102560811930662e-16
158.17183183183187 	 6.589528697779662e-08 	 8.987898742829923e-16
158.67231231231236 	 6.568744161140949e-08 	 8.875036453576052e-16
159.17279279279282 	 6.548090328433491e-08 	 8.763940150298017e-16
159.6732732732733 	 6.527565970620676e-08 	 8.654576777105915e-16
160.1737537537538 	 6.50716987402693e-08 	 8.546913997730221e-16
160.67423423423426 	 6.486900840098484e-08 	 8.44092017767332e-16
161.17471471471475 	 6.46675768516858e-08 	 8.336564366857539e-16
161.67519519519522 	 6.446739240227062e-08 	 8.233816282754397e-16
162.1756756756757 	 6.426844350694221e-08 	 8.132646293980217e-16
162.6761561561562 	 6.407071876198813e-08 	 8.033025404343884e-16
163.17663663663666 	 6.38742069036016e-08 	 7.934925237332907e-16
163.67711711711715 	 6.367889680574261e-08 	 7.838318021024456e-16
164.17759759759764 	 6.348477747803797e-08 	 7.743176573408499e-16
164.6780780780781 	 6.329183806371994e-08 	 7.649474288110571e-16
165.1785585585586 	 6.310006783760192e-08 	 7.557185120502022e-16
165.67903903903908 	 6.290945620409121e-08 	 7.466283574186279e-16
166.17951951951954 	 6.271999269523753e-08 	 7.376744687849687e-16
166.68000000000004 	 6.253166696881658e-08 	 7.28854402246606e-16
167.18048048048053 	 6.234446880644825e-08 	 7.201657648844532e-16
167.680960960961 	 6.21583881117484e-08 	 7.116062135510294e-16
168.18144144144148 	 6.197341490851367e-08 	 7.03173453690852e-16
168.68192192192197 	 6.17895393389385e-08 	 6.948652381921884e-16
169.18240240240243 	 6.1606751661864e-08 	 6.866793662692424e-16
169.68288288288292 	 6.142504225105764e-08 	 6.786136823738789e-16
170.18336336336338 	 6.124440159352343e-08 	 6.706660751360338e-16
170.68384384384387 	 6.106482028784161e-08 	 6.6283447633195165e-16
171.18432432432436 	 6.08862890425378e-08 	 6.551168598794639e-16
171.68480480480483 	 6.070879867448033e-08 	 6.475112408595037e-16
172.18528528528532 	 6.053234010730569e-08 	 6.400156745631087e-16
172.6857657657658 	 6.035690436987145e-08 	 6.326282555631767e-16
173.18624624624627 	 6.018248259473582e-08 	 6.253471168102547e-16
173.68672672672676 	 6.000906601666355e-08 	 6.181704287516744e-16
174.18720720720725 	 5.98366459711577e-08 	 6.110963984733766e-16
174.6876876876877 	 5.966521389301648e-08 	 6.041232688637574e-16
175.1881681681682 	 5.949476131491494e-08 	 5.972493177989291e-16
175.6886486486487 	 5.932527986601094e-08 	 5.904728573487772e-16
176.18912912912916 	 5.915676127057468e-08 	 5.837922330032271e-16
176.68960960960965 	 5.8989197346641735e-08 	 5.77205822918153e-16
177.19009009009014 	 5.882258000468884e-08 	 5.707120371803768e-16
177.6905705705706 	 5.865690124633201e-08 	 5.643093170912162e-16
178.1910510510511 	 5.8492153163046673e-08 	 5.579961344680695e-16
178.69153153153155 	 5.832832793490925e-08 	 5.517709909635327e-16
179.19201201201204 	 5.8165417829359845e-08 	 5.456324174015552e-16
179.69249249249253 	 5.800341519998565e-08 	 5.395789731301725e-16
180.192972972973 	 5.7842312485324563e-08 	 5.336092453903485e-16
180.6934534534535 	 5.768210220768871e-08 	 5.277218487004834e-16
181.19393393393398 	 5.7522776972007517e-08 	 5.219154242561638e-16
181.69441441441444 	 5.736432946468977e-08 	 5.161886393447289e-16
182.19489489489493 	 5.72067524525046e-08 	 5.105401867742493e-16
182.69537537537542 	 5.705003878148073e-08 	 5.049687843165305e-16
183.19585585585588 	 5.6894181375823855e-08 	 4.994731741637516e-16
183.69633633633637 	 5.67391732368516e-08 	 4.940521223983731e-16
184.19681681681686 	 5.6585007441946004e-08 	 4.887044184759586e-16
184.69729729729733 	 5.64316771435229e-08 	 4.834288747205534e-16
185.19777777777782 	 5.6279175568018035e-08 	 4.782243258322871e-16
185.6982582582583 	 5.6127496014889684e-08 	 4.730896284068771e-16
186.19873873873877 	 5.5976631855637184e-08 	 4.680236604666996e-16
186.69921921921926 	 5.582657653283534e-08 	 4.630253210031361e-16
187.19969969969975 	 5.567732355918446e-08 	 4.580935295298869e-16
187.7001801801802 	 5.5528866516575236e-08 	 4.532272256469544e-16
188.2006606606607 	 5.5381199055168915e-08 	 4.484253686150288e-16
188.70114114114116 	 5.523431489249189e-08 	 4.4368693693998757e-16
189.20162162162165 	 5.5088207812544723e-08 	 4.390109279672494e-16
189.70210210210215 	 5.494287166492527e-08 	 4.343963574857206e-16
190.2025825825826 	 5.479830036396567e-08 	 4.2984225934108523e-16
190.7030630630631 	 5.465448788788288e-08 	 4.253476850581916e-16
191.2035435435436 	 5.451142827794259e-08 	 4.2091170347230066e-16
191.70402402402405 	 5.436911563763619e-08 	 4.165334003689647e-16
192.20450450450454 	 5.4227544131870637e-08 	 4.122118781323103e-16
192.70498498498503 	 5.4086707986170976e-08 	 4.0794625540151535e-16
193.2054654654655 	 5.394660148589516e-08 	 4.0373566673525785e-16
193.70594594594598 	 5.380721897546111e-08 	 3.9957926228394136e-16
194.20642642642648 	 5.366855485758569e-08 	 3.9547620746949077e-16
194.70690690690694 	 5.35306035925355e-08 	 3.9142568267252883e-16
195.20738738738743 	 5.339335969738907e-08 	 3.874268829267429e-16
195.70786786786792 	 5.325681774531049e-08 	 3.834790176202573e-16
196.20834834834838 	 5.312097236483405e-08 	 3.795813102038373e-16
196.70882882882887 	 5.298581823915992e-08 	 3.7573299790574745e-16
197.20930930930933 	 5.2851350105460446e-08 	 3.719333314530991e-16
197.70978978978982 	 5.271756275419703e-08 	 3.6818157479952186e-16
198.2102702702703 	 5.2584451028447374e-08 	 3.6447700485899876e-16
198.71075075075078 	 5.245200982324289e-08 	 3.608189112457162e-16
199.21123123123127 	 5.2320234084916e-08 	 3.5720659601976696e-16
199.71171171171176 	 5.2189118810457426e-08 	 3.5363937343857465e-16
200.21219219219222 	 5.205865904688301e-08 	 3.501165697138855e-16
200.7126726726727 	 5.192884989060994e-08 	 3.4663752277419114e-16
201.2131531531532 	 5.1799686486842437e-08 	 3.432015820324561e-16
201.71363363363366 	 5.1671164028966554e-08 	 3.398081081590076e-16
202.21411411411415 	 5.154327775795379e-08 	 3.3645647285946626e-16
202.71459459459464 	 5.141602296177382e-08 	 3.3314605865759537e-16
203.2150750750751 	 5.128939497481568e-08 	 3.2987625868294306e-16
203.7155555555556 	 5.116338917731756e-08 	 3.2664647646316282e-16
204.2160360360361 	 5.103800099480502e-08 	 3.2345612572089974e-16
204.71651651651655 	 5.091322589753737e-08 	 3.2030463017512707e-16
205.21699699699704 	 5.078905939996221e-08 	 3.171914233468293e-16
205.71747747747753 	 5.0665497060177886e-08 	 3.141159483689225e-16
206.217957957958 	 5.054253447940386e-08 	 3.1107765780031357e-16
206.71843843843848 	 5.042016730145865e-08 	 3.080760134439937e-16
207.21891891891894 	 5.029839121224542e-08 	 3.0511048616907466e-16
207.71939939939944 	 5.017720193924497e-08 	 3.0218055573666697e-16
208.21987987987993 	 5.005659525101614e-08 	 2.9928571062951437e-16
208.7203603603604 	 4.993656695670315e-08 	 2.9642544788528923e-16
209.22084084084088 	 4.981711290555034e-08 	 2.9359927293346463e-16
209.72132132132137 	 4.969822898642358e-08 	 2.9080669943567853e-16
210.22180180180183 	 4.957991112733872e-08 	 2.88047249129506e-16
210.72228228228232 	 4.9462155294996545e-08 	 2.853204516755564e-16
211.2227627627628 	 4.934495749432464e-08 	 2.826258445078241e-16
211.72324324324327 	 4.9228313768025426e-08 	 2.7996297268720756e-16
212.22372372372377 	 4.91122201961308e-08 	 2.7733138875812863e-16
212.72420420420426 	 4.8996672895563025e-08 	 2.747306526081766e-16
213.22468468468472 	 4.8881668019701775e-08 	 2.721603313307071e-16
213.7251651651652 	 4.876720175795725e-08 	 2.696199990903251e-16
214.2256456456457 	 4.8653270335349316e-08 	 2.671092369911887e-16
214.72612612612616 	 4.853987001209253e-08 	 2.646276329480645e-16
215.22660660660665 	 4.842699708318687e-08 	 2.6217478156007105e-16
215.7270870870871 	 4.831464787801434e-08 	 2.5975028398705253e-16
216.2275675675676 	 4.820281875994095e-08 	 2.573537478285153e-16
216.7280480480481 	 4.8091506125924424e-08 	 2.549847870050742e-16
217.22852852852856 	 4.798070640612717e-08 	 2.5264302164234756e-16
217.72900900900905 	 4.7870416063534656e-08 	 2.503280779572458e-16
218.22948948948954 	 4.776063159357908e-08 	 2.480395881465997e-16
218.72996996997 	 4.765134952376813e-08 	 2.4577719027807414e-16
219.2304504504505 	 4.754256641331884e-08 	 2.4354052818331414e-16
219.73093093093098 	 4.74342788527965e-08 	 2.4132925135327625e-16
220.23141141141144 	 4.7326483463758455e-08 	 2.3914301483569105e-16
220.73189189189193 	 4.7219176898402714e-08 	 2.3698147913461193e-16
221.23237237237242 	 4.711235583922143e-08 	 2.34844310112003e-16
221.7328528528529 	 4.700601699865896e-08 	 2.3273117889131794e-16
222.23333333333338 	 4.690015711877462e-08 	 2.306417617630267e-16
222.73381381381387 	 4.679477297090996e-08 	 2.285757400920476e-16
223.23429429429433 	 4.6689861355360505e-08 	 2.265328002270398e-16
223.73477477477482 	 4.658541910105194e-08 	 2.245126334115154e-16
224.23525525525528 	 4.648144306522056e-08 	 2.2251493569673294e-16
224.73573573573577 	 4.637793013309808e-08 	 2.2053940785632848e-16
225.23621621621626 	 4.627487721760059e-08 	 2.1858575530265045e-16
225.73669669669673 	 4.617228125902167e-08 	 2.1665368800475722e-16
226.23717717717722 	 4.607013922472949e-08 	 2.1474292040804114e-16
226.7376576576577 	 4.596844810886815e-08 	 2.1285317135544676e-16
227.23813813813817 	 4.586720493206267e-08 	 2.1098416401024212e-16
227.73861861861866 	 4.576640674112809e-08 	 2.0913562578031476e-16
228.23909909909915 	 4.566605060878233e-08 	 2.073072882439561e-16
228.7395795795796 	 4.556613363336279e-08 	 2.0549888707710275e-16
229.2400600600601 	 4.546665293854668e-08 	 2.0371016198200181e-16
229.7405405405406 	 4.536760567307501e-08 	 2.0194085661727167e-16
230.24102102102106 	 4.526898901048022e-08 	 2.001907185293257e-16
230.74150150150155 	 4.5170800148817274e-08 	 1.9845949908513e-16
231.24198198198204 	 4.507303631039831e-08 	 1.9674695340626784e-16
231.7424624624625 	 4.497569474153069e-08 	 1.950528403042801e-16
232.242942942943 	 4.487877271225845e-08 	 1.933769222172566e-16
232.74342342342348 	 4.478226751610714e-08 	 1.9171896514765117e-16
233.24390390390394 	 4.468617646983183e-08 	 1.9007873860129203e-16
233.74438438438443 	 4.459049691316842e-08 	 1.8845601552756482e-16
234.2448648648649 	 4.4495226208588244e-08 	 1.8685057226074309e-16
234.74534534534538 	 4.4400361741055566e-08 	 1.8526218846243839e-16
235.24582582582588 	 4.4305900917788396e-08 	 1.8369064706515129e-16
235.74630630630634 	 4.421184116802229e-08 	 1.821357342168964e-16
236.24678678678683 	 4.4118179942777064e-08 	 1.8059723922687926e-16
236.74726726726732 	 4.402491471462658e-08 	 1.7907495451220496e-16
237.24774774774778 	 4.3932042977471395e-08 	 1.775686755455941e-16
237.74822822822827 	 4.383956224631428e-08 	 1.760782008040865e-16
238.24870870870876 	 4.3747470057038595e-08 	 1.746033317187123e-16
238.74918918918922 	 4.3655763966189424e-08 	 1.731438726251085e-16
239.24966966966971 	 4.356444155075743e-08 	 1.7169963071506297e-16
239.7501501501502 	 4.3473500407965513e-08 	 1.702704159889661e-16
240.25063063063067 	 4.3382938155058055e-08 	 1.6885604120915115e-16
240.75111111111116 	 4.32927524290928e-08 	 1.6745632185410392e-16
241.25159159159165 	 4.320294088673533e-08 	 1.6607107607352596e-16
241.7520720720721 	 4.311350120405614e-08 	 1.6470012464423164e-16
242.2525525525526 	 4.302443107633016e-08 	 1.6334329092686288e-16
242.75303303303306 	 4.293572821783879e-08 	 1.62000400823405e-16
243.25351351351355 	 4.284739036167437e-08 	 1.6067128273548568e-16
243.75399399399404 	 4.2759415259547124e-08 	 1.5935576752344395e-16
244.2544744744745 	 4.267180068159433e-08 	 1.5805368846614975e-16
244.754954954955 	 4.2584544416191975e-08 	 1.5676488122156175e-16
245.2554354354355 	 4.249764426976864e-08 	 1.5548918378800733e-16
245.75591591591595 	 4.24110980666217e-08 	 1.5422643646617007e-16
246.25639639639644 	 4.2324903648735714e-08 	 1.5297648182176926e-16
246.75687687687693 	 4.2239058875603094e-08 	 1.517391646489209e-16
247.2573573573574 	 4.215356162404689e-08 	 1.5051433193416187e-16
247.75783783783788 	 4.206840978804574e-08 	 1.4930183282112708e-16
248.25831831831837 	 4.1983601278560975e-08 	 1.481015185758661e-16
248.75879879879884 	 4.1899134023365754e-08 	 1.469132425527851e-16
249.25927927927933 	 4.181500596687628e-08 	 1.4573686016120247e-16
249.75975975975982 	 4.17312150699851e-08 	 1.4457222883250644e-16
250.26024024024028 	 4.1647759309896284e-08 	 1.4341920798790107e-16
250.76072072072077 	 4.156463667996268e-08 	 1.4227765900673083e-16
251.26120120120126 	 4.148184518952509e-08 	 1.4114744519537058e-16
251.76168168168172 	 4.1399382863753386e-08 	 1.4002843175667137e-16
252.2621621621622 	 4.1317247743489385e-08 	 1.3892048575994857e-16
252.76264264264267 	 4.123543788509181e-08 	 1.378234761115052e-16
253.26312312312317 	 4.115395136028289e-08 	 1.3673727352567666e-16
253.76360360360366 	 4.107278625599694e-08 	 1.3566175049638833e-16
254.26408408408412 	 4.0991940674230564e-08 	 1.3459678126921554e-16
254.7645645645646 	 4.091141273189474e-08 	 1.3354224181393557e-16
255.2650450450451 	 4.0831200560668625e-08 	 1.3249800979756362e-16
255.76552552552556 	 4.075130230685507e-08 	 1.3146396455786148e-16
256.266006006006 	 4.067171613123776e-08 	 1.3043998707731002e-16
256.7664864864865 	 4.0592440208940176e-08 	 1.2942595995753848e-16
257.266966966967 	 4.0513472729286035e-08 	 1.2842176739419835e-16
257.76744744744747 	 4.04348118956615e-08 	 1.2742729515227675e-16
258.26792792792793 	 4.035645592537886e-08 	 1.2644243054183732e-16
258.76840840840845 	 4.027840304954192e-08 	 1.2546706239418373e-16
259.2688888888889 	 4.020065151291286e-08 	 1.2450108103843537e-16
259.7693693693694 	 4.012319957378064e-08 	 1.2354437827850785e-16
260.2698498498499 	 4.0046045503830984e-08 	 1.2259684737049116e-16
260.77033033033035 	 3.996918758801783e-08 	 1.2165838300041772e-16
261.2708108108108 	 3.989262412443616e-08 	 1.207288812624112e-16
261.77129129129133 	 3.98163534241965e-08 	 1.1980823963721225e-16
262.2717717717718 	 3.974037381130068e-08 	 1.188963569710707e-16
262.77225225225226 	 3.966468362251903e-08 	 1.1799313345499836e-16
263.2727327327328 	 3.958928120726906e-08 	 1.1709847060437669e-16
263.77321321321324 	 3.951416492749552e-08 	 1.1621227123891138e-16
264.2736936936937 	 3.943933315755167e-08 	 1.1533443946292718e-16
264.7741741741742 	 3.936478428408209e-08 	 1.1446488064599709e-16
265.2746546546547 	 3.929051670590673e-08 	 1.1360350140390062e-16
265.77513513513514 	 3.9216528833906214e-08 	 1.1275020957990196e-16
266.2756156156156 	 3.914281909090856e-08 	 1.1190491422634573e-16
266.7760960960961 	 3.9069385911577074e-08 	 1.1106752558656145e-16
267.2765765765766 	 3.899622774229956e-08 	 1.1023795507707295e-16
267.77705705705705 	 3.8923343041078746e-08 	 1.0941611527010512e-16
268.27753753753757 	 3.885073027742394e-08 	 1.0860191987638466e-16
268.77801801801803 	 3.877838793224392e-08 	 1.0779528372822801e-16
269.2784984984985 	 3.870631449774096e-08 	 1.069961227629104e-16
269.778978978979 	 3.8634508477306093e-08 	 1.06204354006313e-16
270.2794594594595 	 3.856296838541558e-08 	 1.0541989555684195e-16
270.77993993993994 	 3.849169274752835e-08 	 1.0464266656961266e-16
271.28042042042046 	 3.842068009998476e-08 	 1.0387258724089716e-16
271.7809009009009 	 3.834992898990644e-08 	 1.0310957879282917e-16
272.2813813813814 	 3.827943797509711e-08 	 1.0235356345835917e-16
272.7818618618619 	 3.820920562394466e-08 	 1.0160446446645977e-16
273.28234234234236 	 3.813923051532423e-08 	 1.0086220602757263e-16
273.7828228228228 	 3.806951123850234e-08 	 1.0012671331929483e-16
274.28330330330334 	 3.800004639304204e-08 	 9.939791247229923e-17
274.7837837837838 	 3.7930834588709244e-08 	 9.867573055648575e-17
275.28426426426427 	 3.7861874445379874e-08 	 9.796009556735753e-17
275.7847447447448 	 3.779316459294821e-08 	 9.72509364126199e-17
276.28522522522525 	 3.7724703671236106e-08 	 9.654818289899722e-17
276.7857057057057 	 3.7656490329903227e-08 	 9.585176571926268e-17
277.2861861861862 	 3.758852322835831e-08 	 9.516161643947959e-17
277.7866666666667 	 3.7520801035671305e-08 	 9.447766748644818e-17
278.28714714714715 	 3.745332243048652e-08 	 9.379985213535484e-17
278.78762762762767 	 3.738608610093663e-08 	 9.312810449762109e-17
279.28810810810813 	 3.731909074455777e-08 	 9.246235950894779e-17
279.7885885885886 	 3.7252335068205316e-08 	 9.180255291755045e-17
280.2890690690691 	 3.7185817787970734e-08 	 9.114862127258449e-17
280.7895495495496 	 3.71195376290993e-08 	 9.050050191275481e-17
281.29003003003004 	 3.7053493325908595e-08 	 8.985813295510703e-17
281.79051051051056 	 3.6987683621708004e-08 	 8.922145328399849e-17
282.290990990991 	 3.692210726871896e-08 	 8.859040254024374e-17
282.7914714714715 	 3.685676302799612e-08 	 8.79649211104327e-17
283.291951951952 	 3.6791649669349284e-08 	 8.734495011641853e-17
283.79243243243246 	 3.6726765971266293e-08 	 8.673043140497201e-17
284.2929129129129 	 3.666211072083652e-08 	 8.612130753759844e-17
284.7933933933934 	 3.659768271367539e-08 	 8.551752178051636e-17
285.2938738738739 	 3.653348075384954e-08 	 8.49190180947934e-17
285.79435435435437 	 3.6469503653802834e-08 	 8.432574112663737e-17
286.29483483483483 	 3.640575023428316e-08 	 8.37376361978396e-17
286.79531531531535 	 3.6342219324269956e-08 	 8.315464929636815e-17
287.2957957957958 	 3.62789097609025e-08 	 8.257672706710794e-17
287.7962762762763 	 3.6215820389408985e-08 	 8.200381680274558e-17
288.2967567567568 	 3.615295006303629e-08 	 8.14358664347961e-17
288.79723723723725 	 3.609029764298051e-08 	 8.087282452476949e-17
289.2977177177177 	 3.60278619983182e-08 	 8.031464025547409e-17
289.79819819819824 	 3.596564200593829e-08 	 7.976126342245499e-17
290.2986786786787 	 3.59036365504748e-08 	 7.92126444255653e-17
290.79915915915916 	 3.5841844524240147e-08 	 7.866873426066669e-17
291.2996396396397 	 3.57802648271592e-08 	 7.812948451145884e-17
291.80012012012014 	 3.571889636670399e-08 	 7.759484734143454e-17
292.3006006006006 	 3.565773805782913e-08 	 7.706477548595767e-17
292.8010810810811 	 3.559678882290779e-08 	 7.653922224446389e-17
293.3015615615616 	 3.553604759166852e-08 	 7.601814147278012e-17
293.80204204204205 	 3.547551330113249e-08 	 7.550148757556126e-17
294.30252252252257 	 3.5415184895551506e-08 	 7.498921549884301e-17
294.803003003003 	 3.535506132634672e-08 	 7.448128072270791e-17
295.3034834834835 	 3.529514155204776e-08 	 7.397763925406271e-17
295.803963963964 	 3.523542453823266e-08 	 7.347824761952566e-17
296.30444444444447 	 3.517590925746834e-08 	 7.298306285842199e-17
296.80492492492493 	 3.511659468925163e-08 	 7.249204251588465e-17
297.30540540540545 	 3.5057479819950986e-08 	 7.200514463605983e-17
297.8058858858859 	 3.499856364274875e-08 	 7.152232775541534e-17
298.3063663663664 	 3.493984515758394e-08 	 7.104355089614862e-17
298.8068468468469 	 3.488132337109575e-08 	 7.056877355969522e-17
299.30732732732736 	 3.4822997296567446e-08 	 7.009795572033377e-17
299.8078078078078 	 3.476486595387097e-08 	 6.963105781888711e-17
300.30828828828834 	 3.470692836941199e-08 	 6.916804075651787e-17
300.8087687687688 	 3.46491835760756e-08 	 6.870886588861623e-17
301.30924924924926 	 3.459163061317248e-08 	 6.82534950187795e-17
301.8097297297298 	 3.453426852638559e-08 	 6.78018903928804e-17
302.31021021021024 	 3.447709636771748e-08 	 6.735401469322461e-17
302.8106906906907 	 3.442011319543803e-08 	 6.690983103279411e-17
303.31117117117117 	 3.4363318074032754e-08 	 6.646930294957616e-17
303.8116516516517 	 3.430671007415158e-08 	 6.60323944009761e-17
304.31213213213215 	 3.425028827255821e-08 	 6.559906975831304e-17
304.8126126126126 	 3.419405175207987e-08 	 6.516929380139563e-17
305.31309309309313 	 3.413799960155766e-08 	 6.47430317131789e-17
305.8135735735736 	 3.4082130915797314e-08 	 6.432024907449896e-17
306.31405405405405 	 3.402644479552048e-08 	 6.390091185888474e-17
306.8145345345346 	 3.3970940347316484e-08 	 6.348498642744638e-17
307.31501501501504 	 3.391561668359453e-08 	 6.307243952383768e-17
307.8154954954955 	 3.386047292253639e-08 	 6.266323826929253e-17
308.315975975976 	 3.380550818804956e-08 	 6.225735015773346e-17
308.8164564564565 	 3.375072160972087e-08 	 6.185474305095154e-17
309.31693693693694 	 3.369611232277051e-08 	 6.145538517385608e-17
309.81741741741746 	 3.364167946800655e-08 	 6.105924510979325e-17
310.3178978978979 	 3.358742219177991e-08 	 6.066629179593299e-17
310.8183783783784 	 3.3533339645939655e-08 	 6.027649451872161e-17
311.3188588588589 	 3.347943098778886e-08 	 5.988982290940097e-17
311.81933933933936 	 3.3425695380040856e-08 	 5.950624693959204e-17
312.3198198198198 	 3.3372131990775816e-08 	 5.912573691694135e-17
312.82030030030035 	 3.3318739993397866e-08 	 5.87482634808307e-17
313.3207807807808 	 3.326551856659259e-08 	 5.837379759814842e-17
313.82126126126127 	 3.321246689428482e-08 	 5.80023105591203e-17
314.3217417417418 	 3.315958416559706e-08 	 5.763377397320145e-17
314.82222222222225 	 3.310686957480805e-08 	 5.726815976502558e-17
315.3227027027027 	 3.305432232131191e-08 	 5.690544017041273e-17
315.82318318318323 	 3.300194160957762e-08 	 5.654558773243349e-17
316.3236636636637 	 3.2949726649108796e-08 	 5.61885752975293e-17
316.82414414414416 	 3.289767665440403e-08 	 5.583437601168776e-17
317.3246246246247 	 3.2845790844917404e-08 	 5.548296331667186e-17
317.82510510510514 	 3.279406844501955e-08 	 5.51343109463029e-17
318.3255855855856 	 3.274250868395893e-08 	 5.4788392922795535e-17
318.8260660660661 	 3.269111079582362e-08 	 5.44451835531448e-17
319.3265465465466 	 3.2639874019503337e-08 	 5.410465742556374e-17
319.82702702702704 	 3.2588797598651884e-08 	 5.376678940597111e-17
320.32750750750756 	 3.253788078164991e-08 	 5.3431554634528376e-17
320.827987987988 	 3.2487122821568123e-08 	 5.3098928522225595e-17
321.3284684684685 	 3.243652297613064e-08 	 5.276888674751413e-17
321.82894894894895 	 3.2386080507678913e-08 	 5.244140525298742e-17
322.32942942942947 	 3.2335794683135824e-08 	 5.211646024210732e-17
322.82990990990993 	 3.228566477397019e-08 	 5.1794028175976433e-17
323.3303903903904 	 3.223569005616157e-08 	 5.147408577015485e-17
323.8308708708709 	 3.2185869810165444e-08 	 5.115660999152161e-17
324.3313513513514 	 3.213620332087862e-08 	 5.08415780551792e-17
324.83183183183183 	 3.2086689877605064e-08 	 5.0528967421401085e-17
325.33231231231235 	 3.203732877402197e-08 	 5.021875579262129e-17
325.8327927927928 	 3.1988119308146235e-08 	 4.99109211104659e-17
326.3332732732733 	 3.193906078230109e-08 	 4.9605441552824715e-17
326.8337537537538 	 3.1890152503083194e-08 	 4.930229553096368e-17
327.33423423423426 	 3.184139378132995e-08 	 4.90014616866771e-17
327.8347147147147 	 3.1792783932087125e-08 	 4.870291888947837e-17
328.33519519519524 	 3.174432227457677e-08 	 4.840664623382941e-17
328.8356756756757 	 3.169600813216548e-08 	 4.8112623036408353e-17
329.33615615615616 	 3.164784083233285e-08 	 4.782082883341366e-17
329.8366366366367 	 3.15998197066403e-08 	 4.7531243377905783e-17
330.33711711711715 	 3.1551944090700155e-08 	 4.724384663718466e-17
330.8375975975976 	 3.150421332414498e-08 	 4.6958618790202594e-17
331.3380780780781 	 3.1456626750597235e-08 	 4.667554022501265e-17
331.8385585585586 	 3.1409183717639224e-08 	 4.639459153625165e-17
332.33903903903905 	 3.1361883576783193e-08 	 4.6115753522656424e-17
332.83951951951957 	 3.1314725683441856e-08 	 4.5839007184614645e-17
333.34000000000003 	 3.126770939689911e-08 	 4.55643337217481e-17
333.8404804804805 	 3.1220834080280935e-08 	 4.529171453052833e-17
334.340960960961 	 3.1174099100526764e-08 	 4.5021131201924896e-17
334.8414414414415 	 3.112750382836089e-08 	 4.4752565519084774e-17
335.34192192192194 	 3.108104763826426e-08 	 4.448599945504297e-17
335.84240240240246 	 3.103472990844645e-08 	 4.4221415170463663e-17
336.3428828828829 	 3.0988550020818e-08 	 4.395879501141198e-17
336.8433633633634 	 3.0942507360962825e-08 	 4.369812150715477e-17
337.3438438438439 	 3.089660131811102e-08 	 4.3439377367991207e-17
337.84432432432436 	 3.085083128511187e-08 	 4.318254548311238e-17
338.3448048048048 	 3.0805196658407015e-08 	 4.292760891848857e-17
338.8452852852853 	 3.075969683800399e-08 	 4.267455091478542e-17
339.3457657657658 	 3.071433122744986e-08 	 4.2423354885307095e-17
339.84624624624627 	 3.0669099233805264e-08 	 4.217400441396707e-17
340.34672672672673 	 3.062400026761847e-08 	 4.192648325328526e-17
340.84720720720725 	 3.0579033742899795e-08 	 4.168077532241191e-17
341.3476876876877 	 3.05341990770963e-08 	 4.1436864705177577e-17
341.8481681681682 	 3.048949569106652e-08 	 4.119473564816821e-17
342.3486486486487 	 3.044492300905564e-08 	 4.0954372558826227e-17
342.84912912912915 	 3.0400480458670665e-08 	 4.071576000357585e-17
343.3496096096096 	 3.035616747085603e-08 	 4.0478882705973454e-17
343.85009009009013 	 3.0311983479869197e-08 	 4.024372554488169e-17
344.3505705705706 	 3.02679279232567e-08 	 4.001027355266788e-17
344.85105105105106 	 3.022400024183015e-08 	 3.977851191342539e-17
345.3515315315316 	 3.018019987964269e-08 	 3.95484259612186e-17
345.85201201201204 	 3.013652628396549e-08 	 3.932000117835052e-17
346.3524924924925 	 3.009297890526447e-08 	 3.909322319365263e-17
346.852972972973 	 3.004955719717731e-08 	 3.886807778079734e-17
347.3534534534535 	 3.0006260616490565e-08 	 3.864455085663205e-17
347.85393393393394 	 2.9963088623117005e-08 	 3.842262847953455e-17
348.35441441441446 	 2.992004068007317e-08 	 3.820229684778994e-17
348.8548948948949 	 2.987711625345715e-08 	 3.798354229798859e-17
349.3553753753754 	 2.9834314812426406e-08 	 3.776635130344401e-17
349.8558558558559 	 2.9791635829175986e-08 	 3.755071047263189e-17
350.35633633633637 	 2.9749078778916816e-08 	 3.7336606547648665e-17
350.85681681681683 	 2.9706643139854127e-08 	 3.712402640268991e-17
351.35729729729735 	 2.9664328393166183e-08 	 3.6912957042548204e-17
351.8577777777778 	 2.9622134022983123e-08 	 3.6703385601130373e-17
352.3582582582583 	 2.958005951636602e-08 	 3.6495299339993456e-17
352.8587387387388 	 2.9538104363286038e-08 	 3.6288685646899114e-17
353.35921921921926 	 2.949626805660389e-08 	 3.608353203438703e-17
353.8596996996997 	 2.945455009204936e-08 	 3.587982613836584e-17
354.36018018018024 	 2.941294996820104e-08 	 3.567755571672214e-17
354.8606606606607 	 2.9371467186466295e-08 	 3.547670864794737e-17
355.36114114114116 	 2.9330101251061278e-08 	 3.527727292978158e-17
355.8616216216217 	 2.9288851668991195e-08 	 3.507923667787468e-17
356.36210210210214 	 2.924771795003076e-08 	 3.4882588124464507e-17
356.8625825825826 	 2.9206699606704727e-08 	 3.4687315617071485e-17
357.36306306306307 	 2.9165796154268647e-08 	 3.4493407617209665e-17
357.8635435435436 	 2.9125007110689776e-08 	 3.430085269911411e-17
358.36402402402405 	 2.908433199662817e-08 	 3.410963954848421e-17
358.8645045045045 	 2.9043770335417835e-08 	 3.391975696124239e-17
359.364984984985 	 2.9003321653048173e-08 	 3.373119384230899e-17
359.8654654654655 	 2.8962985478145504e-08 	 3.354393920439191e-17
360.36594594594595 	 2.8922761341954715e-08 	 3.335798216679143e-17
360.8664264264265 	 2.8882648778321156e-08 	 3.317331195422027e-17
361.36690690690693 	 2.884264732367261e-08 	 3.298991789563791e-17
361.8673873873874 	 2.8802756517001414e-08 	 3.280778942309953e-17
362.3678678678679 	 2.876297589984678e-08 	 3.2626916070619384e-17
362.8683483483484 	 2.872330501627723e-08 	 3.2447287473048053e-17
363.36882882882884 	 2.8683743412873142e-08 	 3.226889336496358e-17
363.86930930930936 	 2.864429063870952e-08 	 3.2091723579576535e-17
364.3697897897898 	 2.8604946245338838e-08 	 3.191576804764837e-17
364.8702702702703 	 2.8565709786774043e-08 	 3.1741016796423045e-17
365.3707507507508 	 2.8526580819471712e-08 	 3.156745994857208e-17
365.87123123123126 	 2.848755890231537e-08 	 3.1395087721152433e-17
366.3717117117117 	 2.844864359659885e-08 	 3.122389042457692e-17
366.87219219219224 	 2.840983446600989e-08 	 3.105385846159764e-17
367.3726726726727 	 2.8371131076613837e-08 	 3.088498232630162e-17
367.87315315315317 	 2.8332532996837447e-08 	 3.071725260311877e-17
368.3736336336337 	 2.829403979745285e-08 	 3.0550659965841894e-17
368.87411411411415 	 2.825565105156167e-08 	 3.03851951766589e-17
369.3745945945946 	 2.8217366334579183e-08 	 3.022084908519625e-17
369.87507507507513 	 2.8179185224218723e-08 	 3.0057612627574715e-17
370.3755555555556 	 2.814110730047613e-08 	 2.989547682547606e-17
370.87603603603606 	 2.810313214561434e-08 	 2.9734432785221185e-17
371.3765165165166 	 2.806525934414813e-08 	 2.9574471696859666e-17
371.87699699699704 	 2.8027488482828943e-08 	 2.9415584833269896e-17
372.3774774774775 	 2.7989819150629887e-08 	 2.925776354927043e-17
372.877957957958 	 2.795225093873078e-08 	 2.91009992807418e-17
373.3784384384385 	 2.7914783440503417e-08 	 2.894528354375917e-17
373.87891891891894 	 2.787741625149686e-08 	 2.879060793373511e-17
374.37939939939946 	 2.7840148969422883e-08 	 2.8636964124572845e-17
374.8798798798799 	 2.7802981194141558e-08 	 2.84843438678297e-17
375.3803603603604 	 2.776591252764693e-08 	 2.8332738991890474e-17
375.88084084084085 	 2.772894257405278e-08 	 2.8182141401150556e-17
376.38132132132137 	 2.769207093957857e-08 	 2.803254307520917e-17
376.8818018018018 	 2.765529723253546e-08 	 2.788393606807201e-17
377.3822822822823 	 2.7618621063312403e-08 	 2.7736312507363234e-17
377.8827627627628 	 2.758204204436241e-08 	 2.7589664593547104e-17
378.38324324324327 	 2.7545559790188903e-08 	 2.7443984599158776e-17
378.88372372372373 	 2.7509173917332166e-08 	 2.729926486804414e-17
379.38420420420425 	 2.747288404435591e-08 	 2.7155497814608777e-17
379.8846846846847 	 2.7436689791833947e-08 	 2.7012675923075745e-17
380.3851651651652 	 2.740059078233696e-08 	 2.6870791746752148e-17
380.8856456456457 	 2.7364586640419388e-08 	 2.672983790730432e-17
381.38612612612616 	 2.7328676992606407e-08 	 2.6589807094041632e-17
381.8866066066066 	 2.7292861467381025e-08 	 2.6450692063208723e-17
382.38708708708714 	 2.7257139695171247e-08 	 2.6312485637285903e-17
382.8875675675676 	 2.7221511308337417e-08 	 2.6175180704298107e-17
383.38804804804806 	 2.718597594115953e-08 	 2.6038770217131452e-17
383.8885285285286 	 2.7150533229824767e-08 	 2.590324719285825e-17
384.38900900900904 	 2.7115182812415085e-08 	 2.5768604712069775e-17
384.8894894894895 	 2.7079924328894857e-08 	 2.563483591821662e-17
385.38996996997 	 2.704475742109869e-08 	 2.5501934016957117e-17
385.8904504504505 	 2.7009681732719282e-08 	 2.536989227551299e-17
386.39093093093095 	 2.6974696909295385e-08 	 2.5238704022032792e-17
386.89141141141147 	 2.6939802598199845e-08 	 2.510836264496245e-17
387.39189189189193 	 2.690499844862782e-08 	 2.4978861592423518e-17
387.8923723723724 	 2.6870284111584944e-08 	 2.4850194371598134e-17
388.3928528528529 	 2.6835659239875707e-08 	 2.4722354548121515e-17
388.8933333333334 	 2.6801123488091886e-08 	 2.4595335745481315e-17
389.39381381381384 	 2.676667651260103e-08 	 2.4469131644423817e-17
389.89429429429435 	 2.6732317971535067e-08 	 2.434373598236714e-17
390.3947747747748 	 2.6698047524779038e-08 	 2.4219142552821226e-17
390.8952552552553 	 2.6663864833959817e-08 	 2.4095345204814212e-17
391.3957357357358 	 2.6629769562434996e-08 	 2.397233784232572e-17
391.89621621621626 	 2.6595761375281844e-08 	 2.3850114423726486e-17
392.3966966966967 	 2.656183993928634e-08 	 2.372866896122451e-17
392.89717717717724 	 2.6528004922932263e-08 	 2.3607995520317265e-17
393.3976576576577 	 2.649425599639043e-08 	 2.3488088219250648e-17
393.89813813813817 	 2.6460592831507952e-08 	 2.3368941228483613e-17
394.3986186186186 	 2.6427015101797605e-08 	 2.325054877015923e-17
394.89909909909915 	 2.6393522482427275e-08 	 2.3132905117581604e-17
395.3995795795796 	 2.636011465020949e-08 	 2.3016004594698884e-17
395.90006006006007 	 2.632679128359101e-08 	 2.2899841575591964e-17
396.4005405405406 	 2.629355206264254e-08 	 2.2784410483969162e-17
396.90102102102105 	 2.6260396669048444e-08 	 2.266970579266643e-17
397.4015015015015 	 2.622732478609663e-08 	 2.255572202315345e-17
397.90198198198203 	 2.6194336098668427e-08 	 2.244245374504504e-17
398.4024624624625 	 2.616143029322863e-08 	 2.2329895575618433e-17
398.90294294294296 	 2.612860705781549e-08 	 2.2218042179335525e-17
399.4034234234235 	 2.6095866082030917e-08 	 2.210688826737092e-17
399.90390390390394 	 2.606320705703068e-08 	 2.1996428597145124e-17
400.4043843843844 	 2.6030629675514692e-08 	 2.1886657971862914e-17
400.9048648648649 	 2.5998133631717356e-08 	 2.1777571240056938e-17
401.4053453453454 	 2.5965718621398046e-08 	 2.1669163295136546e-17
401.90582582582584 	 2.5933384341831546e-08 	 2.156142907494142e-17
402.40630630630636 	 2.5901130491798675e-08 	 2.1454363561300354e-17
402.9067867867868 	 2.5868956771576924e-08 	 2.1347961779595028e-17
403.4072672672673 	 2.583686288293116e-08 	 2.124221879832845e-17
403.9077477477478 	 2.5804848529104417e-08 	 2.113712972869833e-17
404.40822822822827 	 2.5772913414808764e-08 	 2.10326897241752e-17
404.90870870870873 	 2.5741057246216193e-08 	 2.092889398008508e-17
405.40918918918925 	 2.5709279730949635e-08 	 2.0825737733197007e-17
405.9096696696697 	 2.567758057807401e-08 	 2.072321626131493e-17
406.4101501501502 	 2.5645959498087345e-08 	 2.062132488287418e-17
406.9106306306307 	 2.5614416202911954e-08 	 2.0520058956542447e-17
407.41111111111115 	 2.558295040588571e-08 	 2.0419413880825147e-17
407.9115915915916 	 2.5551561821753327e-08 	 2.0319385093675007e-17
408.41207207207214 	 2.552025016665778e-08 	 2.0219968072106178e-17
408.9125525525526 	 2.5489015158131723e-08 	 2.012115833181243e-17
409.41303303303306 	 2.5457856515088996e-08 	 2.002295142678953e-17
409.9135135135136 	 2.5426773957816205e-08 	 1.992534294896187e-17
410.41399399399404 	 2.5395767207964343e-08 	 1.9828328527813134e-17
410.9144744744745 	 2.5364835988540478e-08 	 1.9731903830020918e-17
411.414954954955 	 2.5333980023899512e-08 	 1.9636064559095505e-17
411.9154354354355 	 2.5303199039736002e-08 	 1.9540806455022492e-17
412.41591591591595 	 2.5272492763076005e-08 	 1.9446125293909293e-17
412.9163963963964 	 2.524186092226903e-08 	 1.9352016887635503e-17
413.4168768768769 	 2.5211303246980025e-08 	 1.9258477083507142e-17
413.9173573573574 	 2.5180819468181415e-08 	 1.9165501763914575e-17
414.41783783783785 	 2.515040931814521e-08 	 1.9073086845994108e-17
414.91831831831837 	 2.5120072530435175e-08 	 1.898122828129338e-17
415.41879879879883 	 2.508980883989905e-08 	 1.8889922055440302e-17
415.9192792792793 	 2.5059617982660804e-08 	 1.879916418781548e-17
416.4197597597598 	 2.502949969611298e-08 	 1.8708950731228383e-17
416.9202402402403 	 2.49994537189091e-08 	 1.8619277771596837e-17
417.42072072072074 	 2.4969479790956058e-08 	 1.8530141427630036e-17
417.92120120120126 	 2.493957765340666e-08 	 1.844153785051492e-17
418.4216816816817 	 2.490974704865217e-08 	 1.835346322360605e-17
418.9221621621622 	 2.4879987720314864e-08 	 1.826591376211859e-17
419.4226426426427 	 2.4850299413240747e-08 	 1.8178885712824785e-17
419.92312312312316 	 2.482068187349223e-08 	 1.8092375353753653e-17
420.4236036036036 	 2.4791134848340872e-08 	 1.8006378993893692e-17
420.92408408408414 	 2.4761658086260244e-08 	 1.7920892972899097e-17
421.4245645645646 	 2.4732251336918733e-08 	 1.783591366079882e-17
421.92504504504507 	 2.4702914351172503e-08 	 1.7751437457708885e-17
422.4255255255256 	 2.467364688105842e-08 	 1.766746079354769e-17
422.92600600600605 	 2.4644448679787102e-08 	 1.758398012775442e-17
423.4264864864865 	 2.4615319501735958e-08 	 1.750099194901036e-17
423.92696696696703 	 2.4586259102442295e-08 	 1.7418492774963192e-17
424.4274474474475 	 2.455726723859652e-08 	 1.7336479151954285e-17
424.92792792792795 	 2.4528343668035294e-08 	 1.725494765474873e-17
425.4284084084085 	 2.4499488149734818e-08 	 1.7173894886268335e-17
425.92888888888893 	 2.447070044380416e-08 	 1.7093317477327476e-17
426.4293693693694 	 2.4441980311478567e-08 	 1.7013212086371572e-17
426.9298498498499 	 2.4413327515112873e-08 	 1.693357539921845e-17
427.4303303303304 	 2.438474181817497e-08 	 1.6854404128802414e-17
427.93081081081084 	 2.4356222985239268e-08 	 1.6775695014920934e-17
428.43129129129136 	 2.4327770781980252e-08 	 1.6697444823984088e-17
428.9317717717718 	 2.4299384975166054e-08 	 1.6619650348766556e-17
429.4322522522523 	 2.427106533265209e-08 	 1.6542308408162223e-17
429.9327327327328 	 2.424281162337471e-08 	 1.6465415846941402e-17
430.43321321321326 	 2.4214623617344953e-08 	 1.638896953551053e-17
430.9336936936937 	 2.418650108564225e-08 	 1.6312966369674383e-17
431.4341741741742 	 2.415844380040829e-08 	 1.623740327040082e-17
431.9346546546547 	 2.413045153484081e-08 	 1.6162277183587888e-17
432.43513513513517 	 2.4102524063187534e-08 	 1.608758507983346e-17
432.93561561561563 	 2.4074661160740056e-08 	 1.6013323954207138e-17
433.43609609609615 	 2.4046862603827847e-08 	 1.5939490826024626e-17
433.9365765765766 	 2.4019128169812265e-08 	 1.5866082738624417e-17
434.4370570570571 	 2.399145763708059e-08 	 1.5793096759146735e-17
434.9375375375376 	 2.3963850785040145e-08 	 1.5720529978314827e-17
435.43801801801806 	 2.393630739411243e-08 	 1.5648379510218507e-17
435.9384984984985 	 2.3908827245727292e-08 	 1.55766424920999e-17
436.43897897897904 	 2.388141012231714e-08 	 1.550531608414138e-17
436.9394594594595 	 2.385405580731123e-08 	 1.543439746925582e-17
437.43993993993996 	 2.3826764085129915e-08 	 1.5363883852878745e-17
437.9404204204205 	 2.379953474117903e-08 	 1.5293772462762933e-17
438.44090090090094 	 2.3772367561844254e-08 	 1.5224060548774867e-17
438.9413813813814 	 2.3745262334485495e-08 	 1.5154745382693376e-17
439.4418618618619 	 2.3718218847431375e-08 	 1.508582425801035e-17
439.9423423423424 	 2.369123688997372e-08 	 1.501729448973347e-17
440.44282282282285 	 2.3664316252362056e-08 	 1.4949153414190953e-17
440.94330330330337 	 2.363745672579821e-08 	 1.4881398388838254e-17
441.44378378378383 	 2.3610658102430896e-08 	 1.4814026792066815e-17
441.9442642642643 	 2.3583920175350348e-08 	 1.4747036023014704e-17
442.4447447447448 	 2.3557242738583e-08 	 1.4680423501379142e-17
442.9452252252253 	 2.3530625587086206e-08 	 1.4614186667231072e-17
443.44570570570573 	 2.3504068516742973e-08 	 1.454832298083144e-17
443.94618618618625 	 2.3477571324356744e-08 	 1.4482829922449428e-17
444.4466666666667 	 2.345113380764624e-08 	 1.4417704992182557e-17
444.9471471471472 	 2.3424755765240274e-08 	 1.4352945709778507e-17
445.4476276276277 	 2.3398436996672655e-08 	 1.428854961445881e-17
445.94810810810816 	 2.337217730237713e-08 	 1.4224514264744335e-17
446.4485885885886 	 2.334597648368231e-08 	 1.416083723828246e-17
446.94906906906914 	 2.3319834342806668e-08 	 1.4097516131676014e-17
447.4495495495496 	 2.329375068285358e-08 	 1.4034548560313996e-17
447.95003003003006 	 2.3267725307806355e-08 	 1.397193215820389e-17
448.4505105105105 	 2.3241758022523343e-08 	 1.3909664577805747e-17
448.95099099099104 	 2.321584863273305e-08 	 1.3847743489867882e-17
449.4514714714715 	 2.3189996945029302e-08 	 1.378616658326423e-17
449.95195195195197 	 2.3164202766866414e-08 	 1.3724931564833334e-17
450.4524324324325 	 2.313846590655442e-08 	 1.3664036159218906e-17
450.95291291291295 	 2.311278617325435e-08 	 1.3603478108712062e-17
451.4533933933934 	 2.3087163376973468e-08 	 1.3543255173095017e-17
451.95387387387393 	 2.3061597328560605e-08 	 1.3483365129486386e-17
452.4543543543544 	 2.3036087839701526e-08 	 1.3423805772188096e-17
452.95483483483486 	 2.3010634722914267e-08 	 1.3364574912533647e-17
453.4553153153154 	 2.2985237791544573e-08 	 1.3305670378738067e-17
453.95579579579584 	 2.295989685976133e-08 	 1.3247090015749218e-17
454.4562762762763 	 2.2934611742552014e-08 	 1.318883168510062e-17
454.9567567567568 	 2.2909382255718204e-08 	 1.313089326476575e-17
455.4572372372373 	 2.2884208215871123e-08 	 1.3073272649013762e-17
455.95771771771774 	 2.2859089440427157e-08 	 1.301596774826659e-17
456.45819819819826 	 2.2834025747603474e-08 	 1.2958976488957533e-17
456.9586786786787 	 2.2809016956413625e-08 	 1.290229681339119e-17
457.4591591591592 	 2.278406288666319e-08 	 1.284592667960476e-17
457.9596396396397 	 2.2759163358945443e-08 	 1.2789864061230732e-17
458.46012012012017 	 2.2734318194637076e-08 	 1.2734106947360928e-17
458.9606006006006 	 2.2709527215893896e-08 	 1.2678653342411815e-17
459.46108108108115 	 2.2684790245646596e-08 	 1.2623501265991222e-17
459.9615615615616 	 2.2660107107596547e-08 	 1.25686487527663e-17
460.46204204204207 	 2.26354776262116e-08 	 1.2514093852332807e-17
460.9625225225226 	 2.2610901626721926e-08 	 1.2459834629085615e-17
461.46300300300305 	 2.258637893511589e-08 	 1.240586916209058e-17
461.9634834834835 	 2.2561909378135927e-08 	 1.2352195544957517e-17
462.46396396396403 	 2.2537492783274478e-08 	 1.2298811885714547e-17
462.9644444444445 	 2.2513128978769936e-08 	 1.2245716306683592e-17
463.46492492492496 	 2.2488817793602607e-08 	 1.2192906944357071e-17
463.9654054054055 	 2.2464559057490705e-08 	 1.214038194927583e-17
464.46588588588594 	 2.2440352600886404e-08 	 1.208813948590824e-17
464.9663663663664 	 2.2416198254971857e-08 	 1.2036177732530443e-17
465.4668468468469 	 2.239209585165529e-08 	 1.1984494881107786e-17
465.9673273273274 	 2.236804522356709e-08 	 1.1933089137177381e-17
466.46780780780784 	 2.2344046204055947e-08 	 1.188195871973181e-17
466.9682882882883 	 2.232009862718499e-08 	 1.1831101861103916e-17
467.4687687687688 	 2.229620232772796e-08 	 1.1780516806852751e-17
467.9692492492493 	 2.2272357141165443e-08 	 1.1730201815650614e-17
468.46972972972975 	 2.224856290368104e-08 	 1.1680155159171094e-17
468.97021021021027 	 2.222481945215766e-08 	 1.1630375121978313e-17
469.47069069069073 	 2.220112662417378e-08 	 1.1580860001417148e-17
469.9711711711712 	 2.2177484257999737e-08 	 1.1531608107504499e-17
470.4716516516517 	 2.215389219259404e-08 	 1.1482617762821635e-17
470.9721321321322 	 2.2130350267599734e-08 	 1.1433887302407559e-17
471.47261261261264 	 2.2106858323340757e-08 	 1.1385415073653373e-17
471.97309309309315 	 2.2083416200818323e-08 	 1.1337199436197649e-17
472.4735735735736 	 2.206002374170735e-08 	 1.1289238761822844e-17
472.9740540540541 	 2.2036680788352875e-08 	 1.1241531434352614e-17
473.4745345345346 	 2.2013387183766532e-08 	 1.1194075849550176e-17
473.97501501501506 	 2.1990142771623023e-08 	 1.1146870415017614e-17
474.4754954954955 	 2.1966947396256624e-08 	 1.1099913550096135e-17
474.97597597597604 	 2.1943800902657704e-08 	 1.1053203685767246e-17
475.4764564564565 	 2.192070313646929e-08 	 1.1006739264554932e-17
475.97693693693697 	 2.1897653943983594e-08 	 1.0960518740428657e-17
476.4774174174175 	 2.187465317213866e-08 	 1.0914540578707396e-17
476.97789789789795 	 2.185170066851494e-08 	 1.0868803255964493e-17
477.4783783783784 	 2.1828796281331933e-08 	 1.0823305259933427e-17
477.9788588588589 	 2.1805939859444836e-08 	 1.0778045089414478e-17
478.4793393393394 	 2.178313125234123e-08 	 1.073302125418228e-17
478.97981981981985 	 2.1760370310137775e-08 	 1.0688232274894235e-17
479.48030030030037 	 2.1737656883576912e-08 	 1.0643676682999729e-17
479.98078078078083 	 2.171499082402362e-08 	 1.0599353020650324e-17
480.4812612612613 	 2.1692371983462164e-08 	 1.0555259840610662e-17
480.9817417417418 	 2.1669800214492867e-08 	 1.0511395706170267e-17
481.4822222222223 	 2.164727537032892e-08 	 1.0467759191056185e-17
481.98270270270274 	 2.1624797304793197e-08 	 1.0424348879346384e-17
482.48318318318326 	 2.1602365872315092e-08 	 1.0381163365384003e-17
482.9836636636637 	 2.1579980927927365e-08 	 1.0338201253692389e-17
483.4841441441442 	 2.155764232726304e-08 	 1.0295461158890921e-17
483.9846246246247 	 2.153534992655229e-08 	 1.025294170561163e-17
484.48510510510516 	 2.1513103582619346e-08 	 1.0210641528416547e-17
484.9855855855856 	 2.149090315287945e-08 	 1.0168559271715914e-17
485.4860660660661 	 2.146874849533579e-08 	 1.012669358968701e-17
485.9865465465466 	 2.1446639468576483e-08 	 1.0085043146193873e-17
486.48702702702707 	 2.1424575931771568e-08 	 1.0043606614707693e-17
486.98750750750753 	 2.140255774467001e-08 	 1.0002382678227902e-17
487.48798798798805 	 2.1380584767596716e-08 	 9.961370029204078e-18
487.9884684684685 	 2.1358656861449622e-08 	 9.92056736945853e-18
488.488948948949 	 2.1336773887696718e-08 	 9.879973410109578e-18
488.9894294294295 	 2.1314935708373126e-08 	 9.83958687149552e-18
489.48990990990995 	 2.1293142186078256e-08 	 9.799406483099428e-18
489.9903903903904 	 2.1271393183972855e-08 	 9.759430983474436e-18
490.49087087087094 	 2.124968856577618e-08 	 9.719659120169859e-18
490.9913513513514 	 2.1228028195763167e-08 	 9.680089649657974e-18
491.49183183183186 	 2.120641193876156e-08 	 9.640721337261387e-18
491.9923123123124 	 2.1184839660149122e-08 	 9.601552957081132e-18
492.49279279279284 	 2.1163311225850846e-08 	 9.562583291925451e-18
492.9932732732733 	 2.114182650233617e-08 	 9.523811133239153e-18
493.4937537537538 	 2.112038535661621e-08 	 9.485235281033638e-18
493.9942342342343 	 2.109898765624103e-08 	 9.44685454381761e-18
494.49471471471475 	 2.1077633269296898e-08 	 9.40866773852835e-18
494.99519519519527 	 2.105632206440358e-08 	 9.370673690463631e-18
495.4956756756757 	 2.1035053910711676e-08 	 9.332871233214332e-18
495.9961561561562 	 2.101382867789989e-08 	 9.295259208597506e-18
496.4966366366367 	 2.09926462361724e-08 	 9.257836466590203e-18
496.99711711711717 	 2.097150645625621e-08 	 9.220601865263798e-18
497.49759759759763 	 2.095040920939852e-08 	 9.183554270718982e-18
497.99807807807815 	 2.092935436736409e-08 	 9.146692557021258e-18
498.4985585585586 	 2.0908341802432686e-08 	 9.110015606137122e-18
498.9990390390391 	 2.0887371387396447e-08 	 9.073522307870701e-18
499.4995195195196 	 2.0866442995557364e-08 	 9.037211559801075e-18
500.0 	 2.08455565007247e-08 	 9.001082267220094e-18
