3.5233633633633636 	 4.059364260526785e-07 	 1.1187528341899102e-09
4.023843843843844 	 5.507689601894159e-07 	 6.237355060671174e-10
4.524324324324325 	 7.293160099388991e-07 	 3.661512520892758e-10
5.0248048048048055 	 9.494326709868606e-07 	 2.229360758754715e-10
5.525285285285285 	 1.2219599697496746e-06 	 1.3911453122570544e-10
6.025765765765766 	 1.562124857574675e-06 	 8.804355883818895e-11
6.526246246246247 	 1.9917579511312064e-06 	 5.59531371526612e-11
7.026726726726727 	 2.5429440200799195e-06 	 3.5335389301725093e-11
7.527207207207208 	 3.2641286207056795e-06 	 2.1924556301834803e-11
8.027687687687688 	 4.23038271185543e-06 	 1.3225151298018547e-11
8.528168168168168 	 5.560522106716778e-06 	 7.763530114065135e-12
9.02864864864865 	 7.4422079002454565e-06 	 4.70492475766719e-12
9.52912912912913 	 1.0151354981804002e-05 	 3.656012611959476e-12
10.029609609609611 	 1.3979471294113508e-05 	 4.5216406299587624e-12
10.530090090090091 	 1.8825944750711392e-05 	 7.154722895595095e-12
11.030570570570571 	 2.3545201725794525e-05 	 1.0586181467153962e-11
11.531051051051053 	 2.6469312175094138e-05 	 1.2932662062919998e-11
12.031531531531533 	 2.7159899868274753e-05 	 1.3123136095702228e-11
12.532012012012013 	 2.675425613631126e-05 	 1.1971522149558284e-11
13.032492492492494 	 2.6567757452760055e-05 	 1.0817321302444333e-11
13.532972972972974 	 2.7683548856051834e-05 	 1.0826914650003715e-11
14.033453453453454 	 3.07871249169273e-05 	 1.3089421102188504e-11
14.533933933933936 	 3.5200022810382186e-05 	 1.781540281354069e-11
15.034414414414416 	 3.9502499743165065e-05 	 2.4130215613912306e-11
15.534894894894897 	 4.281084660642972e-05 	 3.072460057507203e-11
16.035375375375377 	 4.4963598840795944e-05 	 3.6588612632771694e-11
16.535855855855857 	 4.6113086787678095e-05 	 4.119943412483426e-11
17.036336336336337 	 4.64584940248603e-05 	 4.438463011197429e-11
17.53681681681682 	 4.6160847530588305e-05 	 4.616185474900392e-11
18.0372972972973 	 4.533088770969748e-05 	 4.66316443638331e-11
18.53777777777778 	 4.403856269845679e-05 	 4.592613478588146e-11
19.03825825825826 	 4.2327674784454885e-05 	 4.4192394936458736e-11
19.53873873873874 	 4.023190561077873e-05 	 4.159342772370079e-11
20.039219219219223 	 3.779372789999574e-05 	 3.831813651834932e-11
20.539699699699703 	 3.508376458650813e-05 	 3.4589479080416105e-11
21.040180180180183 	 3.221200380774191e-05 	 3.065967081744508e-11
21.540660660660663 	 2.9321039028972348e-05 	 2.6783911101931114e-11
22.041141141141143 	 2.6556305068403462e-05 	 2.317633096526791e-11
22.541621621621623 	 2.4029855735929826e-05 	 1.9973988378139693e-11
23.042102102102106 	 2.179978836983365e-05 	 1.7228564796546528e-11
23.542582582582586 	 1.9873630991721934e-05 	 1.4925779536907546e-11
24.043063063063066 	 1.822538570605947e-05 	 1.3014503068285844e-11
24.543543543543546 	 1.681427876520784e-05 	 1.143126309029158e-11
25.044024024024026 	 1.5597373595029804e-05 	 1.0114506382707476e-11
25.54450450450451 	 1.453588829435941e-05 	 9.010993995594913e-12
26.04498498498499 	 1.3597922637054502e-05 	 8.077244076480572e-12
26.54546546546547 	 1.2758462024632712e-05 	 7.279080135767681e-12
27.04594594594595 	 1.1998524070632937e-05 	 6.589943364776947e-12
27.54642642642643 	 1.1304021446660949e-05 	 5.989357937623743e-12
28.04690690690691 	 1.0664537534875618e-05 	 5.461650347672822e-12
28.547387387387392 	 1.00724158445394e-05 	 4.9945894734537225e-12
29.047867867867872 	 9.52201911055802e-06 	 4.578694892176603e-12
29.548348348348352 	 9.009050786490083e-06 	 4.206501777495216e-12
30.04882882882883 	 8.53014649115507e-06 	 3.8719849057905945e-12
30.54930930930931 	 8.082569174334901e-06 	 3.5703052189332102e-12
31.049789789789795 	 7.664032595642793e-06 	 3.2973959509804895e-12
31.550270270270275 	 7.272546493892414e-06 	 3.0499359403080717e-12
32.05075075075076 	 6.906321723263266e-06 	 2.8250631127549565e-12
32.55123123123124 	 6.563621965781928e-06 	 2.6203216834189203e-12
33.05171171171172 	 6.242950443987848e-06 	 2.433622407202937e-12
33.5521921921922 	 5.942869302460118e-06 	 2.2630834896199646e-12
34.05267267267268 	 5.661946655657573e-06 	 2.1070960395254336e-12
34.55315315315316 	 5.3989157762025134e-06 	 1.964231144135926e-12
35.053633633633645 	 5.152478023709375e-06 	 1.8331989151006713e-12
35.55411411411412 	 4.921540857500808e-06 	 1.7128748721784956e-12
36.054594594594604 	 4.704975126212941e-06 	 1.6022371135384378e-12
36.55507507507508 	 4.5017867779218374e-06 	 1.5003954498125309e-12
37.055555555555564 	 4.311012545825022e-06 	 1.4065249891314544e-12
37.55603603603605 	 4.131756959103965e-06 	 1.3199088504322743e-12
38.056516516516524 	 3.963213158524887e-06 	 1.2398846429908817e-12
38.55699699699701 	 3.804600443794483e-06 	 1.16587703961486e-12
39.057477477477484 	 3.655224047700383e-06 	 1.0973469760607449e-12
39.55795795795797 	 3.5144231139021422e-06 	 1.0338206060840367e-12
40.05843843843845 	 3.381595283110289e-06 	 9.748699208129646e-13
40.55891891891893 	 3.2561808985221647e-06 	 9.201056573987739e-13
41.05939939939941 	 3.1376620736537637e-06 	 8.691783620259721e-13
41.55987987987989 	 3.025569760241633e-06 	 8.217654463810372e-13
42.06036036036037 	 2.919460971770925e-06 	 7.775837252997451e-13
42.56084084084085 	 2.8189250453428213e-06 	 7.363737563266405e-13
43.06132132132133 	 2.7235979620186026e-06 	 6.978933431881225e-13
43.56180180180181 	 2.6331332713178194e-06 	 6.619273282796644e-13
44.06228228228229 	 2.547206902163663e-06 	 6.282842829862606e-13
44.56276276276277 	 2.4655309779413805e-06 	 5.967833891252234e-13
45.06324324324325 	 2.3878301231713005e-06 	 5.672611548544533e-13
45.56372372372373 	 2.3138549989058746e-06 	 5.395673660974376e-13
46.064204204204216 	 2.243370257348355e-06 	 5.135711203166021e-13
46.56468468468469 	 2.176164146567667e-06 	 4.891464359363637e-13
47.065165165165176 	 2.1120333315527086e-06 	 4.661778315587462e-13
47.56564564564565 	 2.0507967817589263e-06 	 4.4456305793114854e-13
48.066126126126136 	 1.9922793356230504e-06 	 4.2420681303407907e-13
48.56660660660662 	 1.936323582310033e-06 	 4.0501984993888733e-13
49.067087087087096 	 1.8827829514154086e-06 	 3.8692210272160095e-13
49.56756756756758 	 1.8315173310287922e-06 	 3.6983907498547424e-13
50.068048048048055 	 1.7823984036499789e-06 	 3.537036123328166e-13
50.56852852852854 	 1.7353068646806438e-06 	 3.38452542496114e-13
51.06900900900902 	 1.6901320139691729e-06 	 3.2402675467901027e-13
51.5694894894895 	 1.6467694648779078e-06 	 3.1037378958257036e-13
52.06996996996998 	 1.6051219201984823e-06 	 2.974426232334649e-13
52.57045045045046 	 1.565101628893131e-06 	 2.851869082263727e-13
53.07093093093094 	 1.5266215299266074e-06 	 2.7356667569416833e-13
53.571411411411425 	 1.4896021179008124e-06 	 2.6254024711161056e-13
54.0718918918919 	 1.4539677447649907e-06 	 2.5207244310018364e-13
54.572372372372385 	 1.4196522772347439e-06 	 2.4212869601620553e-13
55.07285285285286 	 1.3865876092513677e-06 	 2.3267675522992997e-13
55.573333333333345 	 1.354712190171775e-06 	 2.2368886716232386e-13
56.07381381381382 	 1.3239729850170892e-06 	 2.1513624395017002e-13
56.574294294294305 	 1.2943101034216752e-06 	 2.0699442329216735e-13
57.07477477477479 	 1.2656773780634884e-06 	 1.9923882309637985e-13
57.575255255255264 	 1.2380214879460576e-06 	 1.9184826888018623e-13
58.07573573573575 	 1.2113023912744358e-06 	 1.848018794079171e-13
58.576216216216224 	 1.1854726824949452e-06 	 1.7808058588833763e-13
59.07669669669671 	 1.1604974015636197e-06 	 1.7166566984194867e-13
59.57717717717719 	 1.1363362387580256e-06 	 1.6554044697272858e-13
60.07765765765767 	 1.1129530469133648e-06 	 1.5969000908779206e-13
60.57813813813815 	 1.090312194937105e-06 	 1.5409923353434093e-13
61.07861861861863 	 1.0683862047350335e-06 	 1.4875356753291537e-13
61.57909909909911 	 1.0471420266430101e-06 	 1.4364063738582e-13
62.079579579579594 	 1.02654985168117e-06 	 1.3874805640005364e-13
62.58006006006007 	 1.0065846050382994e-06 	 1.3406475357702374e-13
63.080540540540554 	 9.872200609440258e-07 	 1.2957900263297488e-13
63.58102102102103 	 9.684293200228597e-07 	 1.25282329853591e-13
64.0815015015015 	 9.501936921967242e-07 	 1.2116410335554555e-13
64.58198198198198 	 9.324886197411748e-07 	 1.1721506263585602e-13
65.08246246246247 	 9.152941631175898e-07 	 1.1342812721603533e-13
65.58294294294295 	 8.985875296044712e-07 	 1.0979448180104748e-13
66.08342342342343 	 8.823540157819561e-07 	 1.0630636324018868e-13
66.5839039039039 	 8.665729316270624e-07 	 1.0295750219718361e-13
67.08438438438439 	 8.512271650048906e-07 	 9.974088135827118e-14
67.58486486486487 	 8.363008389958994e-07 	 9.664992890994613e-14
68.08534534534535 	 8.217797523399664e-07 	 9.367919369101355e-14
68.58582582582584 	 8.076467479615592e-07 	 9.082294953525445e-14
69.08630630630631 	 7.938906882618682e-07 	 8.807582449835974e-14
69.58678678678679 	 7.804961732176691e-07 	 8.543263361289872e-14
70.08726726726728 	 7.674481559193194e-07 	 8.288895189543203e-14
70.58774774774776 	 7.547391552860595e-07 	 8.044010793917811e-14
71.08822822822823 	 7.423539949451175e-07 	 7.808177071004165e-14
71.58870870870871 	 7.302813838047243e-07 	 7.58103465116622e-14
72.0891891891892 	 7.185105465900485e-07 	 7.362168667438412e-14
72.58966966966968 	 7.070350799927398e-07 	 7.151186530406968e-14
73.09015015015015 	 6.958393054102086e-07 	 6.947784251315398e-14
73.59063063063064 	 6.849173100410919e-07 	 6.751639773926852e-14
74.09111111111112 	 6.742612446732595e-07 	 6.562438891999551e-14
74.5915915915916 	 6.63858551901174e-07 	 6.379863530534446e-14
75.09207207207209 	 6.537022533004429e-07 	 6.203664612503729e-14
75.59255255255256 	 6.437878007192797e-07 	 6.033520152693721e-14
76.09303303303304 	 6.341030798242248e-07 	 5.869271670167853e-14
76.59351351351351 	 6.246441421208596e-07 	 5.710584604751483e-14
77.093993993994 	 6.154013530316372e-07 	 5.557265202326447e-14
77.59447447447448 	 6.063677985717012e-07 	 5.409128760305225e-14
78.09495495495496 	 5.975387303392183e-07 	 5.2659082473921714e-14
78.59543543543545 	 5.889074144655271e-07 	 5.1274358154576206e-14
79.09591591591592 	 5.80467757863913e-07 	 4.99353081230793e-14
79.5963963963964 	 5.722142564580731e-07 	 4.8640091397765306e-14
80.09687687687689 	 5.641422487053111e-07 	 4.7386768804396765e-14
80.59735735735737 	 5.562432736908773e-07 	 4.6173943272352994e-14
81.09783783783784 	 5.48515046249276e-07 	 4.4999831681350324e-14
81.59831831831832 	 5.409534192568304e-07 	 4.3863231836259916e-14
82.09879879879881 	 5.335501552804182e-07 	 4.276244208552697e-14
82.59927927927929 	 5.263013122444193e-07 	 4.16963875345657e-14
83.09975975975976 	 5.192052646018355e-07 	 4.066351981127218e-14
83.60024024024025 	 5.122551064897552e-07 	 3.966260255903759e-14
84.10072072072073 	 5.054483038666657e-07 	 3.869246409676826e-14
84.6012012012012 	 4.987802427547177e-07 	 3.775198546509025e-14
85.10168168168168 	 4.922454856490295e-07 	 3.6840307778365476e-14
85.60216216216217 	 4.858457468211215e-07 	 3.595595404295171e-14
86.10264264264265 	 4.795705664327679e-07 	 3.509837264372876e-14
86.60312312312313 	 4.7341996473725826e-07 	 3.4266171049174834e-14
87.10360360360362 	 4.673907193898771e-07 	 3.345868805941403e-14
87.60408408408409 	 4.614787190629986e-07 	 3.2675022223943543e-14
88.10456456456457 	 4.5568229941818455e-07 	 3.1914353315861117e-14
88.60504504504506 	 4.4999511997098966e-07 	 3.11758762015122e-14
89.10552552552554 	 4.4441877290571623e-07 	 3.045862948311768e-14
89.60600600600601 	 4.389479671572102e-07 	 2.976210060446444e-14
90.10648648648649 	 4.335794085861464e-07 	 2.908553465306515e-14
90.60696696696698 	 4.283122634778575e-07 	 2.842808995671742e-14
91.10744744744746 	 4.2314202446135386e-07 	 2.778930198938491e-14
91.60792792792793 	 4.180691516965976e-07 	 2.716854414207115e-14
92.10840840840842 	 4.130870547336328e-07 	 2.6565036137493008e-14
92.6088888888889 	 4.081966178123139e-07 	 2.597821072837993e-14
93.10936936936938 	 4.0339451568331226e-07 	 2.5407683196957395e-14
93.60984984984987 	 3.9867914909613396e-07 	 2.4852786756731733e-14
94.11033033033034 	 3.9404832294064847e-07 	 2.431310907233026e-14
94.61081081081082 	 3.894994819622633e-07 	 2.37880282801027e-14
95.1112912912913 	 3.8503093432110553e-07 	 2.3277075063355258e-14
95.61177177177179 	 3.806400406135884e-07 	 2.2779944533760024e-14
96.11225225225226 	 3.763265712724574e-07 	 2.229604867906102e-14
96.61273273273274 	 3.7208691358137394e-07 	 2.1824967153202342e-14
97.11321321321323 	 3.679206929003728e-07 	 2.136633389683489e-14
97.6136936936937 	 3.638257566446848e-07 	 2.0919785492947768e-14
98.11417417417418 	 3.598002053689997e-07 	 2.048491547771581e-14
98.61465465465466 	 3.558429204147833e-07 	 2.0061234300050702e-14
99.11513513513515 	 3.519526146599793e-07 	 1.964858128778984e-14
99.61561561561562 	 3.4812626508816484e-07 	 1.9246524474918437e-14
100.1160960960961 	 3.450314288565091e-07 	 1.8857992190921776e-14
100.61657657657659 	 3.4331519579461836e-07 	 1.8485573598408335e-14
101.11705705705707 	 3.416159517783434e-07 	 1.8122303208002033e-14
101.61753753753754 	 3.3993344578745906e-07 	 1.7767912676626474e-14
102.11801801801803 	 3.382674317227415e-07 	 1.7422142799628083e-14
102.61849849849851 	 3.366176682859673e-07 	 1.708474315683271e-14
103.11897897897899 	 3.3498391886340644e-07 	 1.675547177395015e-14
103.61945945945946 	 3.3336595141269235e-07 	 1.643409479859062e-14
104.11993993993995 	 3.317635383529547e-07 	 1.6120386190195962e-14
104.62042042042043 	 3.3017645645810524e-07 	 1.581412742322466e-14
105.1209009009009 	 3.286044867531721e-07 	 1.551510720296409e-14
105.6213813813814 	 3.270474144135818e-07 	 1.522312119337614e-14
106.12186186186187 	 3.255050286672906e-07 	 1.4937971756412506e-14
106.62234234234235 	 3.239771226996732e-07 	 1.4659467702265188e-14
107.12282282282284 	 3.224634935610759e-07 	 1.4387424050044814e-14
107.62330330330332 	 3.2096394207695134e-07 	 1.4121661798405436e-14
108.1237837837838 	 3.1947827276048707e-07 	 1.3862007705658216e-14
108.62426426426427 	 3.18006293727651e-07 	 1.3608294078940315e-14
109.12474474474476 	 3.165478166145735e-07 	 1.3360358572026154e-14
109.62522522522524 	 3.1510265649719337e-07 	 1.3118043991389424e-14
110.12570570570571 	 3.1367063181309444e-07 	 1.288119811014331e-14
110.6261861861862 	 3.122515642854638e-07 	 1.2649673489505014e-14
111.12666666666668 	 3.1084527884910556e-07 	 1.242332730744804e-14
111.62714714714716 	 3.094516035784439e-07 	 1.2202021194221911e-14
112.12762762762763 	 3.0807036961745504e-07 	 1.1985621074435223e-14
112.62810810810812 	 3.067014111114669e-07 	 1.1773997015411958e-14
113.1285885885886 	 3.053445651407695e-07 	 1.1567023081545668e-14
113.62906906906908 	 3.039996716559794e-07 	 1.1364577194388848e-14
114.12954954954957 	 3.02666573415105e-07 	 1.1166540998227905e-14
114.63003003003004 	 3.013451159222605e-07 	 1.0972799730905557e-14
115.13051051051052 	 3.000351473679784e-07 	 1.0783242099664236e-14
115.63099099099101 	 2.987365185710717e-07 	 1.059776016179442e-14
116.13147147147149 	 2.9744908292200003e-07 	 1.0416249209882319e-14
116.63195195195196 	 2.961726963276935e-07 	 1.0238607661460701e-14
117.13243243243244 	 2.9490721715779075e-07 	 1.0064736952875964e-14
117.63291291291293 	 2.936525061922503e-07 	 9.894541437193274e-15
118.1333933933934 	 2.9240842657029295e-07 	 9.727928285969696e-15
118.63387387387388 	 2.911748437406365e-07 	 9.564807394733216e-15
119.13435435435437 	 2.8995162541298525e-07 	 9.40509129201298e-15
119.63483483483485 	 2.8873864151073696e-07 	 9.248695051773047e-15
120.13531531531532 	 2.875357641248718e-07 	 9.095536209108836e-15
120.63579579579581 	 2.863428674689892e-07 	 8.945534679071684e-15
121.13627627627629 	 2.851598278354595e-07 	 8.798612678493148e-15
121.63675675675677 	 2.8398652355265774e-07 	 8.654694650686278e-15
122.13723723723724 	 2.828228349432491e-07 	 8.513707192906848e-15
122.63771771771773 	 2.816686442834958e-07 	 8.375578986462456e-15
123.13819819819821 	 2.805238357635564e-07 	 8.240240729362647e-15
123.63867867867869 	 2.7938829544874887e-07 	 8.10762507140772e-15
124.13915915915918 	 2.7826191124175146e-07 	 7.977666551618594e-15
124.63963963963965 	 2.771445728457136e-07 	 7.850301537914246e-15
125.14012012012013 	 2.760361717282523e-07 	 7.725468168947346e-15
125.64060060060062 	 2.74936601086309e-07 	 7.603106298012723e-15
126.1410810810811 	 2.7384575581184284e-07 	 7.483157438946791e-15
126.64156156156157 	 2.7276353245833796e-07 	 7.365564713939847e-15
127.14204204204205 	 2.7168982920810105e-07 	 7.250272803186259e-15
127.64252252252254 	 2.7062454584032883e-07 	 7.137227896301024e-15
128.14300300300303 	 2.6956758369992383e-07 	 7.026377645434036e-15
128.64348348348352 	 2.6851884566703756e-07 	 6.917671120016424e-15
129.14396396396398 	 2.674782361273227e-07 	 6.811058763076092e-15
129.64444444444447 	 2.664456609428732e-07 	 6.706492349062181e-15
130.14492492492496 	 2.654210274238362e-07 	 6.603924943120897e-15
130.64540540540543 	 2.6440424430067547e-07 	 6.503310861767218e-15
131.14588588588592 	 2.633952216970703e-07 	 6.404605634899705e-15
131.6463663663664 	 2.623938711034326e-07 	 6.307765969107563e-15
132.14684684684687 	 2.614001053510255e-07 	 6.212749712221257e-15
132.64732732732736 	 2.604138385866685e-07 	 6.11951581906013e-15
133.14780780780782 	 2.5943498624801233e-07 	 6.028024318332185e-15
133.6482882882883 	 2.584634650393697e-07 	 5.938236280643154e-15
134.1487687687688 	 2.574991929080874e-07 	 5.85011378757378e-15
134.64924924924927 	 2.565420890214447e-07 	 5.763619901785691e-15
135.14972972972976 	 2.555920737440655e-07 	 5.678718638118089e-15
135.65021021021025 	 2.546490686158301e-07 	 5.595374935638881e-15
136.1506906906907 	 2.537129963302749e-07 	 5.513554630615352e-15
136.6511711711712 	 2.527837807134657e-07 	 5.4332244303708336e-15
137.1516516516517 	 2.518613467033345e-07 	 5.3543518879953605e-15
137.65213213213215 	 2.509456203294666e-07 	 5.276905377879268e-15
138.15261261261264 	 2.50036528693327e-07 	 5.200854072040162e-15
138.65309309309313 	 2.4913399994891524e-07 	 5.126167917214808e-15
139.1535735735736 	 2.4823796328383796e-07 	 5.052817612688527e-15
139.6540540540541 	 2.473483489007875e-07 	 4.9807745888357705e-15
140.15453453453458 	 2.464650879994185e-07 	 4.910010986346768e-15
140.65501501501504 	 2.455881127586108e-07 	 4.840499636115774e-15
141.15549549549553 	 2.447173563191093e-07 	 4.772214039767707e-15
141.65597597597602 	 2.4385275276653293e-07 	 4.7051283508007414e-15
142.15645645645648 	 2.4299423711474146e-07 	 4.639217356323202e-15
142.65693693693697 	 2.421417452895529e-07 	 4.574456459364091e-15
143.15741741741743 	 2.412952141128027e-07 	 4.510821661737303e-15
143.65789789789793 	 2.404545812867352e-07 	 4.448289547440259e-15
144.15837837837842 	 2.396197853787218e-07 	 4.386837266568628e-15
144.65885885885888 	 2.387907658062947e-07 	 4.326442519729242e-15
145.15933933933937 	 2.3796746282249105e-07 	 4.267083542934209e-15
145.65981981981986 	 2.3714981750149967e-07 	 4.208739092959749e-15
146.16030030030032 	 2.3633777172460164e-07 	 4.151388433153904e-15
146.6607807807808 	 2.3553126816639942e-07 	 4.0950113196779e-15
147.1612612612613 	 2.3473025028132692e-07 	 4.03958798816649e-15
147.66174174174176 	 2.3393466229043376e-07 	 3.9850991407931485e-15
148.16222222222225 	 2.3314444916843732e-07 	 3.9315259337264805e-15
148.66270270270275 	 2.3235955663103653e-07 	 3.878849964964811e-15
149.1631831831832 	 2.3157993112248115e-07 	 3.827053262536256e-15
149.6636636636637 	 2.3080551980338982e-07 	 3.7761182730521405e-15
150.1641441441442 	 2.3003627053881262e-07 	 3.726027850602085e-15
150.66462462462465 	 2.2927213188653085e-07 	 3.676765245979396e-15
151.16510510510514 	 2.285130530855895e-07 	 3.628314096225935e-15
151.6655855855856 	 2.277589840450569e-07 	 3.580658414485962e-15
152.1660660660661 	 2.2700987533300594e-07 	 3.5337825801588174e-15
152.66654654654658 	 2.2626567816571204e-07 	 3.487671329340728e-15
153.16702702702705 	 2.2552634439706332e-07 	 3.442309745546334e-15
153.66750750750754 	 2.2479182650817688e-07 	 3.3976832507008093e-15
154.16798798798803 	 2.2406207759721842e-07 	 3.3537775963939455e-15
154.6684684684685 	 2.2333705136941834e-07 	 3.310578855387653e-15
155.16894894894898 	 2.2261670212728202e-07 	 3.2680734133688163e-15
155.66942942942947 	 2.219009847609885e-07 	 3.226247960939636e-15
156.16990990990993 	 2.2118985473897384e-07 	 3.1850894858378566e-15
156.67039039039042 	 2.2048326809869466e-07 	 3.144585265379594e-15
157.1708708708709 	 2.1978118143756896e-07 	 3.104722859117747e-15
157.67135135135138 	 2.1908355190408876e-07 	 3.065490101709089e-15
158.17183183183187 	 2.1839033718910142e-07 	 3.0268750959835467e-15
158.67231231231236 	 2.177014955172566e-07 	 2.988866206209308e-15
159.17279279279282 	 2.1701698563861402e-07 	 2.9514520515475884e-15
159.6732732732733 	 2.163367668204092e-07 	 2.9146214996911816e-15
160.1737537537538 	 2.1566079883897366e-07 	 2.878363660681076e-15
160.67423423423426 	 2.1498904197180618e-07 	 2.84266788089558e-15
161.17471471471475 	 2.1432145698979124e-07 	 2.807523737206662e-15
161.67519519519522 	 2.136580051495629e-07 	 2.7729210312983514e-15
162.1756756756757 	 2.1299864818600934e-07 	 2.738849784142191e-15
162.6761561561562 	 2.1234334830491614e-07 	 2.705300230624969e-15
163.17663663663666 	 2.116920681757447e-07 	 2.672262814324053e-15
163.67711711711715 	 2.1104477092454317e-07 	 2.6397281824258446e-15
164.17759759759764 	 2.104014201269873e-07 	 2.6076871807830183e-15
164.6780780780781 	 2.0976197980154826e-07 	 2.5761308491063517e-15
165.1785585585586 	 2.0912641440278376e-07 	 2.5450504162870326e-15
165.67903903903908 	 2.0849468881475201e-07 	 2.514437295845614e-15
166.17951951951954 	 2.0786676834454407e-07 	 2.484283081503743e-15
166.68000000000004 	 2.0724261871593233e-07 	 2.454579542875e-15
167.18048048048053 	 2.0662220606313407e-07 	 2.4253186212713685e-15
167.680960960961 	 2.0600549692468577e-07 	 2.3964924256218e-15
168.18144144144148 	 2.053924582374274e-07 	 2.368093228499621e-15
168.68192192192197 	 2.0478305733059332e-07 	 2.3401134622555575e-15
169.18240240240243 	 2.0417726192000858e-07 	 2.3125457152532414e-15
169.68288288288292 	 2.0357504010238747e-07 	 2.2853827282042086e-15
170.18336336336338 	 2.0297636034973306e-07 	 2.2586173905994843e-15
170.68384384384387 	 2.023811915038348e-07 	 2.2322427372349014e-15
171.18432432432436 	 2.0178950277086325e-07 	 2.206251944827473e-15
171.68480480480483 	 2.0120126371605876e-07 	 2.1806383287201246e-15
172.18528528528532 	 2.0061644425851305e-07 	 2.155395339672267e-15
172.6857657657658 	 2.000350146660417e-07 	 2.1305165607337207e-15
173.18624624624627 	 1.9945694555014538e-07 	 2.1059957041995932e-15
173.68672672672676 	 1.9888220786105775e-07 	 2.081826608643761e-15
174.18720720720725 	 1.9831077288287983e-07 	 2.0580032360287832e-15
174.6876876876877 	 1.977426122287969e-07 	 2.0345196688899578e-15
175.1881681681682 	 1.9717769783637776e-07 	 2.0113701075915092e-15
175.6886486486487 	 1.9661600196295493e-07 	 1.988548867652814e-15
176.18912912912916 	 1.9605749718108243e-07 	 1.966050377142672e-15
176.68960960960965 	 1.9550215637407183e-07 	 1.9438691741397455e-15
177.19009009009014 	 1.9494995273160337e-07 	 1.921999904257274e-15
177.6905705705706 	 1.9440085974541132e-07 	 1.9004373182302622e-15
178.1910510510511 	 1.9385485120504232e-07 	 1.879176269563417e-15
178.69153153153155 	 1.9331190119368463e-07 	 1.858211712238115e-15
179.19201201201204 	 1.9277198408406746e-07 	 1.8375386984767673e-15
179.69249249249253 	 1.922350745344289e-07 	 1.8171523765629945e-15
180.192972972973 	 1.9170114748455098e-07 	 1.797047988716068e-15
180.6934534534535 	 1.9117017815186043e-07 	 1.777220869018102e-15
181.19393393393398 	 1.9064214202759446e-07 	 1.7576664413925778e-15
181.69441441441444 	 1.9011701487302945e-07 	 1.738380217632764e-15
182.19489489489493 	 1.895947727157722e-07 	 1.719357795478678e-15
182.69537537537542 	 1.8907539184611186e-07 	 1.7005948567412742e-15
183.19585585585588 	 1.8855884881343196e-07 	 1.6820871654725547e-15
183.69633633633637 	 1.8804512042268056e-07 	 1.6638305661803654e-15
184.19681681681686 	 1.8753418373089858e-07 	 1.6458209820866826e-15
184.69729729729733 	 1.870260160438042e-07 	 1.628054413428189e-15
185.19777777777782 	 1.8652059491243256e-07 	 1.6105269357980154e-15
185.6982582582583 	 1.8601789812983026e-07 	 1.5932346985275592e-15
186.19873873873877 	 1.8551790372780263e-07 	 1.5761739231072679e-15
186.69921921921926 	 1.850205899737134e-07 	 1.5593409016453815e-15
187.19969969969975 	 1.8452593536733656e-07 	 1.54273199536362e-15
187.7001801801802 	 1.8403391863775695e-07 	 1.5263436331288016e-15
188.2006606606607 	 1.8354451874032193e-07 	 1.5101723100194884e-15
188.70114114114116 	 1.830577148536406e-07 	 1.4942145859266984e-15
189.20162162162165 	 1.8257348637663086e-07 	 1.4784670841877985e-15
189.70210210210215 	 1.8209181292561346e-07 	 1.4629264902527111e-15
190.2025825825826 	 1.816126743314516e-07 	 1.447589550381578e-15
190.7030630630631 	 1.8113605063673572e-07 	 1.4324530703730644e-15
191.2035435435436 	 1.8066192209301257e-07 	 1.4175139143225066e-15
191.70402402402405 	 1.8019026915805748e-07 	 1.402769003409122e-15
192.20450450450454 	 1.7972107249318938e-07 	 1.3882153147115232e-15
192.70498498498503 	 1.792543129606279e-07 	 1.3738498800508307e-15
193.2054654654655 	 1.7878997162089096e-07 	 1.3596697848606255e-15
193.70594594594598 	 1.7832802973023325e-07 	 1.3456721670830983e-15
194.20642642642648 	 1.7786846873812396e-07 	 1.331854216090689e-15
194.70690690690694 	 1.7741127028476377e-07 	 1.3182131716325853e-15
195.20738738738743 	 1.7695641619863964e-07 	 1.3047463228054328e-15
195.70786786786792 	 1.7650388849411733e-07 	 1.2914510070476403e-15
196.20834834834838 	 1.7605366936907085e-07 	 1.2783246091566939e-15
196.70882882882887 	 1.7560574120254784e-07 	 1.2653645603288766e-15
197.20930930930933 	 1.751600865524708e-07 	 1.2525683372208447e-15
197.70978978978982 	 1.7471668815337286e-07 	 1.2399334610324998e-15
198.2102702702703 	 1.7427552891416828e-07 	 1.2274574966106221e-15
198.71075075075078 	 1.738365919159565e-07 	 1.2151380515727542e-15
199.21123123123127 	 1.7339986040985883e-07 	 1.2029727754508015e-15
199.71171171171176 	 1.7296531781488844e-07 	 1.1909593588538966e-15
200.21219219219222 	 1.7253294771585197e-07 	 1.1790955326500177e-15
200.7126726726727 	 1.7210273386128205e-07 	 1.1673790671658918e-15
201.2131531531532 	 1.7167466016140148e-07 	 1.1558077714047664e-15
201.71363363363366 	 1.712487106861174e-07 	 1.144379492281566e-15
202.21411411411415 	 1.7082486966304476e-07 	 1.1330921138750237e-15
202.71459459459464 	 1.7040312147556001e-07 	 1.1219435566963763e-15
203.2150750750751 	 1.6998345066088273e-07 	 1.1109317769742048e-15
203.7155555555556 	 1.6956584190818592e-07 	 1.1000547659550247e-15
204.2160360360361 	 1.691502800567341e-07 	 1.0893105492192585e-15
204.71651651651655 	 1.6873675009404848e-07 	 1.078697186012188e-15
205.21699699699704 	 1.6832523715409928e-07 	 1.068212768589553e-15
205.71747747747753 	 1.679157265155241e-07 	 1.0578554215774132e-15
206.217957957958 	 1.6750820359987264e-07 	 1.0476233013459512e-15
206.71843843843848 	 1.6710265396987652e-07 	 1.0375145953968638e-15
207.21891891891894 	 1.6669906332774444e-07 	 1.027527521764027e-15
207.71939939939944 	 1.6629741751348178e-07 	 1.0176603284271038e-15
208.21987987987993 	 1.6589770250323482e-07 	 1.0079112927377998e-15
208.7203603603604 	 1.6549990440765815e-07 	 9.982787208584477e-16
209.22084084084088 	 1.6510400947030615e-07 	 9.887609472126388e-16
209.72132132132137 	 1.6471000406604706e-07 	 9.793563339476137e-16
210.22180180180183 	 1.6431787469950008e-07 	 9.700632704081285e-16
210.72228228228232 	 1.6392760800349408e-07 	 9.60880172621523e-16
211.2227627627628 	 1.6353919073754938e-07 	 9.518054827937428e-16
211.72324324324327 	 1.6315260978637963e-07 	 9.428376688160314e-16
212.22372372372377 	 1.6276785215841608e-07 	 9.33975223782064e-16
212.72420420420426 	 1.6238490498435203e-07 	 9.252166655152679e-16
213.22468468468472 	 1.6200375551570808e-07 	 9.165605361060936e-16
213.7251651651652 	 1.6162439112341723e-07 	 9.08005401458999e-16
214.2256456456457 	 1.612467992964302e-07 	 8.995498508489323e-16
214.72612612612616 	 1.6087096764034002e-07 	 8.911924964870832e-16
215.22660660660665 	 1.6049688387602568e-07 	 8.829319730956854e-16
215.7270870870871 	 1.6012453583831512e-07 	 8.747669374916777e-16
216.2275675675676 	 1.5975391147466624e-07 	 8.66696068178995e-16
216.7280480480481 	 1.593849988438666e-07 	 8.587180649493139e-16
217.22852852852856 	 1.5901778611475085e-07 	 8.508316484910412e-16
217.72900900900905 	 1.5865226156493599e-07 	 8.430355600063675e-16
218.22948948948954 	 1.5828841357957394e-07 	 8.35328560836197e-16
218.72996996997 	 1.579262306501214e-07 	 8.277094320927748e-16
219.2304504504505 	 1.575657013731261e-07 	 8.201769742998338e-16
219.73093093093098 	 1.572068144490305e-07 	 8.127300070400985e-16
220.23141141141144 	 1.5684955868099082e-07 	 8.053673686099675e-16
220.73189189189193 	 1.5649392297371266e-07 	 7.980879156812223e-16
221.23237237237242 	 1.5613989633230266e-07 	 7.908905229696023e-16
221.7328528528529 	 1.5578746786113506e-07 	 7.837740829100839e-16
222.23333333333338 	 1.5543662676273407e-07 	 7.767375053387227e-16
222.73381381381387 	 1.5508736233667117e-07 	 7.697797171809091e-16
223.23429429429433 	 1.5473966397847726e-07 	 7.628996621458909e-16
223.73477477477482 	 1.543935211785692e-07 	 7.560963004274235e-16
224.23525525525528 	 1.540489235211912e-07 	 7.493686084104188e-16
224.73573573573577 	 1.5370586068336978e-07 	 7.427155783834479e-16
225.23621621621626 	 1.5336432243388312e-07 	 7.361362182569775e-16
225.73669669669673 	 1.53024298632244e-07 	 7.296295512872113e-16
226.23717717717722 	 1.5268577922769592e-07 	 7.231946158054047e-16
226.7376576576577 	 1.523487542582231e-07 	 7.168304649525487e-16
227.23813813813817 	 1.52013213849573e-07 	 7.105361664192866e-16
227.73861861861866 	 1.5167914821429213e-07 	 7.043108021909633e-16
228.23909909909915 	 1.5134654765077428e-07 	 6.981534682976873e-16
228.7395795795796 	 1.5101540254232153e-07 	 6.920632745693002e-16
229.2400600600601 	 1.506857033562171e-07 	 6.860393443951412e-16
229.7405405405406 	 1.5035744064281082e-07 	 6.80080814488511e-16
230.24102102102106 	 1.5003060503461633e-07 	 6.741868346557255e-16
230.74150150150155 	 1.497051872454198e-07 	 6.683565675696627e-16
231.24198198198204 	 1.493811780694007e-07 	 6.625891885477113e-16
231.7424624624625 	 1.4905856838026346e-07 	 6.568838853340131e-16
232.242942942943 	 1.4873734913038072e-07 	 6.512398578859218e-16
232.74342342342348 	 1.4841751134994756e-07 	 6.456563181645804e-16
233.24390390390394 	 1.480990461461464e-07 	 6.401324899295255e-16
233.74438438438443 	 1.477819447023229e-07 	 6.346676085372413e-16
234.2448648648649 	 1.4746619827717232e-07 	 6.292609207435744e-16
234.74534534534538 	 1.4715179820393634e-07 	 6.239116845099245e-16
235.24582582582588 	 1.4683873588960985e-07 	 6.186191688131381e-16
235.74630630630634 	 1.4652700281415844e-07 	 6.133826534590215e-16
236.24678678678683 	 1.462165905297451e-07 	 6.082014288993952e-16
236.74726726726732 	 1.4590749065996738e-07 	 6.030747960526246e-16
237.24774774774778 	 1.4559969489910375e-07 	 5.980020661275401e-16
237.74822822822827 	 1.4529319501136972e-07 	 5.929825604506867e-16
238.24870870870876 	 1.4498798283018328e-07 	 5.880156102968295e-16
238.74918918918922 	 1.446840502574396e-07 	 5.831005567226442e-16
239.24966966966971 	 1.4438138926279463e-07 	 5.782367504035311e-16
239.7501501501502 	 1.4407999188295802e-07 	 5.734235514734846e-16
240.25063063063067 	 1.4377985022099473e-07 	 5.68660329367957e-16
240.75111111111116 	 1.4348095644563514e-07 	 5.639464626696495e-16
241.25159159159165 	 1.4318330279059406e-07 	 5.59281338957177e-16
241.7520720720721 	 1.428868815538981e-07 	 5.546643546565423e-16
242.2525525525526 	 1.4259168509722118e-07 	 5.500949148953628e-16
242.75303303303306 	 1.4229770584522864e-07 	 5.455724333597958e-16
243.25351351351355 	 1.4200493628492898e-07 	 5.41096332154101e-16
243.75399399399404 	 1.4171336896503417e-07 	 5.366660416627966e-16
244.2544744744745 	 1.4142299649532723e-07 	 5.32281000415342e-16
244.754954954955 	 1.4113381154603786e-07 	 5.279406549533078e-16
245.2554354354355 	 1.408458068472258e-07 	 5.236444596999773e-16
245.75591591591595 	 1.4055897518817157e-07 	 5.193918768323318e-16
246.25639639639644 	 1.4027330941677455e-07 	 5.151823761553642e-16
246.75687687687693 	 1.3998880243895883e-07 	 5.110154349786903e-16
247.2573573573574 	 1.3970544721808555e-07 	 5.068905379953908e-16
247.75783783783788 	 1.394232367743731e-07 	 5.028071771630549e-16
248.25831831831837 	 1.3914216418432393e-07 	 4.987648515869762e-16
248.75879879879884 	 1.3886222258015825e-07 	 4.947630674054539e-16
249.25927927927933 	 1.3858340514925475e-07 	 4.908013376771616e-16
249.75975975975982 	 1.3830570513359796e-07 	 4.868791822705438e-16
250.26024024024028 	 1.380291158292322e-07 	 4.829961277551933e-16
250.76072072072077 	 1.3775363058572213e-07 	 4.791517072951763e-16
251.26120120120126 	 1.3747924280561967e-07 	 4.753454605442636e-16
251.76168168168172 	 1.3720594594393744e-07 	 4.715769335430312e-16
252.2621621621622 	 1.369337335076282e-07 	 4.6784567861779055e-16
252.76264264264267 	 1.3666259905507076e-07 	 4.641512542813171e-16
253.26312312312317 	 1.363925361955618e-07 	 4.60493225135339e-16
253.76360360360366 	 1.3612353858881387e-07 	 4.568711617747492e-16
254.26408408408412 	 1.3585559994445896e-07 	 4.532846406935123e-16
254.7645645645646 	 1.3558871402155842e-07 	 4.497332441922273e-16
255.2650450450451 	 1.3532287462811828e-07 	 4.462165602873196e-16
255.76552552552556 	 1.3505807562061048e-07 	 4.427341826218262e-16
256.266006006006 	 1.3479431090349934e-07 	 4.3928571037774153e-16
256.7664864864865 	 1.345315744287742e-07 	 4.358707481899032e-16
257.266966966967 	 1.342698601954869e-07 	 4.324889060613735e-16
257.76744744744747 	 1.34009162249295e-07 	 4.291397992803023e-16
258.26792792792793 	 1.337494746820101e-07 	 4.258230483382284e-16
258.76840840840845 	 1.3349079163115167e-07 	 4.225382788498054e-16
259.2688888888889 	 1.3323310727950581e-07 	 4.192851214739152e-16
259.7693693693694 	 1.3297641585468913e-07 	 4.1606321183614423e-16
260.2698498498499 	 1.3272071162871777e-07 	 4.128721904525996e-16
260.77033033033035 	 1.3246598891758153e-07 	 4.097117026550382e-16
261.2708108108108 	 1.3221224208082213e-07 	 4.0658139851727744e-16
261.77129129129133 	 1.3195946552111766e-07 	 4.0348093278287717e-16
262.2717717717718 	 1.3170765368387036e-07 	 4.0040996479405227e-16
262.77225225225226 	 1.3145680105680007e-07 	 3.973681584218043e-16
263.2727327327328 	 1.3120690216954183e-07 	 3.943551819972437e-16
263.77321321321324 	 1.3095795159324854e-07 	 3.91370708244084e-16
264.2736936936937 	 1.307099439401974e-07 	 3.8841441421227893e-16
264.7741741741742 	 1.3046287386340155e-07 	 3.8548598121278796e-16
265.2746546546547 	 1.3021673605622576e-07 	 3.825850947534484e-16
265.77513513513514 	 1.2997152525200632e-07 	 3.7971144447592583e-16
266.2756156156156 	 1.2972723622367558e-07 	 3.7686472409373294e-16
266.7760960960961 	 1.2948386378339052e-07 	 3.7404463133128986e-16
267.2765765765766 	 1.292414027821654e-07 	 3.7125086786400977e-16
267.77705705705705 	 1.2899984810950872e-07 	 3.684831392593864e-16
268.27753753753757 	 1.2875919469306407e-07 	 3.6574115491907213e-16
268.77801801801803 	 1.285194374982553e-07 	 3.6302462802192244e-16
269.2784984984985 	 1.2828057152793514e-07 	 3.6033327546798797e-16
269.778978978979 	 1.280425918220381e-07 	 3.5766681782344183e-16
270.2794594594595 	 1.278054934572374e-07 	 3.550249792664244e-16
270.77993993993994 	 1.2756927154660508e-07 	 3.524074875337792e-16
271.28042042042046 	 1.273339212392764e-07 	 3.498140738686774e-16
271.7809009009009 	 1.2709943772011797e-07 	 3.4724447296910726e-16
272.2813813813814 	 1.26865816209399e-07 	 3.44698422937208e-16
272.7818618618619 	 1.2663305196246683e-07 	 3.4217566522944504e-16
273.28234234234236 	 1.2640114026942562e-07 	 3.396759446075998e-16
273.7828228228228 	 1.2617007645481858e-07 	 3.3719900909056394e-16
274.28330330330334 	 1.2593985587731393e-07 	 3.347446099069255e-16
274.7837837837838 	 1.2571047392939406e-07 	 3.323125014483281e-16
275.28426426426427 	 1.2548192603704806e-07 	 3.2990244122358997e-16
275.7847447447448 	 1.2525420765946788e-07 	 3.275141898135744e-16
276.28522522522525 	 1.2502731428874744e-07 	 3.251475108267908e-16
276.7857057057057 	 1.248012414495852e-07 	 3.228021708557156e-16
277.2861861861862 	 1.2457598469898994e-07 	 3.204779394338242e-16
277.7866666666667 	 1.2435153962598974e-07 	 3.181745889933151e-16
278.28714714714715 	 1.24127901851344e-07 	 3.158918948235165e-16
278.78762762762767 	 1.2390506702725855e-07 	 3.136296350299646e-16
279.28810810810813 	 1.2368303083710412e-07 	 3.1138759049413947e-16
279.7885885885886 	 1.2346178899513732e-07 	 3.0916554483384584e-16
280.2890690690691 	 1.2324133724622503e-07 	 3.0696328436423157e-16
280.7895495495496 	 1.2302167136557174e-07 	 3.047805980594284e-16
281.29003003003004 	 1.2280278715844933e-07 	 3.026172775148038e-16
281.79051051051056 	 1.2258468045993043e-07 	 3.004731169098183e-16
282.290990990991 	 1.22367347134624e-07 	 2.983479129714708e-16
282.7914714714715 	 1.221507830764139e-07 	 2.9624146493832443e-16
283.291951951952 	 1.2193498420820065e-07 	 2.941535745251055e-16
283.79243243243246 	 1.2171994648164527e-07 	 2.920840458878618e-16
284.2929129129129 	 1.2150566587691612e-07 	 2.900326855896685e-16
284.7933933933934 	 1.2129213840243858e-07 	 2.8799930256687995e-16
285.2938738738739 	 1.210793600946471e-07 	 2.8598370809590926e-16
285.79435435435437 	 1.2086732701773998e-07 	 2.839857157605321e-16
286.29483483483483 	 1.2065603526343666e-07 	 2.8200514141970164e-16
286.79531531531535 	 1.2044548095073764e-07 	 2.8004180317586983e-16
287.2957957957958 	 1.202356602256868e-07 	 2.780955213438025e-16
287.7962762762763 	 1.2002656926113636e-07 	 2.76166118419882e-16
288.2967567567568 	 1.1981820425651397e-07 	 2.742534190518875e-16
288.79723723723725 	 1.1961056143759273e-07 	 2.7235725000924654e-16
289.2977177177177 	 1.1940363705626306e-07 	 2.7047744015374734e-16
289.79819819819824 	 1.1919742739030727e-07 	 2.686138204107057e-16
290.2986786786787 	 1.1899192874317643e-07 	 2.667662237405789e-16
290.79915915915916 	 1.1878713744376939e-07 	 2.6493448511101633e-16
291.2996396396397 	 1.1858304984621413e-07 	 2.6311844146934224e-16
291.80012012012014 	 1.1837966232965163e-07 	 2.613179317154639e-16
292.3006006006006 	 1.1817697129802145e-07 	 2.5953279667519133e-16
292.8010810810811 	 1.179749731798499e-07 	 2.5776287907397225e-16
293.3015615615616 	 1.1777366442804047e-07 	 2.5600802351102573e-16
293.80204204204205 	 1.175730415196658e-07 	 2.5426807643387134e-16
294.30252252252257 	 1.173731009557625e-07 	 2.5254288611324917e-16
294.803003003003 	 1.1717383926112764e-07 	 2.5083230261842094e-16
295.3034834834835 	 1.1697525298411737e-07 	 2.4913617779284596e-16
295.803963963964 	 1.167773386964476e-07 	 2.474543652302283e-16
296.30444444444447 	 1.1658009299299685e-07 	 2.4578672025092654e-16
296.80492492492493 	 1.163835124916108e-07 	 2.4413309987871966e-16
297.30540540540545 	 1.1618759383290903e-07 	 2.4249336281792486e-16
297.8058858858859 	 1.1599233368009378e-07 	 2.40867369430862e-16
298.3063663663664 	 1.1579772871876027e-07 	 2.392549817156535e-16
298.8068468468469 	 1.1560377565670938e-07 	 2.376560632843632e-16
299.30732732732736 	 1.1541047122376192e-07 	 2.36070479341459e-16
299.8078078078078 	 1.1521781217157482e-07 	 2.344980966626007e-16
300.30828828828834 	 1.1502579527345917e-07 	 2.3293878357374443e-16
300.8087687687688 	 1.1483441732420009e-07 	 2.313924099305591e-16
301.30924924924926 	 1.146436751398785e-07 	 2.2985884709815096e-16
301.8097297297298 	 1.1445356555769425e-07 	 2.2833796793108714e-16
302.31021021021024 	 1.1426408543579166e-07 	 2.2682964675371983e-16
302.8106906906907 	 1.140752316530863e-07 	 2.2533375934079984e-16
303.31117117117117 	 1.1388700110909346e-07 	 2.2385018289837776e-16
303.8116516516517 	 1.1369939072375867e-07 	 2.22378796044988e-16
304.31213213213215 	 1.1351239743728972e-07 	 2.2091947879311178e-16
304.8126126126126 	 1.1332601820999015e-07 	 2.1947211253091002e-16
305.31309309309313 	 1.1314025002209463e-07 	 2.1803658000422858e-16
305.8135735735736 	 1.1295508987360595e-07 	 2.1661276529886664e-16
306.31405405405405 	 1.1277053478413334e-07 	 2.1520055382310396e-16
306.8145345345346 	 1.1258658179273276e-07 	 2.1379983229048618e-16
307.31501501501504 	 1.1240322795774839e-07 	 2.1241048870286008e-16
307.8154954954955 	 1.1222047035665591e-07 	 2.1103241233365754e-16
308.315975975976 	 1.1203830608590719e-07 	 2.0966549371142227e-16
308.8164564564565 	 1.1185673226077654e-07 	 2.0830962460357727e-16
309.31693693693694 	 1.1167574601520842e-07 	 2.069646980004272e-16
309.81741741741746 	 1.1149534450166662e-07 	 2.0563060809939263e-16
310.3178978978979 	 1.1131552489098503e-07 	 2.0430725028947435e-16
310.8183783783784 	 1.1113628437221958e-07 	 2.0299452113593939e-16
311.3188588588589 	 1.1095762015250185e-07 	 2.016923183652304e-16
311.81933933933936 	 1.1077952945689411e-07 	 2.0040054085009252e-16
312.3198198198198 	 1.1060200952824543e-07 	 1.991190885949118e-16
312.82030030030035 	 1.1042505762704954e-07 	 1.978478627212668e-16
313.3207807807808 	 1.1024867103130398e-07 	 1.9658676545368714e-16
313.82126126126127 	 1.1007284703637027e-07 	 1.953357001056136e-16
314.3217417417418 	 1.0989758295483601e-07 	 1.9409457106556243e-16
314.82222222222225 	 1.0972287611637765e-07 	 1.9286328378348425e-16
315.3227027027027 	 1.0954872386762504e-07 	 1.91641744757319e-16
315.82318318318323 	 1.0937512357202707e-07 	 1.9042986151974097e-16
316.3236636636637 	 1.092020726097186e-07 	 1.8922754262509396e-16
316.82414414414416 	 1.0902956837738866e-07 	 1.8803469763650948e-16
317.3246246246247 	 1.0885760828814993e-07 	 1.8685123711320902e-16
317.82510510510514 	 1.0868618977140944e-07 	 1.856770725979854e-16
318.3255855855856 	 1.0851531027274043e-07 	 1.8451211660486013e-16
318.8260660660661 	 1.0834496725375546e-07 	 1.8335628260691618e-16
319.3265465465466 	 1.0817515819198083e-07 	 1.8220948502430086e-16
319.82702702702704 	 1.0800588058073194e-07 	 1.810716392123973e-16
320.32750750750756 	 1.0783713192898992e-07 	 1.7994266145016203e-16
320.827987987988 	 1.076689097612797e-07 	 1.7882246892862714e-16
321.3284684684685 	 1.0750121161754855e-07 	 1.7771097973956024e-16
321.82894894894895 	 1.0733403505304652e-07 	 1.7660811286428625e-16
322.32942942942947 	 1.0716737763820747e-07 	 1.7551378816266266e-16
322.82990990990993 	 1.0700123695853138e-07 	 1.7442792636220936e-16
323.3303903903904 	 1.0683561061446779e-07 	 1.7335044904738874e-16
323.8308708708709 	 1.0667049622130025e-07 	 1.7228127864903554e-16
324.3313513513514 	 1.0650589140903191e-07 	 1.7122033843393241e-16
324.83183183183183 	 1.0634179382227206e-07 	 1.701675524945298e-16
325.33231231231235 	 1.0617820112012371e-07 	 1.6912284573880766e-16
325.8327927927928 	 1.0601511097607262e-07 	 1.680861438802788e-16
326.3332732732733 	 1.0585252107787654e-07 	 1.6705737342812626e-16
326.8337537537538 	 1.0569042912745626e-07 	 1.660364616774797e-16
327.33423423423426 	 1.0552883284078725e-07 	 1.6502333669982413e-16
327.8347147147147 	 1.0536772994779236e-07 	 1.640179273335393e-16
328.33519519519524 	 1.0520711819223547e-07 	 1.6302016317456926e-16
328.8356756756757 	 1.0504699533161632e-07 	 1.620299745672207e-16
329.33615615615616 	 1.0488735913706601e-07 	 1.610472925950839e-16
329.8366366366367 	 1.0472820739324356e-07 	 1.6007204907208013e-16
330.33711711711715 	 1.0456953789823359e-07 	 1.591041765336299e-16
330.8375975975976 	 1.0441134846344455e-07 	 1.581436082279403e-16
331.3380780780781 	 1.0425363691350824e-07 	 1.5719027810741158e-16
331.8385585585586 	 1.0409640108618018e-07 	 1.5624412082016096e-16
332.33903903903905 	 1.0393963883224054e-07 	 1.5530507170165793e-16
332.83951951951957 	 1.0378334801539633e-07 	 1.5437306676647598e-16
333.34000000000003 	 1.0362752651218458e-07 	 1.5344804270015402e-16
333.8404804804805 	 1.0347217221187571e-07 	 1.5252993685116614e-16
334.340960960961 	 1.0331728301637863e-07 	 1.5161868722300195e-16
334.8414414414415 	 1.0316285684014615e-07 	 1.5071423246635142e-16
335.34192192192194 	 1.0300889161008131e-07 	 1.498165118713946e-16
335.84240240240246 	 1.0285538526544468e-07 	 1.4892546536019462e-16
336.3428828828829 	 1.0270233575776242e-07 	 1.4804103347919361e-16
336.8433633633634 	 1.0254974105073516e-07 	 1.4716315739180628e-16
337.3438438438439 	 1.023975991201476e-07 	 1.4629177887111404e-16
337.84432432432436 	 1.0224590795377924e-07 	 1.4542684029265663e-16
338.3448048048048 	 1.0209466555131529e-07 	 1.4456828462731715e-16
338.8452852852853 	 1.0194386992425916e-07 	 1.437160554343042e-16
339.3457657657658 	 1.0179351909584493e-07 	 1.4287009685422515e-16
339.84624624624627 	 1.0164361110095136e-07 	 1.420303536022521e-16
340.34672672672673 	 1.014941439860159e-07 	 1.4119677096137684e-16
340.84720720720725 	 1.0134511580895002e-07 	 1.4036929477575616e-16
341.3476876876877 	 1.0119652463905521e-07 	 1.395478714441443e-16
341.8481681681682 	 1.0104836855693924e-07 	 1.3873244791341049e-16
342.3486486486487 	 1.0090064565443394e-07 	 1.37922971672144e-16
342.84912912912915 	 1.0075335403451297e-07 	 1.3711939074434096e-16
343.3496096096096 	 1.0060649181121077e-07 	 1.3632165368317462e-16
343.85009009009013 	 1.0046005710954196e-07 	 1.3552970956484698e-16
344.3505705705706 	 1.0031404806542171e-07 	 1.3474350798252115e-16
344.85105105105106 	 1.001684628255864e-07 	 1.3396299904033147e-16
345.3515315315316 	 1.0002329954751543e-07 	 1.3318813334747307e-16
345.85201201201204 	 9.987855639935344e-08 	 1.3241886201236772e-16
346.3524924924925 	 9.97342315598331e-08 	 1.3165513663690446e-16
346.852972972973 	 9.959032321819894e-08 	 1.308969093107563e-16
347.3534534534535 	 9.944682957413151e-08 	 1.3014413260577008e-16
347.85393393393394 	 9.930374883767225e-08 	 1.2939675957042768e-16
348.35441441441446 	 9.916107922914914e-08 	 1.2865474372438e-16
348.8548948948949 	 9.901881897910302e-08 	 1.2791803905305179e-16
349.3553753753754 	 9.887696632821415e-08 	 1.2718660000231333e-16
349.8558558558559 	 9.873551952722993e-08 	 1.2646038147322377e-16
350.35633633633637 	 9.859447683689298e-08 	 1.2573933881683973e-16
350.85681681681683 	 9.845383652786969e-08 	 1.2502342782909128e-16
351.35729729729735 	 9.831359688067967e-08 	 1.2431260474572293e-16
351.8577777777778 	 9.817375618562563e-08 	 1.236068262373001e-16
352.3582582582583 	 9.803431274272401e-08 	 1.2290604940427878e-16
352.8587387387388 	 9.789526486163587e-08 	 1.2221023177213715e-16
353.35921921921926 	 9.775661086159881e-08 	 1.215193312865712e-16
353.8596996996997 	 9.761834907135915e-08 	 1.2083330630874926e-16
354.36018018018024 	 9.74804778291047e-08 	 1.2015211561062772e-16
354.8606606606607 	 9.734299548239839e-08 	 1.194757183703266e-16
355.36114114114116 	 9.720590038811208e-08 	 1.1880407416756206e-16
355.8616216216217 	 9.706919091236111e-08 	 1.181371429791382e-16
356.36210210210214 	 9.69328654304395e-08 	 1.1747488517449467e-16
356.8625825825826 	 9.679692232675546e-08 	 1.1681726151131118e-16
357.36306306306307 	 9.66613599947677e-08 	 1.1616423313116623e-16
357.8635435435436 	 9.652617683692193e-08 	 1.155157615552514e-16
358.36402402402405 	 9.639137126458849e-08 	 1.148718086801393e-16
358.8645045045045 	 9.62569416979996e-08 	 1.1423233677360308e-16
359.364984984985 	 9.61228865661881e-08 	 1.135973084704907e-16
359.8654654654655 	 9.598920430692605e-08 	 1.1296668676864877e-16
360.36594594594595 	 9.585589336666402e-08 	 1.1234043502489742e-16
360.8664264264265 	 9.572295220047101e-08 	 1.1171851695105673e-16
361.36690690690693 	 9.55903792719747e-08 	 1.1110089661002082e-16
361.8673873873874 	 9.54581730533023e-08 	 1.1048753841188164e-16
362.3678678678679 	 9.532633202502179e-08 	 1.0987840711010104e-16
362.8683483483484 	 9.519485467608388e-08 	 1.0927346779772968e-16
363.36882882882884 	 9.506373950376403e-08 	 1.0867268590367257e-16
363.86930930930936 	 9.493298501360538e-08 	 1.0807602718900177e-16
364.3697897897898 	 9.480258971936198e-08 	 1.0748345774331374e-16
364.8702702702703 	 9.46725521429423e-08 	 1.0689494398113114e-16
365.3707507507508 	 9.454287081435355e-08 	 1.0631045263835032e-16
365.87123123123126 	 9.441354427164634e-08 	 1.057299507687315e-16
366.3717117117117 	 9.428457106085947e-08 	 1.0515340574043162e-16
366.87219219219224 	 9.415594973596571e-08 	 1.0458078523258071e-16
367.3726726726727 	 9.402767885881766e-08 	 1.0401205723189951e-16
367.87315315315317 	 9.389975699909409e-08 	 1.0344719002935852e-16
368.3736336336337 	 9.377218273424687e-08 	 1.0288615221687776e-16
368.87411411411415 	 9.364495464944824e-08 	 1.0232891268406738e-16
369.3745945945946 	 9.351807133753835e-08 	 1.0177544061500635e-16
369.87507507507513 	 9.339153139897363e-08 	 1.0122570548506244e-16
370.3755555555556 	 9.326533344177515e-08 	 1.006796770577493e-16
370.87603603603606 	 9.31394760814776e-08 	 1.0013732538162153e-16
371.3765165165166 	 9.301395794107876e-08 	 9.959862078720877e-17
371.87699699699704 	 9.288877765098912e-08 	 9.906353388398516e-17
372.3774774774775 	 9.276393384898228e-08 	 9.853203555737661e-17
372.877957957958 	 9.263942518014528e-08 	 9.800409696580324e-17
373.3784384384385 	 9.251525029682983e-08 	 9.747968953775841e-17
373.87891891891894 	 9.239140785860355e-08 	 9.695878496892206e-17
374.37939939939946 	 9.22678965322017e-08 	 9.644135521930862e-17
374.8798798798799 	 9.21447149914795e-08 	 9.592737251045027e-17
375.3803603603604 	 9.20218619173645e-08 	 9.541680932261262e-17
375.88084084084085 	 9.189933599780956e-08 	 9.490963839204399e-17
376.38132132132137 	 9.177713592774614e-08 	 9.440583270825829e-17
376.8818018018018 	 9.165526040903803e-08 	 9.390536551134979e-17
377.3822822822823 	 9.153370815043528e-08 	 9.340821028933946e-17
377.8827627627628 	 9.141247786752859e-08 	 9.291434077555341e-17
378.38324324324327 	 9.129156828270418e-08 	 9.242373094603255e-17
378.88372372372373 	 9.117097812509883e-08 	 9.193635501697262e-17
379.38420420420425 	 9.105070613055535e-08 	 9.145218744219481e-17
379.8846846846847 	 9.093075104157847e-08 	 9.097120291064627e-17
380.3851651651652 	 9.081111160729092e-08 	 9.049337634392995e-17
380.8856456456457 	 9.069178658339e-08 	 9.001868289386381e-17
381.38612612612616 	 9.057277473210447e-08 	 8.954709794006882e-17
381.8866066066066 	 9.045407482215171e-08 	 8.907859708758531e-17
382.38708708708714 	 9.033568562869521e-08 	 8.861315616451707e-17
382.8875675675676 	 9.021760593330265e-08 	 8.815075121970391e-17
383.38804804804806 	 9.00998345239038e-08 	 8.76913585204202e-17
383.8885285285286 	 8.998237019474923e-08 	 8.723495455010158e-17
384.38900900900904 	 8.986521174636918e-08 	 8.678151600609795e-17
384.8894894894895 	 8.974835798553264e-08 	 8.633101979745199e-17
385.38996996997 	 8.963180772520689e-08 	 8.588344304270476e-17
385.8904504504505 	 8.951555978451728e-08 	 8.543876306772578e-17
386.39093093093095 	 8.939961298870743e-08 	 8.499695740356922e-17
386.89141141141147 	 8.928396616909948e-08 	 8.455800378435413e-17
387.39189189189193 	 8.916861816305503e-08 	 8.41218801451704e-17
387.8923723723724 	 8.905356781393608e-08 	 8.368856462000781e-17
388.3928528528529 	 8.89388139710663e-08 	 8.32580355397097e-17
388.8933333333334 	 8.882435548969282e-08 	 8.283027142995047e-17
389.39381381381384 	 8.871019123094807e-08 	 8.240525100923573e-17
389.89429429429435 	 8.859632006181196e-08 	 8.198295318692601e-17
390.3947747747748 	 8.848274085507457e-08 	 8.156335706128365e-17
390.8952552552553 	 8.83694524892988e-08 	 8.114644191754087e-17
391.3957357357358 	 8.825645384878344e-08 	 8.073218722599123e-17
391.89621621621626 	 8.81437438235267e-08 	 8.03205726401025e-17
392.3966966966967 	 8.80313213091898e-08 	 7.991157799465137e-17
392.89717717717724 	 8.791918520706074e-08 	 7.950518330387877e-17
393.3976576576577 	 8.780733442401878e-08 	 7.910136875966768e-17
393.89813813813817 	 8.769576787249874e-08 	 7.870011472974013e-17
394.3986186186186 	 8.758448447045576e-08 	 7.830140175587599e-17
394.89909909909915 	 8.74734831413304e-08 	 7.790521055215128e-17
395.3995795795796 	 8.736276281401385e-08 	 7.751152200319712e-17
395.90006006006007 	 8.725232242281353e-08 	 7.712031716247783e-17
396.4005405405406 	 8.714216090741888e-08 	 7.673157725058908e-17
396.90102102102105 	 8.703227721286738e-08 	 7.634528365357489e-17
397.4015015015015 	 8.692267028951095e-08 	 7.59614179212641e-17
397.90198198198203 	 8.681333909298246e-08 	 7.557996176562507e-17
398.4024624624625 	 8.670428258416266e-08 	 7.520089705913992e-17
398.90294294294296 	 8.659549972914714e-08 	 7.482420583319571e-17
399.4034234234235 	 8.648698949921366e-08 	 7.444987027649487e-17
399.90390390390394 	 8.637875087078985e-08 	 7.407787273348321e-17
400.4043843843844 	 8.627078282542098e-08 	 7.370819570279534e-17
400.9048648648649 	 8.616308434973783e-08 	 7.334082183571749e-17
401.4053453453454 	 8.605565443542532e-08 	 7.297573393466825e-17
401.90582582582584 	 8.594849207919075e-08 	 7.261291495169519e-17
402.40630630630636 	 8.584159628273266e-08 	 7.225234798698906e-17
402.9067867867868 	 8.573496605270994e-08 	 7.189401628741461e-17
403.4072672672673 	 8.562860040071089e-08 	 7.153790324505732e-17
403.9077477477478 	 8.552249834322278e-08 	 7.118399239578651e-17
404.40822822822827 	 8.541665890160156e-08 	 7.083226741783472e-17
404.90870870870873 	 8.531108110204165e-08 	 7.048271213039215e-17
405.40918918918925 	 8.520576397554618e-08 	 7.013531049221754e-17
405.9096696696697 	 8.510070655789735e-08 	 6.979004660026395e-17
406.4101501501502 	 8.499590788962691e-08 	 6.944690468831955e-17
406.9106306306307 	 8.489136701598704e-08 	 6.910586912566399e-17
407.41111111111115 	 8.478708298692133e-08 	 6.876692441573932e-17
407.9115915915916 	 8.468305485703597e-08 	 6.843005519483523e-17
408.41207207207214 	 8.457928168557123e-08 	 6.809524623078943e-17
408.9125525525526 	 8.447576253637307e-08 	 6.776248242170186e-17
409.41303303303306 	 8.437249647786499e-08 	 6.743174879466296e-17
409.9135135135136 	 8.42694825830201e-08 	 6.710303050449632e-17
410.41399399399404 	 8.416671992933338e-08 	 6.677631283251473e-17
410.9144744744745 	 8.406420759879411e-08 	 6.64515811852898e-17
411.414954954955 	 8.396194467785857e-08 	 6.612882109343543e-17
411.9154354354355 	 8.38599302574229e-08 	 6.580801821040427e-17
412.41591591591595 	 8.375816343279615e-08 	 6.548915831129717e-17
412.9163963963964 	 8.365664330367355e-08 	 6.517222729168587e-17
413.4168768768769 	 8.355536897410989e-08 	 6.485721116644837e-17
413.9173573573574 	 8.345433955249328e-08 	 6.454409606861711e-17
414.41783783783785 	 8.335355415151892e-08 	 6.423286824823921e-17
414.91831831831837 	 8.32530118881631e-08 	 6.392351407124958e-17
415.41879879879883 	 8.31527118836575e-08 	 6.361602001835607e-17
415.9192792792793 	 8.305265326346347e-08 	 6.331037268393623e-17
416.4197597597598 	 8.295283515724665e-08 	 6.300655877494674e-17
416.9202402402403 	 8.285325669885185e-08 	 6.27045651098441e-17
417.42072072072074 	 8.275391702627783e-08 	 6.2404378617517e-17
417.92120120120126 	 8.265481528165247e-08 	 6.210598633623018e-17
418.4216816816817 	 8.255595061120823e-08 	 6.180937541258001e-17
418.9221621621622 	 8.245732216525738e-08 	 6.151453310046053e-17
419.4226426426427 	 8.235892909816786e-08 	 6.122144676004132e-17
419.92312312312316 	 8.226077056833901e-08 	 6.093010385675606e-17
420.4236036036036 	 8.216284573817758e-08 	 6.064049196030139e-17
420.92408408408414 	 8.206515377407398e-08 	 6.035259874364751e-17
421.4245645645646 	 8.19676938463785e-08 	 6.006641198205837e-17
421.92504504504507 	 8.1870465129378e-08 	 5.978191955212291e-17
422.4255255255256 	 8.177346680127239e-08 	 5.949910943079606e-17
422.92600600600605 	 8.16766980441516e-08 	 5.921796969445074e-17
423.4264864864865 	 8.158015804397261e-08 	 5.893848851793903e-17
423.92696696696703 	 8.148384599053653e-08 	 5.866065417366387e-17
424.4274474474475 	 8.138776107746599e-08 	 5.838445503066051e-17
424.92792792792795 	 8.129190250218263e-08 	 5.81098795536875e-17
425.4284084084085 	 8.119626946588476e-08 	 5.783691630232742e-17
425.92888888888893 	 8.110086117352516e-08 	 5.756555393009715e-17
426.4293693693694 	 8.100567683378906e-08 	 5.729578118356741e-17
426.9298498498499 	 8.091071565907223e-08 	 5.70275869014915e-17
427.4303303303304 	 8.081597686545931e-08 	 5.676096001394357e-17
427.93081081081084 	 8.072145967270217e-08 	 5.649588954146541e-17
428.43129129129136 	 8.062716330419856e-08 	 5.62323645942227e-17
428.9317717717718 	 8.05330869869708e-08 	 5.597037437116983e-17
429.4322522522523 	 8.043922995164469e-08 	 5.570990815922341e-17
429.9327327327328 	 8.034559143242845e-08 	 5.5450955332444666e-17
430.43321321321326 	 8.025217066709205e-08 	 5.519350535123021e-17
430.9336936936937 	 8.015896689694633e-08 	 5.4937547761511183e-17
431.4341741741742 	 8.006597936682267e-08 	 5.468307219396104e-17
431.9346546546547 	 7.997320732505238e-08 	 5.44300683632112e-17
432.43513513513517 	 7.988065002344669e-08 	 5.417852606707523e-17
432.93561561561563 	 7.978830671727638e-08 	 5.392843518578072e-17
433.43609609609615 	 7.969617666525197e-08 	 5.367978568120938e-17
433.9365765765766 	 7.960425912950388e-08 	 5.343256759614502e-17
434.4370570570571 	 7.951255337556265e-08 	 5.31867710535291e-17
434.9375375375376 	 7.942105867233944e-08 	 5.2942386255724134e-17
435.43801801801806 	 7.932977429210657e-08 	 5.269940348378479e-17
435.9384984984985 	 7.923869951047827e-08 	 5.2457813096736234e-17
436.43897897897904 	 7.914783360639145e-08 	 5.221760553086014e-17
436.9394594594595 	 7.905717586208674e-08 	 5.197877129898808e-17
437.43993993993996 	 7.896672556308953e-08 	 5.1741300989801784e-17
437.9404204204205 	 7.887648199819125e-08 	 5.150518526714121e-17
438.44090090090094 	 7.878644445943073e-08 	 5.127041486931918e-17
438.9413813813814 	 7.869661224207563e-08 	 5.1036980608443246e-17
439.4418618618619 	 7.860698464460408e-08 	 5.080487336974448e-17
439.9423423423424 	 7.851756096868647e-08 	 5.057408411091324e-17
440.44282282282285 	 7.842834051916727e-08 	 5.034460386144145e-17
440.94330330330337 	 7.833932260404695e-08 	 5.0116423721971776e-17
441.44378378378383 	 7.825050653446426e-08 	 4.988953486365347e-17
441.9442642642643 	 7.81618916246783e-08 	 4.9663928527504694e-17
442.4447447447448 	 7.807347719205087e-08 	 4.943959602378105e-17
442.9452252252253 	 7.798526255702916e-08 	 4.921652873135131e-17
443.44570570570573 	 7.789724704312803e-08 	 4.899471809707847e-17
443.94618618618625 	 7.780942997691292e-08 	 4.8774155635207767e-17
444.4466666666667 	 7.772181068798267e-08 	 4.855483292676081e-17
444.9471471471472 	 7.763438850895233e-08 	 4.833674161893541e-17
445.4476276276277 	 7.754716277543635e-08 	 4.811987342451204e-17
445.94810810810816 	 7.74601328260317e-08 	 4.790422012126586e-17
446.4485885885886 	 7.737329800230113e-08 	 4.7689773551384886e-17
446.94906906906914 	 7.728665764875659e-08 	 4.7476525620893843e-17
447.4495495495496 	 7.720021111284271e-08 	 4.726446829908398e-17
447.95003003003006 	 7.711395774492049e-08 	 4.705359361794857e-17
448.4505105105105 	 7.702789689825094e-08 	 4.6843893671623916e-17
448.95099099099104 	 7.694202792897894e-08 	 4.663536061583615e-17
449.4514714714715 	 7.685635019611723e-08 	 4.642798666735347e-17
449.95195195195197 	 7.677086306153039e-08 	 4.6221764103443926e-17
450.4524324324325 	 7.668556588991905e-08 	 4.601668526133842e-17
450.95291291291295 	 7.660045804880412e-08 	 4.581274253769936e-17
451.4533933933934 	 7.651553890851121e-08 	 4.5609928388094403e-17
451.95387387387393 	 7.643080784215498e-08 	 4.5408235326475353e-17
452.4543543543544 	 7.634626422562391e-08 	 4.520765592466267e-17
452.95483483483486 	 7.626190743756475e-08 	 4.50081828118344e-17
453.4553153153154 	 7.617773685936748e-08 	 4.480980867402094e-17
453.95579579579584 	 7.609375187515013e-08 	 4.4612526253604176e-17
454.4562762762763 	 7.600995187174368e-08 	 4.4416328348821943e-17
454.9567567567568 	 7.592633623867722e-08 	 4.422120781327725e-17
455.4572372372373 	 7.584290436816321e-08 	 4.402715755545246e-17
455.95771771771774 	 7.57596556550825e-08 	 4.3834170538227984e-17
456.45819819819826 	 7.567658949696997e-08 	 4.3642239778406127e-17
456.9586786786787 	 7.559370529399984e-08 	 4.3451358346239287e-17
457.4591591591592 	 7.551100244897127e-08 	 4.326151936496292e-17
457.9596396396397 	 7.542848036729401e-08 	 4.307271601033307e-17
458.46012012012017 	 7.534613845697421e-08 	 4.288494151016853e-17
458.9606006006006 	 7.526397612860018e-08 	 4.269818914389729e-17
459.46108108108115 	 7.518199279532832e-08 	 4.251245224210759e-17
459.9615615615616 	 7.510018787286929e-08 	 4.2327724186103317e-17
460.46204204204207 	 7.501856077947391e-08 	 4.214399840746375e-17
460.9625225225226 	 7.493711093591959e-08 	 4.196126838760748e-17
461.46300300300305 	 7.485583776549648e-08 	 4.177952765736095e-17
461.9634834834835 	 7.477474069399388e-08 	 4.1598769796530537e-17
462.46396396396403 	 7.469381914968681e-08 	 4.1418988433479564e-17
462.9644444444445 	 7.461307256332246e-08 	 4.1240177244708844e-17
463.46492492492496 	 7.45325003681069e-08 	 4.1062329954441534e-17
463.9654054054055 	 7.445210199969181e-08 	 4.088544033421201e-17
464.46588588588594 	 7.437187689616128e-08 	 4.070950220245864e-17
464.9663663663664 	 7.42918244980188e-08 	 4.0534509424120585e-17
465.4668468468469 	 7.421194424817413e-08 	 4.036045591023843e-17
465.9673273273274 	 7.413223559193046e-08 	 4.0187335617558704e-17
466.46780780780784 	 7.405269797697155e-08 	 4.0015142548142216e-17
466.9682882882883 	 7.3973330853349e-08 	 3.984387074897611e-17
467.4687687687688 	 7.38941336734695e-08 	 3.9673514311589704e-17
467.9692492492493 	 7.381510589208233e-08 	 3.95040673716741e-17
468.46972972972975 	 7.373624696626678e-08 	 3.9335524108705155e-17
468.97021021021027 	 7.365755635541974e-08 	 3.9167878745570457e-17
469.47069069069073 	 7.357903352124336e-08 	 3.900112554819964e-17
469.9711711711712 	 7.350067792773274e-08 	 3.883525882519816e-17
470.4716516516517 	 7.342248904116376e-08 	 3.8670272927484854e-17
470.9721321321322 	 7.334446633008095e-08 	 3.85061622479327e-17
471.47261261261264 	 7.32666092652855e-08 	 3.834292122101313e-17
471.97309309309315 	 7.318891731982319e-08 	 3.818054432244368e-17
472.4735735735736 	 7.31113899689726e-08 	 3.8019026068839094e-17
472.9740540540541 	 7.303402669023324e-08 	 3.785836101736556e-17
473.4745345345346 	 7.295682696331386e-08 	 3.769854376539837e-17
473.97501501501506 	 7.28797902701207e-08 	 3.753956895018288e-17
474.4754954954955 	 7.280291609474603e-08 	 3.7381431248498524e-17
474.97597597597604 	 7.272620392345649e-08 	 3.722412537632604e-17
475.4764564564565 	 7.26496532446818e-08 	 3.706764608851804e-17
475.97693693693697 	 7.257326354900321e-08 	 3.6911988178472337e-17
476.4774174174175 	 7.249703432914235e-08 	 3.675714647780876e-17
476.97789789789795 	 7.242096507994996e-08 	 3.66031158560487e-17
477.4783783783784 	 7.234505529839469e-08 	 3.644989122029781e-17
477.9788588588589 	 7.226930448355201e-08 	 3.6297467514931676e-17
478.4793393393394 	 7.219371213659329e-08 	 3.6145839721284444e-17
478.97981981981985 	 7.211827776077475e-08 	 3.5995002857340406e-17
479.48030030030037 	 7.204300086142657e-08 	 3.584495197742826e-17
479.98078078078083 	 7.196788094594218e-08 	 3.5695682171918685e-17
480.4812612612613 	 7.189291752376743e-08 	 3.554718856692425e-17
480.9817417417418 	 7.181811010638991e-08 	 3.5399466324002435e-17
481.4822222222223 	 7.174345820732839e-08 	 3.5252510639861354e-17
481.98270270270274 	 7.166896134212225e-08 	 3.510631674606823e-17
482.48318318318326 	 7.159461902832098e-08 	 3.4960879908760435e-17
482.9836636636637 	 7.152043078547377e-08 	 3.4816195428359544e-17
483.4841441441442 	 7.144639613511921e-08 	 3.467225863928775e-17
483.9846246246247 	 7.137251460077495e-08 	 3.4529064909687055e-17
484.48510510510516 	 7.129878570792746e-08 	 3.438660964114097e-17
484.9855855855856 	 7.122520898402198e-08 	 3.4244888268399035e-17
485.4860660660661 	 7.115178395845224e-08 	 3.410389625910349e-17
485.9865465465466 	 7.107851016255065e-08 	 3.396362911351885e-17
486.48702702702707 	 7.100538712957815e-08 	 3.382408236426391e-17
486.98750750750753 	 7.09324143947144e-08 	 3.368525157604589e-17
487.48798798798805 	 7.085959149504781e-08 	 3.3547132345397496e-17
487.9884684684685 	 7.078691796956595e-08 	 3.3409720300416214e-17
488.488948948949 	 7.071439335914568e-08 	 3.327301110050591e-17
488.9894294294295 	 7.064201720654341e-08 	 3.313700043612077e-17
489.48990990990995 	 7.056978905638574e-08 	 3.300168402851204e-17
489.9903903903904 	 7.049770845515967e-08 	 3.286705762947643e-17
490.49087087087094 	 7.042577495120316e-08 	 3.273311702110729e-17
490.9913513513514 	 7.035398809469585e-08 	 3.259985801554803e-17
491.49183183183186 	 7.02823474376495e-08 	 3.246727645474753e-17
491.9923123123124 	 7.021085253389872e-08 	 3.2335368210217945e-17
492.49279279279284 	 7.013950293909177e-08 	 3.220412918279494e-17
492.9932732732733 	 7.006829821068129e-08 	 3.207355530239971e-17
493.4937537537538 	 6.999723790791516e-08 	 3.1943642527803346e-17
493.9942342342343 	 6.992632159182747e-08 	 3.181438684639354e-17
494.49471471471475 	 6.985554882522934e-08 	 3.1685784273943064e-17
494.99519519519527 	 6.978491917270009e-08 	 3.155783085438052e-17
495.4956756756757 	 6.971443220057825e-08 	 3.143052265956338e-17
495.9961561561562 	 6.964408747695264e-08 	 3.1303855789052624e-17
496.4966366366367 	 6.957388457165362e-08 	 3.1177826369889785e-17
496.99711711711717 	 6.950382305624424e-08 	 3.105243055637589e-17
497.49759759759763 	 6.943390250401163e-08 	 3.092766452985243e-17
497.99807807807815 	 6.936412248995826e-08 	 3.0803524498484234e-17
498.4985585585586 	 6.929448259079333e-08 	 3.068000669704441e-17
498.9990390390391 	 6.922498238492425e-08 	 3.0557107386701104e-17
499.4995195195196 	 6.91556214524481e-08 	 3.04348228548063e-17
500.0 	 6.908639937514322e-08 	 3.031314941468647e-17
