3.5233633633633636 	 1.8768103005686177e-07 	 6.929652823056776e-10
4.023843843843844 	 1.643375068623332e-07 	 4.0735845976358557e-10
4.524324324324325 	 1.4615850188843409e-07 	 2.5487444620130186e-10
5.0248048048048055 	 1.3160082649744495e-07 	 1.6751913846145293e-10
5.525285285285285 	 1.1968042031453257e-07 	 1.1458357988638796e-10
6.025765765765766 	 1.3163876870435153e-07 	 7.814301959344789e-11
6.526246246246247 	 1.889206457728187e-07 	 4.934019308145986e-11
7.026726726726727 	 2.3165504224492663e-07 	 3.066678448966895e-11
7.527207207207208 	 2.9673877875766733e-07 	 1.8385010990635097e-11
8.027687687687688 	 4.0478946790836474e-07 	 1.0252665480535218e-11
8.528168168168168 	 5.406048262122169e-07 	 4.982852250930559e-12
9.02864864864865 	 6.943861992847264e-07 	 1.832834459249493e-12
9.52912912912913 	 4.291974106277069e-07 	 1.0273986054284168e-13
10.029609609609611 	 1.2543048033271764e-07 	 3.7036474120400453e-13
10.530090090090091 	 9.253719860084099e-07 	 4.1072192867030134e-12
11.030570570570571 	 1.124961066585913e-05 	 2.0533271552121294e-11
11.531051051051053 	 3.171538661995408e-05 	 1.2347852004084878e-10
12.031531531531533 	 4.674460445653487e-05 	 1.8684477895379428e-10
12.532012012012013 	 5.650449805685255e-05 	 2.60382456176204e-10
13.032492492492494 	 6.264193202059892e-05 	 3.393906039111395e-10
13.532972972972974 	 6.705168032549436e-05 	 4.4397214790132133e-10
14.033453453453454 	 6.949775044426248e-05 	 5.512319659741519e-10
14.533933933933936 	 7.065210867331953e-05 	 6.496591275811532e-10
15.034414414414416 	 7.067870770621227e-05 	 6.279996492291369e-10
15.534894894894897 	 6.634152842270501e-05 	 3.21463265839333e-10
16.035375375375377 	 6.62005474635171e-05 	 3.678887096740545e-10
16.535855855855857 	 6.806767980610553e-05 	 7.029732558354153e-10
17.036336336336337 	 5.096899789977689e-05 	 2.646678272411686e-10
17.53681681681682 	 3.103742119310798e-05 	 1.8731221123876438e-10
18.0372972972973 	 4.188042285039629e-06 	 5.799697580803104e-11
18.53777777777778 	 3.3408299315386046e-06 	 2.2120308794768387e-11
19.03825825825826 	 3.939775534707221e-06 	 8.958405592523783e-12
19.53873873873874 	 7.535911527774052e-06 	 3.309479353800623e-12
20.039219219219223 	 1.650338214949983e-05 	 2.9848636615182242e-12
20.539699699699703 	 3.007530590544884e-05 	 7.88291194399366e-12
21.040180180180183 	 4.6313031606059785e-05 	 6.61720419327878e-11
21.540660660660663 	 5.1019740682161465e-05 	 1.7468730185830435e-10
22.041141141141143 	 5.081602049709497e-05 	 2.262352260406963e-10
22.541621621621623 	 3.7787441874737724e-05 	 1.1494734101268994e-10
23.042102102102106 	 2.664876352842892e-05 	 7.18653328944481e-11
23.542582582582586 	 1.7433186732647337e-05 	 3.5426512605461315e-11
24.043063063063066 	 1.2009693827880765e-05 	 2.1397256712424067e-11
24.543543543543546 	 9.76344839059644e-06 	 1.575120073817642e-11
25.044024024024026 	 9.561086104529692e-06 	 1.315415913950858e-11
25.54450450450451 	 1.0286590547810666e-05 	 1.3012072442148789e-11
26.04498498498499 	 5.400200689427112e-06 	 1.0157577647525128e-11
26.54546546546547 	 1.7165392804396414e-06 	 8.235912524739377e-12
27.04594594594595 	 1.1608309947439733e-06 	 6.5123965201110096e-12
27.54642642642643 	 1.0702894518297032e-06 	 5.4815247802531145e-12
28.04690690690691 	 9.988799360647025e-07 	 4.637285405602882e-12
28.547387387387392 	 9.448020288454529e-07 	 3.940846584948851e-12
29.047867867867872 	 8.826954176986705e-07 	 3.4236496746994952e-12
29.548348348348352 	 8.205790887217344e-07 	 2.988454426878448e-12
30.04882882882883 	 7.600591505876899e-07 	 2.6412990885999413e-12
30.54930930930931 	 6.97929676401105e-07 	 2.354061982334165e-12
31.049789789789795 	 6.344947743772238e-07 	 2.1175533254022977e-12
31.550270270270275 	 5.798894653064708e-07 	 1.9143514949139894e-12
32.05075075075076 	 5.314138478046583e-07 	 1.7368382200718884e-12
32.55123123123124 	 4.863547513476315e-07 	 1.580685288098715e-12
33.05171171171172 	 4.4389158656211025e-07 	 1.441991730574714e-12
33.5521921921922 	 4.0236595701734244e-07 	 1.3239855512725763e-12
34.05267267267268 	 3.6204780582647924e-07 	 1.2259034480427402e-12
34.55315315315316 	 3.2252493325289996e-07 	 1.1360776448509164e-12
35.053633633633645 	 2.8379995588691913e-07 	 1.054637613711425e-12
35.55411411411412 	 2.4581220037799024e-07 	 9.796955169213581e-13
36.054594594594604 	 2.1134295692548965e-07 	 9.137936822493176e-13
36.55507507507508 	 1.7888542379517325e-07 	 8.542891502437952e-13
37.055555555555564 	 1.4716351178838672e-07 	 7.992519624359156e-13
37.55603603603605 	 1.1806142363437749e-07 	 7.494534883000309e-13
38.056516516516524 	 8.95507800671657e-08 	 7.032209011918915e-13
38.55699699699701 	 6.549098468453302e-08 	 6.604576625488534e-13
39.057477477477484 	 5.8216804697336895e-08 	 6.214608042569839e-13
39.55795795795797 	 5.109102413310502e-08 	 5.851236738885992e-13
40.05843843843845 	 4.485050256054149e-08 	 5.51842827770869e-13
40.55891891891893 	 4.429706569216332e-08 	 5.251047932446805e-13
41.05939939939941 	 4.375712070890051e-08 	 4.999667182438689e-13
41.55987987987989 	 4.323018018693248e-08 	 4.763150786995941e-13
42.06036036036037 	 4.2715779902059876e-08 	 4.540456379217485e-13
42.56084084084085 	 4.2213477465662364e-08 	 4.3306258831772135e-13
43.06132132132133 	 4.172285105577777e-08 	 4.132777813208613e-13
43.56180180180181 	 4.124349823565298e-08 	 3.946100355696564e-13
44.06228228228229 	 4.077503485281146e-08 	 3.7698451460160073e-13
44.56276276276277 	 4.0317094012307845e-08 	 3.6033216638669347e-13
45.06324324324325 	 3.9869325118401566e-08 	 3.4458921794742897e-13
45.56372372372373 	 3.943139297938939e-08 	 3.296967191145816e-13
46.064204204204216 	 3.900297697079288e-08 	 3.1560013016760374e-13
46.56468468468469 	 3.858377025251069e-08 	 3.0224894871923714e-13
47.065165165165176 	 3.817347903591856e-08 	 2.8959637173801944e-13
47.56564564564565 	 3.777182189723833e-08 	 2.7759898907009505e-13
48.066126126126136 	 3.7378529133803464e-08 	 2.662165052319372e-13
48.56660660660662 	 3.699334216012689e-08 	 2.554114866058622e-13
49.067087087087096 	 3.661601294092912e-08 	 2.4514913148705745e-13
49.56756756756758 	 3.624630345851454e-08 	 2.353970607098998e-13
50.068048048048055 	 3.588398521209219e-08 	 2.261251268274111e-13
50.56852852852854 	 3.552883874682831e-08 	 2.1730524003499428e-13
51.06900900900902 	 3.518065321059068e-08 	 2.089112092217041e-13
51.5694894894895 	 3.48392259365037e-08 	 2.009185967023776e-13
52.06996996996998 	 3.45043620495776e-08 	 1.9330458533468742e-13
52.57045045045046 	 3.417587409580742e-08 	 1.860478568589468e-13
53.07093093093094 	 3.385358169225847e-08 	 1.791284804173364e-13
53.571411411411425 	 3.353731119676584e-08 	 1.7252781031493337e-13
54.0718918918919 	 3.3226895395977156e-08 	 1.6622839217905234e-13
54.572372372372385 	 3.2922173210561e-08 	 1.602138767573246e-13
55.07285285285286 	 3.2622989416489045e-08 	 1.5446894066983006e-13
55.573333333333345 	 3.232919438137855e-08 	 1.489792134975044e-13
56.07381381381382 	 3.2040643814954384e-08 	 1.4373121064888048e-13
56.574294294294305 	 3.175719853275615e-08 	 1.3871227150079172e-13
57.07477477477479 	 3.147872423227739e-08 	 1.3391050235667507e-13
57.575255255255264 	 3.1205091280780496e-08 	 1.2931472380917355e-13
58.07573573573575 	 3.093617451408283e-08 	 1.2491442213241008e-13
58.576216216216224 	 3.0671853045658075e-08 	 1.206997043640613e-13
59.07669669669671 	 3.041201008544097e-08 	 1.1666125676862457e-13
59.57717717717719 	 3.015653276776488e-08 	 1.1279030640143122e-13
60.07765765765767 	 2.9905311987899594e-08 	 1.0907858551833399e-13
60.57813813813815 	 2.965824224669208e-08 	 1.0551829859888733e-13
61.07861861861863 	 2.9415221502845295e-08 	 1.0210209177151246e-13
61.57909909909911 	 2.917615103240057e-08 	 9.882302444781128e-14
62.079579579579594 	 2.8940935295017096e-08 	 9.567454299009165e-14
62.58006006006007 	 2.8709481806667877e-08 	 9.265045625145456e-14
63.080540540540554 	 2.84817010183959e-08 	 8.974491284164673e-14
63.58102102102103 	 2.825750620079655e-08 	 8.695237998444436e-14
64.0815015015015 	 2.803681333391322e-08 	 8.426762384372704e-14
64.58198198198198 	 2.7819541002252462e-08 	 8.168569120575349e-14
65.08246246246247 	 2.7605610294643105e-08 	 7.920189241455284e-14
65.58294294294295 	 2.7394944708680617e-08 	 7.681178546590163e-14
66.08342342342343 	 2.7187470059513506e-08 	 7.451116117314011e-14
66.5839039039039 	 2.698311439274347e-08 	 7.229602932517429e-14
67.08438438438439 	 2.678180790122435e-08 	 7.016260576347214e-14
67.58486486486487 	 2.6583482845557802e-08 	 6.810730031075843e-14
68.08534534534535 	 2.638807347809546e-08 	 6.612670548949363e-14
68.58582582582584 	 2.6195515970268548e-08 	 6.421758597313818e-14
69.08630630630631 	 2.6005748343076164e-08 	 6.237686871769543e-14
69.58678678678679 	 2.581871040057314e-08 	 6.060163372513478e-14
70.08726726726728 	 2.5634343666207675e-08 	 5.88891053940589e-14
70.58774774774776 	 2.5452591321867228e-08 	 5.723664441642262e-14
71.08822822822823 	 2.527339814949916e-08 	 5.564174018226528e-14
71.58870870870871 	 2.5096710475180252e-08 	 5.410200365731677e-14
72.0891891891892 	 2.492247611551594e-08 	 5.2615160700988333e-14
72.58966966966968 	 2.4750644326256974e-08 	 5.117904579470188e-14
73.09015015015015 	 2.4581165753027073e-08 	 4.979159615274786e-14
73.59063063063064 	 2.4413992384061206e-08 	 4.845084618992353e-14
74.09111111111112 	 2.4249077504859326e-08 	 4.715492232209557e-14
74.5915915915916 	 2.4086375654665685e-08 	 4.5902038077574636e-14
75.09207207207209 	 2.3925842584688465e-08 	 4.469048949879409e-14
75.59255255255256 	 2.376743521797915e-08 	 4.351865081526411e-14
76.09303303303304 	 2.361111161089519e-08 	 4.2384970370134874e-14
76.59351351351351 	 2.3456830916073506e-08 	 4.128796678396052e-14
77.093993993994 	 2.330455334684625e-08 	 4.0226225340415266e-14
77.59447447447448 	 2.3154240143033657e-08 	 3.9198394579785166e-14
78.09495495495496 	 2.3005853538052196e-08 	 3.820318308704731e-14
78.59543543543545 	 2.2859356727279433e-08 	 3.723935646226538e-14
79.09591591591592 	 2.2714713837619926e-08 	 3.630573446187423e-14
79.5963963963964 	 2.2571889898219283e-08 	 3.540118830021046e-14
80.09687687687689 	 2.2430850812276164e-08 	 3.4524638101369957e-14
80.59735735735737 	 2.2291563329904518e-08 	 3.3675050492145217e-14
81.09783783783784 	 2.2153995022000678e-08 	 3.2851436327416056e-14
81.59831831831832 	 2.2018114255072123e-08 	 3.2052848539945084e-14
82.09879879879881 	 2.1883890166987e-08 	 3.127838010706384e-14
82.59927927927929 	 2.1751292643605185e-08 	 3.052716212723075e-14
83.09975975975976 	 2.1620292296253825e-08 	 2.979836199990444e-14
83.60024024024025 	 2.149086044001199e-08 	 2.9091181702602576e-14
84.10072072072073 	 2.1362969072770636e-08 	 2.840485615941456e-14
84.6012012012012 	 2.123659085503585e-08 	 2.7738651695605957e-14
85.10168168168168 	 2.111169909044475e-08 	 2.709186457329653e-14
85.60216216216217 	 2.098826770696486e-08 	 2.6463819603513276e-14
86.10264264264265 	 2.0866271238749233e-08 	 2.585386883021821e-14
86.60312312312313 	 2.0745684808620636e-08 	 2.5261390282187107e-14
87.10360360360362 	 2.0626484111159642e-08 	 2.4685786788874734e-14
87.60408408408409 	 2.0508645396372464e-08 	 2.4126484856642314e-14
88.10456456456457 	 2.039214545391536e-08 	 2.3582933601947345e-14
88.60504504504506 	 2.0276961597853722e-08 	 2.3054603738305967e-14
89.10552552552554 	 2.016307165193481e-08 	 2.254098661403286e-14
89.60600600600601 	 2.0050453935354002e-08 	 2.2041593297946614e-14
90.10648648648649 	 1.9939087248995382e-08 	 2.1555953710398267e-14
90.60696696696698 	 1.9828950862128384e-08 	 2.108361579714086e-14
91.10744744744746 	 1.972002449954286e-08 	 2.062414474370548e-14
91.60792792792793 	 1.9612288329105926e-08 	 2.0177122228089462e-14
92.10840840840842 	 1.9505722949724373e-08 	 1.9742145709691546e-14
92.6088888888889 	 1.940030937969753e-08 	 1.9318827752551613e-14
93.10936936936938 	 1.9296029045445636e-08 	 1.8906795381065257e-14
93.60984984984987 	 1.9192863770599875e-08 	 1.8505689466451546e-14
94.11033033033034 	 1.9090795765440503e-08 	 1.8115164142351186e-14
94.61081081081082 	 1.898980761667019e-08 	 1.7734886248026456e-14
95.1112912912913 	 1.8889882277510243e-08 	 1.736453479772205e-14
95.61177177177179 	 1.8791003058107896e-08 	 1.7003800474828143e-14
96.11225225225226 	 1.86931536162433e-08 	 1.6652385149564342e-14
96.61273273273274 	 1.8596317948325348e-08 	 1.63100014189754e-14
97.11321321321323 	 1.8500480380665918e-08 	 1.5976372168097984e-14
97.6136936936937 	 1.8405625561022584e-08 	 1.5651230151221162e-14
98.11417417417418 	 1.8311738450400096e-08 	 1.5334317592223587e-14
98.61465465465466 	 1.8218804315101613e-08 	 1.5025385803026674e-14
99.11513513513515 	 1.812680871902065e-08 	 1.472419481925572e-14
99.61561561561562 	 1.8035737516165472e-08 	 1.4430513052251294e-14
100.1160960960961 	 1.7945576843407654e-08 	 1.4144116956619205e-14
100.61657657657659 	 1.7856313113447085e-08 	 1.3864790712552493e-14
101.11705705705707 	 1.7767933007985895e-08 	 1.3592325922199202e-14
101.61753753753754 	 1.7680423471104068e-08 	 1.332652131938961e-14
102.11801801801803 	 1.7593771702829878e-08 	 1.3067182492072914e-14
102.61849849849851 	 1.7507965152898486e-08 	 1.2814121616848e-14
103.11897897897899 	 1.7422991514692235e-08 	 1.2567157205005648e-14
103.61945945945946 	 1.7338838719356603e-08 	 1.2326113859530194e-14
104.11993993993995 	 1.7255494930085855e-08 	 1.2090822042537697e-14
104.62042042042043 	 1.7172948536572682e-08 	 1.1861117852654888e-14
105.1209009009009 	 1.70911881496164e-08 	 1.1636842811868968e-14
105.6213813813814 	 1.7010202595884472e-08 	 1.141784366140285e-14
106.12186186186187 	 1.6929980912822218e-08 	 1.1203972166193025e-14
106.62234234234235 	 1.6850512343705916e-08 	 1.0995084927569143e-14
107.12282282282284 	 1.6771786332834553e-08 	 1.0791043203754922e-14
107.62330330330332 	 1.6693792520855776e-08 	 1.0591712737829107e-14
108.1237837837838 	 1.6616520740221585e-08 	 1.0396963592803504e-14
108.62426426426427 	 1.6539961010769718e-08 	 1.0206669993492675e-14
109.12474474474476 	 1.6464103535426603e-08 	 1.002071017486571e-14
109.62522522522524 	 1.638893869602799e-08 	 9.83896623658632e-15
110.12570570570571 	 1.6314457049253596e-08 	 9.66132400346188e-15
110.6261861861862 	 1.6240649322672056e-08 	 9.487672891535906e-15
111.12666666666668 	 1.6167506410892772e-08 	 9.317905779571607e-15
111.62714714714716 	 1.6095019371821278e-08 	 9.151918885686265e-15
112.12762762762763 	 1.602317942301488e-08 	 8.98961164890828e-15
112.62810810810812 	 1.5951977938135472e-08 	 8.830886615439418e-15
113.1285885885886 	 1.5881406443496517e-08 	 8.675649329415635e-15
113.62906906906908 	 1.581145661470125e-08 	 8.52380822796948e-15
114.12954954954957 	 1.5742120273369363e-08 	 8.375274540406876e-15
114.63003003003004 	 1.5673389383949433e-08 	 8.22996219131968e-15
115.13051051051052 	 1.5605256050614476e-08 	 8.087787707464095e-15
115.63099099099101 	 1.553771251423813e-08 	 7.948670128243013e-15
116.13147147147149 	 1.5470751149449054e-08 	 7.81253091963798e-15
116.63195195195196 	 1.5404364461761107e-08 	 7.67929389144365e-15
117.13243243243244 	 1.5338545084777145e-08 	 7.548885117664612e-15
117.63291291291293 	 1.5273285777464198e-08 	 7.421232859940858e-15
118.1333933933934 	 1.520857942149789e-08 	 7.296267493874389e-15
118.63387387387388 	 1.514441901867408e-08 	 7.173921438135355e-15
119.13435435435437 	 1.5080797688385763e-08 	 7.054129086231747e-15
119.63483483483485 	 1.5017708665163286e-08 	 6.936826740831794e-15
120.13531531531532 	 1.4955145296276045e-08 	 6.8219525505335325e-15
120.63579579579581 	 1.4893101039393906e-08 	 6.709446448980547e-15
121.13627627627629 	 1.483156946030656e-08 	 6.599250096227589e-15
121.63675675675677 	 1.4770544230699216e-08 	 6.491306822264081e-15
122.13723723723724 	 1.4710019125982956e-08 	 6.3855615726076185e-15
122.63771771771773 	 1.4649988023178233e-08 	 6.2819608558834925e-15
123.13819819819821 	 1.4590444898849969e-08 	 6.180452693310052e-15
123.63867867867869 	 1.4531383827092821e-08 	 6.08098657001319e-15
124.13915915915918 	 1.447279897756516e-08 	 5.983513388096642e-15
124.63963963963965 	 1.4414684613570436e-08 	 5.887985421398104e-15
125.14012012012013 	 1.4357035090184574e-08 	 5.794356271864008e-15
125.64060060060062 	 1.429984485242813e-08 	 5.702580827479042e-15
126.1410810810811 	 1.4243108433481957e-08 	 5.612615221688926e-15
126.64156156156157 	 1.4186820452945178e-08 	 5.524416794257905e-15
127.14204204204205 	 1.4130975615134311e-08 	 5.437944053504737e-15
127.64252252252254 	 1.4075568707422404e-08 	 5.3531566398635005e-15
128.14300300300303 	 1.4020594598617088e-08 	 5.270015290717749e-15
128.64348348348352 	 1.3966048237376496e-08 	 5.1884818064587726e-15
129.14396396396398 	 1.3911924650662017e-08 	 5.108519017720808e-15
129.64444444444447 	 1.3858218942226855e-08 	 5.030090753747987e-15
130.14492492492496 	 1.3804926291139536e-08 	 4.95316181184987e-15
130.64540540540543 	 1.375204195034127e-08 	 4.877697927903926e-15
131.14588588588592 	 1.3699561245236396e-08 	 4.803665747865385e-15
131.6463663663664 	 1.3647479572314967e-08 	 4.731032800246318e-15
132.14684684684687 	 1.3595792397806628e-08 	 4.65976746952744e-15
132.64732732732736 	 1.3544495256364975e-08 	 4.589838970467675e-15
133.14780780780782 	 1.3493583749781588e-08 	 4.521217323277915e-15
133.6482882882883 	 1.3443053545728939e-08 	 4.453873329626759e-15
134.1487687687688 	 1.3392900376531477e-08 	 4.387778549447452e-15
134.64924924924927 	 1.3343120037964077e-08 	 4.322905278516301e-15
135.14972972972976 	 1.329370838807722e-08 	 4.259226526774245e-15
135.65021021021025 	 1.3244661346048147e-08 	 4.196715997364275e-15
136.1506906906907 	 1.3195974891057405e-08 	 4.135348066358548e-15
136.6511711711712 	 1.3147645061189993e-08 	 4.075097763150017e-15
137.1516516516517 	 1.309966795236068e-08 	 4.0159407514846064e-15
137.65213213213215 	 1.3052039717262668e-08 	 3.957853311110582e-15
138.15261261261264 	 1.3004756564339148e-08 	 3.9008123200230055e-15
138.65309309309313 	 1.2957814756777144e-08 	 3.844795237281901e-15
139.1535735735736 	 1.2911210611523056e-08 	 3.789780086383557e-15
139.6540540540541 	 1.2864940498319332e-08 	 3.735745439165258e-15
140.15453453453458 	 1.2819000838761865e-08 	 3.682670400224581e-15
140.65501501501504 	 1.2773388105377436e-08 	 3.630534591834916e-15
141.15549549549553 	 1.2728098820720805e-08 	 3.579318139339803e-15
141.65597597597602 	 1.268312955649098e-08 	 3.5290016570092544e-15
142.15645645645648 	 1.2638476932666095e-08 	 3.47956623434182e-15
142.65693693693697 	 1.259413761665654e-08 	 3.430993422796899e-15
143.15741741741743 	 1.2550108322475835e-08 	 3.383265222942337e-15
143.65789789789793 	 1.2506385809928846e-08 	 3.3363640720028513e-15
144.15837837837842 	 1.2462966883816908e-08 	 3.29027283179554e-15
144.65885885885888 	 1.2419848393159446e-08 	 3.2449747770390586e-15
145.15933933933937 	 1.2377027230431691e-08 	 3.200453584023698e-15
145.65981981981986 	 1.2334500330818131e-08 	 3.1566933196300343e-15
146.16030030030032 	 1.2292264671481288e-08 	 3.113678430684241e-15
146.6607807807808 	 1.225031727084545e-08 	 3.0713937336386522e-15
147.1612612612613 	 1.2208655187895057e-08 	 3.029824404566587e-15
147.66174174174176 	 1.2167275521487324e-08 	 2.9889559694608107e-15
148.16222222222225 	 1.2126175409678802e-08 	 2.948774294825432e-15
148.66270270270275 	 1.2085352029065552e-08 	 2.9092655785514408e-15
149.1631831831832 	 1.2044802594136598e-08 	 2.8704163410663724e-15
149.6636636636637 	 1.2004524356640332e-08 	 2.832213416748994e-15
150.1641441441442 	 1.1964514604963635e-08 	 2.794643945600252e-15
150.66462462462465 	 1.1924770663523322e-08 	 2.7576953651619577e-15
151.16510510510514 	 1.1885289892169708e-08 	 2.721355402675095e-15
151.6655855855856 	 1.1846069685601975e-08 	 2.6856120674698725e-15
152.1660660660661 	 1.1807107472795073e-08 	 2.6504536435798986e-15
152.66654654654658 	 1.1768400716437892e-08 	 2.6158686825732322e-15
153.16702702702705 	 1.1729946912382465e-08 	 2.581845996593212e-15
153.66750750750754 	 1.1691743589103905e-08 	 2.548374651602258e-15
154.16798798798803 	 1.1653788307170895e-08 	 2.5154439608221372e-15
154.6684684684685 	 1.1616078658726424e-08 	 2.4830434783643154e-15
155.16894894894898 	 1.1578612266978605e-08 	 2.4511629930443227e-15
155.66942942942947 	 1.1541386785701295e-08 	 2.4197925223742467e-15
156.16990990990993 	 1.1504399898744322e-08 	 2.3889223067276454e-15
156.67039039039042 	 1.1467649319553088e-08 	 2.358542803671422e-15
157.1708708708709 	 1.1431132790697387e-08 	 2.3286446824593846e-15
157.67135135135138 	 1.1394848083409154e-08 	 2.2992188186823346e-15
158.17183183183187 	 1.1358792997129e-08 	 2.2702562890697963e-15
158.67231231231236 	 1.1322965359061358e-08 	 2.241748366438623e-15
159.17279279279282 	 1.1287363023737983e-08 	 2.2136865147838554e-15
159.6732732732733 	 1.1251983872589688e-08 	 2.1860623845074296e-15
160.1737537537538 	 1.1216825813526092e-08 	 2.158867807780429e-15
160.67423423423426 	 1.1181886780523233e-08 	 2.1320947940347323e-15
161.17471471471475 	 1.1147164733218852e-08 	 2.1057355255800784e-15
161.67519519519522 	 1.1112657656515211e-08 	 2.079782353342672e-15
162.1756756756757 	 1.107836356018926e-08 	 2.0542277927216007e-15
162.6761561561562 	 1.1044280478509983e-08 	 2.029064519559446e-15
163.17663663663666 	 1.1010406469862814e-08 	 2.0042853662236196e-15
163.67711711711715 	 1.097673961638091e-08 	 1.9798833177950308e-15
164.17759759759764 	 1.0943278023583207e-08 	 1.9558515083608572e-15
164.6780780780781 	 1.0910019820019056e-08 	 1.932183217408255e-15
165.1785585585586 	 1.0876963156919292e-08 	 1.9088718663159354e-15
165.67903903903908 	 1.084410620785369e-08 	 1.8859110149407326e-15
166.17951951951954 	 1.0811447168394557e-08 	 1.863294358296251e-15
166.68000000000004 	 1.07789842557864e-08 	 1.841015723320856e-15
167.18048048048053 	 1.0746715708621545e-08 	 1.8190690657323843e-15
167.680960960961 	 1.0714639786521538e-08 	 1.797448466966935e-15
168.18144144144148 	 1.0682754769824256e-08 	 1.776148131199295e-15
168.68192192192197 	 1.065105895927657e-08 	 1.7551623824425734e-15
169.18240240240243 	 1.0619550675732484e-08 	 1.7344856617247147e-15
169.68288288288292 	 1.0588228259856594e-08 	 1.7141125243396225e-15
170.18336336336338 	 1.05570900718328e-08 	 1.6940376371707293e-15
170.68384384384387 	 1.0526134491078123e-08 	 1.6742557760848747e-15
171.18432432432436 	 1.0495359915961561e-08 	 1.6547618233944682e-15
171.68480480480483 	 1.0464764763527846e-08 	 1.6355507653859344e-15
172.18528528528532 	 1.0434347469226023e-08 	 1.6166176899125313e-15
172.6857657657658 	 1.0404106486642766e-08 	 1.5979577840496968e-15
173.18624624624627 	 1.03740402872403e-08 	 1.5795663318110994e-15
173.68672672672676 	 1.0344147360098831e-08 	 1.5614387119236573e-15
174.18720720720725 	 1.0314426211663487e-08 	 1.5435703956598724e-15
174.6876876876877 	 1.028487536549554e-08 	 1.525956944725787e-15
175.1881681681682 	 1.0255493362027905e-08 	 1.5085940092030272e-15
175.6886486486487 	 1.0226278758324872e-08 	 1.491477325543387e-15
176.18912912912916 	 1.0197230127845845e-08 	 1.474602714614445e-15
176.68960960960965 	 1.0168346060213173e-08 	 1.4579660797948094e-15
177.19009009009014 	 1.0139625160983877e-08 	 1.4415634051175733e-15
177.6905705705706 	 1.0111066051425243e-08 	 1.4253907534606258e-15
178.1910510510511 	 1.0082667368294195e-08 	 1.4094442647825255e-15
178.69153153153155 	 1.0054427763620381e-08 	 1.3937201544026537e-15
179.19201201201204 	 1.002634590449289e-08 	 1.3782147113244098e-15
179.69249249249253 	 9.99842047285053e-09 	 1.362924296600275e-15
180.192972972973 	 9.970650165275614e-09 	 1.3478453417375695e-15
180.6934534534535 	 9.94303369279115e-09 	 1.33297434714378e-15
181.19393393393398 	 9.915569780661422e-09 	 1.318307880610386e-15
181.69441441441444 	 9.888257168195832e-09 	 1.3038425758341092e-15
182.19489489489493 	 9.86109460855601e-09 	 1.289575130974571e-15
182.69537537537542 	 9.834080868566078e-09 	 1.2755023072473733e-15
183.19585585585588 	 9.807214728526009e-09 	 1.2616209275516177e-15
183.69633633633637 	 9.780494982028065e-09 	 1.247927875130949e-15
184.19681681681686 	 9.753920435776212e-09 	 1.234420092267207e-15
184.69729729729733 	 9.727489909408479e-09 	 1.221094579005805e-15
185.19777777777782 	 9.701202235322174e-09 	 1.2079483919119826e-15
185.6982582582583 	 9.675056258501972e-09 	 1.1949786428571132e-15
186.19873873873877 	 9.649050836350727e-09 	 1.1821824978342413e-15
186.69921921921926 	 9.623184838523026e-09 	 1.169557175802089e-15
187.19969969969975 	 9.597457146761435e-09 	 1.15709994755677e-15
187.7001801801802 	 9.571866654735315e-09 	 1.1448081346304552e-15
188.2006606606607 	 9.54641226788226e-09 	 1.1326791082163116e-15
188.70114114114116 	 9.521092903252024e-09 	 1.1207102881189878e-15
189.20162162162165 	 9.495907489352938e-09 	 1.1088991417299896e-15
189.70210210210215 	 9.470854966000762e-09 	 1.0972431830272905e-15
190.2025825825826 	 9.44593428416992e-09 	 1.0857399715985377e-15
190.7030630630631 	 9.421144405847067e-09 	 1.0743871116872364e-15
191.2035435435436 	 9.396484303886979e-09 	 1.0631822512613216e-15
191.70402402402405 	 9.371952961870667e-09 	 1.0521230811035226e-15
192.20450450450454 	 9.347549373965745e-09 	 1.0412073339229632e-15
192.70498498498503 	 9.32327254478895e-09 	 1.030432783487455e-15
193.2054654654655 	 9.2991214892708e-09 	 1.0197972437759261e-15
193.70594594594598 	 9.27509523252236e-09 	 1.0092985681504948e-15
194.20642642642648 	 9.251192809704063e-09 	 9.98934648547667e-16
194.70690690690694 	 9.22741326589655e-09 	 9.887034146881716e-16
195.20738738738743 	 9.203755655973503e-09 	 9.78602833304961e-16
195.70786786786792 	 9.180219044476428e-09 	 9.686309073889068e-16
196.20834834834838 	 9.156802505491356e-09 	 9.587856754517528e-16
196.70882882882887 	 9.133505122527417e-09 	 9.490652108058722e-16
197.20930930930933 	 9.110325988397275e-09 	 9.394676208604207e-16
197.70978978978982 	 9.087264205099369e-09 	 9.29991046433458e-16
198.2102702702703 	 9.064318883701945e-09 	 9.206336610796446e-16
198.71075075075078 	 9.041489144228848e-09 	 9.113936704331256e-16
199.21123123123127 	 9.018774115547006e-09 	 9.022693115652019e-16
199.71171171171176 	 8.996172935255636e-09 	 8.93258852356453e-16
200.21219219219222 	 8.973684749577115e-09 	 8.8436059088292e-16
200.7126726726727 	 8.95130871324944e-09 	 8.7557285481601e-16
201.2131531531532 	 8.929043989420343e-09 	 8.668940008357978e-16
201.71363363363366 	 8.90688974954297e-09 	 8.583224140573684e-16
202.21411411411415 	 8.884845173273075e-09 	 8.498565074698892e-16
202.71459459459464 	 8.862909448367784e-09 	 8.4149472138811005e-16
203.2150750750751 	 8.84108177058583e-09 	 8.332355229159684e-16
203.7155555555556 	 8.81936134358926e-09 	 8.250774054220086e-16
204.2160360360361 	 8.79774737884659e-09 	 8.170188880263388e-16
204.71651651651655 	 8.776239095537384e-09 	 8.090585150988251e-16
205.21699699699704 	 8.754835720458223e-09 	 8.011948557682652e-16
205.71747747747753 	 8.733536487930047e-09 	 7.934265034422675e-16
206.217957957958 	 8.712340639706856e-09 	 7.857520753375799e-16
206.71843843843848 	 8.69124742488573e-09 	 7.781702120206148e-16
207.21891891891894 	 8.67025609981814e-09 	 7.70679576957927e-16
207.71939939939944 	 8.649365928022569e-09 	 7.632788560764007e-16
208.21987987987993 	 8.62857618009838e-09 	 7.5596675733292195e-16
208.7203603603604 	 8.607886133640898e-09 	 7.487420102932988e-16
209.22084084084088 	 8.587295073157765e-09 	 7.416033657202169e-16
209.72132132132137 	 8.566802289986437e-09 	 7.345495951700134e-16
210.22180180180183 	 8.54640708221291e-09 	 7.275794905980617e-16
210.72228228228232 	 8.526108754591543e-09 	 7.206918639725535e-16
211.2227627627628 	 8.505906618466093e-09 	 7.138855468964994e-16
211.72324324324327 	 8.485799991691814e-09 	 7.07159390237732e-16
212.22372372372377 	 8.465788198558677e-09 	 7.005122637667394e-16
212.72420420420426 	 8.445870569715682e-09 	 6.939430558021417e-16
213.22468468468472 	 8.426046442096228e-09 	 6.874506728636265e-16
213.7251651651652 	 8.406315158844522e-09 	 6.810340393321742e-16
214.2256456456457 	 8.386676069243046e-09 	 6.74692097117405e-16
214.72612612612616 	 8.367128528641009e-09 	 6.68423805331877e-16
215.22660660660665 	 8.34767189838381e-09 	 6.622281399721754e-16
215.7270870870871 	 8.328305545743495e-09 	 6.561040936066434e-16
216.2275675675676 	 8.309028843850156e-09 	 6.500506750695881e-16
216.7280480480481 	 8.289841171624296e-09 	 6.440669091618251e-16
217.22852852852856 	 8.270741913710129e-09 	 6.381518363574089e-16
217.72900900900905 	 8.251730460409791e-09 	 6.323045125164085e-16
218.22948948948954 	 8.232806207618462e-09 	 6.265240086035933e-16
218.72996996997 	 8.213968556760389e-09 	 6.208094104128922e-16
219.2304504504505 	 8.19521691472575e-09 	 6.151598182974894e-16
219.73093093093098 	 8.176550693808437e-09 	 6.09574346905444e-16
220.23141141141144 	 8.157969311644631e-09 	 6.040521249206877e-16
220.73189189189193 	 8.139472191152242e-09 	 5.985922948092964e-16
221.23237237237242 	 8.121058760471182e-09 	 5.931940125709105e-16
221.7328528528529 	 8.10272845290441e-09 	 5.878564474951835e-16
222.23333333333338 	 8.084480706859805e-09 	 5.825787819231525e-16
222.73381381381387 	 8.066314965792816e-09 	 5.773602110134206e-16
223.23429429429433 	 8.048230678149876e-09 	 5.721999425130379e-16
223.73477477477482 	 8.030227297312574e-09 	 5.670971965329801e-16
224.23525525525528 	 8.01230428154259e-09 	 5.620512053281242e-16
224.73573573573577 	 7.994461093927348e-09 	 5.57061213081618e-16
225.23621621621626 	 7.976697202326404e-09 	 5.521264756935459e-16
225.73669669669673 	 7.959012079318553e-09 	 5.472462605738025e-16
226.23717717717722 	 7.941405202149607e-09 	 5.424198464390682e-16
226.7376576576577 	 7.923876052680917e-09 	 5.376465231138153e-16
227.23813813813817 	 7.906424117338519e-09 	 5.329255913352353e-16
227.73861861861866 	 7.889048887062996e-09 	 5.282563625620181e-16
228.23909909909915 	 7.871749857259969e-09 	 5.2363815878689e-16
228.7395795795796 	 7.854526527751256e-09 	 5.190703123528331e-16
229.2400600600601 	 7.837378402726661e-09 	 5.145521657729004e-16
229.7405405405406 	 7.820304990696398e-09 	 5.100830715535559e-16
230.24102102102106 	 7.803305804444134e-09 	 5.056623920214577e-16
230.74150150150155 	 7.786380360980645e-09 	 5.012894991536106e-16
231.24198198198204 	 7.769528181498067e-09 	 4.969637744108195e-16
231.7424624624625 	 7.75274879132475e-09 	 4.926846085743647e-16
232.242942942943 	 7.73604171988069e-09 	 4.88451401585839e-16
232.74342342342348 	 7.719406500633531e-09 	 4.842635623900736e-16
233.24390390390394 	 7.702842671055148e-09 	 4.801205087810843e-16
233.74438438438443 	 7.686349772578768e-09 	 4.760216672509805e-16
234.2448648648649 	 7.669927350556665e-09 	 4.719664728417706e-16
234.74534534534538 	 7.653574954218373e-09 	 4.679543689999974e-16
235.24582582582588 	 7.637292136629435e-09 	 4.639848074341521e-16
235.74630630630634 	 7.621078454650707e-09 	 4.600572479748046e-16
236.24678678678683 	 7.604933468898138e-09 	 4.56171158437386e-16
236.74726726726732 	 7.588856743703083e-09 	 4.523260144875823e-16
237.24774774774778 	 7.572847847073115e-09 	 4.485212995092678e-16
237.74822822822827 	 7.556906350653337e-09 	 4.447565044749372e-16
238.24870870870876 	 7.541031829688169e-09 	 4.410311278185785e-16
238.74918918918922 	 7.52522386298362e-09 	 4.37344675310936e-16
239.24966966966971 	 7.509482032870044e-09 	 4.3369665993711505e-16
239.7501501501502 	 7.493805925165349e-09 	 4.3008660177647874e-16
240.25063063063067 	 7.478195129138676e-09 	 4.2651402788479113e-16
240.75111111111116 	 7.462649237474522e-09 	 4.229784721785548e-16
241.25159159159165 	 7.4471678462373136e-09 	 4.194794753215048e-16
241.7520720720721 	 7.4317505548364265e-09 	 4.1601658461320935e-16
242.2525525525526 	 7.416396965991625e-09 	 4.125893538797348e-16
242.75303303303306 	 7.401106685698944e-09 	 4.091973433663354e-16
243.25351351351355 	 7.385879323196983e-09 	 4.0584011963212007e-16
243.75399399399404 	 7.370714490933616e-09 	 4.0251725544666496e-16
244.2544744744745 	 7.355611804533116e-09 	 3.9922832968852107e-16
244.754954954955 	 7.340570882763675e-09 	 3.9597292724558764e-16
245.2554354354355 	 7.325591347505327e-09 	 3.9275063891730907e-16
245.75591591591595 	 7.310672823718265e-09 	 3.8956106131865833e-16
246.25639639639644 	 7.2958149394115325e-09 	 3.8640379678587e-16
246.75687687687693 	 7.28101732561212e-09 	 3.832784532838931e-16
247.2573573573574 	 7.266279616334405e-09 	 3.8018464431551944e-16
247.75783783783788 	 7.251601448549986e-09 	 3.771219888321621e-16
248.25831831831837 	 7.2369824621578766e-09 	 3.7409011114624843e-16
248.75879879879884 	 7.222422299955055e-09 	 3.710886408451922e-16
249.25927927927933 	 7.207920607607367e-09 	 3.681172127069169e-16
249.75975975975982 	 7.1934770336207876e-09 	 3.651754666168987e-16
250.26024024024028 	 7.179091229313017e-09 	 3.6226304748669654e-16
250.76072072072077 	 7.164762848785425e-09 	 3.5937960517394177e-16
251.26120120120126 	 7.150491548895325e-09 	 3.565247944037592e-16
251.76168168168172 	 7.136276989228587e-09 	 3.5369827469158825e-16
252.2621621621622 	 7.1221188320725616e-09 	 3.5089971026737715e-16
252.76264264264267 	 7.10801674238934e-09 	 3.4812877000112676e-16
253.26312312312317 	 7.093970387789325e-09 	 3.453851273297535e-16
253.76360360360366 	 7.07997943850512e-09 	 3.426684601852454e-16
254.26408408408412 	 7.066043567365714e-09 	 3.399784509240889e-16
254.7645645645646 	 7.052162449770982e-09 	 3.373147862579382e-16
255.2650450450451 	 7.038335763666486e-09 	 3.346771571855061e-16
255.76552552552556 	 7.024563189518564e-09 	 3.320652589256494e-16
256.266006006006 	 7.010844410289714e-09 	 3.2947879085162687e-16
256.7664864864865 	 6.99717911141427e-09 	 3.269174564265087e-16
257.266966966967 	 6.9835669807743555e-09 	 3.243809631397115e-16
257.76744744744747 	 6.970007708676128e-09 	 3.2186902244464205e-16
258.26792792792793 	 6.956500987826282e-09 	 3.193813496974207e-16
258.76840840840845 	 6.943046513308838e-09 	 3.169176640966728e-16
259.2688888888889 	 6.9296439825622035e-09 	 3.14477688624362e-16
259.7693693693694 	 6.916293095356484e-09 	 3.1206114998764385e-16
260.2698498498499 	 6.902993553771068e-09 	 3.0966777856172633e-16
260.77033033033035 	 6.889745062172471e-09 	 3.072973083337136e-16
261.2708108108108 	 6.876547327192419e-09 	 3.0494947684741206e-16
261.77129129129133 	 6.8634000577062074e-09 	 3.0262402514908854e-16
262.2717717717718 	 6.850302964811287e-09 	 3.0032069773415397e-16
262.77225225225226 	 6.8372557618061e-09 	 2.9803924249475797e-16
263.2727327327328 	 6.824258164169162e-09 	 2.9577941066827987e-16
263.77321321321324 	 6.81130988953839e-09 	 2.935409567866958e-16
264.2736936936937 	 6.798410657690635e-09 	 2.913236386268052e-16
264.7741741741742 	 6.785560190521481e-09 	 2.891272171613025e-16
265.2746546546547 	 6.772758212025261e-09 	 2.8695145651067903e-16
265.77513513513514 	 6.760004448275282e-09 	 2.84796123895934e-16
266.2756156156156 	 6.747298627404298e-09 	 2.8266098959208635e-16
266.7760960960961 	 6.734640479585191e-09 	 2.805458268824681e-16
267.2765765765766 	 6.722029737011868e-09 	 2.7845041201378646e-16
267.77705705705705 	 6.709466133880377e-09 	 2.7637452415193776e-16
268.27753753753757 	 6.696949406370224e-09 	 2.743179453385637e-16
268.77801801801803 	 6.684479292625919e-09 	 2.7228046044833324e-16
269.2784984984985 	 6.672055532738704e-09 	 2.702618571469345e-16
269.778978978979 	 6.6596778687284995e-09 	 2.682619258497688e-16
270.2794594594595 	 6.647346044526052e-09 	 2.662804596813317e-16
270.77993993993994 	 6.635059805955271e-09 	 2.6431725443526426e-16
271.28042042042046 	 6.622818900715758e-09 	 2.6237210853506856e-16
271.7809009009009 	 6.610623078365556e-09 	 2.6044482299547384e-16
272.2813813813814 	 6.598472090304049e-09 	 2.5853520138443495e-16
272.7818618618619 	 6.586365689755083e-09 	 2.5664304978576215e-16
273.28234234234236 	 6.574303631750254e-09 	 2.547681767623618e-16
273.7828228228228 	 6.562285673112388e-09 	 2.5291039332008084e-16
274.28330330330334 	 6.550311572439195e-09 	 2.5106951287214404e-16
274.7837837837838 	 6.538381090087112e-09 	 2.492453512041725e-16
275.28426426426427 	 6.526493988155307e-09 	 2.4743772643977153e-16
275.7847447447448 	 6.514650030469872e-09 	 2.456464590066812e-16
276.28522522522525 	 6.502848982568185e-09 	 2.4387137160347635e-16
276.7857057057057 	 6.491090611683424e-09 	 2.421122891668057e-16
277.2861861861862 	 6.479374686729282e-09 	 2.403690388391644e-16
277.7866666666667 	 6.4677009782848134e-09 	 2.386414499371855e-16
278.28714714714715 	 6.456069258579468e-09 	 2.369293539204438e-16
278.78762762762767 	 6.444479301478268e-09 	 2.352325843607629e-16
279.28810810810813 	 6.432930882467167e-09 	 2.335509769120163e-16
279.7885885885886 	 6.4214237786385375e-09 	 2.3188436928041117e-16
280.2890690690691 	 6.4099577686768355e-09 	 2.3023260119525105e-16
280.7895495495496 	 6.398532632844419e-09 	 2.285955143801653e-16
281.29003003003004 	 6.387148152967494e-09 	 2.269729525247968e-16
281.79051051051056 	 6.375804112422247e-09 	 2.2536476125694327e-16
282.290990990991 	 6.364500296121088e-09 	 2.237707881151404e-16
282.7914714714715 	 6.353236490499064e-09 	 2.221908825216805e-16
283.291951951952 	 6.342012483500408e-09 	 2.2062489575605926e-16
283.79243243243246 	 6.330828064565239e-09 	 2.1907268092884456e-16
284.2929129129129 	 6.319683024616376e-09 	 2.1753409295595424e-16
284.7933933933934 	 6.308577156046331e-09 	 2.1600898853334396e-16
285.2938738738739 	 6.297510252704403e-09 	 2.1449722611209066e-16
285.79435435435437 	 6.286482109883932e-09 	 2.1299866587386935e-16
286.29483483483483 	 6.275492524309669e-09 	 2.1151316970681337e-16
286.79531531531535 	 6.264541294125295e-09 	 2.1004060118175433e-16
287.2957957957958 	 6.253628218881054e-09 	 2.0858082552883226e-16
287.7962762762763 	 6.242753099521528e-09 	 2.0713370961447145e-16
288.2967567567568 	 6.2319157383735286e-09 	 2.0569912191871503e-16
288.79723723723725 	 6.22111593913413e-09 	 2.0427693251291257e-16
289.2977177177177 	 6.210353506858808e-09 	 2.0286701303775312e-16
289.79819819819824 	 6.199628247949707e-09 	 2.0146923668163948e-16
290.2986786786787 	 6.188939970144046e-09 	 2.00083478159398e-16
290.79915915915916 	 6.178288482502614e-09 	 1.9870961369131513e-16
291.2996396396397 	 6.1676735953984095e-09 	 1.973475209824992e-16
291.80012012012014 	 6.157095120505387e-09 	 1.9599707920255992e-16
292.3006006006006 	 6.146552870787314e-09 	 1.9465816896559798e-16
292.8010810810811 	 6.136046660486748e-09 	 1.933306723105048e-16
293.3015615615616 	 6.125576305114139e-09 	 1.9201447268156245e-16
293.80204204204205 	 6.11514162143701e-09 	 1.9070945490933927e-16
294.30252252252257 	 6.104742427469282e-09 	 1.894155051918792e-16
294.803003003003 	 6.094378542460695e-09 	 1.8813251107617687e-16
295.3034834834835 	 6.084049786886327e-09 	 1.868603614399337e-16
295.803963963964 	 6.07375598243623e-09 	 1.8559894647359238e-16
296.30444444444447 	 6.063496952005181e-09 	 1.8434815766264373e-16
296.80492492492493 	 6.053272519682507e-09 	 1.8310788777019984e-16
297.30540540540545 	 6.043082510742039e-09 	 1.818780308198321e-16
297.8058858858859 	 6.032926751632168e-09 	 1.8065848207866879e-16
298.3063663663664 	 6.02280506996597e-09 	 1.794491380407439e-16
298.8068468468469 	 6.0127172945114745e-09 	 1.7824989641060097e-16
299.30732732732736 	 6.002663255181995e-09 	 1.7706065608713902e-16
299.8078078078078 	 5.992642783026574e-09 	 1.7588131714770305e-16
300.30828828828834 	 5.982655710220518e-09 	 1.747117808324113e-16
300.8087687687688 	 5.97270187005603e-09 	 1.7355194952871746e-16
301.30924924924926 	 5.962781096932935e-09 	 1.7240172675620264e-16
301.8097297297298 	 5.952893226349486e-09 	 1.7126101715159303e-16
302.31021021021024 	 5.943038094893288e-09 	 1.7012972645400233e-16
302.8106906906907 	 5.933215540232284e-09 	 1.6900776149039074e-16
303.31117117117117 	 5.923425401105843e-09 	 1.6789503016124084e-16
303.8116516516517 	 5.9136675173159375e-09 	 1.6679144142644457e-16
304.31213213213215 	 5.903941729718411e-09 	 1.656969052914002e-16
304.8126126126126 	 5.8942478802143106e-09 	 1.6461133279331092e-16
305.31309309309313 	 5.884585811741336e-09 	 1.6353463598768873e-16
305.8135735735736 	 5.8749553682653535e-09 	 1.6246672793505482e-16
306.31405405405405 	 5.865356394771985e-09 	 1.614075226878343e-16
306.8145345345346 	 5.855788737258308e-09 	 1.6035693527744508e-16
307.31501501501504 	 5.846252242724606e-09 	 1.593148817015733e-16
307.8154954954955 	 5.83674675916622e-09 	 1.5828127891163594e-16
308.315975975976 	 5.827272135565469e-09 	 1.5725604480042528e-16
308.8164564564565 	 5.8178282218836556e-09 	 1.5623909818993414e-16
309.31693693693694 	 5.808414869053142e-09 	 1.5523035881935677e-16
309.81741741741746 	 5.799031928969508e-09 	 1.5422974733326435e-16
310.3178978978979 	 5.7896792544837875e-09 	 1.5323718526995253e-16
310.8183783783784 	 5.780356699394769e-09 	 1.522525950499555e-16
311.3188588588589 	 5.771064118441381e-09 	 1.5127589996472748e-16
311.81933933933936 	 5.761801367295155e-09 	 1.5030702416548746e-16
312.3198198198198 	 5.752568302552737e-09 	 1.4934589265222252e-16
312.82030030030035 	 5.743364781728498e-09 	 1.4839243126285093e-16
313.3207807807808 	 5.7341906632472055e-09 	 1.4744656666254066e-16
313.82126126126127 	 5.725045806436756e-09 	 1.4650822633317918e-16
314.3217417417418 	 5.715930071520994e-09 	 1.4557733856299594e-16
314.82222222222225 	 5.706843319612585e-09 	 1.4465383243633128e-16
315.3227027027027 	 5.697785412705959e-09 	 1.4373763782355192e-16
315.82318318318323 	 5.688756213670334e-09 	 1.4282868537110998e-16
316.3236636636637 	 5.679755586242785e-09 	 1.41926906491743e-16
316.82414414414416 	 5.670783395021395e-09 	 1.410322333548129e-16
317.3246246246247 	 5.661839505458464e-09 	 1.4014459887678179e-16
317.82510510510514 	 5.652923783853784e-09 	 1.3926393671182286e-16
318.3255855855856 	 5.644036097347976e-09 	 1.38390181242563e-16
318.8260660660661 	 5.635176313915887e-09 	 1.3752326757095665e-16
319.3265465465466 	 5.626344302360063e-09 	 1.3666313150928792e-16
319.82702702702704 	 5.617539932304258e-09 	 1.3580970957129865e-16
320.32750750750756 	 5.608763074187031e-09 	 1.3496293896344117e-16
320.827987987988 	 5.60001359925539e-09 	 1.3412275757625472e-16
321.3284684684685 	 5.591291379558483e-09 	 1.332891039758599e-16
321.82894894894895 	 5.582596287941377e-09 	 1.324619173955745e-16
322.32942942942947 	 5.5739281980388725e-09 	 1.3164113772764502e-16
322.82990990990993 	 5.565286984269378e-09 	 1.3082670551509329e-16
323.3303903903904 	 5.556672521828851e-09 	 1.3001856194367619e-16
323.8308708708709 	 5.548084686684787e-09 	 1.2921664883395802e-16
324.3313513513514 	 5.539523355570268e-09 	 1.2842090863349156e-16
324.83183183183183 	 5.530988405978063e-09 	 1.2763128440910761e-16
325.33231231231235 	 5.5224797161547816e-09 	 1.2684771983931122e-16
325.8327927927928 	 5.513997165095096e-09 	 1.2607015920678342e-16
326.3332732732733 	 5.505540632535991e-09 	 1.252985473909845e-16
326.8337537537538 	 5.497109998951088e-09 	 1.2453282986086043e-16
327.33423423423426 	 5.488705145545011e-09 	 1.237729526676494e-16
327.8347147147147 	 5.480325954247811e-09 	 1.2301886243778607e-16
328.33519519519524 	 5.471972307709427e-09 	 1.2227050636590326e-16
328.8356756756757 	 5.463644089294222e-09 	 1.2152783220793048e-16
329.33615615615616 	 5.455341183075545e-09 	 1.2079078827428438e-16
329.8366366366367 	 5.447063473830352e-09 	 1.2005932342315402e-16
330.33711711711715 	 5.438810847033879e-09 	 1.1933338705387662e-16
330.8375975975976 	 5.430583188854362e-09 	 1.1861292910040283e-16
331.3380780780781 	 5.4223803861477946e-09 	 1.1789790002485167e-16
331.8385585585586 	 5.4142023264527576e-09 	 1.1718825081115262e-16
332.33903903903905 	 5.406048897985261e-09 	 1.164839329587722e-16
332.83951951951957 	 5.39791998963366e-09 	 1.1578489847652728e-16
333.34000000000003 	 5.389815490953614e-09 	 1.1509109987648098e-16
333.8404804804805 	 5.381735292163068e-09 	 1.1440249016791973e-16
334.340960960961 	 5.3736792841373114e-09 	 1.1371902285141323e-16
334.8414414414415 	 5.365647358404058e-09 	 1.1304065191295278e-16
335.34192192192194 	 5.357639407138579e-09 	 1.1236733181816834e-16
335.84240240240246 	 5.349655323158876e-09 	 1.116990175066232e-16
336.3428828828829 	 5.341694999920903e-09 	 1.1103566438618533e-16
336.8433633633634 	 5.3337583315138234e-09 	 1.103772283274726e-16
337.3438438438439 	 5.325845212655313e-09 	 1.0972366565837309e-16
337.84432432432436 	 5.3179555386869104e-09 	 1.0907493315863841e-16
338.3448048048048 	 5.310089205569393e-09 	 1.0843098805454746e-16
338.8452852852853 	 5.302246109878214e-09 	 1.0779178801364264e-16
339.3457657657658 	 5.29442614879896e-09 	 1.0715729113953458e-16
339.84624624624627 	 5.286629220122869e-09 	 1.0652745596677653e-16
340.34672672672673 	 5.278855222242368e-09 	 1.059022414558053e-16
340.84720720720725 	 5.271104054146662e-09 	 1.052816069879498e-16
341.3476876876877 	 5.263375615417365e-09 	 1.0466551236050546e-16
341.8481681681682 	 5.255669806224151e-09 	 1.0405391778187206e-16
342.3486486486487 	 5.24798652732047e-09 	 1.0344678386675735e-16
342.84912912912915 	 5.240325680039276e-09 	 1.028440716314417e-16
343.3496096096096 	 5.232687166288811e-09 	 1.0224574248910608e-16
343.85009009009013 	 5.225070888548408e-09 	 1.0165175824522007e-16
344.3505705705706 	 5.2174767498643575e-09 	 1.0106208109299127e-16
344.85105105105106 	 5.209904653845774e-09 	 1.0047667360887255e-16
345.3515315315316 	 5.202354504660533e-09 	 9.989549874812906e-17
345.85201201201204 	 5.194826207031223e-09 	 9.93185198404624e-17
346.3524924924925 	 5.187319666231134e-09 	 9.874570058569089e-17
346.852972972973 	 5.179834788080288e-09 	 9.817700504948707e-17
347.3534534534535 	 5.172371478941503e-09 	 9.76123976591696e-17
347.85393393393394 	 5.164929645716482e-09 	 9.705184319954926e-17
348.35441441441446 	 5.157509195841942e-09 	 9.649530680882917e-17
348.8548948948949 	 5.15011003728579e-09 	 9.594275397455818e-17
349.3553753753754 	 5.1427320785432955e-09 	 9.539415052963454e-17
349.8558558558559 	 5.135375228633336e-09 	 9.484946264836308e-17
350.35633633633637 	 5.128039397094652e-09 	 9.430865684256172e-17
350.85681681681683 	 5.120724493982137e-09 	 9.377169995771811e-17
351.35729729729735 	 5.1134304298631614e-09 	 9.323855916919519e-17
351.8577777777778 	 5.106157115813932e-09 	 9.270920197848609e-17
352.3582582582583 	 5.098904463415878e-09 	 9.218359620951591e-17
352.8587387387388 	 5.091672384752059e-09 	 9.166171000499058e-17
353.35921921921926 	 5.084460792403625e-09 	 9.11435118227931e-17
353.8596996996997 	 5.077269599446287e-09 	 9.062897043242455e-17
354.36018018018024 	 5.0700987194468236e-09 	 9.011805491149068e-17
354.8606606606607 	 5.062948066459625e-09 	 8.961073464223318e-17
355.36114114114116 	 5.055817555023253e-09 	 8.910697930810436e-17
355.8616216216217 	 5.048707100157035e-09 	 8.860675889038536e-17
356.36210210210214 	 5.0416166173576944e-09 	 8.811004366484716e-17
356.8625825825826 	 5.0345460225959994e-09 	 8.761680419845343e-17
357.36306306306307 	 5.0274952323134425e-09 	 8.712701134610467e-17
357.8635435435436 	 5.020464163418949e-09 	 8.664063624742381e-17
358.36402402402405 	 5.0134527332856225e-09 	 8.615765032358184e-17
358.8645045045045 	 5.006460859747487e-09 	 8.56780252741625e-17
359.364984984985 	 4.9994884610962995e-09 	 8.52017330740677e-17
359.8654654654655 	 4.992535456078356e-09 	 8.472874597046031e-17
360.36594594594595 	 4.985601763891335e-09 	 8.425903647974531e-17
360.8664264264265 	 4.9786873041811696e-09 	 8.37925773845892e-17
361.36690690690693 	 4.971791997038946e-09 	 8.332934173097575e-17
361.8673873873874 	 4.964915762997818e-09 	 8.28693028252985e-17
362.3678678678679 	 4.9580585230299615e-09 	 8.241243423148977e-17
362.8683483483484 	 4.951220198543545e-09 	 8.19587097681847e-17
363.36882882882884 	 4.944400711379721e-09 	 8.150810350592026e-17
363.86930930930936 	 4.937599983809658e-09 	 8.106058976436975e-17
364.3697897897898 	 4.930817938531584e-09 	 8.061614310961053e-17
364.8702702702703 	 4.924054498667848e-09 	 8.017473835142542e-17
365.3707507507508 	 4.917309587762029e-09 	 7.973635054063805e-17
365.87123123123126 	 4.910583129776053e-09 	 7.930095496648051e-17
366.3717117117117 	 4.903875049087325e-09 	 7.886852715399281e-17
366.87219219219224 	 4.897185270485904e-09 	 7.843904286145497e-17
367.3726726726727 	 4.890513719171693e-09 	 7.801247807785028e-17
367.87315315315317 	 4.883860320751645e-09 	 7.758880902035943e-17
368.3736336336337 	 4.877225001237001e-09 	 7.716801213188508e-17
368.87411411411415 	 4.8706076870405515e-09 	 7.675006407860736e-17
369.3745945945946 	 4.864008304973906e-09 	 7.63349417475678e-17
369.87507507507513 	 4.857426782244804e-09 	 7.59226222442841e-17
370.3755555555556 	 4.850863046454439e-09 	 7.551308289039288e-17
370.87603603603606 	 4.844317025594793e-09 	 7.510630122132088e-17
371.3765165165166 	 4.837788648046016e-09 	 7.47022549839855e-17
371.87699699699704 	 4.831277842573806e-09 	 7.430092213452164e-17
372.3774774774775 	 4.8247845383268216e-09 	 7.390228083603717e-17
372.877957957958 	 4.818308664834109e-09 	 7.350630945639468e-17
373.3784384384385 	 4.811850152002557e-09 	 7.311298656602057e-17
373.87891891891894 	 4.805408930114365e-09 	 7.272229093573997e-17
374.37939939939946 	 4.798984929824533e-09 	 7.233420153463768e-17
374.8798798798799 	 4.7925780821583766e-09 	 7.194869752794538e-17
375.3803603603604 	 4.786188318509059e-09 	 7.156575827495341e-17
375.88084084084085 	 4.779815570635134e-09 	 7.118536332694755e-17
376.38132132132137 	 4.773459770658127e-09 	 7.080749242517124e-17
376.8818018018018 	 4.7671208510601215e-09 	 7.043212549881135e-17
377.3822822822823 	 4.7607987446813634e-09 	 7.005924266300801e-17
377.8827627627628 	 4.754493384717896e-09 	 6.968882421688833e-17
378.38324324324327 	 4.7482047047192015e-09 	 6.932085064162347e-17
378.88372372372373 	 4.741932638585871e-09 	 6.895530259850873e-17
379.38420420420425 	 4.7356771205672866e-09 	 6.859216092706628e-17
379.8846846846847 	 4.729438085259324e-09 	 6.823140664317055e-17
380.3851651651652 	 4.723215467602074e-09 	 6.78730209371955e-17
380.8856456456457 	 4.717009202877575e-09 	 6.751698517218395e-17
381.38612612612616 	 4.710819226707581e-09 	 6.716328088203852e-17
381.8866066066066 	 4.704645475051326e-09 	 6.681188976973376e-17
382.38708708708714 	 4.698487884203316e-09 	 6.646279370554919e-17
382.8875675675676 	 4.6923463907911475e-09 	 6.611597472532366e-17
383.38804804804806 	 4.686220931773319e-09 	 6.577141502872917e-17
383.8885285285286 	 4.680111444437082e-09 	 6.542909697756571e-17
384.38900900900904 	 4.674017866396303e-09 	 6.508900309407613e-17
384.8894894894895 	 4.667940135589335e-09 	 6.475111605927986e-17
385.38996996997 	 4.661878190276913e-09 	 6.441541871132695e-17
385.8904504504505 	 4.655831969040062e-09 	 6.408189404387073e-17
386.39093093093095 	 4.649801410778027e-09 	 6.375052520445975e-17
386.89141141141147 	 4.643786454706203e-09 	 6.34212954929479e-17
387.39189189189193 	 4.637787040354112e-09 	 6.309418835992395e-17
387.8923723723724 	 4.631803107563358e-09 	 6.276918740515797e-17
388.3928528528529 	 4.625834596485625e-09 	 6.24462763760669e-17
388.8933333333334 	 4.619881447580684e-09 	 6.212543916619725e-17
389.39381381381384 	 4.613943601614407e-09 	 6.180665981372543e-17
389.89429429429435 	 4.608020999656802e-09 	 6.148992249997527e-17
390.3947747747748 	 4.602113583080074e-09 	 6.11752115479532e-17
390.8952552552553 	 4.596221293556679e-09 	 6.086251142089923e-17
391.3957357357358 	 4.590344073057406e-09 	 6.055180672085558e-17
391.89621621621626 	 4.584481863849478e-09 	 6.024308218725102e-17
392.3966966966967 	 4.578634608494659e-09 	 5.993632269550212e-17
392.89717717717724 	 4.572802249847372e-09 	 5.963151325562952e-17
393.3976576576577 	 4.5669847310528455e-09 	 5.932863901089126e-17
393.89813813813817 	 4.561181995545265e-09 	 5.902768523643047e-17
394.3986186186186 	 4.555393987045934e-09 	 5.872863733793942e-17
394.89909909909915 	 4.549620649561458e-09 	 5.843148085033818e-17
395.3995795795796 	 4.5438619273819405e-09 	 5.813620143646876e-17
395.90006006006007 	 4.538117765079191e-09 	 5.784278488580367e-17
396.4005405405406 	 4.5323881075049445e-09 	 5.755121711316948e-17
396.90102102102105 	 4.526672899789094e-09 	 5.72614841574844e-17
397.4015015015015 	 4.5209720873379475e-09 	 5.697357218051074e-17
397.90198198198203 	 4.515285615832478e-09 	 5.668746746562078e-17
398.4024624624625 	 4.509613431226614e-09 	 5.640315641657741e-17
398.90294294294296 	 4.503955479745508e-09 	 5.61206255563275e-17
399.4034234234235 	 4.4983117078838535e-09 	 5.583986152580963e-17
399.90390390390394 	 4.492682062404188e-09 	 5.556085108277503e-17
400.4043843843844 	 4.487066490335229e-09 	 5.528358110062169e-17
400.9048648648649 	 4.481464938970198e-09 	 5.5008038567241286e-17
401.4053453453454 	 4.475877355865189e-09 	 5.473421058387978e-17
401.90582582582584 	 4.470303688837517e-09 	 5.4462084364009826e-17
402.40630630630636 	 4.464743885964099e-09 	 5.4191647232216344e-17
402.9067867867868 	 4.459197895579847e-09 	 5.392288662309461e-17
403.4072672672673 	 4.453665666276057e-09 	 5.365579008016019e-17
403.9077477477478 	 4.448147146898832e-09 	 5.3390345254771414e-17
404.40822822822827 	 4.442642286547496e-09 	 5.3126539905063536e-17
404.90870870870873 	 4.437151034573032e-09 	 5.2864361894894845e-17
405.40918918918925 	 4.431673340576532e-09 	 5.260379919280464e-17
405.9096696696697 	 4.426209154407651e-09 	 5.2344839870982466e-17
406.4101501501502 	 4.420758426163077e-09 	 5.2087472104248734e-17
406.9106306306307 	 4.415321106185013e-09 	 5.1831684169046975e-17
407.41111111111115 	 4.409897145059671e-09 	 5.157746444244692e-17
407.9115915915916 	 4.40448649361577e-09 	 5.132480140115846e-17
408.41207207207214 	 4.399089102923054e-09 	 5.107368362055677e-17
408.9125525525526 	 4.393704924290816e-09 	 5.082409977371804e-17
409.41303303303306 	 4.388333909266434e-09 	 5.057603863046565e-17
409.9135135135136 	 4.3829760096339146e-09 	 5.032948905642693e-17
410.41399399399404 	 4.377631177412458e-09 	 5.008444001210044e-17
410.9144744744745 	 4.372299364855016e-09 	 4.9840880551932876e-17
411.414954954955 	 4.366980524446876e-09 	 4.959879982340681e-17
411.9154354354355 	 4.361674608904251e-09 	 4.935818706613789e-17
412.41591591591595 	 4.3563815711728734e-09 	 4.911903161098198e-17
412.9163963963964 	 4.351101364426606e-09 	 4.8881322879152036e-17
413.4168768768769 	 4.345833942066062e-09 	 4.864505038134472e-17
413.9173573573574 	 4.340579257717234e-09 	 4.841020371687634e-17
414.41783783783785 	 4.335337265230135e-09 	 4.817677257282815e-17
414.91831831831837 	 4.330107918677441e-09 	 4.794474672320104e-17
415.41879879879883 	 4.324891172353157e-09 	 4.77141160280794e-17
415.9192792792793 	 4.319686980771282e-09 	 4.748487043280366e-17
416.4197597597598 	 4.314495298664484e-09 	 4.7256999967152313e-17
416.9202402402403 	 4.309316080982796e-09 	 4.703049474453238e-17
417.42072072072074 	 4.3041492828923015e-09 	 4.680534496117866e-17
417.92120120120126 	 4.2989948597738505e-09 	 4.6581540895361685e-17
418.4216816816817 	 4.293852767221775e-09 	 4.635907290660419e-17
418.9221621621622 	 4.288722961042603e-09 	 4.613793143490577e-17
419.4226426426427 	 4.283605397253803e-09 	 4.591810699997613e-17
419.92312312312316 	 4.278500032082528e-09 	 4.5699590200476576e-17
420.4236036036036 	 4.2734068219643545e-09 	 4.5482371713269056e-17
420.92408408408414 	 4.268325723542061e-09 	 4.5266442292674116e-17
421.4245645645646 	 4.263256693664382e-09 	 4.5051792769735965e-17
421.92504504504507 	 4.258199689384798e-09 	 4.48384140514959e-17
422.4255255255256 	 4.2531546679603135e-09 	 4.462629712027306e-17
422.92600600600605 	 4.248121586850261e-09 	 4.441543303295334e-17
423.4264864864865 	 4.243100403715101e-09 	 4.4205812920285236e-17
423.92696696696703 	 4.238091076415231e-09 	 4.3997427986183636e-17
424.4274474474475 	 4.233093563009818e-09 	 4.379026950704088e-17
424.92792792792795 	 4.228107821755614e-09 	 4.358432883104489e-17
425.4284084084085 	 4.223133811105802e-09 	 4.3379597377504736e-17
425.92888888888893 	 4.218171489708844e-09 	 4.3176066636183386e-17
426.4293693693694 	 4.2132208164073304e-09 	 4.29737281666372e-17
426.9298498498499 	 4.20828175023684e-09 	 4.277257359756254e-17
427.4303303303304 	 4.203354250424817e-09 	 4.257259462614941e-17
427.93081081081084 	 4.1984382763894435e-09 	 4.2373783017441554e-17
428.43129129129136 	 4.193533787738528e-09 	 4.217613060370356e-17
428.9317717717718 	 4.188640744268399e-09 	 4.1979629283794527e-17
429.4322522522523 	 4.183759105962807e-09 	 4.1784271022548074e-17
429.9327327327328 	 4.178888832991829e-09 	 4.159004785015918e-17
430.43321321321326 	 4.174029885710793e-09 	 4.139695186157723e-17
430.9336936936937 	 4.169182224659194e-09 	 4.120497521590532e-17
431.4341741741742 	 4.164345810559633e-09 	 4.101411013580607e-17
431.9346546546547 	 4.159520604316754e-09 	 4.082434890691337e-17
432.43513513513517 	 4.154706567016185e-09 	 4.0635683877250425e-17
432.93561561561563 	 4.149903659923501e-09 	 4.044810745665373e-17
433.43609609609615 	 4.145111844483179e-09 	 4.026161211620304e-17
433.9365765765766 	 4.1403310823175675e-09 	 4.0076190387657346e-17
434.4370570570571 	 4.135561335225863e-09 	 3.989183486289657e-17
434.9375375375376 	 4.130802565183092e-09 	 3.970853819336898e-17
435.43801801801806 	 4.1260547343390996e-09 	 3.952629308954461e-17
435.9384984984985 	 4.121317805017548e-09 	 3.934509232037394e-17
436.43897897897904 	 4.116591739714918e-09 	 3.916492871275234e-17
436.9394594594595 	 4.111876501099519e-09 	 3.898579515099019e-17
437.43993993993996 	 4.10717205201051e-09 	 3.880768457628794e-17
437.9404204204205 	 4.102478355456917e-09 	 3.8630589986217235e-17
438.44090090090094 	 4.09779537461667e-09 	 3.845450443420682e-17
438.9413813813814 	 4.093123072835634e-09 	 3.827942102903388e-17
439.4418618618619 	 4.0884614136266556e-09 	 3.810533293432072e-17
439.9423423423424 	 4.083810360668618e-09 	 3.793223336803646e-17
440.44282282282285 	 4.079169877805486e-09 	 3.7760115602003786e-17
440.94330330330337 	 4.074539929045381e-09 	 3.758897296141077e-17
441.44378378378383 	 4.0699204785596445e-09 	 3.741879882432779e-17
441.9442642642643 	 4.065311490681913e-09 	 3.724958662122914e-17
442.4447447447448 	 4.060712929907204e-09 	 3.70813298345196e-17
442.9452252252253 	 4.056124760891002e-09 	 3.691402199806596e-17
443.44570570570573 	 4.051546948448351e-09 	 3.674765669673301e-17
443.94618618618625 	 4.04697945755296e-09 	 3.658222756592444e-17
444.4466666666667 	 4.042422253336308e-09 	 3.641772829112839e-17
444.9471471471472 	 4.03787530108675e-09 	 3.6254152607467355e-17
445.4476276276277 	 4.033338566248648e-09 	 3.6091494299252985e-17
445.94810810810816 	 4.028812014421485e-09 	 3.5929747199545125e-17
446.4485885885886 	 4.0242956113590014e-09 	 3.5768905189715335e-17
446.94906906906914 	 4.019789322968327e-09 	 3.5608962199014845e-17
447.4495495495496 	 4.0152931153091286e-09 	 3.5449912204146893e-17
447.95003003003006 	 4.010806954592754e-09 	 3.5291749228843255e-17
448.4505105105105 	 4.006330807181384e-09 	 3.513446734344505e-17
448.95099099099104 	 4.001864639587197e-09 	 3.497806066448782e-17
449.4514714714715 	 3.997408418471532e-09 	 3.482252335429068e-17
449.95195195195197 	 3.9929621106440535e-09 	 3.4667849620549575e-17
450.4524324324325 	 3.988525683061934e-09 	 3.451403371593461e-17
450.95291291291295 	 3.9840991028290376e-09 	 3.436106993769151e-17
451.4533933933934 	 3.979682337195097e-09 	 3.420895262724683e-17
451.95387387387393 	 3.975275353554915e-09 	 3.405767616981719e-17
452.4543543543544 	 3.970878119447558e-09 	 3.390723499402261e-17
452.95483483483486 	 3.966490602555558e-09 	 3.375762357150319e-17
453.4553153153154 	 3.962112770704127e-09 	 3.3608836416540184e-17
453.95579579579584 	 3.957744591860362e-09 	 3.346086808568028e-17
454.4562762762763 	 3.953386034132469e-09 	 3.331371317736403e-17
454.9567567567568 	 3.949037065768986e-09 	 3.316736633155767e-17
455.4572372372373 	 3.944697655158015e-09 	 3.302182222938877e-17
455.95771771771774 	 3.940367770826446e-09 	 3.2877075592785214e-17
456.45819819819826 	 3.936047381439209e-09 	 3.273312118411811e-17
456.9586786786787 	 3.931736455798508e-09 	 3.2589953805847875e-17
457.4591591591592 	 3.9274349628430766e-09 	 3.244756830017399e-17
457.9596396396397 	 3.923142871647428e-09 	 3.230595954868813e-17
458.46012012012017 	 3.9188601514211165e-09 	 3.2165122472030706e-17
458.9606006006006 	 3.914586771507999e-09 	 3.202505202955076e-17
459.46108108108115 	 3.910322701385505e-09 	 3.1885743218969205e-17
459.9615615615616 	 3.906067910663909e-09 	 3.174719107604536e-17
460.46204204204207 	 3.901822369085608e-09 	 3.160939067424675e-17
460.9625225225226 	 3.897586046524409e-09 	 3.147233712442205e-17
461.46300300300305 	 3.893358912984809e-09 	 3.133602557447742e-17
461.9634834834835 	 3.889140938601292e-09 	 3.1200451209055604e-17
462.46396396396403 	 3.884932093637624e-09 	 3.106560924921867e-17
462.9644444444445 	 3.880732348486156e-09 	 3.09314949521334e-17
463.46492492492496 	 3.876541673667126e-09 	 3.079810361075987e-17
463.9654054054055 	 3.872360039827973e-09 	 3.066543055354315e-17
464.46588588588594 	 3.86818741774265e-09 	 3.05334711441079e-17
464.9663663663664 	 3.864023778310944e-09 	 3.0402220780955847e-17
465.4668468468469 	 3.8598690925577964e-09 	 3.0271674897166327e-17
465.9673273273274 	 3.855723331632636e-09 	 3.0141828960099653e-17
466.46780780780784 	 3.851586466808707e-09 	 3.0012678471103347e-17
466.9682882882883 	 3.847458469482408e-09 	 2.988421896522116e-17
467.4687687687688 	 3.84333931117263e-09 	 2.975644601090493e-17
467.9692492492493 	 3.8392289635201065e-09 	 2.962935520972933e-17
468.46972972972975 	 3.8351273982867544e-09 	 2.9502942196109004e-17
468.97021021021027 	 3.831034587355036e-09 	 2.9377202637018854e-17
469.47069069069073 	 3.826950502727312e-09 	 2.925213223171671e-17
469.9711711711712 	 3.822875116525204e-09 	 2.9127726711468735e-17
470.4716516516517 	 3.818808400988957e-09 	 2.900398183927745e-17
470.9721321321322 	 3.814750328476816e-09 	 2.8880893409612423e-17
471.47261261261264 	 3.810700871464394e-09 	 2.875845724814341e-17
471.97309309309315 	 3.806660002544051e-09 	 2.863666921147612e-17
472.4735735735736 	 3.802627694424278e-09 	 2.851552518689052e-17
472.9740540540541 	 3.798603919929078e-09 	 2.8395021092081485e-17
473.4745345345346 	 3.794588651997361e-09 	 2.827515287490206e-17
473.97501501501506 	 3.790581863682333e-09 	 2.8155916513109135e-17
474.4754954954955 	 3.786583528150895e-09 	 2.803730801411149e-17
474.97597597597604 	 3.782593618683043e-09 	 2.791932341472016e-17
475.4764564564565 	 3.778612108671277e-09 	 2.7801958780901397e-17
475.97693693693697 	 3.7746389716200004e-09 	 2.7685210207531573e-17
476.4774174174175 	 3.770674181144942e-09 	 2.7569073818154884e-17
476.97789789789795 	 3.766717710972568e-09 	 2.745354576474293e-17
477.4783783783784 	 3.7627695349395e-09 	 2.7338622227456747e-17
477.9788588588589 	 3.75882962699194e-09 	 2.7224299414411057e-17
478.4793393393394 	 3.754897961185097e-09 	 2.7110573561440716e-17
478.97981981981985 	 3.750974511682619e-09 	 2.6997440931869403e-17
479.48030030030037 	 3.747059252756025e-09 	 2.6884897816280324e-17
479.98078078078083 	 3.743152158784142e-09 	 2.6772940532289315e-17
480.4812612612613 	 3.73925320425255e-09 	 2.666156542431985e-17
480.9817417417418 	 3.7353623637530206e-09 	 2.6550768863380228e-17
481.4822222222223 	 3.731479611982973e-09 	 2.644054724684292e-17
481.98270270270274 	 3.727604923744918e-09 	 2.6330896998225832e-17
482.48318318318326 	 3.723738273945915e-09 	 2.622181456697567e-17
482.9836636636637 	 3.7198796375970348e-09 	 2.6113296428253415e-17
483.4841441441442 	 3.7160289898128147e-09 	 2.6005339082721593e-17
483.9846246246247 	 3.7121863058107286e-09 	 2.589793905633375e-17
484.48510510510516 	 3.7083515609106512e-09 	 2.5791092900125643e-17
484.9855855855856 	 3.704524730534334e-09 	 2.5684797190008665e-17
485.4860660660661 	 3.700705790204876e-09 	 2.5579048526564793e-17
485.9865465465466 	 3.6968947155462044e-09 	 2.5473843534843814e-17
486.48702702702707 	 3.693091482282557e-09 	 2.5369178864162264e-17
486.98750750750753 	 3.6892960662379624e-09 	 2.5265051187904095e-17
487.48798798798805 	 3.6855084433357317e-09 	 2.5161457203323417e-17
487.9884684684685 	 3.6817285895979484e-09 	 2.5058393631348923e-17
488.488948948949 	 3.6779564811449627e-09 	 2.4955857216390172e-17
488.9894294294295 	 3.674192094194885e-09 	 2.485384472614548e-17
489.48990990990995 	 3.6704354050630937e-09 	 2.475235295141196e-17
489.9903903903904 	 3.6666863901617305e-09 	 2.465137870589685e-17
490.49087087087094 	 3.66294502599921e-09 	 2.4550918826030858e-17
490.9913513513514 	 3.659211289179732e-09 	 2.4450970170783233e-17
491.49183183183186 	 3.6554851564027897e-09 	 2.4351529621478298e-17
491.9923123123124 	 3.6517666044626843e-09 	 2.4252594081613833e-17
492.49279279279284 	 3.6480556102480483e-09 	 2.4154160476681197e-17
492.9932732732733 	 3.6443521507413623e-09 	 2.4056225753986867e-17
493.4937537537538 	 3.6406562030184786e-09 	 2.3958786882475694e-17
493.9942342342343 	 3.636967744248155e-09 	 2.3861840852555928e-17
494.49471471471475 	 3.6332867516915746e-09 	 2.3765384675925553e-17
494.99519519519527 	 3.6296132027018854e-09 	 2.3669415385400394e-17
495.4956756756757 	 3.6259470747237363e-09 	 2.357393003474379e-17
495.9961561561562 	 3.6222883452928106e-09 	 2.347892569849766e-17
496.4966366366367 	 3.618636992035371e-09 	 2.338439947181526e-17
496.99711711711717 	 3.614992992667802e-09 	 2.3290348470295343e-17
497.49759759759763 	 3.611356324996158e-09 	 2.3196769829817917e-17
497.99807807807815 	 3.6077269669157097e-09 	 2.3103660706381358e-17
498.4985585585586 	 3.6041048964105005e-09 	 2.3011018275941162e-17
498.9990390390391 	 3.6004900915528972e-09 	 2.291883973424994e-17
499.4995195195196 	 3.596882530503151e-09 	 2.2827122296699075e-17
500.0 	 3.5932821915089555e-09 	 2.2735863198161672e-17
