0.00035233633633633635 	 0.0019778602505530723 	 96847619973.4974
0.0004023843843843844 	 0.002562397940006123 	 53183780728.52526
0.0004524324324324324 	 0.01625169733736186 	 30980936756.301353
0.0005024804804804805 	 0.08002166495376052 	 18728419023.099514
0.0005525285285285286 	 0.11293647847373724 	 11993090743.852985
0.0006025765765765767 	 0.11893709405351716 	 6882746277.49476
0.0006526246246246247 	 0.1362372984350049 	 4177876836.948486
0.0007026726726726728 	 0.17805726829578547 	 2436488382.0784993
0.0007527207207207208 	 0.2618024543207827 	 1225816233.208645
0.0008027687687687688 	 0.6007344842263483 	 517733825.73742783
0.0008528168168168169 	 3.766991161330601 	 526958508.58941823
0.0009028648648648649 	 7.437157902616131 	 3441331079.5979676
0.000952912912912913 	 6.730497096702679 	 5987683495.965969
0.001002960960960961 	 6.206189066015447 	 5344615774.58293
0.0010530090090090092 	 5.468848839931913 	 4235840575.758148
0.0011030570570570572 	 4.374426549449771 	 3292362095.043398
0.0011531051051051051 	 3.507912023843591 	 2337618757.9976716
0.0012031531531531533 	 2.835757307845926 	 1515910474.930044
0.0012532012012012013 	 2.329784195766521 	 939258705.7047201
0.0013032492492492493 	 2.5339162297715685 	 657568667.4971378
0.0013532972972972973 	 2.7054775316003354 	 517926344.08827263
0.0014033453453453455 	 2.7300097041938796 	 425183316.47735775
0.0014533933933933935 	 2.741391105792655 	 322147079.0490272
0.0015034414414414415 	 2.9016988809567126 	 217494128.85505116
0.0015534894894894897 	 3.1876613550616386 	 168444268.04705873
0.0016035375375375376 	 3.7067970825065055 	 178462173.4329493
0.0016535855855855856 	 4.088908883174518 	 209659562.2479519
0.0017036336336336338 	 4.055728371244646 	 239868020.79191464
0.0017536816816816818 	 4.177896048558647 	 258207056.32643822
0.0018037297297297298 	 4.02360128882017 	 277842497.3304153
0.001853777777777778 	 4.020500187482957 	 262370948.78287464
0.001903825825825826 	 4.077100283590855 	 233111846.46889216
0.001953873873873874 	 4.09209498265683 	 204316437.48693994
0.0020039219219219217 	 3.838633093195784 	 194833411.06318673
0.00205396996996997 	 3.7348749900925107 	 170684096.40337586
0.002104018018018018 	 3.5133407805883823 	 154069192.77479127
0.002154066066066066 	 3.288507428216008 	 139330406.7326144
0.002204114114114114 	 3.09017530680885 	 126396322.54056913
0.0022541621621621623 	 2.9062877965506915 	 114950674.87758222
0.00230421021021021 	 2.735739223770564 	 104791004.72910777
0.0023542582582582582 	 2.577168505862428 	 95744883.58701898
0.0024043063063063064 	 2.4296578362713874 	 87667752.61690152
0.002454354354354354 	 2.2921056550119654 	 80435680.85830663
0.0025044024024024024 	 2.16395956189475 	 73944422.36575311
0.00255445045045045 	 2.044260512018827 	 68103159.92341015
0.0026044984984984984 	 1.9323720648502656 	 62834584.5382759
0.0026545465465465466 	 1.8276986534056505 	 58071937.61205317
0.0027045945945945943 	 1.7296673340355269 	 53757370.71749427
0.0027546426426426425 	 1.6377579446308452 	 49840680.754821934
0.0028046906906906907 	 1.5515619935734233 	 46278278.00418504
0.0028547387387387385 	 1.4705965468789972 	 43031903.93179627
0.0029047867867867867 	 1.3945381623202378 	 40068259.94865523
0.002954834834834835 	 1.3229914201066666 	 37357959.35580685
0.0030048828828828826 	 1.2556574664048876 	 34875233.62204549
0.003054930930930931 	 1.1922279737998638 	 32597303.874632727
0.003104978978978979 	 1.1324583833005326 	 30504070.81326082
0.003155027027027027 	 1.0760749631266975 	 28577667.94944298
0.003205075075075075 	 1.0228756796217933 	 26802275.87010495
0.003255123123123123 	 0.9726197365312712 	 25163764.6180394
0.003305171171171171 	 0.9251495633662324 	 23649585.94390001
0.003355219219219219 	 0.8802625994511917 	 22248480.72571541
0.0034052672672672674 	 0.8377985348709418 	 20950389.87944239
0.003455315315315315 	 0.7976253431718513 	 19746299.51239945
0.0035053633633633633 	 0.7595787673285648 	 18628084.943958864
0.0035554114114114115 	 0.7235270579307227 	 17588446.986176256
0.0036054594594594593 	 0.6893612102168242 	 16620811.20534259
0.0036555075075075075 	 0.6569625168951729 	 15719232.076003037
0.0037055555555555557 	 0.6262301658329076 	 14878336.986363506
0.0037556036036036035 	 0.5970670183839695 	 14093258.112959677
0.0038056516516516516 	 0.5693648896260355 	 13359574.041320024
0.0038556996996997 	 0.5430764431605528 	 12673286.912141714
0.0039057477477477476 	 0.5180865381072884 	 12030736.587154796
0.003955795795795796 	 0.4943371022118515 	 11428605.58673809
0.004005843843843844 	 0.4717606123723936 	 10863863.983256357
0.004055891891891893 	 0.45029427468259714 	 10333745.08724397
0.00410593993993994 	 0.4298678818534182 	 9835716.899612436
0.004155987987987988 	 0.410444575088857 	 9367468.264434896
0.004206036036036037 	 0.39193252536308054 	 8926869.390106237
0.004256084084084085 	 0.3743268851071431 	 8511982.636838542
0.004306132132132132 	 0.35756457831820027 	 8121016.760706813
0.004356180180180181 	 0.3415896562777662 	 7752326.109206191
0.004406228228228229 	 0.3263809865738307 	 7404401.093286489
0.0044562762762762765 	 0.31188814155930383 	 7075846.118695469
0.004506324324324325 	 0.2980683852264646 	 6765375.161794841
0.004556372372372373 	 0.2848937219000829 	 6471802.73818484
0.004606420420420421 	 0.2723461953721231 	 6194034.250996668
0.004656468468468469 	 0.26038233373985814 	 5931054.303110617
0.004706516516516517 	 0.2489710323816104 	 5681924.295692595
0.004756564564564565 	 0.23808942892512344 	 5445775.308199525
0.0048066126126126135 	 0.22771636727235603 	 5221801.589286904
0.004856660660660661 	 0.2178114824297115 	 5009253.693030086
0.004906708708708709 	 0.20837444949533648 	 4807438.666371496
0.004956756756756757 	 0.19936881586004773 	 4615709.491169122
0.005006804804804805 	 0.19077983842808138 	 4433465.823023898
0.005056852852852853 	 0.18258817956315782 	 4260148.355217867
0.005106900900900901 	 0.17477297681736073 	 4095235.8682295126
0.0051569489489489495 	 0.16731766249945546 	 3938242.62295707
0.005206996996996997 	 0.16020909776392409 	 3788715.548113633
0.005257045045045045 	 0.15342893201801905 	 3646231.3169812136
0.005307093093093094 	 0.1469632925589892 	 3510394.6097170277
0.0053571411411411415 	 0.14079740892247275 	 3380835.7586795716
0.005407189189189189 	 0.13491699905603868 	 3257208.9247346865
0.005457237237237238 	 0.12931331963990864 	 3139190.5428504315
0.005507285285285286 	 0.12396952941141104 	 3026477.188747425
0.005557333333333333 	 0.11887787097857411 	 2918784.769541496
0.005607381381381382 	 0.11402462322883647 	 2815846.615420823
0.00565742942942943 	 0.10940174665411001 	 2717412.6387295322
0.0057074774774774776 	 0.10500139070165232 	 2623247.9888857263
0.005757525525525526 	 0.10081309086265366 	 2533131.927157436
0.005807573573573574 	 0.09852539466675085 	 2446899.115782105
0.005857621621621622 	 0.09768452463927921 	 2364338.7025035494
0.00590766966966967 	 0.09685705595116928 	 2285231.1541356565
0.005957717717717718 	 0.09604359584663552 	 2209404.6449579424
0.006007765765765766 	 0.09524262685735893 	 2136697.1947652493
0.0060578138138138145 	 0.09445591780323563 	 2066956.1484214256
0.006107861861861862 	 0.09368261541985037 	 2000037.4407522166
0.00615790990990991 	 0.09292195093492278 	 1935805.104987571
0.006207957957957959 	 0.09217177028193335 	 1874130.7265402314
0.0062580060060060064 	 0.09143442556906359 	 1814893.0851122686
0.006308054054054054 	 0.09070967580588311 	 1757977.5597413804
0.006358102102102103 	 0.0899946453506704 	 1703275.72021994
0.006408150150150151 	 0.08929251829307795 	 1650685.1096340127
0.006458198198198198 	 0.08860077616613737 	 1600108.6580055617
0.006508246246246247 	 0.08791971483856424 	 1551454.5119225902
0.006558294294294295 	 0.08724846351439891 	 1504635.6477812773
0.0066083423423423425 	 0.08658714440458806 	 1459569.6202862242
0.006658390390390391 	 0.08593584330379314 	 1416178.2722572673
0.006708438438438439 	 0.08529530305726889 	 1374387.4928795358
0.006758486486486487 	 0.08466421825059811 	 1334126.937136611
0.006808534534534535 	 0.08404199727573028 	 1295329.8514211974
0.006858582582582583 	 0.08342881349092324 	 1257932.8663732244
0.006908630630630631 	 0.08282395144977647 	 1221875.777693439
0.0069586786786786795 	 0.082227829590727 	 1187101.3961189592
0.007008726726726727 	 0.08164071732441161 	 1153555.357927892
0.007058774774774775 	 0.08106196291337373 	 1121185.955730258
0.007108822822822824 	 0.08049175183258671 	 1089944.015089255
0.007158870870870871 	 0.0799294542577131 	 1059782.731691578
0.007208918918918919 	 0.07937426233926331 	 1030657.5499636823
0.007258966966966968 	 0.07882672770627012 	 1002526.0601463068
0.007309015015015016 	 0.07828670967459758 	 975347.8553436778
0.007359063063063063 	 0.07775405434229796 	 949084.4324506794
0.007409111111111112 	 0.07722879197117435 	 923699.0927078829
0.00745915915915916 	 0.07671060072027582 	 899156.8393870869
0.0075092072072072075 	 0.07619956353754341 	 875424.2969147407
0.007559255255255256 	 0.07569529813783984 	 852469.6157642291
0.007609303303303304 	 0.0751977181231326 	 830262.4016724142
0.007659351351351352 	 0.07470658830416865 	 808773.6353091187
0.0077093993993994 	 0.07422128821550382 	 787975.5991116153
0.007759447447447448 	 0.07374226001832451 	 767841.8261519423
0.007809495495495496 	 0.07326948949337456 	 748347.0204902566
0.007859543543543544 	 0.0728027916643377 	 729467.0011944339
0.007909591591591592 	 0.07234251415986913 	 711178.6534851554
0.00795963963963964 	 0.07188796938994611 	 693459.860133507
0.008009687687687688 	 0.07143856556530598 	 676289.4633042042
0.008059735735735736 	 0.07099473962303542 	 659647.2260365844
0.008109783783783785 	 0.07055635944028317 	 643513.7720908892
0.008159831831831832 	 0.07012342171954147 	 627870.5506339427
0.00820987987987988 	 0.0696963659086192 	 612699.7990876604
0.00825992792792793 	 0.06927440270456826 	 597984.4905559948
0.008309975975975976 	 0.06885677067832369 	 583708.3098947796
0.008360024024024025 	 0.06844424993812279 	 569855.6326227972
0.008410072072072073 	 0.06803762694720361 	 556411.4791347646
0.00846012012012012 	 0.06763568404369437 	 543361.4681732762
0.008510168168168169 	 0.06723732706751148 	 530691.8065312977
0.008560216216216218 	 0.0668437177581889 	 518389.27841607435
0.008610264264264264 	 0.06645544992858735 	 506441.19641404704
0.008660312312312313 	 0.06607164317676993 	 494835.37061621994
0.008710360360360362 	 0.06569202484592224 	 483560.1018501987
0.008760408408408409 	 0.0653166781540213 	 472604.1574226005
0.008810456456456457 	 0.06494505524577296 	 461956.7429196191
0.008860504504504506 	 0.06457773620638967 	 451607.4951527877
0.008910552552552553 	 0.06421539386377391 	 441546.4554551289
0.008960600600600601 	 0.06385710454201948 	 431764.04022101697
0.00901064864864865 	 0.06350283799934514 	 422251.0414988349
0.009060696696696697 	 0.06315242350133474 	 412998.6034766566
0.009110744744744746 	 0.0628053816179024 	 403998.20607992104
0.009160792792792794 	 0.062462089777038224 	 395241.6579305974
0.009210840840840841 	 0.06212220991449681 	 386721.07209788513
0.00926088888888889 	 0.06178607881103614 	 378428.8618002773
0.009310936936936938 	 0.06145412193606897 	 370357.72388393775
0.009360984984984985 	 0.061125675928954314 	 362500.61973025126
0.009411033033033034 	 0.0608004397748792 	 354850.77287470194
0.009461081081081082 	 0.06047870385228987 	 347401.6592465446
0.00951112912912913 	 0.060160780449177484 	 340146.9932550212
0.009561177177177178 	 0.05984620774548051 	 333080.71341153374
0.009611225225225227 	 0.05953506909877848 	 326196.9805147597
0.009661273273273274 	 0.0592270472988338 	 319490.1632562598
0.009711321321321322 	 0.058921459471947366 	 312954.8299817367
0.009761369369369369 	 0.05861905603686671 	 306585.75012093876
0.009811417417417418 	 0.058320084310913185 	 300377.87571759504
0.009861465465465466 	 0.05802408482959567 	 294326.33312548784
0.009911513513513513 	 0.05773065623074239 	 288426.42000206595
0.009961561561561562 	 0.05744029192804798 	 282673.6026152082
0.01001160960960961 	 0.057153594688174075 	 277063.5051559303
0.010061657657657657 	 0.056869680904231494 	 271591.89580081654
0.010111705705705706 	 0.05658813215652814 	 266254.69056066807
0.010161753753753755 	 0.05630935482575238 	 261047.9491016371
0.010211801801801802 	 0.05603329784599061 	 255967.86311555185
0.01026184984984985 	 0.055759935504876346 	 251010.75347091715
0.010311897897897899 	 0.05548923873158029 	 246173.0651016853
0.010361945945945946 	 0.05522115688123154 	 241451.36216855329
0.010411993993993994 	 0.054955652245839794 	 236842.32366062625
0.010462042042042043 	 0.05469271112933279 	 232342.73907815703
0.01051209009009009 	 0.054432415295457066 	 227949.50455188652
0.010562138138138139 	 0.05417458040736541 	 223659.61731154937
0.010612186186186187 	 0.05391914248810172 	 219470.17352144423
0.010662234234234234 	 0.05366608498946303 	 215378.36427995618
0.010712282282282283 	 0.05341528835383274 	 211381.47148972712
0.010762330330330331 	 0.05316682427661405 	 207476.8656744108
0.010812378378378378 	 0.05292066036715485 	 203662.00154946226
0.010862426426426427 	 0.052676764831755866 	 199934.4153542549
0.010912474474474475 	 0.05243510645998143 	 196291.72188150242
0.010962522522522522 	 0.05219565461134563 	 192731.6116279036
0.011012570570570571 	 0.05195837920236099 	 189251.84806053096
0.01106261861861862 	 0.051723250693939175 	 185850.26499377115
0.011112666666666667 	 0.0514902400791319 	 182524.76407186573
0.011162714714714715 	 0.05125931887120162 	 179273.31235234987
0.011212762762762764 	 0.05103045909201184 	 176093.9399859215
0.01126281081081081 	 0.05080363326072679 	 172984.7379884755
0.01131285885885886 	 0.05057881438281122 	 169943.85610126113
0.011362906906906908 	 0.05035598797807232 	 166969.50077554642
0.011412954954954955 	 0.05013517972950425 	 164059.9332862511
0.011463003003003003 	 0.049916321745004114 	 161213.46739015947
0.011513051051051052 	 0.04969948237522422 	 158428.4682607135
0.011563099099099099 	 0.04948448574386237 	 155703.34949898717
0.011613147147147148 	 0.049271165147389315 	 153036.5722919148
0.011663195195195196 	 0.049059677341076594 	 150426.64475982502
0.011713243243243243 	 0.04885000711714623 	 147872.11882044398
0.011763291291291292 	 0.04864211898487766 	 145371.589180634
0.01181333933933934 	 0.04843598212599455 	 142923.69197150267
0.011863387387387387 	 0.04823158452539929 	 140527.103400339
0.011913435435435436 	 0.0480289042633485 	 138180.53832738212
0.011963483483483485 	 0.04782791978689522 	 135882.74901066168
0.012013531531531531 	 0.04762860990224833 	 133632.5238674
0.01206357957957958 	 0.047430964020839336 	 131428.68631002048
0.012113627627627629 	 0.04723500066128665 	 129270.093646884
0.012163675675675676 	 0.04704064990369673 	 127155.63565084743
0.012213723723723724 	 0.04684789192424296 	 125084.23388148299
0.012263771771771773 	 0.046656707222700225 	 123054.84051745995
0.01231381981981982 	 0.04646707661586879 	 121066.43736703342
0.012363867867867868 	 0.04627898123115773 	 119118.03491436261
0.012413915915915917 	 0.04609240250032372 	 117208.67140022416
0.012463963963963964 	 0.045907322153360616 	 115337.4119357472
0.012514012012012013 	 0.04572372221253562 	 113503.34764785647
0.012564060060060061 	 0.04554158498656811 	 111705.59485517006
0.012614108108108108 	 0.045360893064946874 	 109943.29427314865
0.012664156156156157 	 0.04518162931238226 	 108215.61024734793
0.012714204204204205 	 0.045003776863389224 	 106521.73001367488
0.012764252252252252 	 0.04482731911699792 	 104860.86298459457
0.012814300300300301 	 0.04465223973158816 	 103232.2400602803
0.01286434834834835 	 0.044478522619844495 	 101635.11296374256
0.012914396396396396 	 0.044306151943828594 	 100068.75359901227
0.012964444444444445 	 0.044135112110165756 	 98532.4534314941
0.013014492492492494 	 0.0439653877653425 	 97025.52288964206
0.01306454054054054 	 0.04379696379111218 	 95547.2907871451
0.01311458858858859 	 0.043629825300005906 	 94097.10376484449
0.013164636636636638 	 0.043463957630945765 	 92674.32575163759
0.013214684684684685 	 0.04329934634495777 	 91278.33744365221
0.013264732732732733 	 0.04313597722098183 	 89908.5358010066
0.013314780780780782 	 0.042973836251776275 	 88564.33356149835
0.013364828828828829 	 0.04281290963991437 	 87245.15877059048
0.013414876876876878 	 0.042653183793870376 	 85950.45432709114
0.013464924924924926 	 0.04249464532419303 	 84679.67754394669
0.013514972972972973 	 0.042337281039763974 	 83432.29972359138
0.013565021021021022 	 0.042181077944138966 	 82207.8057473194
0.01361506906906907 	 0.042026023231969876 	 81005.69367816755
0.013665117117117117 	 0.04187210428550528 	 79825.4743768152
0.013715165165165166 	 0.041719308671167625 	 78666.6711300298
0.013765213213213215 	 0.04156762413620512 	 77528.81929120481
0.013815261261261261 	 0.041417038605416394 	 76411.4659325532
0.01386530930930931 	 0.04126754017794604 	 75314.16950853876
0.013915357357357359 	 0.04111911712414939 	 74236.49953014342
0.013965405405405406 	 0.04097175788252464 	 73178.03624958395
0.014015453453453454 	 0.04082545105671072 	 72138.37035510676
0.014065501501501503 	 0.040680185412549266 	 71117.10267550462
0.01411554954954955 	 0.04053594987520912 	 70113.84389401237
0.014165597597597598 	 0.040392733526371724 	 69128.21427125113
0.014215645645645647 	 0.04025052560147602 	 68159.84337690572
0.014265693693693694 	 0.040109315487021346 	 67208.36982982901
0.014315741741741743 	 0.03996909271792684 	 66273.44104628073
0.014365789789789791 	 0.039829846974946154 	 65354.71299601945
0.014415837837837838 	 0.03969156808213589 	 64451.8499659752
0.014465885885885887 	 0.03955424600437671 	 63564.5243312429
0.014515933933933935 	 0.03941787084494562 	 62692.41633314527
0.014565981981981982 	 0.0392824328431384 	 61835.2138641231
0.014616030030030031 	 0.0391479223719408 	 60992.61225922077
0.01466607807807808 	 0.039014329935747466 	 60164.31409394318
0.014716126126126126 	 0.038881646168127386 	 59350.02898826798
0.014766174174174175 	 0.038749861829634816 	 58549.47341660602
0.014816222222222224 	 0.03861896780566451 	 57762.37052351012
0.01486627027027027 	 0.03848895510435038 	 56988.44994493921
0.01491631831831832 	 0.03835981485450628 	 56227.447634892495
0.014966366366366368 	 0.03823153830360833 	 55479.10569723579
0.015016414414414415 	 0.038104116815817414 	 54743.17222254631
0.015066462462462463 	 0.03797754187004113 	 54019.40112981134
0.015116510510510512 	 0.03785180505803435 	 53307.552012820575
0.015166558558558559 	 0.037726898082537215 	 52607.389991097465
0.015216606606606608 	 0.03760281275544997 	 51918.685565221575
0.015266654654654656 	 0.037479540996043746 	 51241.214476398745
0.015316702702702703 	 0.0373570748292063 	 50574.75757014058
0.015366750750750752 	 0.037235406383722115 	 49919.100663920086
0.0154167987987988 	 0.03711452789058603 	 49274.03441867562
0.015466846846846847 	 0.03699443168134948 	 48639.35421403825
0.015516894894894896 	 0.036875110186498875 	 48014.86002716398
0.015566942942942944 	 0.036756555933865245 	 47400.35631505498
0.015616990990990991 	 0.03663876154706436 	 46795.65190025838
0.015667039039039037 	 0.03652171974396684 	 46200.55985983574
0.015717087087087085 	 0.03640542333519748 	 45614.897417499225
0.015767135135135134 	 0.03628986522266318 	 45038.485838814835
0.015817183183183182 	 0.036175038398108726 	 44471.150329375094
0.01586723123123123 	 0.03606093594170001 	 43912.71993584951
0.01591727927927928 	 0.03594755102063393 	 43363.02744982137
0.015967327327327325 	 0.035834876887774446 	 42821.9093143247
0.016017375375375374 	 0.03572290688031414 	 42289.20553299713
0.016067423423423422 	 0.03561163441846095 	 41764.75958176789
0.01611747147147147 	 0.0355010530041492 	 41248.418323002086
0.01616751951951952 	 0.03539115621977465 	 40740.03192202585
0.016217567567567568 	 0.035281937726952976 	 40239.453765959406
0.016267615615615613 	 0.035173391265301175 	 39746.54038478704
0.016317663663663662 	 0.0350655106512413 	 39261.151374595705
0.01636771171171171 	 0.034958289776826273 	 38783.14932291671
0.01641775975975976 	 0.034851722608587134 	 38312.39973610603
0.016467807807807808 	 0.03474580318640121 	 37848.77096870201
0.016517855855855856 	 0.03464052562238103 	 37392.13415470066
0.0165679039039039 	 0.034535884099783226 	 36942.3631406909
0.01661795195195195 	 0.03443187287193726 	 36499.334420793886
0.016668 	 0.03432848626119338 	 36062.92707335298
0.016718048048048047 	 0.0342257186578895 	 35633.0226993212
0.016768096096096096 	 0.03412356451933659 	 35209.505362296935
0.016818144144144145 	 0.034022018368822175 	 34792.26153015804
0.01686819219219219 	 0.03392107479463155 	 34381.180018247775
0.01691824024024024 	 0.033820728449086394 	 33976.15193406651
0.016968288288288287 	 0.033720974047600404 	 33577.07062342529
0.017018336336336336 	 0.03362180636775159 	 33183.831618018165
0.017068384384384384 	 0.03352322024837084 	 32796.33258437191
0.017118432432432433 	 0.03342521058864656 	 32414.473274133416
0.017168480480480478 	 0.033327772347244905 	 32038.155475655287
0.017218528528528527 	 0.033230900541445375 	 31667.282966842606
0.017268576576576575 	 0.03313459024629145 	 31301.761469224344
0.017318624624624624 	 0.03303883659375597 	 30941.498603214022
0.017368672672672673 	 0.03294363477192087 	 30586.403844525554
0.01741872072072072 	 0.03284898002417116 	 30236.38848171152
0.017468768768768766 	 0.032754867648402686 	 29891.36557479131
0.017518816816816815 	 0.03266129299624346 	 29551.24991493853
0.017568864864864864 	 0.03256825147228841 	 29215.957985197805
0.017618912912912912 	 0.032475738533347016 	 28885.40792220108
0.01766896096096096 	 0.032383749687703856 	 28559.519478856186
0.01771900900900901 	 0.03229228049439163 	 28238.2139879796
0.017769057057057055 	 0.032201326562476464 	 27921.414326847345
0.017819105105105103 	 0.032110883550355275 	 27609.044882638012
0.017869153153153152 	 0.03202094716506497 	 27301.031518743534
0.0179192012012012 	 0.031931513161603156 	 26997.30154192287
0.01796924924924925 	 0.03184257734226025 	 26697.78367027583
0.018019297297297298 	 0.03175413555596272 	 26402.40800201415
0.018069345345345343 	 0.03166618369762723 	 26111.105985007667
0.018119393393393392 	 0.03157871770752543 	 25823.81038708443
0.01816944144144144 	 0.03149173357065938 	 25540.45526706419
0.01821948948948949 	 0.03140522731614715 	 25260.975946504946
0.018269537537537538 	 0.03131919501661855 	 24985.308982143204
0.018319585585585586 	 0.031233632787620792 	 24713.39213900916
0.01836963363363363 	 0.031148536787033835 	 24445.164364198314
0.01841968168168168 	 0.031063903214495273 	 24180.56576128192
0.01846972972972973 	 0.030979728310834585 	 23919.53756533901
0.018519777777777777 	 0.030896008357516536 	 23662.022118593133
0.018569825825825826 	 0.03081273967609361 	 23407.96284663766
0.018619873873873875 	 0.030729918627667233 	 23157.30423523401
0.01866992192192192 	 0.030647541612357693 	 22909.991807667247
0.01871996996996997 	 0.03056560506878255 	 22665.97210264446
0.018770018018018017 	 0.0304841054735434 	 22425.19265272136
0.018820066066066066 	 0.030403039340720805 	 22187.60196324314
0.018870114114114114 	 0.030322403221377303 	 21953.14949178607
0.018920162162162163 	 0.030242193703068274 	 21721.785628086513
0.018970210210210208 	 0.030162407409360534 	 21493.461674444672
0.019020258258258257 	 0.03008304099935855 	 21268.129826590495
0.019070306306306305 	 0.030004091167238157 	 21045.743154999913
0.019120354354354354 	 0.02992555464178752 	 20826.255586649342
0.019170402402402403 	 0.029847428185955326 	 20609.621887197212
0.01922045045045045 	 0.029769708596406045 	 20395.797643581554
0.019270498498498496 	 0.029692392703082094 	 20184.739247022615
0.019320546546546545 	 0.02961547736877283 	 19976.403876420365
0.019370594594594594 	 0.029538959488690206 	 19770.74948213644
0.019420642642642642 	 0.02946283599005102 	 19567.734770150877
0.01947069069069069 	 0.029387103831665554 	 19367.319186583867
0.019520738738738736 	 0.029311760003532587 	 19169.46290257336
0.019570786786786785 	 0.029236801526440592 	 18974.126799499318
0.019620834834834833 	 0.029162225451575076 	 18781.272454545986
0.019670882882882882 	 0.02908802886013187 	 18590.862126593343
0.01972093093093093 	 0.029014208862936316 	 18402.858742429704
0.01977097897897898 	 0.028940762600068295 	 18217.225883277202
0.019821027027027024 	 0.02886768724049281 	 18033.92777162224
0.019871075075075073 	 0.02879497998169631 	 17852.929258343465
0.01992112312312312 	 0.02872263804932836 	 17674.19581012964
0.01997117117117117 	 0.02865065869684879 	 17497.69349718014
0.02002121921921922 	 0.028579039205180092 	 17323.38898118131
0.020071267267267268 	 0.028507776882365003 	 17151.249503551426
0.020121315315315313 	 0.028436869063229262 	 16981.24287394803
0.02017136336336336 	 0.028366313109049315 	 16813.337459030747
0.02022141141141141 	 0.028296106407225005 	 16647.502171473636
0.02027145945945946 	 0.028226246370957084 	 16483.706459220717
0.020321507507507507 	 0.028156730438929516 	 16321.920294978765
0.020371555555555556 	 0.028087556074996405 	 16162.114165941568
0.0204216036036036 	 0.028018720767873633 	 16004.259063740075
0.02047165165165165 	 0.02795022203083488 	 15848.326474612706
0.0205216996996997 	 0.02788205740141224 	 15694.288369790802
0.020571747747747747 	 0.027814224441101067 	 15542.117196093684
0.020621795795795796 	 0.027746720735069254 	 15391.78586672849
0.020671843843843844 	 0.027679543891870623 	 15243.267752289667
0.02072189189189189 	 0.027612691543162524 	 15096.536671953467
0.020771939939939938 	 0.027546161343427498 	 14951.566884862623
0.020821987987987987 	 0.027479950969698994 	 14808.333081696856
0.020872036036036035 	 0.027414058121290958 	 14666.810376424464
0.020922084084084084 	 0.027348480519531385 	 14526.974298231025
0.020972132132132133 	 0.027283215907499617 	 14388.800783620689
0.021022180180180178 	 0.027218262049767433 	 14252.266168686205
0.021072228228228226 	 0.027153616732143816 	 14117.347181543537
0.021122276276276275 	 0.027089277761423367 	 13984.02093492729
0.021172324324324324 	 0.027025242965138245 	 13852.264918943058
0.021222372372372372 	 0.026961510191313664 	 13722.05699397305
0.02127242042042042 	 0.02689807730822681 	 13593.375383731482
0.021322468468468466 	 0.02683494220416919 	 13466.198668466055
0.021372516516516515 	 0.026772102787212232 	 13340.505778302266
0.021422564564564563 	 0.0267095569849763 	 13216.275986727163
0.021472612612612612 	 0.026647302744402846 	 13093.488904209336
0.02152266066066066 	 0.026585338031529755 	 12972.124471951913
0.02157270870870871 	 0.02652366083126985 	 12852.16295577559
0.021622756756756754 	 0.026462269147192442 	 12733.584940128603
0.021672804804804803 	 0.026401161001307908 	 12616.371322220759
0.02172285285285285 	 0.026340334433855275 	 12500.503306278744
0.0217729009009009 	 0.026279787503092695 	 12385.96239791979
0.02182294894894895 	 0.026219518285090858 	 12272.730398641126
0.021872996996996998 	 0.02615952487352914 	 12160.789400422462
0.021923045045045043 	 0.0260998053794947 	 12050.121780439065
0.02197309309309309 	 0.02604035793128413 	 11940.710195882744
0.02202314114114114 	 0.02598118067420799 	 11832.537578888507
0.02207318918918919 	 0.025922271770397905 	 11725.587131564342
0.022123237237237237 	 0.02586362939861627 	 11619.842321121809
0.022173285285285286 	 0.025805251754068583 	 11515.286875105296
0.02222333333333333 	 0.025747137048218297 	 11411.904776717576
0.02227338138138138 	 0.025689283508604138 	 11309.680260239627
0.02232342942942943 	 0.02563168937865995 	 11208.597806542524
0.022373477477477477 	 0.025574352917536854 	 11108.642138689384
0.022423525525525526 	 0.0255172723999279 	 11009.798217625392
0.022473573573573574 	 0.025460446115894972 	 10912.051237953889
0.02252362162162162 	 0.025403872370698074 	 10815.38662379667
0.022573669669669668 	 0.025347549484626804 	 10719.790024736592
0.022623717717717717 	 0.02529147579283417 	 10625.247311840723
0.022673765765765765 	 0.025235649645172498 	 10531.744573762191
0.022723813813813814 	 0.025180069406031586 	 10439.268112919088
0.022773861861861863 	 0.02512473345417897 	 10347.804441748705
0.022823909909909908 	 0.025069640182602253 	 10257.340279035363
0.022873957957957956 	 0.025014787998353587 	 10167.862546310444
0.022924006006006005 	 0.024960175322396104 	 10079.358364322834
0.022974054054054054 	 0.024905800589452423 	 9991.815049578388
0.023024102102102102 	 0.024851662247855063 	 9905.220110946817
0.02307415015015015 	 0.024797758759398898 	 9819.561246334686
0.023124198198198196 	 0.024744088599195416 	 9734.826339422923
0.023174246246246245 	 0.024690650255528974 	 9651.003456467592
0.023224294294294293 	 0.024637442229714823 	 9568.080843162455
0.023274342342342342 	 0.024584463035959018 	 9486.046921562156
0.02332439039039039 	 0.024531711201220132 	 9404.890287064505
0.02337443843843844 	 0.024479185265072704 	 9324.599705450833
0.023424486486486484 	 0.02442688377957247 	 9245.16410998302
0.023474534534534533 	 0.024374805309123327 	 9166.572598556051
0.02352458258258258 	 0.024322948430345975 	 9088.814430904975
0.02357463063063063 	 0.024271311731948225 	 9011.87902586496
0.02362467867867868 	 0.02421989381459699 	 8935.755958683516
0.023674726726726728 	 0.024168693290791868 	 8860.43495838365
0.023724774774774773 	 0.024117708784740323 	 8785.905905176898
0.02377482282282282 	 0.02406693893223447 	 8712.158827925285
0.02382487087087087 	 0.024016382380529392 	 8639.183901651051
0.02387491891891892 	 0.023966037788223003 	 8566.97144509327
0.023924966966966967 	 0.0239159038251374 	 8495.51191831027
0.023975015015015016 	 0.023865979172201693 	 8424.795920326962
0.02402506306306306 	 0.023816262521336354 	 8354.814186826237
0.02407511111111111 	 0.023766752575338942 	 8285.55758788324
0.024125159159159158 	 0.023717448047771296 	 8217.01712574201
0.024175207207207207 	 0.023668347662848102 	 8149.183932633272
0.024225255255255256 	 0.023619450155326845 	 8082.049268632737
0.024275303303303304 	 0.02357075427039916 	 8015.60451955904
0.02432535135135135 	 0.023522258763583468 	 7949.841194910449
0.024375399399399398 	 0.023473962400618952 	 7884.750925839541
0.024425447447447447 	 0.023425863957360873 	 7820.3254631652335
0.024475495495495495 	 0.023377962219677115 	 7756.5566754211695
0.024525543543543544 	 0.02333025598334607 	 7693.436546939921
0.024575591591591592 	 0.023282744053955636 	 7630.957175972098
0.024625639639639638 	 0.023235425246803637 	 7569.1107728399
0.024675687687687686 	 0.02318829838679928 	 7507.889658124122
0.024725735735735735 	 0.02314136230836592 	 7447.286260884205
0.024775783783783784 	 0.02309461585534495 	 7387.293116910461
0.024825831831831832 	 0.023048057880900863 	 7327.902867007974
0.02487587987987988 	 0.023001687247427495 	 7269.10825531146
0.024925927927927926 	 0.022955502826455323 	 7210.902127630468
0.024975975975975975 	 0.022909503498559965 	 7153.277429824367
0.025026024024024023 	 0.022863688153271708 	 7096.2272062064685
0.025076072072072072 	 0.022818055688986164 	 7039.7445979767435
0.02512612012012012 	 0.02277260501287597 	 6983.82284168256
0.02517616816816817 	 0.022727335040803542 	 6928.455267706842
0.025226216216216214 	 0.022682244697234896 	 6873.635298783188
0.025276264264264263 	 0.022637332915154434 	 6819.356448537329
0.02532631231231231 	 0.022592598635980815 	 6765.612320054497
0.02537636036036036 	 0.022548040809483753 	 6712.3966044721
0.02542640840840841 	 0.02250365839370185 	 6659.7030795972805
0.025476456456456457 	 0.02245945035486137 	 6607.525608548863
0.025526504504504503 	 0.022415415667295963 	 6555.858138423141
0.02557655255255255 	 0.022371553313367352 	 6504.694698983128
0.0256266006006006 	 0.02232786228338694 	 6454.029401370795
0.02567664864864865 	 0.022284341575538335 	 6403.856436841795
0.025726696696696697 	 0.022240990195800767 	 6354.170075522289
0.025776744744744742 	 0.022197807157873433 	 6304.964665187458
0.02582679279279279 	 0.022154791483100664 	 6256.234630061205
0.02587684084084084 	 0.02211194220039801 	 6207.974469636735
0.025926888888888888 	 0.022069258346179177 	 6160.17875751756
0.025976936936936937 	 0.022026738964283775 	 6112.842140278511
0.026026984984984985 	 0.02198438310590593 	 6065.9593363464455
0.02607703303303303 	 0.021942189829523714 	 6019.525134900203
0.02612708108108108 	 0.021900158200829353 	 5973.534394789474
0.026177129129129128 	 0.021858287292660306 	 5927.982043472252
0.026227177177177177 	 0.021816576184931064 	 5882.863075970434
0.026277225225225225 	 0.02177502396456576 	 5838.172553843308
0.026327273273273274 	 0.021733629725431535 	 5793.905604178527
0.02637732132132132 	 0.021692392568272687 	 5750.0574186002905
0.026427369369369368 	 0.02165131160064553 	 5706.623252294352
0.026477417417417416 	 0.021610385936854028 	 5663.59842304961
0.026527465465465465 	 0.021569614697886152 	 5620.978310315876
0.026577513513513513 	 0.021528997011350925 	 5578.7583542776065
0.026627561561561562 	 0.021488532011416202 	 5536.9340549432245
0.026677609609609607 	 0.021448218838747164 	 5495.500971249818
0.026727657657657656 	 0.02140805664044547 	 5454.454720182835
0.026777705705705705 	 0.02136804456998911 	 5413.790975910585
0.026827753753753753 	 0.021328181787172936 	 5373.505468933206
0.026877801801801802 	 0.021288467458049846 	 5333.593985245875
0.02692784984984985 	 0.021248900754872627 	 5294.052365515944
0.026977897897897896 	 0.021209480856036442 	 5254.876504273818
0.027027945945945944 	 0.02117020694602197 	 5216.062349117244
0.027077993993993993 	 0.021131078215339164 	 5177.605899928829
0.02712804204204204 	 0.02109209386047163 	 5139.503208106486
0.02717809009009009 	 0.021053253083821628 	 5101.750375806626
0.02722813813813814 	 0.021014555093655678 	 5064.34355519981
0.027278186186186184 	 0.02097599910405076 	 5027.278947738677
0.027328234234234233 	 0.020937584334841112 	 4990.552803437898
0.02737828228228228 	 0.020899310011565603 	 4954.161420165943
0.02742833033033033 	 0.020861175365415697 	 4918.101142948457
0.02747837837837838 	 0.020823179633183964 	 4882.368363283
0.027528426426426427 	 0.020785322057213174 	 4846.959518464991
0.027578474474474472 	 0.020747601885345933 	 4811.871090924634
0.02762852252252252 	 0.02071001837087486 	 4777.099607574596
0.02767857057057057 	 0.02067257077249333 	 4742.641639168309
0.027728618618618618 	 0.02063525835424673 	 4708.493799668641
0.027778666666666667 	 0.02059808038548423 	 4674.652745626789
0.027828714714714715 	 0.02056103614081111 	 4641.115175571189
0.02787876276276276 	 0.02052412490004158 	 4607.87782940628
0.02792881081081081 	 0.020487345948152096 	 4574.937487820948
0.027978858858858858 	 0.020450698575235186 	 4542.290971706431
0.028028906906906906 	 0.020414182076453805 	 4509.935141583607
0.028078954954954955 	 0.020377795751996112 	 4477.866897039398
0.028129003003003004 	 0.02034153890703078 	 4446.083176172196
0.02817905105105105 	 0.020305410851662774 	 4414.580955046143
0.028229099099099098 	 0.02026941090088957 	 4383.357247154047
0.028279147147147146 	 0.020233538374557897 	 4352.409102888905
0.028329195195195195 	 0.020197792597320862 	 4321.733609023723
0.028379243243243243 	 0.0201621728985956 	 4291.327888199648
0.028429291291291292 	 0.020126678612521327 	 4261.189098422125
0.028479339339339337 	 0.020091309077917844 	 4231.314432565045
0.028529387387387386 	 0.020056063638244494 	 4201.701117882676
0.028579435435435434 	 0.020020941641559525 	 4172.346415529279
0.028629483483483483 	 0.019985942440479913 	 4143.247620086267
0.028679531531531532 	 0.019951065392141556 	 4114.402059096747
0.02872957957957958 	 0.019916309858159936 	 4085.807092607363
0.028779627627627626 	 0.019881675204591172 	 4057.460112717293
0.028829675675675674 	 0.019847160801893447 	 4029.3585431342426
0.028879723723723723 	 0.019812766024888896 	 4001.4998387373907
0.02892977177177177 	 0.019778490252725843 	 3973.8814851470906
0.02897981981981982 	 0.019744332868841443 	 3946.5009983012455
0.02902986786786787 	 0.019710293260924723 	 3919.3559240382574
0.029079915915915914 	 0.01967637082087998 	 3892.4438376863986
0.029129963963963963 	 0.019642564944790573 	 3865.7623436595227
0.02918001201201201 	 0.019608875032883097 	 3839.309075059014
0.02923006006006006 	 0.019575300489491895 	 3813.0816932818357
0.02928010810810811 	 0.019541840723023965 	 3787.0778876346
0.029330156156156157 	 0.0195084951459242 	 3761.2953749535523
0.029380204204204202 	 0.019475263174641017 	 3735.7318992303703
0.02943025225225225 	 0.019442144229592277 	 3710.3852312436484
0.0294803003003003 	 0.019409137735131643 	 3685.253168196053
0.029530348348348348 	 0.019376243119515184 	 3660.333533356933
0.029580396396396397 	 0.019343459814868385 	 3635.6241757104162
0.029630444444444445 	 0.019310787257153458 	 3611.1229696087935
0.02968049249249249 	 0.019278224886137004 	 3586.827814431195
0.02973054054054054 	 0.019245772145357977 	 3562.736634247377
0.029780588588588588 	 0.019213428482096007 	 3538.8473774866347
0.029830636636636636 	 0.019181193347339993 	 3515.158016611646
0.029880684684684685 	 0.01914906619575706 	 3491.6665477972647
0.029930732732732734 	 0.01911704648566181 	 3468.3709906141157
0.02998078078078078 	 0.019085133678985858 	 3445.2693877169236
0.030030828828828827 	 0.019053327241247704 	 3422.359804537523
0.030080876876876876 	 0.019021626641522897 	 3399.6403289824475
0.030130924924924925 	 0.01899003135241448 	 3377.109071135017
0.030180972972972973 	 0.01895854085002376 	 3354.764162961878
0.030231021021021022 	 0.018927154613921346 	 3332.603758023899
0.030281069069069067 	 0.018895872127118463 	 3310.626031191345
0.030331117117117116 	 0.018864692876038584 	 3288.8291783632835
0.030381165165165164 	 0.018833616350489323 	 3267.2114161911413
0.030431213213213213 	 0.018802642043634587 	 3245.7709818063327
0.03048126126126126 	 0.018771769451967065 	 3224.506132551915
0.03053130930930931 	 0.018740998075280884 	 3203.4151457181774
0.030581357357357355 	 0.01871032741664466 	 3182.496318282139
0.030631405405405404 	 0.018679756982374684 	 3161.747966650833
0.030681453453453453 	 0.01864928628200848 	 3141.1684264083915
0.0307315015015015 	 0.01861891482827856 	 3120.756052066795
0.03078154954954955 	 0.01858864213708645 	 3100.5092168202764
0.0308315975975976 	 0.01855846772747696 	 3080.4263123033006
0.030881645645645644 	 0.018528391121612732 	 3060.5057483520727
0.030931693693693692 	 0.018498411844748996 	 3040.745952769481
0.03098174174174174 	 0.018468529425208612 	 3021.1453710935048
0.03103178978978979 	 0.01843874339435731 	 3001.702466368917
0.03108183783783784 	 0.018409053286579227 	 2982.4157189223274
0.031131885885885887 	 0.018379458639252593 	 2963.2836261404473
0.031181933933933932 	 0.018349958992725752 	 2944.304702251572
0.03123198198198198 	 0.018320553890293332 	 2925.4774781101855
0.031282030030030036 	 0.01829124287817269 	 2906.8005009846743
0.03133207807807808 	 0.018262025505480596 	 2888.272334348096
0.03138212612612613 	 0.01823290132421003 	 2869.8915576718873
0.031432174174174175 	 0.018203869889207382 	 2851.656766222611
0.031482222222222224 	 0.01817493075814972 	 2833.5665708615265
0.03153227027027027 	 0.018146083491522313 	 2815.6195978470514
0.03158231831831832 	 0.018117327652596427 	 2797.8144886400382
0.03163236636636637 	 0.018088662807407247 	 2780.1498997117915
0.03168241441441442 	 0.01806008852473205 	 2762.6245023548363
0.03173246246246247 	 0.018031604376068613 	 2745.2369824963484
0.031782510510510516 	 0.018003209935613745 	 2727.9860405142294
0.031832558558558564 	 0.01797490478024211 	 2710.8703910557756
0.03188260660660661 	 0.017946688489485184 	 2693.888762858903
0.031932654654654655 	 0.017918560645510458 	 2677.0398985758957
0.0319827027027027 	 0.017890520833100776 	 2660.3225545996074
0.03203275075075075 	 0.01786256863963395 	 2643.7355008921386
0.0320827987987988 	 0.017834703655062484 	 2627.277520815878
0.03213284684684685 	 0.017806925471893543 	 2610.947410966925
0.0321828948948949 	 0.017779233685169076 	 2594.743981010836
0.032232942942942946 	 0.017751627892446147 	 2578.666053520658
0.032282990990990995 	 0.017724107693777438 	 2562.7124638172163
0.032333039039039044 	 0.017696672691691926 	 2546.8820598116267
0.03238308708708709 	 0.01766932249117576 	 2531.173701849988
0.03243313513513514 	 0.017642056699653283 	 2515.5862625602254
0.03248318318318318 	 0.017614874926968282 	 2500.118626701068
0.03253323123123123 	 0.017587776785365338 	 2484.7696910130803
0.03258327927927928 	 0.017560761889471414 	 2469.538364071788
0.03263332732732733 	 0.017533829856277588 	 2454.423566142793
0.03268337537537538 	 0.017506980305120934 	 2439.4242290389043
0.032733423423423426 	 0.0174802128576666 	 2424.5392959792102
0.032783471471471475 	 0.017453527137890036 	 2409.7677214501023
0.03283351951951952 	 0.01742692277205939 	 2395.1084710681857
0.03288356756756757 	 0.01740039938871804 	 2380.5605214450684
0.03293361561561562 	 0.017373956618667346 	 2366.1228600540035
0.03298366366366367 	 0.01734759409494947 	 2351.794485098327
0.03303371171171172 	 0.01732131145283044 	 2337.5744053817198
0.03308375975975976 	 0.01729510832978332 	 2323.4616401801964
0.03313380780780781 	 0.01726898436547152 	 2309.455219115845
0.03318385585585586 	 0.01724293920173231 	 2295.5541820322887
0.033233903903903905 	 0.01721697248256043 	 2281.757578871812
0.033283951951951954 	 0.017191083854091883 	 2268.0644695541564
0.033334 	 0.017165272964587842 	 2254.47392385695
0.03338404804804805 	 0.01713953946441875 	 2240.985021297741
0.0334340960960961 	 0.01711388300604849 	 2227.596851017624
0.03348414414414415 	 0.01708830324401879 	 2214.308511666424
0.0335341921921922 	 0.017062799834933678 	 2201.1191112894217
0.033584240240240246 	 0.01703737243744413 	 2188.027767215589
0.033634288288288294 	 0.01701202071223285 	 2175.0336059473284
0.033684336336336336 	 0.01698674432199916 	 2162.1357630516754
0.033734384384384385 	 0.01696154293144404 	 2149.33338305294
0.03378443243243243 	 0.01693641620725533 	 2136.625619326813
0.03383448048048048 	 0.01691136381809299 	 2124.0116339958317
0.03388452852852853 	 0.016886385434574585 	 2111.490597826267
0.03393457657657658 	 0.01686148072926081 	 2099.0616901263643
0.03398462462462463 	 0.016836649376641193 	 2086.7240986459187
0.034034672672672676 	 0.01681189105311993 	 2074.477019477204
0.034084720720720725 	 0.016787205437001813 	 2062.3196569571787
0.034134768768768774 	 0.016762592208478283 	 2050.2512235709955
0.03418481681681682 	 0.01673805104961365 	 2038.270939856781
0.03423486486486487 	 0.016713581644331395 	 2026.3780343116591
0.03428491291291291 	 0.01668918367840057 	 2014.5717432990011
0.03433496096096096 	 0.016664856839422395 	 2002.851310956907
0.03438500900900901 	 0.016640600816816883 	 1991.2159891078686
0.03443505705705706 	 0.016616415301809646 	 1979.6650371696123
0.03448510510510511 	 0.01659229998741879 	 1968.1977220671167
0.034535153153153156 	 0.016568254568441923 	 1956.81331814576
0.034585201201201204 	 0.016544278741443267 	 1945.5111070855985
0.03463524924924925 	 0.01652037220474092 	 1934.2903778167702
0.0346852972972973 	 0.01649653465839419 	 1923.1504264359842
0.03473534534534535 	 0.01647276580419104 	 1912.0905561240843
0.0347853933933934 	 0.016449065345635665 	 1901.110077064693
0.03483544144144145 	 0.016425432987936174 	 1890.208306363899
0.03488548948948949 	 0.01640186843799234 	 1879.3845679709718
0.03493553753753754 	 0.0163783714043835 	 1868.6381926001075
0.03498558558558559 	 0.016354941597356544 	 1857.9685176531714
0.035035633633633635 	 0.016331578728813995 	 1847.3748871434445
0.035085681681681684 	 0.016308282512302204 	 1836.8566516203252
0.03513572972972973 	 0.016285052662999653 	 1826.4131680950193
0.03518577777777778 	 0.016261888897705325 	 1816.0437999671578
0.03523582582582583 	 0.016238790934827215 	 1805.7479169523626
0.03528587387387388 	 0.01621575849437092 	 1795.5248950107389
0.03533592192192193 	 0.016192791297928298 	 1785.3741162762562
0.035385969969969976 	 0.01616988906866629 	 1775.2949689870575
0.035436018018018024 	 0.01614705153131577 	 1765.286847416621
0.035486066066066066 	 0.016124278412160523 	 1755.3491518058174
0.035536114114114115 	 0.016101569439026308 	 1745.4812882958145
0.03558616216216216 	 0.016078924341270014 	 1735.682668861829
0.03563621021021021 	 0.01605634284976893 	 1725.952711247727
0.03568625825825826 	 0.016033824696910042 	 1716.2908389014258
0.03573630630630631 	 0.0160113696165795 	 1706.6964809111307
0.03578635435435436 	 0.015988977344152118 	 1697.169071942358
0.035836402402402406 	 0.01596664761648097 	 1687.708052175751
0.035886450450450455 	 0.015944380171887103 	 1678.3128672456833
0.035936498498498504 	 0.015922174750149305 	 1668.9829681796173
0.03598654654654655 	 0.015900031092493955 	 1659.7178113382272
0.0360365945945946 	 0.015877948941585004 	 1650.516858356271
0.03608664264264264 	 0.015855928041513968 	 1641.3795760841945
0.03613669069069069 	 0.015833968137790064 	 1632.3054365304563
0.03618673873873874 	 0.015812068977330406 	 1623.2939168045864
0.03623678678678679 	 0.015790230308450275 	 1614.3444990609344
0.03628683483483484 	 0.015768451880853487 	 1605.456670443125
0.036336882882882886 	 0.015746733445622815 	 1596.6299230291884
0.036386930930930934 	 0.01572507475521053 	 1587.8637537773877
0.03643697897897898 	 0.015703475563428965 	 1579.1576644726922
0.03648702702702703 	 0.0156819356254412 	 1570.5111616739275
0.03653707507507508 	 0.01566045469775184 	 1561.9237566615736
0.03658712312312313 	 0.015639032538197786 	 1553.394965386189
0.03663717117117118 	 0.015617668905939174 	 1544.9243084174893
0.03668721921921922 	 0.01559636356145034 	 1536.5113108940338
0.03673726726726727 	 0.015575116266510853 	 1528.1555024735342
0.036787315315315317 	 0.015553926784196669 	 1519.856417283773
0.036837363363363365 	 0.015532794878871286 	 1511.6135938741118
0.036887411411411414 	 0.01551172031617704 	 1503.4265751676026
0.03693745945945946 	 0.015490702863026425 	 1495.2949084136676
0.03698750750750751 	 0.015469742287593506 	 1487.2181451413705
0.03703755555555556 	 0.01544883835930539 	 1479.1958411132389
0.03708760360360361 	 0.01542799084883378 	 1471.2275562796592
0.03713765165165166 	 0.01540719952808658 	 1463.3128547338163
0.037187699699699706 	 0.015386464170199583 	 1455.451304667178
0.037237747747747754 	 0.015365784549528206 	 1447.6424783255206
0.037287795795795796 	 0.015345160441639338 	 1439.8859519654845
0.037337843843843845 	 0.01532459162330317 	 1432.1813058116452
0.03738789189189189 	 0.015304077872485191 	 1424.5281240141137
0.03743793993993994 	 0.015283618968338169 	 1416.9259946066327
0.03748798798798799 	 0.015263214691194231 	 1409.3745094651847
0.03753803603603604 	 0.015242864822557012 	 1401.8732642670907
0.03758808408408409 	 0.01522256914509384 	 1394.4218584505982
0.037638132132132136 	 0.015202327442628002 	 1387.0198951749562
0.037688180180180185 	 0.015182139500131088 	 1379.6669812809637
0.037738228228228234 	 0.015162005103715352 	 1372.3627272519839
0.03778827627627628 	 0.015141924040626163 	 1365.106747175429
0.03783832432432433 	 0.015121896099234533 	 1357.8986587047013
0.03788837237237237 	 0.015101921069029649 	 1350.7380830215818
0.03793842042042042 	 0.015081998740611523 	 1343.6246447990663
0.03798846846846847 	 0.015062128905683661 	 1336.5579721646445
0.03803851651651652 	 0.015042311357045816 	 1329.5376966640106
0.03808856456456457 	 0.01502254588858677 	 1322.5634532252002
0.038138612612612616 	 0.01500283229527721 	 1315.634880123153
0.038188660660660664 	 0.014983170373162607 	 1308.7516189446915
0.03823870870870871 	 0.014963559919356216 	 1301.9133145539106
0.03828875675675676 	 0.014944000732032078 	 1295.119615057978
0.03833880480480481 	 0.014924492610418097 	 1288.370171773327
0.03838885285285286 	 0.014905035354789176 	 1281.6646391922525
0.03843890090090091 	 0.014885628766460402 	 1275.0026749498963
0.03848894894894895 	 0.014866272647780277 	 1268.3839397916176
0.038538996996997 	 0.014846966802124004 	 1261.8080975407393
0.038589045045045046 	 0.014827711033886852 	 1255.274815066682
0.038639093093093095 	 0.014808505148477518 	 1248.7837622534523
0.038689141141141144 	 0.014789348952311595 	 1242.3346119685134
0.03873918918918919 	 0.014770242252805061 	 1235.9270400320079
0.03878923723723724 	 0.014751184858367822 	 1229.5607251863344
0.03883928528528529 	 0.014732176578397309 	 1223.235349066087
0.03888933333333334 	 0.014713217223272134 	 1216.9505961683356
0.03893938138138139 	 0.01469430660434577 	 1210.7061538232444
0.038989429429429436 	 0.0146754445339403 	 1204.5017121650403
0.03903947747747748 	 0.01465663082534021 	 1198.3369641033107
0.039089525525525526 	 0.014637865292786224 	 1192.2116052946235
0.039139573573573574 	 0.014619147751469193 	 1186.1253341144882
0.03918962162162162 	 0.01460047801752404 	 1180.0778516296289
0.03923966966966967 	 0.014581855908023703 	 1174.0688615705722
0.03928971771771772 	 0.01456328124097321 	 1168.0980703045611
0.03933976576576577 	 0.014544753835303707 	 1162.165186808763
0.03938981381381382 	 0.014526273510866609 	 1156.269922643799
0.039439861861861866 	 0.014507840088427723 	 1150.4119919275581
0.039489909909909915 	 0.014489453389661493 	 1144.5911113093266
0.039539957957957964 	 0.014471113237145226 	 1138.806999944201
0.03959000600600601 	 0.014452819454353389 	 1133.0593794677923
0.039640054054054054 	 0.014434571865651951 	 1127.347973971223
0.0396901021021021 	 0.014416370296292752 	 1121.6725099763962
0.03974015015015015 	 0.014398214572407933 	 1116.0327164115602
0.0397901981981982 	 0.014380104521004404 	 1110.4283245871354
0.03984024624624625 	 0.014362039969958338 	 1104.85906817182
0.0398902942942943 	 0.014344020748009719 	 1099.3246831689653
0.039940342342342346 	 0.014326046684756951 	 1093.8249078932158
0.039990390390390394 	 0.014308117610651448 	 1088.3594829474098
0.04004043843843844 	 0.01429023335699234 	 1082.9281511997428
0.04009048648648649 	 0.014272393755921155 	 1077.5306577611868
0.04014053453453454 	 0.014254598640416588 	 1072.16674996316
0.04019058258258259 	 0.01423684784428928 	 1066.83617733545
0.04024063063063063 	 0.014219141202176638 	 1061.538691584377
0.04029067867867868 	 0.0142014785495377 	 1056.2740465712077
0.04034072672672673 	 0.014183859722648056 	 1051.0419982908086
0.040390774774774776 	 0.014166284558594772 	 1045.8423048505335
0.040440822822822825 	 0.014148752895271377 	 1040.6747264493479
0.040490870870870874 	 0.014131264571372867 	 1035.5390253571838
0.04054091891891892 	 0.014113819426390775 	 1030.4349658945275
0.04059096696696697 	 0.01409641730060825 	 1025.3623144122287
0.04064101501501502 	 0.014079058035095182 	 1020.320839271534
0.04069106306306307 	 0.014061741471703372 	 1015.3103108243439
0.04074111111111112 	 0.01404446745306172 	 1010.3305013936847
0.040791159159159165 	 0.014027235822571458 	 1005.3811852543952
0.04084120720720721 	 0.014010046424401429 	 1000.4621386140303
0.040891255255255256 	 0.013992899103483378 	 995.5731395939699
0.040941303303303304 	 0.013975793705507293 	 990.7139682107363
0.04099135135135135 	 0.013958730076916774 	 985.8844063575187
0.0410413993993994 	 0.01394170806490445 	 981.0842377858995
0.04109144744744745 	 0.01392472751740739 	 976.3132480877748
0.0411414954954955 	 0.013907788283102613 	 971.5712246774856
0.04119154354354355 	 0.013890890211402556 	 966.8579567741263
0.041241591591591596 	 0.013874033152450636 	 962.1732353840633
0.041291639639639645 	 0.013857216957116811 	 957.5168532836325
0.041341687687687693 	 0.013840441476993183 	 952.8886050020295
0.04139173573573574 	 0.013823706564389634 	 948.2882868043845
0.041441783783783784 	 0.013807012072329488 	 943.715696675022
0.04149183183183183 	 0.013790357854545212 	 939.1706343008992
0.04154187987987988 	 0.013773743765474144 	 934.6529010552289
0.04159192792792793 	 0.013757169660254243 	 930.1622999812715
0.04164197597597598 	 0.013740635394719897 	 925.6986357763112
0.04169202402402403 	 0.013724140825397734 	 921.2617147757986
0.041742072072072076 	 0.013707685809502457 	 916.8513449376635
0.041792120120120124 	 0.013691270204932752 	 912.4673358268028
0.04184216816816817 	 0.013674893870267173 	 908.1094985997277
0.04189221621621622 	 0.013658556664760098 	 903.7776459893823
0.04194226426426427 	 0.01364225844833769 	 899.4715922901195
0.04199231231231232 	 0.013625999081593884 	 895.1911533428402
0.04204236036036036 	 0.013609778425786435 	 890.936146520293
0.04209240840840841 	 0.013593596342832942 	 886.7063907125255
0.04214245645645646 	 0.013577452695306965 	 882.5017063125005
0.042192504504504506 	 0.013561347346434105 	 878.3219152018534
0.042242552552552555 	 0.013545280160088151 	 874.1668407368113
0.042292600600600604 	 0.013529251000787251 	 870.0363077342555
0.04234264864864865 	 0.013513259733690098 	 865.930142457936
0.0423926966966967 	 0.013497306224592144 	 861.8481726048293
0.04244274474474475 	 0.01348139033992186 	 857.7902272916427
0.0424927927927928 	 0.013465511946736997 	 853.7561370414605
0.04254284084084085 	 0.013449670912720884 	 849.7457337705306
0.042592888888888895 	 0.013433867106178759 	 845.7588507751934
0.04264293693693694 	 0.013418100396034114 	 841.7953227189442
0.042692984984984986 	 0.013402370651825072 	 837.8549856196362
0.042743033033033034 	 0.013386677743700797 	 833.9376768368152
0.04279308108108108 	 0.013371021542417904 	 830.0432350591888
0.04284312912912913 	 0.013355401919336932 	 826.1715002922268
0.04289317717717718 	 0.0133398187464188 	 822.322313845891
0.04294322522522523 	 0.013324271896221325 	 818.4955183224939
0.04299327327327328 	 0.013308761241895735 	 814.6909576046844
0.043043321321321326 	 0.013293286657183231 	 810.9084768435605
0.043093369369369375 	 0.013277848016411548 	 807.1479224469014
0.04314341741741742 	 0.013262445194491561 	 803.4091420675286
0.04319346546546547 	 0.013247078066913914 	 799.6919845917831
0.043243513513513514 	 0.01323174650974565 	 795.9963001281257
0.04329356156156156 	 0.013216450399626878 	 792.3219399958514
0.04334360960960961 	 0.01320118961376749 	 788.6687567139282
0.04339365765765766 	 0.013185964029943844 	 785.0366039899437
0.04344370570570571 	 0.013170773526495521 	 781.4253367091701
0.04349375375375376 	 0.013155617982322076 	 777.8348109237428
0.043543801801801806 	 0.01314049727687982 	 774.2648838419475
0.043593849849849854 	 0.013125411290178631 	 770.715413817623
0.0436438978978979 	 0.013110359902778769 	 767.1862603396669
0.04369394594594595 	 0.013095342995787736 	 763.6772840216556
0.043743993993994 	 0.013080360450857136 	 760.1883465915647
0.04379404204204205 	 0.013065412150179572 	 756.7193108816009
0.04384409009009009 	 0.013050497976485557 	 753.2700408181341
0.04389413813813814 	 0.01303561781304044 	 749.8404014117324
0.04394418618618619 	 0.013020771543641368 	 746.4302587473044
0.043994234234234236 	 0.013005959052614266 	 743.0394799743354
0.044044282282282285 	 0.012991180224810819 	 739.6679332972275
0.044094330330330334 	 0.012976434945605506 	 736.3154879657379
0.04414437837837838 	 0.012961723100892608 	 732.9820142655109
0.04419442642642643 	 0.012947044577083299 	 729.6673835087123
0.04424447447447448 	 0.012932399261102703 	 726.371468024755
0.04429452252252253 	 0.012917787040386992 	 723.0941411511179
0.04434457057057058 	 0.012903207802880498 	 719.835277224261
0.044394618618618625 	 0.012888661437032867 	 716.594751570631
0.04444466666666667 	 0.012874147831796193 	 713.3724404977587
0.044494714714714716 	 0.012859666876622199 	 710.1682212854419
0.044544762762762764 	 0.012845218461459439 	 706.9819721770268
0.04459481081081081 	 0.012830802476750496 	 703.813572370767
0.04464485885885886 	 0.012816418813429228 	 700.6629020112761
0.04469490690690691 	 0.012802067362918 	 697.5298421810642
0.04474495495495496 	 0.012787748017124964 	 694.4142748921576
0.04479500300300301 	 0.012773460668441353 	 691.316083077809
0.044845051051051056 	 0.01275920520973876 	 688.2351505842815
0.044895099099099105 	 0.012744981534366479 	 685.1713621627217
0.04494514714714715 	 0.012730789536148847 	 682.1246034611135
0.044995195195195195 	 0.012716629109382597 	 679.0947610163096
0.045045243243243244 	 0.012702500148834226 	 676.0817222461438
0.04509529129129129 	 0.0126884025497374 	 673.0853754416227
0.04514533933933934 	 0.012674336207790361 	 670.1056097591947
0.04519538738738739 	 0.012660301019153353 	 667.1423152130955
0.04524543543543544 	 0.01264629688044607 	 664.1953826677703
0.04529548348348349 	 0.012632323688745109 	 661.2647038303697
0.045345531531531535 	 0.012618381341581459 	 658.3501712433235
0.045395579579579584 	 0.012604469736937993 	 655.4516782769837
0.04544562762762763 	 0.012590588773246978 	 652.5691191223435
0.04549567567567568 	 0.012576738349387604 	 649.7023887838274
0.04554572372372373 	 0.012562918364683533 	 646.8513830721507
0.04559577177177177 	 0.01254912871890044 	 644.0159985972526
0.04564581981981982 	 0.012535369312243626 	 641.1961327612976
0.04569586786786787 	 0.012521640045355572 	 638.3916837517423
0.04574591591591592 	 0.012507940819313574 	 635.6025505344784
0.045795963963963966 	 0.01249427153562736 	 632.828632847034
0.045846012012012015 	 0.012480632096236718 	 630.069831191848
0.045896060060060064 	 0.012467022403509168 	 627.3260468296071
0.04594610810810811 	 0.01245344236023763 	 624.5971817726505
0.04599615615615616 	 0.012439891869638094 	 621.8831387784347
0.04604620420420421 	 0.012426370835347337 	 619.1838213430692
0.04609625225225226 	 0.012412879161420639 	 616.4991336949073
0.04614630030030031 	 0.012399416752329495 	 613.8289807882051
0.04619634834834835 	 0.012385983512959386 	 611.1732682968403
0.0462463963963964 	 0.01237257934860752 	 608.5319026080914
0.046296444444444446 	 0.01235920416498061 	 605.9047908164783
0.046346492492492494 	 0.012345857868192677 	 603.2918407176643
0.04639654054054054 	 0.012332540364762829 	 600.6929608024107
0.04644658858858859 	 0.012319251561613101 	 598.1080602505983
0.04649663663663664 	 0.012305991366066273 	 595.5370489253036
0.04654668468468469 	 0.01229275968584372 	 592.9798373669278
0.04659673273273274 	 0.01227955642906327 	 590.4363367873888
0.046646780780780786 	 0.01226638150423708 	 587.9064590643674
0.046696828828828835 	 0.012253234820269524 	 585.3901167356055
0.04674687687687688 	 0.012240116286455082 	 582.8872229932635
0.046796924924924925 	 0.012227025812476271 	 580.3976916783316
0.046846972972972974 	 0.012213963308401556 	 577.9214372750888
0.04689702102102102 	 0.012200928684683303 	 575.4583749056246
0.04694706906906907 	 0.012187921852155729 	 573.0084203244058
0.04699711711711712 	 0.012174942722032862 	 570.5714899128972
0.04704716516516517 	 0.01216199120590654 	 568.1475006742364
0.04709721321321322 	 0.012149067215744368 	 565.7363702279538
0.047147261261261265 	 0.012136170663887766 	 563.3380168047498
0.047197309309309314 	 0.012123301463049962 	 560.9523592413176
0.04724735735735736 	 0.01211045952631402 	 558.5793169752131
0.04729740540540541 	 0.012097644767130893 	 556.2188100397802
0.04734745345345346 	 0.012084857099317484 	 553.87075905912
0.0473975015015015 	 0.012072096437054704 	 551.5350852431072
0.04744754954954955 	 0.012059362694885544 	 549.211710382453
0.0474975975975976 	 0.01204665578771319 	 546.9005568438226
0.04754764564564565 	 0.012033975630799111 	 544.6015475649865
0.047597693693693696 	 0.012021322139761183 	 542.3146060500281
0.047647741741741745 	 0.012008695230571804 	 540.0396563645907
0.04769778978978979 	 0.011996094819556059 	 537.7766231311718
0.04774783783783784 	 0.011983520823389843 	 535.5254315244606
0.04779788588588589 	 0.011970973159098043 	 533.2860072667193
0.04784793393393394 	 0.011958451744052712 	 531.0582766232102
0.04789798198198199 	 0.01194595649597124 	 528.8421663976612
0.04794803003003004 	 0.011933487332914577 	 526.6376039277791
0.04799807807807808 	 0.011921044173285416 	 524.4445170807991
0.04804812612612613 	 0.01190862693582643 	 522.2628342490824
0.048098174174174176 	 0.011896235539618496 	 520.0924843457499
0.048148222222222224 	 0.011883869904078933 	 517.9333968003581
0.04819827027027027 	 0.011871529948959778 	 515.785501554618
0.04824831831831832 	 0.011859215594346016 	 513.6487290581498
0.04829836636636637 	 0.011846926760653883 	 511.5230102642775
0.04834841441441442 	 0.011834663368629135 	 509.4082766258684
0.04839846246246247 	 0.011822425339345353 	 507.3044600912031
0.048448510510510516 	 0.011810212594202245 	 505.2114930998889
0.048498558558558565 	 0.011798025054923967 	 503.12930857881094
0.04854860660660661 	 0.011785862643557446 	 501.05783993811855
0.048598654654654655 	 0.011773725282470728 	 498.9970210672501
0.048648702702702704 	 0.011761612894351304 	 496.9467863309945
0.04869875075075075 	 0.011749525402204497 	 494.90707056558944
0.0487487987987988 	 0.01173746272935181 	 492.8778090748551
0.04879884684684685 	 0.01172542479942932 	 490.8589376263644
0.0488488948948949 	 0.011713411536386043 	 488.8503924476457
0.04889894294294295 	 0.011701422864482367 	 486.85211022242464
0.048948990990990995 	 0.01168945870828842 	 484.86402808689644
0.048999039039039044 	 0.011677518992682531 	 482.88608362603685
0.04904908708708709 	 0.011665603642849614 	 480.9182148699405
0.04909913513513514 	 0.011653712584279644 	 478.96036029020195
0.04914918318318319 	 0.011641845742766076 	 477.0124587963189
0.04919923123123123 	 0.011630003044404319 	 475.0744497321389
0.04924927927927928 	 0.011618184415590186 	 473.14627287232906
0.04929932732732733 	 0.011606389783018388 	 471.2278684188872
0.04934937537537538 	 0.01159461907368101 	 469.3191769976766
0.049399423423423426 	 0.011582872214865987 	 467.42013965499604
0.049449471471471475 	 0.01157114913415564 	 465.53069785418353
0.04949951951951952 	 0.011559449759425165 	 463.65079347224406
0.04954956756756757 	 0.011547774018841158 	 461.7803687965162
0.04959961561561562 	 0.011536121840860145 	 459.91936652136104
0.04964966366366367 	 0.011524493154227126 	 458.0677297448876
0.04969971171171172 	 0.011512887887974117 	 456.22540196570355
0.04974975975975977 	 0.01150130597141871 	 454.3923270796978
0.04979980780780781 	 0.011489747334162633 	 452.5684493768508
0.04984985585585586 	 0.011478211906090326 	 450.7537135380732
0.049899903903903906 	 0.011466699617367525 	 448.9480646320758
0.049949951951951954 	 0.011455210398439854 	 447.15144811226384
0.05 	 0.011443744180031424 	 445.36380981366284
