0.00035233633633633635 	 1.787067097700437e-17 	 6.742115892260482e-18
0.0004023843843843844 	 2.2908309205541968e-17 	 3.663428094351131e-18
0.0004524324324324324 	 1.4380118524560984e-16 	 2.1121282711369947e-18
0.0005024804804804805 	 7.002170027243956e-16 	 1.2626651415273943e-18
0.0005525285285285286 	 9.802400141669725e-16 	 8.020312852759155e-19
0.0006025765765765767 	 1.009521924183575e-15 	 4.501136636200705e-19
0.0006526246246246247 	 1.1382158582581195e-15 	 2.689343313937445e-19
0.0007026726726726728 	 1.4620707847539868e-15 	 1.5414698768651787e-19
0.0007527207207207208 	 2.1046103948150906e-15 	 7.59250996044171e-20
0.0008027687687687688 	 4.738070480732566e-15 	 3.1462084912633227e-20
0.0008528168168168169 	 2.982359075830647e-14 	 3.214428395893668e-20
0.0009028648648648649 	 7.212556763456909e-14 	 2.571406296763301e-19
0.000952912912912913 	 9.016011757299417e-14 	 6.179995637378816e-19
0.001002960960960961 	 8.887939453214752e-14 	 5.897318441288301e-19
0.0010530090090090092 	 7.641861960697156e-14 	 4.560420400004347e-19
0.0011030570570570572 	 5.872741495084471e-14 	 3.405566408410449e-19
0.0011531051051051051 	 4.285584096388411e-14 	 2.2003765951627193e-19
0.0012031531531531533 	 3.0853687819582066e-14 	 1.2707893880619372e-19
0.0012532012012012013 	 2.2979476273710298e-14 	 7.137919819686621e-20
0.0013032492492492493 	 2.383478544398858e-14 	 4.765649625891333e-20
0.0013532972972972973 	 2.4987060371002595e-14 	 3.6855409487940425e-20
0.0014033453453453455 	 2.496322767518002e-14 	 2.995537540506432e-20
0.0014533933933933935 	 2.449337487903867e-14 	 2.2176542269525186e-20
0.0015034414414414415 	 2.501594476267519e-14 	 1.4446881465272742e-20
0.0015534894894894897 	 2.7059780840960184e-14 	 1.101717731269895e-20
0.0016035375375375376 	 3.2023872907080183e-14 	 1.1879091385353132e-20
0.0016535855855855856 	 3.6680556847909853e-14 	 1.4491227228741563e-20
0.0017036336336336338 	 3.816913861979969e-14 	 1.7393134468443425e-20
0.0017536816816816818 	 4.108752871644096e-14 	 1.95651193619696e-20
0.0018037297297297298 	 4.1866086911641526e-14 	 2.2274507509039032e-20
0.001853777777777778 	 4.254593554523175e-14 	 2.1392214344678625e-20
0.001903825825825826 	 4.2883997165442846e-14 	 1.88916640430575e-20
0.001953873873873874 	 4.256421851593472e-14 	 1.6374357591365805e-20
0.0020039219219219217 	 4.0763633641550506e-14 	 1.5941226236084685e-20
0.00205396996996997 	 3.919632072361347e-14 	 1.380143658880565e-20
0.002104018018018018 	 3.685650148515614e-14 	 1.245293276926954e-20
0.002154066066066066 	 3.448319591849282e-14 	 1.1256842556572629e-20
0.002204114114114114 	 3.239184168099826e-14 	 1.0208195207634096e-20
0.0022541621621621623 	 3.045430317472069e-14 	 9.280760779454882e-21
0.00230421021021021 	 2.8658586611652e-14 	 8.457968818374228e-21
0.0023542582582582582 	 2.6990064024554553e-14 	 7.725714933393528e-21
0.0024043063063063064 	 2.54388394238041e-14 	 7.07219219887922e-21
0.002454354354354354 	 2.399312252173495e-14 	 6.487283628266056e-21
0.0025044024024024024 	 2.264694291029353e-14 	 5.962492829111148e-21
0.00255445045045045 	 2.139007651487253e-14 	 5.490417450501246e-21
0.0026044984984984984 	 2.021572027387272e-14 	 5.064764092242059e-21
0.0026545465465465466 	 1.9117520325854007e-14 	 4.680101695628067e-21
0.0027045945945945943 	 1.8089377422463193e-14 	 4.331726821976618e-21
0.0027546426426426425 	 1.712576124566981e-14 	 4.0155601935141315e-21
0.0028046906906906907 	 1.6222325620154683e-14 	 3.728062434230662e-21
0.0028547387387387385 	 1.5373953194781016e-14 	 3.466127858709303e-21
0.0029047867867867867 	 1.4577208516728e-14 	 3.2270556131416524e-21
0.002954834834834835 	 1.3827908362732197e-14 	 3.0084625865153152e-21
0.0030048828828828826 	 1.312288825551359e-14 	 2.808260409769394e-21
0.003054930930930931 	 1.2458889615105427e-14 	 2.624603574325676e-21
0.003104978978978979 	 1.1833326452085525e-14 	 2.455864490694642e-21
0.003155027027027027 	 1.1243311025854968e-14 	 2.3005966775445165e-21
0.003205075075075075 	 1.0686709761645284e-14 	 2.1575200454364334e-21
0.003255123123123123 	 1.0160986079713571e-14 	 2.0254913694066007e-21
0.003305171171171171 	 9.66447702589362e-15 	 1.9034959446574963e-21
0.003355219219219219 	 9.1950508347026e-15 	 1.790623372710977e-21
0.0034052672672672674 	 8.751019742557569e-15 	 1.6860606046680953e-21
0.003455315315315315 	 8.330993380362838e-15 	 1.5890792970105292e-21
0.0035053633633633633 	 7.933245601962954e-15 	 1.4990230038024344e-21
0.0035554114114114115 	 7.556391513628913e-15 	 1.4153021716655794e-21
0.0036054594594594593 	 7.199285070330482e-15 	 1.3373859280954826e-21
0.0036555075075075075 	 6.860679653481009e-15 	 1.2647942429182577e-21
0.0037055555555555557 	 6.539516525075592e-15 	 1.1970934462115637e-21
0.0037556036036036035 	 6.2347760219303164e-15 	 1.1338906791837622e-21
0.0038056516516516516 	 5.94532364721297e-15 	 1.0748291462109903e-21
0.0038556996996997 	 5.670661361913728e-15 	 1.0195863666129679e-21
0.0039057477477477476 	 5.4095829699612355e-15 	 9.678670410565338e-22
0.003955795795795796 	 5.161479075757557e-15 	 9.194036281266486e-22
0.004005843843843844 	 4.925641855216043e-15 	 8.739517907405782e-22
0.004055891891891893 	 4.701413202906514e-15 	 8.31288449624256e-22
0.00410593993993994 	 4.488057845203718e-15 	 7.912094630369362e-22
0.004155987987987988 	 4.285189128459543e-15 	 7.535285462525823e-22
0.004206036036036037 	 4.091846393413083e-15 	 7.180739988649849e-22
0.004256084084084085 	 3.907977751539139e-15 	 6.846897017805313e-22
0.004306132132132132 	 3.7329232391938916e-15 	 6.532312931140007e-22
0.004356180180180181 	 3.566097510057507e-15 	 6.235661632447396e-22
0.004406228228228229 	 3.4072789711054665e-15 	 5.955727008477374e-22
0.0044562762762762765 	 3.255940181827505e-15 	 5.691384659891473e-22
0.004506324324324325 	 3.1116341443626135e-15 	 5.441598599046562e-22
0.004556372372372373 	 2.9740678840169143e-15 	 5.205413981384125e-22
0.004606420420420421 	 2.8430533306113054e-15 	 4.981949268886037e-22
0.004656468468468469 	 2.718136040209757e-15 	 4.770386625330249e-22
0.004706516516516517 	 2.5989907809155187e-15 	 4.569970181857904e-22
0.004756564564564565 	 2.485378438930116e-15 	 4.3800002582781365e-22
0.0048066126126126135 	 2.3770777615636966e-15 	 4.199828078508408e-22
0.004856660660660661 	 2.2736669812441207e-15 	 4.0288501611442726e-22
0.004906708708708709 	 2.1751424252443028e-15 	 3.866508688927298e-22
0.004956756756756757 	 2.081123251109991e-15 	 3.712282716381655e-22
0.005006804804804805 	 1.991455311006466e-15 	 3.5656889727109464e-22
0.005056852852852853 	 1.905936513909857e-15 	 3.426277225189433e-22
0.005106900900900901 	 1.824348875057967e-15 	 3.293627913838935e-22
0.0051569489489489495 	 1.7465192696307385e-15 	 3.167350066045591e-22
0.005206996996996997 	 1.6723103879184419e-15 	 3.047079024755552e-22
0.005257045045045045 	 1.601530528359233e-15 	 2.9324740723230547e-22
0.005307093093093094 	 1.5340347528776846e-15 	 2.823217053747518e-22
0.0053571411411411415 	 1.4696687651246951e-15 	 2.719010466559365e-22
0.005407189189189189 	 1.4082833802487808e-15 	 2.6195759948073346e-22
0.005457237237237238 	 1.3497872440258062e-15 	 2.5246532651842698e-22
0.005507285285285286 	 1.294004476772517e-15 	 2.433998104276648e-22
0.005557333333333333 	 1.2408540347689175e-15 	 2.3473819164410106e-22
0.005607381381381382 	 1.190192627026373e-15 	 2.264590121464011e-22
0.00565742942942943 	 1.1419362792203745e-15 	 2.1854214955166687e-22
0.0057074774774774776 	 1.0960029951652982e-15 	 2.1096870788018354e-22
0.005757525525525526 	 1.0522834978642287e-15 	 2.037209266236156e-22
0.005807573573573574 	 1.0284037358274974e-15 	 1.9678569772794859e-22
0.005857621621621622 	 1.019626772038832e-15 	 1.9014598456364557e-22
0.00590766966966967 	 1.010989690316583e-15 	 1.8378395926142978e-22
0.005957717717717718 	 1.0024988296373577e-15 	 1.7768580328222534e-22
0.006007765765765766 	 9.941383500216758e-16 	 1.7183848965217837e-22
0.0060578138138138145 	 9.859267156145373e-16 	 1.6622974169073348e-22
0.006107861861861862 	 9.778550197580636e-16 	 1.6084797325824362e-22
0.00615790990990991 	 9.699152377645493e-16 	 1.5568224952167068e-22
0.006207957957957959 	 9.620848844568262e-16 	 1.5072224288472724e-22
0.0062580060060060064 	 9.543885126470924e-16 	 1.4595820476895032e-22
0.006308054054054054 	 9.468236069147242e-16 	 1.4138091707032582e-22
0.006358102102102103 	 9.393601498562241e-16 	 1.3698165932610954e-22
0.006408150150150151 	 9.32031378959596e-16 	 1.3275219200689162e-22
0.006458198198198198 	 9.2481100520275e-16 	 1.2868470830223076e-22
0.006508246246246247 	 9.177021171832723e-16 	 1.2477182118120328e-22
0.006558294294294295 	 9.10695625189623e-16 	 1.21006531938797e-22
0.0066083423423423425 	 9.037928050724205e-16 	 1.173822101513979e-22
0.006658390390390391 	 8.96994552544213e-16 	 1.1389257025016536e-22
0.006708438438438439 	 8.903086219783643e-16 	 1.1053165213188026e-22
0.006758486486486487 	 8.837213868535766e-16 	 1.0729379838997463e-22
0.006808534534534535 	 8.77226671758465e-16 	 1.0417364050639095e-22
0.006858582582582583 	 8.708262864280747e-16 	 1.0116608218865753e-22
0.006908630630630631 	 8.645127627491174e-16 	 9.826628162205076e-23
0.0069586786786786795 	 8.582904687348661e-16 	 9.546963954796926e-23
0.007008726726726727 	 8.521622167589428e-16 	 9.27717839309371e-23
0.007058774774774775 	 8.461212037279824e-16 	 9.016855630167371e-23
0.007108822822822824 	 8.401693658414637e-16 	 8.765600195278399e-23
0.007158870870870871 	 8.343001287414369e-16 	 8.523035673519531e-23
0.007208918918918919 	 8.285050597400163e-16 	 8.288803734038452e-23
0.007258966966966968 	 8.227899171507834e-16 	 8.062563311551608e-23
0.007309015015015016 	 8.171532325289553e-16 	 7.843989443869285e-23
0.007359063063063063 	 8.115933994521656e-16 	 7.632772479450898e-23
0.007409111111111112 	 8.061107339007234e-16 	 7.428617278762041e-23
0.00745915915915916 	 8.007018764052024e-16 	 7.231242388389132e-23
0.0075092072072072075 	 7.953676929087839e-16 	 7.040379394886888e-23
0.007559255255255256 	 7.901041929868876e-16 	 6.855772155087329e-23
0.007609303303303304 	 7.849104748493607e-16 	 6.677176231030899e-23
0.007659351351351352 	 7.797840835371755e-16 	 6.504358241518071e-23
0.0077093993993994 	 7.747185423588694e-16 	 6.33709527259363e-23
0.007759447447447448 	 7.697184669176257e-16 	 6.175174473576847e-23
0.007809495495495496 	 7.647837088580084e-16 	 6.018392408744437e-23
0.007859543543543544 	 7.5991233736413205e-16 	 5.866554608687066e-23
0.007909591591591592 	 7.55107981249649e-16 	 5.719475180727564e-23
0.00795963963963964 	 7.50363463129536e-16 	 5.576976249883112e-23
0.008009687687687688 	 7.45672605639478e-16 	 5.43888765746614e-23
0.008059735735735736 	 7.410399698398724e-16 	 5.305046655318639e-23
0.008109783783783785 	 7.36464176620659e-16 	 5.175297414788558e-23
0.008159831831831832 	 7.31945191621892e-16 	 5.0494907458875796e-23
0.00820987987987988 	 7.274876021076679e-16 	 4.927483799754947e-23
0.00825992792792793 	 7.230831689466239e-16 	 4.8091396389257806e-23
0.008309975975975976 	 7.187239439693043e-16 	 4.6943270503300834e-23
0.008360024024024025 	 7.14418070441449e-16 	 4.5829203815774825e-23
0.008410072072072073 	 7.101737579645483e-16 	 4.4747991662967364e-23
0.00846012012012012 	 7.05978295949616e-16 	 4.369847742386818e-23
0.008510168168168169 	 7.018202629877619e-16 	 4.267955177751235e-23
0.008560216216216218 	 6.977117860225858e-16 	 4.1690151924562596e-23
0.008610264264264264 	 6.936590636572707e-16 	 4.072925753564503e-23
0.008660312312312313 	 6.896529058076301e-16 	 3.9795888238456394e-23
0.008710360360360362 	 6.8569046637502195e-16 	 3.888910314985324e-23
0.008760408408408409 	 6.817726140816899e-16 	 3.800799891455981e-23
0.008810456456456457 	 6.77893630149795e-16 	 3.715170740334623e-23
0.008860504504504506 	 6.740595698802069e-16 	 3.631939520517928e-23
0.008910552552552553 	 6.702774566733305e-16 	 3.551026144311025e-23
0.008960600600600601 	 6.665376487206817e-16 	 3.4723535351310513e-23
0.00901064864864865 	 6.628398303825599e-16 	 3.3958476404639255e-23
0.009060696696696697 	 6.591822194769231e-16 	 3.321437239347295e-23
0.009110744744744746 	 6.555598114811802e-16 	 3.249053809987933e-23
0.009160792792792794 	 6.519765462401869e-16 	 3.178631476670505e-23
0.009210840840840841 	 6.484288948861119e-16 	 3.110106809939817e-23
0.00926088888888889 	 6.449203729634072e-16 	 3.0434187962014546e-23
0.009310936936936938 	 6.414554217979593e-16 	 2.9785087030369113e-23
0.009360984984984985 	 6.38027116892166e-16 	 2.9153199223679794e-23
0.009411033033033034 	 6.34632316117964e-16 	 2.853797955522943e-23
0.009461081081081082 	 6.312740506432346e-16 	 2.7938903352747557e-23
0.00951112912912913 	 6.279555803393435e-16 	 2.735546512306507e-23
0.009561177177177178 	 6.24672084500145e-16 	 2.6787177375032963e-23
0.009611225225225227 	 6.214244332907814e-16 	 2.6233570509056813e-23
0.009661273273273274 	 6.182093155227408e-16 	 2.5694191634431626e-23
0.009711321321321322 	 6.150196030052257e-16 	 2.516860390842351e-23
0.009761369369369369 	 6.118631290625024e-16 	 2.4656386696055173e-23
0.009811417417417418 	 6.08742475361525e-16 	 2.415713403521773e-23
0.009861465465465466 	 6.056528457811169e-16 	 2.3670453964988984e-23
0.009911513513513513 	 6.025900507043374e-16 	 2.3195968303058515e-23
0.009961561561561562 	 5.995592406892789e-16 	 2.273331244830388e-23
0.01001160960960961 	 5.96566707781469e-16 	 2.2282134501878685e-23
0.010061657657657657 	 5.936032284197494e-16 	 2.184209411044673e-23
0.010111705705705706 	 5.906644349289788e-16 	 2.1412862821251355e-23
0.010161753753753755 	 5.877545693654869e-16 	 2.0994123753048737e-23
0.010211801801801802 	 5.848730986992449e-16 	 2.0585570632026055e-23
0.01026184984984985 	 5.820197545543793e-16 	 2.018690757361051e-23
0.010311897897897899 	 5.791942334970111e-16 	 1.979784867077654e-23
0.010361945945945946 	 5.763960068907775e-16 	 1.941811760453949e-23
0.010411993993993994 	 5.736246811413286e-16 	 1.9047447290961484e-23
0.010462042042042043 	 5.708801133038295e-16 	 1.868557953414925e-23
0.01051209009009009 	 5.681631568964922e-16 	 1.833226471553194e-23
0.010562138138138139 	 5.654718877289021e-16 	 1.7987261341876585e-23
0.010612186186186187 	 5.628056379947205e-16 	 1.7650335878963892e-23
0.010662234234234234 	 5.601642349753091e-16 	 1.7321262428320265e-23
0.010712282282282283 	 5.575464306812314e-16 	 1.6999822392232975e-23
0.010762330330330331 	 5.549529735296532e-16 	 1.668580430368655e-23
0.010812378378378378 	 5.523835254283673e-16 	 1.637900346458122e-23
0.010862426426426427 	 5.498377545161332e-16 	 1.607922173317304e-23
0.010912474474474475 	 5.473153350197914e-16 	 1.578626728517267e-23
0.010962522522522522 	 5.448159471152921e-16 	 1.5499954384593105e-23
0.011012570570570571 	 5.423392767925112e-16 	 1.5220103163905906e-23
0.01106261861861862 	 5.398850157237392e-16 	 1.4946539413088247e-23
0.011112666666666667 	 5.374528611357205e-16 	 1.4679094377162528e-23
0.011162714714714715 	 5.350425156851368e-16 	 1.441760456185059e-23
0.011212762762762764 	 5.3265368733742505e-16 	 1.4161911546983007e-23
0.01126281081081081 	 5.302860892488261e-16 	 1.3911861807320554e-23
0.01131285885885886 	 5.279394396515633e-16 	 1.3667306540462713e-23
0.011362906906906908 	 5.256135874093415e-16 	 1.34281015049566e-23
0.011412954954954955 	 5.233088006315994e-16 	 1.3194106869002633e-23
0.011463003003003003 	 5.210243706378145e-16 	 1.2965187020058176e-23
0.011513051051051052 	 5.187610109259789e-16 	 1.2741210482699808e-23
0.011563099099099099 	 5.165168856150091e-16 	 1.2522049672493568e-23
0.011613147147147148 	 5.142902545741431e-16 	 1.230758083222292e-23
0.011663195195195196 	 5.120827541179126e-16 	 1.209768398392051e-23
0.011713243243243243 	 5.098942255132213e-16 	 1.1892242669332237e-23
0.011763291291291292 	 5.077242983019268e-16 	 1.1691143871116859e-23
0.01181333933933934 	 5.055726507992576e-16 	 1.1494277903441912e-23
0.011863387387387387 	 5.034391575984044e-16 	 1.1301538303758199e-23
0.011913435435435436 	 5.013235899020465e-16 	 1.1112821717936833e-23
0.011963483483483485 	 4.99225722741467e-16 	 1.0928027799472003e-23
0.012013531531531531 	 4.971453348968033e-16 	 1.0747059109869967e-23
0.01206357957957958 	 4.950823158512776e-16 	 1.0569821025171055e-23
0.012113627627627629 	 4.930368589251499e-16 	 1.0396221647773488e-23
0.012163675675675676 	 4.910082342673674e-16 	 1.0226171689801377e-23
0.012213723723723724 	 4.889962349577e-16 	 1.0059584420399934e-23
0.012263771771771773 	 4.87000657453656e-16 	 9.896375571178121e-24
0.01231381981981982 	 4.850213015218402e-16 	 9.736463256629696e-24
0.012363867867867868 	 4.830579701709789e-16 	 9.579767897435769e-24
0.012413915915915917 	 4.811104695865651e-16 	 9.42621214653349e-24
0.012463963963963964 	 4.791786090670784e-16 	 9.275720817840422e-24
0.012514012012012013 	 4.772622009617348e-16 	 9.128220817528965e-24
0.012564060060060061 	 4.753610606097254e-16 	 8.983641077749978e-24
0.012614108108108108 	 4.734750062809002e-16 	 8.841912492708947e-24
0.012664156156156157 	 4.716038591178595e-16 	 8.702967857002208e-24
0.012714204204204205 	 4.697474430794124e-16 	 8.566741806124955e-24
0.012764252252252252 	 4.67905584885366e-16 	 8.433170759066199e-24
0.012814300300300301 	 4.660781139626076e-16 	 8.30219286290975e-24
0.01286434834834835 	 4.642648623924463e-16 	 8.17374793936365e-24
0.012914396396396396 	 4.624656648591788e-16 	 8.047777433143677e-24
0.012964444444444445 	 4.606803585998454e-16 	 7.924224362139804e-24
0.013014492492492494 	 4.589087833551482e-16 	 7.803033269297496e-24
0.01306454054054054 	 4.57150781321494e-16 	 7.684150176148421e-24
0.01311458858858859 	 4.554061971041369e-16 	 7.567522537928051e-24
0.013164636636636638 	 4.536748776713911e-16 	 7.453099200220241e-24
0.013214684684684685 	 4.519566723098811e-16 	 7.340830357071104e-24
0.013264732732732733 	 4.502514325808074e-16 	 7.230667510517216e-24
0.013314780780780782 	 4.485590122771976e-16 	 7.12256343147528e-24
0.013364828828828829 	 4.468792673821183e-16 	 7.016472121942421e-24
0.013414876876876878 	 4.452120560278219e-16 	 6.912348778458628e-24
0.013464924924924926 	 4.4355723845580523e-16 	 6.810149756784657e-24
0.013514972972972973 	 4.41914676977755e-16 	 6.709832537750578e-24
0.013565021021021022 	 4.40284235937358e-16 	 6.6113556942320705e-24
0.01361506906906907 	 4.3866578167295394e-16 	 6.5146788592132604e-24
0.013665117117117117 	 4.3705918248100837e-16 	 6.4197626948964316e-24
0.013715165165165166 	 4.3546430858038573e-16 	 6.3265688628207086e-24
0.013765213213213215 	 4.3388103207740206e-16 	 6.2350599949532146e-24
0.013815261261261261 	 4.3230922693163647e-16 	 6.145199665717612e-24
0.01386530930930931 	 4.307487689224839e-16 	 6.0569523649264104e-24
0.013915357357357359 	 4.2919953561642926e-16 	 5.970283471584742e-24
0.013965405405405406 	 4.276614063350254e-16 	 5.885159228534495e-24
0.014015453453453454 	 4.2613426212355657e-16 	 5.801546717908947e-24
0.014065501501501503 	 4.2461798572037225e-16 	 5.719413837369278e-24
0.01411554954954955 	 4.231124615268721e-16 	 5.6387292770953486e-24
0.014165597597597598 	 4.216175755781271e-16 	 5.55946249750418e-24
0.014215645645645647 	 4.2013321551412254e-16 	 5.481583707670796e-24
0.014265693693693694 	 4.186592705516055e-16 	 5.4050638444267644e-24
0.014315741741741743 	 4.171956314565223e-16 	 5.32987455211294e-24
0.014365789789789791 	 4.157421905170334e-16 	 5.255988162963771e-24
0.014415837837837838 	 4.1429884151708953e-16 	 5.1833776781012776e-24
0.014465885885885887 	 4.128654797105562e-16 	 5.1120167491177574e-24
0.014515933933933935 	 4.114420017958744e-16 	 5.041879660227069e-24
0.014565981981981982 	 4.100283058912429e-16 	 4.97294131096497e-24
0.014616030030030031 	 4.086242915103103e-16 	 4.9051771994198596e-24
0.01466607807807808 	 4.072298595383657e-16 	 4.838563405975938e-24
0.014716126126126126 	 4.058449122090144e-16 	 4.773076577551381e-24
0.014766174174174175 	 4.0446935308132793e-16 	 4.708693912314885e-24
0.014816222222222224 	 4.0310308701745804e-16 	 4.6453931448645175e-24
0.01486627027027027 	 4.017460201607017e-16 	 4.583152531853324e-24
0.01491631831831832 	 4.0039805991400845e-16 	 4.521950838046832e-24
0.014966366366366368 	 3.9905911491891903e-16 	 4.461767322798091e-24
0.015016414414414415 	 3.977290950349245e-16 	 4.4025817269263386e-24
0.015066462462462463 	 3.964079113192375e-16 	 4.3443742599860116e-24
0.015116510510510512 	 3.9509547600696505e-16 	 4.287125587913235e-24
0.015166558558558559 	 3.937917024916738e-16 	 4.230816821037345e-24
0.015216606606606608 	 3.9249650530633885e-16 	 4.1754295024455715e-24
0.015266654654654656 	 3.912098001046676e-16 	 4.120945596689305e-24
0.015316702702702703 	 3.899315036427894e-16 	 4.0673474788208714e-24
0.015366750750750752 	 3.8866153376130296e-16 	 4.014617923750065e-24
0.0154167987987988 	 3.8739980936767402e-16 	 3.962740095910182e-24
0.015466846846846847 	 3.86146250418974e-16 	 3.911697539223495e-24
0.015516894894894896 	 3.849007779049531e-16 	 3.8614741673566385e-24
0.015566942942942944 	 3.836633138314401e-16 	 3.8120542542565844e-24
0.015616990990990991 	 3.82433781204061e-16 	 3.7634224249582684e-24
0.015667039039039037 	 3.8121210401226983e-16 	 3.715563646655228e-24
0.015717087087087085 	 3.799982072136843e-16 	 3.668463220024931e-24
0.015767135135135134 	 3.78792016718721e-16 	 3.622106770800756e-24
0.015817183183183182 	 3.775934593755202e-16 	 3.5764802415827956e-24
0.01586723123123123 	 3.7640246295515806e-16 	 3.531569883880079e-24
0.01591727927927928 	 3.7521895613713634e-16 	 3.487362250376892e-24
0.015967327327327325 	 3.740428684951457e-16 	 3.443844187416249e-24
0.016017375375375374 	 3.728741304830957e-16 	 3.40100282769374e-24
0.016067423423423422 	 3.7171267342140605e-16 	 3.358825583155262e-24
0.01611747147147147 	 3.7055842948355316e-16 	 3.317300138092284e-24
0.01616751951951952 	 3.6941133168286635e-16 	 3.2764144424285978e-24
0.016217567567567568 	 3.6827131385956886e-16 	 3.236156705192667e-24
0.016267615615615613 	 3.6713831066805824e-16 	 3.1965153881698796e-24
0.016317663663663662 	 3.6601225756441995e-16 	 3.157479199729213e-24
0.01636771171171171 	 3.6489309079417126e-16 	 3.1190370888190138e-24
0.01641775975975976 	 3.6378074738022817e-16 	 3.0811782391267542e-24
0.016467807807807808 	 3.6267516511109286e-16 	 3.0438920633978e-24
0.016517855855855856 	 3.615762825292547e-16 	 3.0071681979083928e-24
0.0165679039039039 	 3.604840389198024e-16 	 2.9709964970882316e-24
0.01661795195195195 	 3.5939837429924167e-16 	 2.9353670282881242e-24
0.016668 	 3.583192294045141e-16 	 2.900270066688437e-24
0.016718048048048047 	 3.5724654568221373e-16 	 2.865696090344069e-24
0.016768096096096096 	 3.561802652779962e-16 	 2.831635775361964e-24
0.016818144144144145 	 3.551203310261777e-16 	 2.7980799912071895e-24
0.01686819219219219 	 3.5406668643951817e-16 	 2.7650197961338027e-24
0.01691824024024024 	 3.5301927569918655e-16 	 2.7324464327368234e-24
0.016968288288288287 	 3.5197804364490357e-16 	 2.700351323621769e-24
0.017018336336336336 	 3.5094293576525814e-16 	 2.6687260671882896e-24
0.017068384384384384 	 3.4991389818819416e-16 	 2.6375624335245844e-24
0.017118432432432433 	 3.4889087767166464e-16 	 2.6068523604093777e-24
0.017168480480480478 	 3.4787382159444874e-16 	 2.5765879494183297e-24
0.017218528528528527 	 3.4686267794712887e-16 	 2.546761462131836e-24
0.017268576576576575 	 3.4585739532322574e-16 	 2.5173653164413582e-24
0.017318624624624624 	 3.4485792291048587e-16 	 2.488392082951357e-24
0.017368672672672673 	 3.4386421048232027e-16 	 2.4598344814741585e-24
0.01741872072072072 	 3.42876208389391e-16 	 2.431685377615067e-24
0.017468768768768766 	 3.418938675513416e-16 	 2.4039377794451476e-24
0.017518816816816815 	 3.409171394486698e-16 	 2.3765848342591785e-24
0.017568864864864864 	 3.399459761147397e-16 	 2.3496198254164065e-24
0.017618912912912912 	 3.3898033012792847e-16 	 2.3230361692616696e-24
0.01766896096096096 	 3.380201546039081e-16 	 2.2968274121247236e-24
0.01771900900900901 	 3.3706540318805726e-16 	 2.2709872273954996e-24
0.017769057057057055 	 3.361160300480014e-16 	 2.2455094126731934e-24
0.017819105105105103 	 3.351719898662786e-16 	 2.220387886987114e-24
0.017869153153153152 	 3.342332378331288e-16 	 2.1956166880873094e-24
0.0179192012012012 	 3.3329972963940385e-16 	 2.171189969802984e-24
0.01796924924924925 	 3.3237142146959586e-16 	 2.147101999466878e-24
0.018019297297297298 	 3.3144826999498177e-16 	 2.123347155403749e-24
0.018069345345345343 	 3.3053023236688236e-16 	 2.0999199244812177e-24
0.018119393393393392 	 3.296172662100318e-16 	 2.076814899721211e-24
0.01816944144144144 	 3.287093296160581e-16 	 2.0540267779704157e-24
0.01821948948948949 	 3.278063811370705e-16 	 2.0315503576280607e-24
0.018269537537537538 	 3.269083797793516e-16 	 2.0093805364294926e-24
0.018319585585585586 	 3.2601528499715407e-16 	 1.987512309284037e-24
0.01836963363363363 	 3.251270566865981e-16 	 1.9659407661656427e-24
0.01841968168168168 	 3.2424365517966795e-16 	 1.9446610900549077e-24
0.01846972972972973 	 3.2336504123830713e-16 	 1.923668554931094e-24
0.018519777777777777 	 3.224911760486085e-16 	 1.9029585238127702e-24
0.018569825825825826 	 3.2162202121509864e-16 	 1.8825264468457972e-24
0.018619873873873875 	 3.2075753875511434e-16 	 1.862367859437375e-24
0.01866992192192192 	 3.1989769109326956e-16 	 1.8424783804349372e-24
0.01871996996996997 	 3.1904244105601107e-16 	 1.822853710348668e-24
0.018770018018018017 	 3.1819175186626123e-16 	 1.8034896296165283e-24
0.018820066066066066 	 3.1734558713814637e-16 	 1.7843819969106208e-24
0.018870114114114114 	 3.165039108718091e-16 	 1.765526747483835e-24
0.018920162162162163 	 3.1566668744830236e-16 	 1.746919891555686e-24
0.018970210210210208 	 3.1483388162456533e-16 	 1.7285575127363396e-24
0.019020258258258257 	 3.140054585284773e-16 	 1.7104357664877954e-24
0.019070306306306305 	 3.131813836539911e-16 	 1.6925508786212964e-24
0.019120354354354354 	 3.1236162285634145e-16 	 1.6748991438299805e-24
0.019170402402402403 	 3.1154614234732924e-16 	 1.657476924255873e-24
0.01922045045045045 	 3.10734908690679e-16 	 1.6402806480903413e-24
0.019270498498498496 	 3.099278887974693e-16 	 1.623306808207127e-24
0.019320546546546545 	 3.0912504992163333e-16 	 1.6065519608271256e-24
0.019370594594594594 	 3.083263596555301e-16 	 1.5900127242140956e-24
0.019420642642642642 	 3.075317859255838e-16 	 1.5736857774005035e-24
0.01947069069069069 	 3.0674129698798977e-16 	 1.5575678589427199e-24
0.019520738738738736 	 3.059548614244878e-16 	 1.5416557657048444e-24
0.019570786786786785 	 3.05172448138199e-16 	 1.5259463516704023e-24
0.019620834834834833 	 3.043940263495275e-16 	 1.510436526781223e-24
0.019670882882882882 	 3.0361956559212365e-16 	 1.4951232558027992e-24
0.01972093093093093 	 3.0284903570890956e-16 	 1.4800035572154698e-24
0.01977097897897898 	 3.0208240684816476e-16 	 1.465074502130765e-24
0.019821027027027024 	 3.013196494596706e-16 	 1.4503332132322765e-24
0.019871075075075073 	 3.0056073429091385e-16 	 1.4357768637404628e-24
0.01992112312312312 	 2.9980563238334683e-16 	 1.4214026764007552e-24
0.01997117117117117 	 2.9905431506870393e-16 	 1.4072079224944106e-24
0.02002121921921922 	 2.983067539653738e-16 	 1.3931899208715318e-24
0.020071267267267268 	 2.975629209748249e-16 	 1.3793460370057036e-24
0.020121315315315313 	 2.9682278827808576e-16 	 1.365673682069722e-24
0.02017136336336336 	 2.960863283322757e-16 	 1.3521703120318712e-24
0.02022141141141141 	 2.9535351386718935e-16 	 1.3388334267722732e-24
0.02027145945945946 	 2.9462431788193e-16 	 1.3256605692187865e-24
0.020321507507507507 	 2.938987136415935e-16 	 1.3126493245019928e-24
0.020371555555555556 	 2.931766746740006e-16 	 1.2997973191287962e-24
0.0204216036036036 	 2.9245817476647805e-16 	 1.2871022201741878e-24
0.02047165165165165 	 2.917431879626861e-16 	 1.2745617344907198e-24
0.0205216996996997 	 2.910316885594929e-16 	 1.262173607935278e-24
0.020571747747747747 	 2.903236511038943e-16 	 1.249935624612712e-24
0.020621795795795796 	 2.8961905038997904e-16 	 1.237845606135939e-24
0.020671843843843844 	 2.8891786145593703e-16 	 1.2259014109020973e-24
0.02072189189189189 	 2.8822005958111197e-16 	 1.2141009333843869e-24
0.020771939939939938 	 2.875256202830957e-16 	 1.2024421034392032e-24
0.020821987987987987 	 2.8683451931486567e-16 	 1.1909228856282182e-24
0.020872036036036035 	 2.86146732661962e-16 	 1.1795412785550209e-24
0.020922084084084084 	 2.8546223653970655e-16 	 1.1682953142160027e-24
0.020972132132132133 	 2.847810073904608e-16 	 1.1571830573651271e-24
0.021022180180180178 	 2.841030218809233e-16 	 1.146202604892263e-24
0.021072228228228226 	 2.834282568994656e-16 	 1.1353520852147591e-24
0.021122276276276275 	 2.8275668955350624e-16 	 1.1246296576819497e-24
0.021172324324324324 	 2.8208829716692155e-16 	 1.1140335119922795e-24
0.021222372372372372 	 2.8142305727749324e-16 	 1.1035618676227583e-24
0.02127242042042042 	 2.8076094763439254e-16 	 1.093212973270457e-24
0.021322468468468466 	 2.801019461956989e-16 	 1.082985106305753e-24
0.021372516516516515 	 2.7944603112595405e-16 	 1.0728765722370648e-24
0.021422564564564563 	 2.7879318079375047e-16 	 1.0628857041867997e-24
0.021472612612612612 	 2.7814337376935337e-16 	 1.0530108623782544e-24
0.02152266066066066 	 2.7749658882235565e-16 	 1.0432504336332201e-24
0.02157270870870871 	 2.76852804919366e-16 	 1.033602830880036e-24
0.021622756756756754 	 2.7621200122172874e-16 	 1.0240664926718601e-24
0.021672804804804803 	 2.755741570832752e-16 	 1.0146398827149117e-24
0.02172285285285285 	 2.7493925204810658e-16 	 1.0053214894064686e-24
0.0217729009009009 	 2.7430726584840685e-16 	 9.961098253823843e-25
0.02182294894894895 	 2.7367817840228646e-16 	 9.870034270739161e-25
0.021872996996996998 	 2.730519698116548e-16 	 9.780008542736427e-25
0.021923045045045043 	 2.7242862036012247e-16 	 9.691006897102771e-25
0.02197309309309309 	 2.7180811051093186e-16 	 9.603015386321574e-25
0.02202314114114114 	 2.7119042090491615e-16 	 9.516020283992362e-25
0.02207318918918919 	 2.7057553235848586e-16 	 9.430008080833613e-25
0.022123237237237237 	 2.6996342586164326e-16 	 9.344965480766709e-25
0.022173285285285286 	 2.6935408257602266e-16 	 9.260879397079114e-25
0.02222333333333333 	 2.687474838329582e-16 	 9.177736948665132e-25
0.02227338138138138 	 2.681436111315772e-16 	 9.095525456342381e-25
0.02232342942942943 	 2.675424461369192e-16 	 9.014232439242347e-25
0.022373477477477477 	 2.669439706780804e-16 	 8.933845611273379e-25
0.022423525525525526 	 2.6634816674638265e-16 	 8.854352877654472e-25
0.022473573573573574 	 2.657550164935672e-16 	 8.775742331518316e-25
0.02252362162162162 	 2.6516450223001234e-16 	 8.698002250582033e-25
0.022573669669669668 	 2.6457660642297503e-16 	 8.62112109388413e-25
0.022623717717717717 	 2.639913116948554e-16 	 8.5450874985862e-25
0.022673765765765765 	 2.634086008214847e-16 	 8.469890276837953e-25
0.022723813813813814 	 2.6282845673043567e-16 	 8.395518412704186e-25
0.022773861861861863 	 2.62250862499355e-16 	 8.321961059152341e-25
0.022823909909909908 	 2.6167580135431824e-16 	 8.24920753509927e-25
0.022873957957957956 	 2.611032566682056e-16 	 8.177247322516031e-25
0.022924006006006005 	 2.6053321195909985e-16 	 8.106070063589349e-25
0.022974054054054054 	 2.5996565088870447e-16 	 8.035665557938558e-25
0.023024102102102102 	 2.5940055726078255e-16 	 7.966023759886769e-25
0.02307415015015015 	 2.588379150196167e-16 	 7.897134775785241e-25
0.023124198198198196 	 2.582777082484878e-16 	 7.828988861389568e-25
0.023174246246246245 	 2.5771992116817426e-16 	 7.761576419286799e-25
0.023224294294294293 	 2.5716453813547074e-16 	 7.694887996372241e-25
0.023274342342342342 	 2.5661154364172545e-16 	 7.628914281374985e-25
0.02332439039039039 	 2.5606092231139666e-16 	 7.563646102431012e-25
0.02337443843843844 	 2.5551265890062766e-16 	 7.499074424702945e-25
0.023424486486486484 	 2.5496673829584003e-16 	 7.43519034804542e-25
0.023474534534534533 	 2.5442314551234477e-16 	 7.371985104715116e-25
0.02352458258258258 	 2.5388186569297127e-16 	 7.309450057124485e-25
0.02357463063063063 	 2.533428841067138e-16 	 7.247576695638255e-25
0.02362467867867868 	 2.528061861473952e-16 	 7.186356636411842e-25
0.023674726726726728 	 2.522717573323472e-16 	 7.125781619270719e-25
0.023724774774774773 	 2.51739583301108e-16 	 7.065843505629943e-25
0.02377482282282282 	 2.512096498141356e-16 	 7.006534276452964e-25
0.02382487087087087 	 2.506819427515381e-16 	 6.9478460302489155e-25
0.02387491891891892 	 2.5015644811181957e-16 	 6.889770981107574e-25
0.023924966966966967 	 2.4963315201064153e-16 	 6.832301456771153e-25
0.023975015015015016 	 2.4911204067959997e-16 	 6.775429896742257e-25
0.02402506306306306 	 2.485931004650185e-16 	 6.719148850427221e-25
0.02407511111111111 	 2.4807631782675497e-16 	 6.66345097531396e-25
0.024125159159159158 	 2.4756167933702455e-16 	 6.608329035183902e-25
0.024175207207207207 	 2.4704917167923617e-16 	 6.553775898356984e-25
0.024225255255255256 	 2.465387816468442e-16 	 6.499784535969264e-25
0.024275303303303304 	 2.4603049614221407e-16 	 6.446348020282367e-25
0.02432535135135135 	 2.455243021755019e-16 	 6.393459523024152e-25
0.024375399399399398 	 2.4502018686354737e-16 	 6.341112313759893e-25
0.024425447447447447 	 2.4451813742878175e-16 	 6.289299758293504e-25
0.024475495495495495 	 2.440181411981474e-16 	 6.238015317097998e-25
0.024525543543543544 	 2.43520185602032e-16 	 6.187252543774763e-25
0.024575591591591592 	 2.4302425817321476e-16 	 6.137005083540902e-25
0.024625639639639638 	 2.425303465458264e-16 	 6.087266671744264e-25
0.024675687687687686 	 2.420384384543209e-16 	 6.038031132405399e-25
0.024725735735735735 	 2.415485217324606e-16 	 5.989292376786074e-25
0.024775783783783784 	 2.4106058431231273e-16 	 5.941044401983679e-25
0.024825831831831832 	 2.4057461422325875e-16 	 5.893281289551078e-25
0.02487587987987988 	 2.4009059959101557e-16 	 5.845997204141392e-25
0.024925927927927926 	 2.39608528636668e-16 	 5.799186392177167e-25
0.024975975975975975 	 2.3912838967571343e-16 	 5.752843180543495e-25
0.025026024024024023 	 2.3865017111711807e-16 	 5.706961975304575e-25
0.025076072072072072 	 2.381738614623836e-16 	 5.661537260443255e-25
0.02512612012012012 	 2.376994493046262e-16 	 5.616563596623131e-25
0.02517616816816817 	 2.372269233276654e-16 	 5.572035619972677e-25
0.025226216216216214 	 2.367562723051248e-16 	 5.52794804089107e-25
0.025276264264264263 	 2.362874850995425e-16 	 5.484295642875201e-25
0.02532631231231231 	 2.3582055066149305e-16 	 5.441073281367505e-25
0.02537636036036036 	 2.35355458028719e-16 	 5.398275882624163e-25
0.02542640840840841 	 2.34892196325273e-16 	 5.35589844260331e-25
0.025476456456456457 	 2.3443075476067036e-16 	 5.313936025872848e-25
0.025526504504504503 	 2.339711226290508e-16 	 5.272383764537447e-25
0.02557655255255255 	 2.3351328930835074e-16 	 5.231236857184399e-25
0.0256266006006006 	 2.3305724425948506e-16 	 5.190490567847977e-25
0.02567664864864865 	 2.3260297702553836e-16 	 5.150140224991866e-25
0.025726696696696697 	 2.3215047723096545e-16 	 5.110181220509362e-25
0.025776744744744742 	 2.3169973458080207e-16 	 5.070609008741039e-25
0.02582679279279279 	 2.312507388598832e-16 	 5.031419105509421e-25
0.02587684084084084 	 2.308034799320724e-16 	 4.992607087170486e-25
0.025926888888888888 	 2.303579477394981e-16 	 4.954168589681543e-25
0.025976936936936937 	 2.2991413230180024e-16 	 4.916099307685254e-25
0.026026984984984985 	 2.2947202371538487e-16 	 4.878394993609468e-25
0.02607703303303303 	 2.2903161215268747e-16 	 4.841051456782523e-25
0.02612708108108108 	 2.2859288786144473e-16 	 4.804064562563792e-25
0.026177129129129128 	 2.281558411639747e-16 	 4.767430231489145e-25
0.026227177177177177 	 2.277204624564654e-16 	 4.731144438431013e-25
0.026277225225225225 	 2.2728674220827094e-16 	 4.6952032117728605e-25
0.026327273273273274 	 2.268546709612166e-16 	 4.6596026325976785e-25
0.02637732132132132 	 2.2642423932891087e-16 	 4.624338833890357e-25
0.026427369369369368 	 2.259954379960657e-16 	 4.589407999753557e-25
0.026477417417417416 	 2.2556825771782506e-16 	 4.554806364636947e-25
0.026527465465465465 	 2.251426893190998e-16 	 4.52053021257943e-25
0.026577513513513513 	 2.2471872369391146e-16 	 4.48657587646422e-25
0.026627561561561562 	 2.242963518047421e-16 	 4.452939737286445e-25
0.026677609609609607 	 2.238755646818928e-16 	 4.419618223433131e-25
0.026727657657657656 	 2.234563534228481e-16 	 4.386607809975231e-25
0.026777705705705705 	 2.2303870919164847e-16 	 4.353905017971576e-25
0.026827753753753753 	 2.226226232182696e-16 	 4.321506413784455e-25
0.026877801801801802 	 2.2220808679800837e-16 	 4.289408608406636e-25
0.02692784984984985 	 2.217950912908757e-16 	 4.257608256799617e-25
0.026977897897897896 	 2.2138362812099648e-16 	 4.226102057242888e-25
0.027027945945945944 	 2.2097368877601594e-16 	 4.194886750694021e-25
0.027077993993993993 	 2.2056526480651253e-16 	 4.163959120159368e-25
0.02712804204204204 	 2.2015834782541749e-16 	 4.1333159900751637e-25
0.02717809009009009 	 2.1975292950744073e-16 	 4.1029542256988883e-25
0.02722813813813814 	 2.1934900158850296e-16 	 4.0728707325106433e-25
0.027278186186186184 	 2.1894655586517436e-16 	 4.0430624556244035e-25
0.027328234234234233 	 2.185455841941189e-16 	 4.013526379208927e-25
0.02737828228228228 	 2.1814607849154552e-16 	 3.9842595259181917e-25
0.02742833033033033 	 2.1774803073266442e-16 	 3.955258956331137e-25
0.02747837837837838 	 2.1735143295115013e-16 	 3.926521768400578e-25
0.027528426426426427 	 2.169562772386097e-16 	 3.8980450969111006e-25
0.027578474474474472 	 2.1656255574405737e-16 	 3.869826112945803e-25
0.02762852252252252 	 2.1617026067339437e-16 	 3.841862023361686e-25
0.02767857057057057 	 2.157793842888948e-16 	 3.814150070273581e-25
0.027728618618618618 	 2.1538991890869668e-16 	 3.7866875305464212e-25
0.027778666666666667 	 2.1500185690629887e-16 	 3.7594717152957233e-25
0.027828714714714715 	 2.1461519071006322e-16 	 3.7324999693961533e-25
0.02787876276276276 	 2.1422991280272204e-16 	 3.7057696709979767e-25
0.02792881081081081 	 2.1384601572089106e-16 	 3.6792782310513206e-25
0.027978858858858858 	 2.1346349205458745e-16 	 3.6530230928380517e-25
0.028028906906906906 	 2.1308233444675294e-16 	 3.6270017315111655e-25
0.028078954954954955 	 2.1270253559278242e-16 	 3.6012116536415467e-25
0.028129003003003004 	 2.1232408824005706e-16 	 3.5756503967719564e-25
0.02817905105105105 	 2.1194698518748287e-16 	 3.550315528978154e-25
0.028229099099099098 	 2.1157121928503365e-16 	 3.5252046484369644e-25
0.028279147147147146 	 2.1119678343329936e-16 	 3.5003153830012494e-25
0.028329195195195195 	 2.108236705830389e-16 	 3.47564538978159e-25
0.028379243243243243 	 2.104518737347379e-16 	 3.4511923547346063e-25
0.028429291291291292 	 2.100813859381707e-16 	 3.4269539922577696e-25
0.028479339339339337 	 2.0971220029196749e-16 	 3.402928044790617e-25
0.028529387387387386 	 2.093443099431858e-16 	 3.3791122824222433e-25
0.028579435435435434 	 2.0897770808688632e-16 	 3.355504502504952e-25
0.028629483483483483 	 2.086123879657134e-16 	 3.3321025292739935e-25
0.028679531531531532 	 2.0824834286947997e-16 	 3.3089042134732344e-25
0.02872957957957958 	 2.078855661347565e-16 	 3.285907431986687e-25
0.028779627627627626 	 2.0752405114446456e-16 	 3.263110087475809e-25
0.028829675675675674 	 2.0716379132747443e-16 	 3.2405101080224207e-25
0.028879723723723723 	 2.0680478015820702e-16 	 3.2181054467772126e-25
0.02892977177177177 	 2.064470111562399e-16 	 3.1958940816136927e-25
0.02897981981981982 	 2.0609047788591716e-16 	 3.1738740147874923e-25
0.02902986786786787 	 2.0573517395596381e-16 	 3.1520432726009676e-25
0.029079915915915914 	 2.053810930191037e-16 	 3.1303999050729606e-25
0.029129963963963963 	 2.0502822877168147e-16 	 3.1089419856136577e-25
0.02918001201201201 	 2.046765749532887e-16 	 3.087667610704469e-25
0.02923006006006006 	 2.0432612534639345e-16 	 3.066574899582812e-25
0.02928010810810811 	 2.0397687377597402e-16 	 3.045661993931737e-25
0.029330156156156157 	 2.0362881410915605e-16 	 3.0249270575743086e-25
0.029380204204204202 	 2.032819402548537e-16 	 3.0043682761726605e-25
0.02943025225225225 	 2.029362461634143e-16 	 2.983983856931634e-25
0.0294803003003003 	 2.025917258262665e-16 	 2.963772028306962e-25
0.029530348348348348 	 2.0224837327557242e-16 	 2.9437310397178497e-25
0.029580396396396397 	 2.0190618258388284e-16 	 2.9238591612639667e-25
0.029630444444444445 	 2.0156514786379612e-16 	 2.9041546834466886e-25
0.02968049249249249 	 2.0122526326762069e-16 	 2.8846159168945955e-25
0.02973054054054054 	 2.0088652298704063e-16 	 2.865241192093082e-25
0.029780588588588588 	 2.0054892125278502e-16 	 2.8460288591180894e-25
0.029830636636636636 	 2.002124523343002e-16 	 2.826977287373799e-25
0.029880684684684685 	 1.9987711053942554e-16 	 2.8080848653343146e-25
0.029930732732732734 	 1.9954289021407272e-16 	 2.789350000289197e-25
0.02998078078078078 	 1.9920978574190763e-16 	 2.770771118092817e-25
0.030030828828828827 	 1.9887779154403582e-16 	 2.7523466629174573e-25
0.030080876876876876 	 1.9854690207869124e-16 	 2.734075097010114e-25
0.030130924924924925 	 1.9821711184092774e-16 	 2.7159549004529066e-25
0.030180972972972973 	 1.9788841536231372e-16 	 2.6979845709270635e-25
0.030231021021021022 	 1.9756080721063012e-16 	 2.680162623480429e-25
0.030281069069069067 	 1.9723428198957087e-16 	 2.6624875902983863e-25
0.030331117117117116 	 1.9690883433844677e-16 	 2.6449580204782063e-25
0.030381165165165164 	 1.9658445893189204e-16 	 2.6275724798067223e-25
0.030431213213213213 	 1.9626115047957403e-16 	 2.610329550541281e-25
0.03048126126126126 	 1.959389037259054e-16 	 2.5932278311939345e-25
0.03053130930930931 	 1.9561771344975942e-16 	 2.576265936318794e-25
0.030581357357357355 	 1.9529757446418798e-16 	 2.5594424963025253e-25
0.030631405405405404 	 1.9497848161614234e-16 	 2.5427561571578945e-25
0.030681453453453453 	 1.9466042978619677e-16 	 2.5262055803203687e-25
0.0307315015015015 	 1.9434341388827467e-16 	 2.5097894424476567e-25
0.03078154954954955 	 1.9402742886937737e-16 	 2.4935064352222007e-25
0.0308315975975976 	 1.9371246970931584e-16 	 2.477355265156534e-25
0.030881645645645644 	 1.933985314204448e-16 	 2.46133465340148e-25
0.030931693693693692 	 1.930856090473991e-16 	 2.4454433355571173e-25
0.03098174174174174 	 1.927736976668336e-16 	 2.4296800614865224e-25
0.03103178978978979 	 1.924627923871644e-16 	 2.4140435951321693e-25
0.03108183783783784 	 1.9215288834831353e-16 	 2.398532714335015e-25
0.031131885885885887 	 1.9184398072145538e-16 	 2.3831462106561735e-25
0.031181933933933932 	 1.9153606470876616e-16 	 2.367882889201179e-25
0.03123198198198198 	 1.912291355431753e-16 	 2.3527415684467565e-25
0.031282030030030036 	 1.9092318848811955e-16 	 2.337721080070102e-25
0.03133207807807808 	 1.906182188372995e-16 	 2.3228202687806076e-25
0.03138212612612613 	 1.903142219144377e-16 	 2.30803799215396e-25
0.031432174174174175 	 1.9001119307304028e-16 	 2.293373120468676e-25
0.031482222222222224 	 1.8970912769615997e-16 	 2.2788245365449202e-25
0.03153227027027027 	 1.8940802119616134e-16 	 2.2643911355856267e-25
0.03158231831831832 	 1.8910786901448908e-16 	 2.250071825019908e-25
0.03163236636636637 	 1.8880866662143752e-16 	 2.235865524348656e-25
0.03168241441441442 	 1.885104095159229e-16 	 2.221771164992353e-25
0.03173246246246247 	 1.8821309322525775e-16 	 2.207787690141033e-25
0.031782510510510516 	 1.8791671330492722e-16 	 2.1939140546063603e-25
0.031832558558558564 	 1.8762126533836759e-16 	 2.1801492246758007e-25
0.03188260660660661 	 1.8732674493674696e-16 	 2.166492177968848e-25
0.031932654654654655 	 1.8703314773874792e-16 	 2.1529419032952732e-25
0.0319827027027027 	 1.8674046941035213e-16 	 2.139497400515356e-25
0.03203275075075075 	 1.864487056446273e-16 	 2.1261576804021017e-25
0.0320827987987988 	 1.861578521615157e-16 	 2.1129217645053574e-25
0.03213284684684685 	 1.8586790470762508e-16 	 2.09978868501785e-25
0.0321828948948949 	 1.8557885905602107e-16 	 2.0867574846430876e-25
0.032232942942942946 	 1.852907110060221e-16 	 2.073827216465105e-25
0.032282990990990995 	 1.8500345638299556e-16 	 2.0609969438200125e-25
0.032333039039039044 	 1.847170910381564e-16 	 2.0482657401693464e-25
0.03238308708708709 	 1.844316108483675e-16 	 2.0356326889751656e-25
0.03243313513513514 	 1.8414701171594137e-16 	 2.0230968835768777e-25
0.03248318318318318 	 1.8386328956844464e-16 	 2.0106574270697829e-25
0.03253323123123123 	 1.8358044035850325e-16 	 1.9983134321852713e-25
0.03258327927927928 	 1.832984600636105e-16 	 1.986064021172704e-25
0.03263332732732733 	 1.8301734468593598e-16 	 1.9739083256828886e-25
0.03268337537537538 	 1.8273709025213695e-16 	 1.961845486653186e-25
0.032733423423423426 	 1.8245769281317079e-16 	 1.9498746541941673e-25
0.032783471471471475 	 1.8217914844410978e-16 	 1.9379949874778497e-25
0.03283351951951952 	 1.8190145324395733e-16 	 1.926205654627445e-25
0.03288356756756757 	 1.8162460333546557e-16 	 1.9145058326086176e-25
0.03293361561561562 	 1.8134859486495526e-16 	 1.9028947071222363e-25
0.03298366366366367 	 1.8107342400213669e-16 	 1.8913714724985723e-25
0.03303371171171172 	 1.807990869399327e-16 	 1.8799353315929508e-25
0.03308375975975976 	 1.8052557989430312e-16 	 1.8685854956828142e-25
0.03313380780780781 	 1.802528991040704e-16 	 1.8573211843661683e-25
0.03318385585585586 	 1.7998104083074775e-16 	 1.846141625461435e-25
0.033233903903903905 	 1.7971000135836793e-16 	 1.8350460549086287e-25
0.033283951951951954 	 1.7943977699331413e-16 	 1.8240337166718824e-25
0.033334 	 1.7917036406415192e-16 	 1.8131038626432855e-25
0.03338404804804805 	 1.7890175892146332e-16 	 1.8022557525480124e-25
0.0334340960960961 	 1.7863395793768178e-16 	 1.7914886538507354e-25
0.03348414414414415 	 1.7836695750692887e-16 	 1.7808018416632797e-25
0.0335341921921922 	 1.7810075404485268e-16 	 1.7701945986535314e-25
0.033584240240240246 	 1.7783534398846703e-16 	 1.759666214955551e-25
0.033634288288288294 	 1.7757072379599292e-16 	 1.7492159880808983e-25
0.033684336336336336 	 1.773068899467008e-16 	 1.7388432228311372e-25
0.033734384384384385 	 1.7704383894075415e-16 	 1.728547231211495e-25
0.03378443243243243 	 1.767815672990553e-16 	 1.7183273323456957e-25
0.03383448048048048 	 1.7652007156309161e-16 	 1.7081828523918977e-25
0.03388452852852853 	 1.7625934829478357e-16 	 1.6981131244597622e-25
0.03393457657657658 	 1.7599939407633417e-16 	 1.688117488528618e-25
0.03398462462462463 	 1.757402055100795e-16 	 1.6781952913667006e-25
0.034034672672672676 	 1.7548177921834072e-16 	 1.6683458864514708e-25
0.034084720720720725 	 1.7522411184327735e-16 	 1.6585686338909693e-25
0.034134768768768774 	 1.7496720004674183e-16 	 1.6488629003462198e-25
0.03418481681681682 	 1.7471104051013536e-16 	 1.639228058954644e-25
0.03423486486486487 	 1.744556299342651e-16 	 1.6296634892544888e-25
0.03428491291291291 	 1.7420096503920237e-16 	 1.6201685771102318e-25
0.03433496096096096 	 1.7394704256414232e-16 	 1.6107427146389801e-25
0.03438500900900901 	 1.7369385926726474e-16 	 1.601385300137818e-25
0.03443505705705706 	 1.7344141192559616e-16 	 1.592095738012109e-25
0.03448510510510511 	 1.7318969733487309e-16 	 1.5828734387047337e-25
0.034535153153153156 	 1.7293871230940634e-16 	 1.5737178186262408e-25
0.034585201201201204 	 1.7268845368194668e-16 	 1.5646283000859106e-25
0.03463524924924925 	 1.7243891830355164e-16 	 1.555604311223719e-25
0.0346852972972973 	 1.7219010304345348e-16 	 1.546645285943175e-25
0.03473534534534535 	 1.7194200478892809e-16 	 1.5377506638450256e-25
0.0347853933933934 	 1.716946204451653e-16 	 1.5289198901618256e-25
0.03483544144144145 	 1.7144794693514032e-16 	 1.52015241569335e-25
0.03488548948948949 	 1.7120198119948585e-16 	 1.5114476967428273e-25
0.03493553753753754 	 1.7095672019636584e-16 	 1.5028051950540092e-25
0.03498558558558559 	 1.7071216090135008e-16 	 1.4942243777490383e-25
0.035035633633633635 	 1.704683003072898e-16 	 1.4857047172671192e-25
0.035085681681681684 	 1.7022513542419437e-16 	 1.477245691303965e-25
0.03513572972972973 	 1.6998266327910934e-16 	 1.468846782752036e-25
0.03518577777777778 	 1.69740880915995e-16 	 1.4605074796415205e-25
0.03523582582582583 	 1.694997853956063e-16 	 1.452227275082085e-25
0.03528587387387388 	 1.6925937379537402e-16 	 1.4440056672053642e-25
0.03533592192192193 	 1.6901964320928624e-16 	 1.435842159108166e-25
0.035385969969969976 	 1.6878059074777168e-16 	 1.4277362587964282e-25
0.035436018018018024 	 1.6854221353758325e-16 	 1.4196874791298537e-25
0.035486066066066066 	 1.6830450872168314e-16 	 1.4116953377672713e-25
0.035536114114114115 	 1.6806747345912867e-16 	 1.4037593571126738e-25
0.03558616216216216 	 1.678311049249589e-16 	 1.395879064261942e-25
0.03563621021021021 	 1.675954003100828e-16 	 1.3880539909502476e-25
0.03568625825825826 	 1.6736035682116757e-16 	 1.3802836735001017e-25
0.03573630630630631 	 1.671259716805285e-16 	 1.3725676527700742e-25
0.03578635435435436 	 1.6689224212601954e-16 	 1.3649054741041473e-25
0.035836402402402406 	 1.6665916541092465e-16 	 1.3572966872817064e-25
0.035886450450450455 	 1.664267388038505e-16 	 1.349740846468161e-25
0.035936498498498504 	 1.6619495958861943e-16 	 1.3422375101661747e-25
0.03598654654654655 	 1.6596382506416382e-16 	 1.3347862411675162e-25
0.0360365945945946 	 1.6573333254442125e-16 	 1.3273866065054997e-25
0.03608664264264264 	 1.6550347935823031e-16 	 1.320038177408027e-25
0.03613669069069069 	 1.6527426284922736e-16 	 1.312740529251201e-25
0.03618673873873874 	 1.6504568037574436e-16 	 1.3054932415135327e-25
0.03623678678678679 	 1.6481772931070732e-16 	 1.2982958977307032e-25
0.03628683483483484 	 1.6459040704153567e-16 	 1.2911480854508907e-25
0.036336882882882886 	 1.643637109700423e-16 	 1.2840493961906459e-25
0.036386930930930934 	 1.6413763851233494e-16 	 1.2769994253913236e-25
0.03643697897897898 	 1.6391218709871754e-16 	 1.2699977723760356e-25
0.03648702702702703 	 1.6368735417359317e-16 	 1.2630440403071479e-25
0.03653707507507508 	 1.6346313719536753e-16 	 1.256137836144296e-25
0.03658712312312313 	 1.6323953363635283e-16 	 1.249278770602911e-25
0.03663717117117118 	 1.6301654098267325e-16 	 1.2424664581132637e-25
0.03668721921921922 	 1.6279415673417035e-16 	 1.2357005167800014e-25
0.03673726726726727 	 1.6257237840430985e-16 	 1.2289805683421874e-25
0.036787315315315317 	 1.623512035200889e-16 	 1.2223062381338255e-25
0.036837363363363365 	 1.6213062962194415e-16 	 1.2156771550448648e-25
0.036887411411411414 	 1.6191065426366057e-16 	 1.209092951482683e-25
0.03693745945945946 	 1.6169127501228102e-16 	 1.2025532633340337e-25
0.03698750750750751 	 1.6147248944801658e-16 	 1.1960577299274617e-25
0.03703755555555556 	 1.6125429516415756e-16 	 1.1896059939961718e-25
0.03708760360360361 	 1.6103668976698528e-16 	 1.1831977016413467e-25
0.03713765165165166 	 1.6081967087568452e-16 	 1.1768325022959106e-25
0.037187699699699706 	 1.6060323612225654e-16 	 1.1705100486887291e-25
0.037237747747747754 	 1.6038738315143328e-16 	 1.1642299968092435e-25
0.037287795795795796 	 1.6017210962059164e-16 	 1.1579920058725302e-25
0.037337843843843845 	 1.5995741319966883e-16 	 1.151795738284779e-25
0.03738789189189189 	 1.597432915710783e-16 	 1.1456408596091912e-25
0.03743793993993994 	 1.5952974242962636e-16 	 1.1395270385322824e-25
0.03748798798798799 	 1.593167634824295e-16 	 1.1334539468305922e-25
0.03753803603603604 	 1.5910435244883218e-16 	 1.1274212593377906e-25
0.03758808408408409 	 1.5889250706032554e-16 	 1.121428653912179e-25
0.037638132132132136 	 1.5868122506046663e-16 	 1.1154758114045798e-25
0.037688180180180185 	 1.5847050420479833e-16 	 1.1095624156266087e-25
0.037738228228228234 	 1.5826034226076972e-16 	 1.1036881533193234e-25
0.03778827627627628 	 1.5805073700765735e-16 	 1.0978527141222456e-25
0.03783832432432433 	 1.5784168623648714e-16 	 1.0920557905427556e-25
0.03788837237237237 	 1.5763318774995655e-16 	 1.086297077925844e-25
0.03793842042042042 	 1.574252393623576e-16 	 1.0805762744242214e-25
0.03798846846846847 	 1.5721783889950077e-16 	 1.0748930809687896e-25
0.03803851651651652 	 1.570109841986389e-16 	 1.0692472012394542e-25
0.03808856456456457 	 1.5680467310839228e-16 	 1.063638341636284e-25
0.038138612612612616 	 1.5659890348867382e-16 	 1.0580662112510113e-25
0.038188660660660664 	 1.5639367321061521e-16 	 1.052530521838867e-25
0.03823870870870871 	 1.561889801564935e-16 	 1.0470309877907447e-25
0.03828875675675676 	 1.559848222196582e-16 	 1.041567326105698e-25
0.03833880480480481 	 1.5578119730445905e-16 	 1.0361392563637527e-25
0.03838885285285286 	 1.5557810332617423e-16 	 1.0307465006990398e-25
0.03843890090090091 	 1.5537553821093936e-16 	 1.0253887837732471e-25
0.03848894894894895 	 1.5517349989567684e-16 	 1.020065832749375e-25
0.038538996996997 	 1.5497198632802563e-16 	 1.0147773772657989e-25
0.038589045045045046 	 1.547709954662722e-16 	 1.0095231494106424e-25
0.038639093093093095 	 1.5457052527928106e-16 	 1.0043028836964334e-25
0.038689141141141144 	 1.543705737464267e-16 	 9.991163170350701e-26
0.03873918918918919 	 1.5417113885752558e-16 	 9.939631887130676e-26
0.03878923723723724 	 1.539722186127687e-16 	 9.888432403670931e-26
0.03883928528528529 	 1.537738110226549e-16 	 9.837562159597891e-26
0.03888933333333334 	 1.5357591410792438e-16 	 9.787018617558699e-26
0.03893938138138139 	 1.5337852589949299e-16 	 9.736799262984975e-26
0.038989429429429436 	 1.5318164443838695e-16 	 9.686901603859297e-26
0.03903947747747748 	 1.5298526777567796e-16 	 9.637323170484371e-26
0.039089525525525526 	 1.5278939397241881e-16 	 9.588061515254816e-26
0.039139573573573574 	 1.5259402109957975e-16 	 9.539114212431639e-26
0.03918962162162162 	 1.5239914723798518e-16 	 9.490478857919277e-26
0.03923966966966967 	 1.5220477047825052e-16 	 9.442153069045121e-26
0.03928971771771772 	 1.520108889207202e-16 	 9.394134484341681e-26
0.03933976576576577 	 1.5181750067540555e-16 	 9.346420763331147e-26
0.03938981381381382 	 1.5162460386192346e-16 	 9.299009586312459e-26
0.039439861861861866 	 1.5143219660943543e-16 	 9.251898654150764e-26
0.039489909909909915 	 1.5124027705658712e-16 	 9.205085688069328e-26
0.039539957957957964 	 1.5104884335144821e-16 	 9.158568429443744e-26
0.03959000600600601 	 1.50857893651453e-16 	 9.112344639598548e-26
0.039640054054054054 	 1.506674261233412e-16 	 9.066412099606085e-26
0.0396901021021021 	 1.5047743894309915e-16 	 9.020768610087655e-26
0.03974015015015015 	 1.5028793029590187e-16 	 8.97541199101698e-26
0.0397901981981982 	 1.5009889837605507e-16 	 8.9303400815258e-26
0.03984024624624625 	 1.4991034138693774e-16 	 8.885550739711704e-26
0.0398902942942943 	 1.4972225754094551e-16 	 8.841041842448156e-26
0.039940342342342346 	 1.4953464505943388e-16 	 8.79681128519659e-26
0.039990390390390394 	 1.4934750217266225e-16 	 8.752856981820684e-26
0.04004043843843844 	 1.4916082711973832e-16 	 8.709176864402669e-26
0.04009048648648649 	 1.4897461814856275e-16 	 8.665768883061746e-26
0.04014053453453454 	 1.4878887351577458e-16 	 8.6226310057745e-26
0.04019058258258259 	 1.4860359148669644e-16 	 8.579761218197325e-26
0.04024063063063063 	 1.4841877033528097e-16 	 8.537157523490862e-26
0.04029067867867868 	 1.4823440834405688e-16 	 8.494817942146351e-26
0.04034072672672673 	 1.4805050380407587e-16 	 8.452740511813962e-26
0.040390774774774776 	 1.4786705501485998e-16 	 8.410923287133025e-26
0.040440822822822825 	 1.4768406028434893e-16 	 8.369364339564126e-26
0.040490870870870874 	 1.4750151792884826e-16 	 8.328061757223082e-26
0.04054091891891892 	 1.4731942627297765e-16 	 8.287013644716771e-26
0.04059096696696697 	 1.4713778364961956e-16 	 8.24621812298075e-26
0.04064101501501502 	 1.4695658839986857e-16 	 8.205673329118706e-26
0.04069106306306307 	 1.4677583887298068e-16 	 8.16537741624364e-26
0.04074111111111112 	 1.465955334263233e-16 	 8.125328553320847e-26
0.040791159159159165 	 1.4641567042532536e-16 	 8.085524925012578e-26
0.04084120720720721 	 1.4623624824342816e-16 	 8.04596473152447e-26
0.040891255255255256 	 1.4605726526203603e-16 	 8.006646188453609e-26
0.040941303303303304 	 1.458787198704678e-16 	 7.967567526638285e-26
0.04099135135135135 	 1.4570061046590862e-16 	 7.928726992009422e-26
0.0410413993993994 	 1.455229354533618e-16 	 7.89012284544359e-26
0.04109144744744745 	 1.4534569324560122e-16 	 7.851753362617629e-26
0.0411414954954955 	 1.451688822631242e-16 	 7.813616833864919e-26
0.04119154354354355 	 1.4499250093410443e-16 	 7.775711564033129e-26
0.041241591591591596 	 1.4481654769434543e-16 	 7.738035872343602e-26
0.041291639639639645 	 1.4464102098723446e-16 	 7.700588092252225e-26
0.041341687687687693 	 1.4446591926369636e-16 	 7.66336657131181e-26
0.04139173573573574 	 1.4429124098214817e-16 	 7.626369671035982e-26
0.041441783783783784 	 1.4411698460845388e-16 	 7.589595766764571e-26
0.04149183183183183 	 1.439431486158793e-16 	 7.55304324753038e-26
0.04154187987987988 	 1.437697314850478e-16 	 7.516710515927503e-26
0.04159192792792793 	 1.4359673170389585e-16 	 7.480595987980986e-26
0.04164197597597598 	 1.4342414776762911e-16 	 7.444698093017936e-26
0.04169202402402403 	 1.4325197817867878e-16 	 7.40901527353999e-26
0.041742072072072076 	 1.4308022144665823e-16 	 7.373545985097174e-26
0.041792120120120124 	 1.4290887608832022e-16 	 7.338288696163152e-26
0.04184216816816817 	 1.4273794062751388e-16 	 7.303241888011725e-26
0.04189221621621622 	 1.4256741359514267e-16 	 7.268404054594776e-26
0.04194226426426427 	 1.4239729352912193e-16 	 7.233773702421412e-26
0.04199231231231232 	 1.4222757897433739e-16 	 7.199349350438473e-26
0.04204236036036036 	 1.4205826848260354e-16 	 7.165129529912294e-26
0.04209240840840841 	 1.4188936061262242e-16 	 7.131112784311703e-26
0.04214245645645646 	 1.417208539299428e-16 	 7.097297669192345e-26
0.042192504504504506 	 1.4155274700691956e-16 	 7.063682752082139e-26
0.042242552552552555 	 1.4138503842267333e-16 	 7.030266612368048e-26
0.042292600600600604 	 1.4121772676305048e-16 	 6.997047841183961e-26
0.04234264864864865 	 1.4105081062058336e-16 	 6.964025041299854e-26
0.0423926966966967 	 1.4088428859445083e-16 	 6.931196827012064e-26
0.04244274474474475 	 1.4071815929043915e-16 	 6.898561824034754e-26
0.0424927927927928 	 1.4055242132090294e-16 	 6.866118669392522e-26
0.04254284084084085 	 1.4038707330472658e-16 	 6.833866011314131e-26
0.042592888888888895 	 1.4022211386728604e-16 	 6.801802509127396e-26
0.04264293693693694 	 1.4005754164041042e-16 	 6.769926833155124e-26
0.042692984984984986 	 1.3989335526234442e-16 	 6.738237664612203e-26
0.042743033033033034 	 1.397295533777107e-16 	 6.706733695503753e-26
0.04279308108108108 	 1.3956613463747254e-16 	 6.675413628524342e-26
0.04284312912912913 	 1.3940309769889682e-16 	 6.644276176958261e-26
0.04289317717717718 	 1.3924044122551735e-16 	 6.613320064580851e-26
0.04294322522522523 	 1.3907816388709813e-16 	 6.58254402556086e-26
0.04299327327327328 	 1.389162643595973e-16 	 6.551946804363819e-26
0.043043321321321326 	 1.387547413251311e-16 	 6.52152715565644e-26
0.043093369369369375 	 1.3859359347193794e-16 	 6.491283844211975e-26
0.04314341741741742 	 1.3843281949434302e-16 	 6.46121564481662e-26
0.04319346546546547 	 1.3827241809272317e-16 	 6.43132134217684e-26
0.043243513513513514 	 1.381123879734716e-16 	 6.401599730827685e-26
0.04329356156156156 	 1.3795272784896328e-16 	 6.372049615042038e-26
0.04334360960960961 	 1.377934364375204e-16 	 6.342669808740857e-26
0.04339365765765766 	 1.3763451246337798e-16 	 6.313459135404257e-26
0.04344370570570571 	 1.374759546566499e-16 	 6.2844164279836e-26
0.04349375375375376 	 1.3731776175329505e-16 	 6.255540528814441e-26
0.043543801801801806 	 1.3715993249508375e-16 	 6.226830289530395e-26
0.043593849849849854 	 1.3700246562956428e-16 	 6.198284570977883e-26
0.0436438978978979 	 1.3684535991003e-16 	 6.169902243131767e-26
0.04369394594594595 	 1.3668861409548623e-16 	 6.141682185011842e-26
0.043743993993994 	 1.3653222695061756e-16 	 6.11362328460018e-26
0.04379404204204205 	 1.363761972457556e-16 	 6.085724438759363e-26
0.04384409009009009 	 1.3622052375684662e-16 	 6.057984553151494e-26
0.04389413813813814 	 1.360652052654194e-16 	 6.030402542158073e-26
0.04394418618618619 	 1.3591024055855378e-16 	 6.002977328800709e-26
0.043994234234234236 	 1.3575562842884877e-16 	 5.975707844662604e-26
0.044044282282282285 	 1.3560136767439134e-16 	 5.948593029810858e-26
0.044094330330330334 	 1.3544745709872534e-16 	 5.921631832719586e-26
0.04414437837837838 	 1.3529389551082034e-16 	 5.894823210193754e-26
0.04419442642642643 	 1.351406817250411e-16 	 5.868166127293871e-26
0.04424447447447448 	 1.349878145611171e-16 	 5.841659557261403e-26
0.04429452252252253 	 1.3483529284411202e-16 	 5.815302481444929e-26
0.04434457057057058 	 1.3468311540439377e-16 	 5.789093889227085e-26
0.044394618618618625 	 1.3453128107760459e-16 	 5.763032777952222e-26
0.04444466666666667 	 1.343797887046314e-16 	 5.737118152854815e-26
0.044494714714714716 	 1.3422863713157609e-16 	 5.711349026988555e-26
0.044544762762762764 	 1.3407782520972653e-16 	 5.68572442115622e-26
0.04459481081081081 	 1.3392735179552724e-16 	 5.660243363840197e-26
0.04464485885885886 	 1.3377721575055058e-16 	 5.634904891133731e-26
0.04469490690690691 	 1.33627415941468e-16 	 5.609708046672866e-26
0.04474495495495496 	 1.3347795124002158e-16 	 5.584651881569047e-26
0.04479500300300301 	 1.3332882052299568e-16 	 5.559735454342447e-26
0.044845051051051056 	 1.3318002267218873e-16 	 5.534957830855894e-26
0.044895099099099105 	 1.3303155657438538e-16 	 5.510318084249515e-26
0.04494514714714715 	 1.328834211213287e-16 	 5.485815294876033e-26
0.044995195195195195 	 1.3273561520969263e-16 	 5.461448550236661e-26
0.045045243243243244 	 1.325881377410545e-16 	 5.437216944917689e-26
0.04509529129129129 	 1.3244098762186797e-16 	 5.413119580527678e-26
0.04514533933933934 	 1.3229416376343585e-16 	 5.389155565635285e-26
0.04519538738738739 	 1.3214766508188328e-16 	 5.365324015707704e-26
0.04524543543543544 	 1.3200149049813123e-16 	 5.34162405304973e-26
0.04529548348348349 	 1.3185563893786972e-16 	 5.318054806743401e-26
0.045345531531531535 	 1.3171010933153177e-16 	 5.294615412588278e-26
0.045395579579579584 	 1.3156490061426707e-16 	 5.271305013042276e-26
0.04544562762762763 	 1.314200117259161e-16 	 5.24812275716311e-26
0.04549567567567568 	 1.312754416109843e-16 	 5.225067800550313e-26
0.04554572372372373 	 1.3113118921861637e-16 	 5.20213930528781e-26
0.04559577177177177 	 1.30987253502571e-16 	 5.179336439887081e-26
0.04564581981981982 	 1.3084363342119544e-16 	 5.156658379230876e-26
0.04569586786786787 	 1.3070032793740025e-16 	 5.1341043045174645e-26
0.04574591591591592 	 1.3055733601863465e-16 	 5.11167340320548e-26
0.045795963963963966 	 1.3041465663686146e-16 	 5.089364868959247e-26
0.045846012012012015 	 1.3027228876853254e-16 	 5.0671779015946966e-26
0.045896060060060064 	 1.3013023139456437e-16 	 5.0451117070257734e-26
0.04594610810810811 	 1.299884835003137e-16 	 5.023165497211399e-26
0.04599615615615616 	 1.2984704407555328e-16 	 5.001338490102911e-26
0.04604620420420421 	 1.2970591211444807e-16 	 4.9796299095920806e-26
0.04609625225225226 	 1.2956508661553125e-16 	 4.9580389854595643e-26
0.04614630030030031 	 1.2942456658168052e-16 	 4.9365649533239086e-26
0.04619634834834835 	 1.2928435102009473e-16 	 4.915207054591038e-26
0.0462463963963964 	 1.2914443894227023e-16 	 4.8939645364042195e-26
0.046296444444444446 	 1.2900482936397793e-16 	 4.8728366515945325e-26
0.046346492492492494 	 1.288655213052401e-16 	 4.851822658631824e-26
0.04639654054054054 	 1.2872651379030723e-16 	 4.830921821576094e-26
0.04644658858858859 	 1.2858780584763566e-16 	 4.810133410029413e-26
0.04649663663663664 	 1.284493965098647e-16 	 4.7894566990882807e-26
0.04654668468468469 	 1.2831128481379402e-16 	 4.768890969296405e-26
0.04659673273273274 	 1.281734698003616e-16 	 4.748435506598003e-26
0.046646780780780786 	 1.280359505146214e-16 	 4.72808960229152e-26
0.046696828828828835 	 1.2789872600572118e-16 	 4.7078525529837794e-26
0.04674687687687688 	 1.277617953268808e-16 	 4.687723660544597e-26
0.046796924924924925 	 1.2762515753537033e-16 	 4.6677022320618397e-26
0.046846972972972974 	 1.274888116924883e-16 	 4.647787579796861e-26
0.04689702102102102 	 1.2735275686354055e-16 	 4.62797902114045e-26
0.04694706906906907 	 1.272169921178185e-16 	 4.6082758785691275e-26
0.04699711711711712 	 1.270815165285781e-16 	 4.5886774796018844e-26
0.04704716516516517 	 1.269463291730188e-16 	 4.569183156757366e-26
0.04709721321321322 	 1.2681142913226242e-16 	 4.5497922475113964e-26
0.047147261261261265 	 1.2667681549133248e-16 	 4.5305040942549784e-26
0.047197309309309314 	 1.265424873391335e-16 	 4.5113180442526647e-26
0.04724735735735736 	 1.2640844376843033e-16 	 4.492233449601292e-26
0.04729740540540541 	 1.2627468387582785e-16 	 4.473249667189174e-26
0.04734745345345346 	 1.261412067617507e-16 	 4.454366058655637e-26
0.0473975015015015 	 1.2600801153042298e-16 	 4.435581990350944e-26
0.04744754954954955 	 1.2587509728984813e-16 	 4.416896833296594e-26
0.0474975975975976 	 1.257424631517895e-16 	 4.3983099631460474e-26
0.04754764564564565 	 1.256101082317499e-16 	 4.379820760145733e-26
0.047597693693693696 	 1.2547803164895243e-16 	 4.361428609096513e-26
0.047647741741741745 	 1.2534623252632076e-16 	 4.343132899315452e-26
0.04769778978978979 	 1.2521470999045975e-16 	 4.324933024597974e-26
0.04774783783783784 	 1.2508346317163607e-16 	 4.306828383180362e-26
0.04779788588588589 	 1.2495249120375915e-16 	 4.2888183777026263e-26
0.04784793393393394 	 1.2482179322436208e-16 	 4.2709024151717087e-26
0.04789798198198199 	 1.2469136837458268e-16 	 4.2530799069250303e-26
0.04794803003003004 	 1.245612157991447e-16 	 4.2353502685944025e-26
0.04799807807807808 	 1.2443133464633898e-16 	 4.217712920070232e-26
0.04804812612612613 	 1.243017240680052e-16 	 4.2001672854661256e-26
0.048098174174174176 	 1.2417238321951305e-16 	 4.1827127930837625e-26
0.048148222222222224 	 1.2404331125974414e-16 	 4.1653488753781296e-26
0.04819827027027027 	 1.2391450735107364e-16 	 4.148074968923083e-26
0.04824831831831832 	 1.237859706593523e-16 	 4.1308905143772154e-26
0.04829836636636637 	 1.2365770035388812e-16 	 4.113794956450028e-26
0.04834841441441442 	 1.235296956074289e-16 	 4.096787743868471e-26
0.04839846246246247 	 1.234019555961441e-16 	 4.079868329343733e-26
0.048448510510510516 	 1.2327447949960737e-16 	 4.0630361695383793e-26
0.048498558558558565 	 1.2314726650077885e-16 	 4.0462907250337746e-26
0.04854860660660661 	 1.2302031578598782e-16 	 4.029631460297819e-26
0.048598654654654655 	 1.2289362654491535e-16 	 4.013057843652978e-26
0.048648702702702704 	 1.2276719797057686e-16 	 3.9965693472445954e-26
0.04869875075075075 	 1.2264102925930533e-16 	 3.980165447009531e-26
0.0487487987987988 	 1.22515119610734e-16 	 3.963845622645056e-26
0.04879884684684685 	 1.223894682277795e-16 	 3.9476093575780526e-26
0.0488488948948949 	 1.2226407431662515e-16 	 3.931456138934485e-26
0.04889894294294295 	 1.2213893708670408e-16 	 3.915385457509165e-26
0.048948990990990995 	 1.220140557506827e-16 	 3.899396807735777e-26
0.048999039039039044 	 1.2188942952444425e-16 	 3.883489687657213e-26
0.04904908708708709 	 1.2176505762707216e-16 	 3.8676635988961197e-26
0.04909913513513514 	 1.2164093928083409e-16 	 3.8519180466257915e-26
0.04914918318318319 	 1.2151707371116537e-16 	 3.8362525395412586e-26
0.04919923123123123 	 1.2139346014665314e-16 	 3.820666589830687e-26
0.04924927927927928 	 1.2127009781902014e-16 	 3.805159713147015e-26
0.04929932732732733 	 1.21146985963109e-16 	 3.7897314285798686e-26
0.04934937537537538 	 1.2102412381686626e-16 	 3.7743812586277106e-26
0.049399423423423426 	 1.2090151062132665e-16 	 3.759108729170252e-26
0.049449471471471475 	 1.207791456205976e-16 	 3.7439133694411306e-26
0.04949951951951952 	 1.2065702806184356e-16 	 3.7287947120008036e-26
0.04954956756756757 	 1.2053515719527062e-16 	 3.713752292709726e-26
0.04959961561561562 	 1.2041353227411118e-16 	 3.6987856507017365e-26
0.04964966366366367 	 1.2029215255460866e-16 	 3.683894328357706e-26
0.04969971171171172 	 1.2017101729600237e-16 	 3.6690778712794234e-26
0.04974975975975977 	 1.2005012576051242e-16 	 3.654335828263704e-26
0.04979980780780781 	 1.199294772133248e-16 	 3.639667751276753e-26
0.04984985585585586 	 1.1980907092257632e-16 	 3.6250731954287275e-26
0.049899903903903906 	 1.1968890615934006e-16 	 3.61055171894857e-26
0.049949951951951954 	 1.1956898219761044e-16 	 3.5961028831590354e-26
0.05 	 1.194492983142888e-16 	 3.581726252451959e-26
