0.00035233633633633635 	 1.52390399295477e-17 	 5.7492734001987815e-18
0.0004023843843843844 	 1.974279250125224e-17 	 3.1572081580134758e-18
0.0004524324324324324 	 1.2521626064213975e-16 	 1.83915594058983e-18
0.0005024804804804805 	 6.165518251950543e-16 	 1.111796049781588e-18
0.0005525285285285286 	 8.7015425103089435e-16 	 7.119592367749764e-19
0.0006025765765765767 	 9.163878615180668e-16 	 4.0858815223695156e-19
0.0006526246246246247 	 1.0496826710401788e-15 	 2.4801596750180977e-19
0.0007026726726726728 	 1.3718976457244154e-15 	 1.446399802990576e-19
0.0007527207207207208 	 2.017138497996697e-15 	 7.276949774343355e-20
0.0008027687687687688 	 4.628545818452868e-15 	 3.0734811175637533e-20
0.0008528168168168169 	 2.9023955916864164e-14 	 3.1282426323647683e-20
0.0009028648648648649 	 5.73018979519035e-14 	 2.0429157931422783e-19
0.000952912912912913 	 5.1857209817365104e-14 	 3.5545354095007016e-19
0.001002960960960961 	 4.781751539871696e-14 	 3.172783937850113e-19
0.0010530090090090092 	 4.2136448122195955e-14 	 2.5145693364848067e-19
0.0011030570570570572 	 3.37041309350839e-14 	 1.9544816715202314e-19
0.0011531051051051051 	 2.7027800061073388e-14 	 1.3877067241135616e-19
0.0012031531531531533 	 2.1848974836663353e-14 	 8.999068612097012e-20
0.0012532012012012013 	 1.7950547505359506e-14 	 5.575826328092545e-20
0.0013032492492492493 	 1.9523346299527515e-14 	 3.9035983020336526e-20
0.0013532972972972973 	 2.0845193749671013e-14 	 3.0746239857456084e-20
0.0014033453453453455 	 2.103420950930673e-14 	 2.524063195668118e-20
0.0014533933933933935 	 2.1121901060501748e-14 	 1.9123976748578242e-20
0.0015034414414414415 	 2.235704221168212e-14 	 1.2911346815419273e-20
0.0015534894894894897 	 2.4560329102158146e-14 	 9.999545161398102e-21
0.0016035375375375376 	 2.856017190054338e-14 	 1.0594249264364905e-20
0.0016535855855855856 	 3.150427120498257e-14 	 1.2446254690196087e-20
0.0017036336336336338 	 3.1248621623046346e-14 	 1.4239553144152307e-20
0.0017536816816816818 	 3.2189900518846785e-14 	 1.532823378713341e-20
0.0018037297297297298 	 3.100108851662513e-14 	 1.649387439550593e-20
0.001853777777777778 	 3.0977195116123176e-14 	 1.5575419584240552e-20
0.001903825825825826 	 3.1413288173943265e-14 	 1.383847882417327e-20
0.001953873873873874 	 3.152881950014998e-14 	 1.2129064809114488e-20
0.0020039219219219217 	 2.957594348020094e-14 	 1.156611332319892e-20
0.00205396996996997 	 2.877650687907467e-14 	 1.0132510593006115e-20
0.002104018018018018 	 2.7069627607169502e-14 	 9.146181517445685e-21
0.002154066066066066 	 2.5337329062144096e-14 	 8.271226504955992e-21
0.002204114114114114 	 2.3809217499868434e-14 	 7.503406023444865e-21
0.0022541621621621623 	 2.239239894022268e-14 	 6.82394526152975e-21
0.00230421021021021 	 2.1078354376256662e-14 	 6.2208254186734996e-21
0.0023542582582582582 	 1.9856596923381308e-14 	 5.683810428822234e-21
0.0024043063063063064 	 1.8720055055317783e-14 	 5.204318684480701e-21
0.002454354354354354 	 1.76602414602862e-14 	 4.774993133668027e-21
0.0025044024024024024 	 1.667289999908705e-14 	 4.3896453079262574e-21
0.00255445045045045 	 1.5750641411768745e-14 	 4.042883923469595e-21
0.0026044984984984984 	 1.4888562044139002e-14 	 3.730119600226717e-21
0.0026545465465465466 	 1.4082073164997812e-14 	 3.4473892729872466e-21
0.0027045945945945943 	 1.3326760351663393e-14 	 3.191258820973518e-21
0.0027546426426426425 	 1.2618615853260819e-14 	 2.9587479815189205e-21
0.0028046906906906907 	 1.1954492318970628e-14 	 2.7472690894136076e-21
0.0028547387387387385 	 1.1330668833592932e-14 	 2.5545509605985965e-21
0.0029047867867867867 	 1.0744653335812578e-14 	 2.3786168537553442e-21
0.002954834834834835 	 1.0193399190775394e-14 	 2.217722253461912e-21
0.0030048828828828826 	 9.674603786100674e-15 	 2.0703374336283493e-21
0.003054930930930931 	 9.185891517249215e-15 	 1.9351101465984203e-21
0.003104978978978979 	 8.725378103352896e-15 	 1.8108472151659748e-21
0.003155027027027027 	 8.290954492709387e-15 	 1.696488011026054e-21
0.003205075075075075 	 7.88106405412665e-15 	 1.591093428697082e-21
0.003255123123123123 	 7.493851497911222e-15 	 1.4938246557524838e-21
0.003305171171171171 	 7.128102773185963e-15 	 1.4039367764555006e-21
0.003355219219219219 	 6.782257188177518e-15 	 1.3207614029771147e-21
0.0034052672672672674 	 6.455079585246083e-15 	 1.2437013866797468e-21
0.003455315315315315 	 6.145552725485075e-15 	 1.1722216257876365e-21
0.0035053633633633633 	 5.852411039515967e-15 	 1.1058398058130257e-21
0.0035554114114114115 	 5.574639422998301e-15 	 1.0441226169120263e-21
0.0036054594594594593 	 5.311398014818246e-15 	 9.866797736356513e-22
0.0036555075075075075 	 5.061772197698077e-15 	 9.331583251178173e-22
0.0037055555555555557 	 4.824985233181358e-15 	 8.83239331005775e-22
0.0037556036036036035 	 4.600288686334137e-15 	 8.366338172600183e-22
0.0038056516516516516 	 4.386849012748716e-15 	 7.930793105165206e-22
0.0038556996996997 	 4.184301494408507e-15 	 7.523384813896576e-22
0.0039057477477477476 	 3.991758992562984e-15 	 7.141940490045633e-22
0.003955795795795796 	 3.808774071452611e-15 	 6.784490741143368e-22
0.004005843843843844 	 3.634826478321943e-15 	 6.449236877416862e-22
0.004055891891891893 	 3.4694323979745125e-15 	 6.1345364781070195e-22
0.00410593993993994 	 3.3120508964991474e-15 	 5.838886444323769e-22
0.004155987987987988 	 3.162397983829391e-15 	 5.560914778768921e-22
0.004206036036036037 	 3.0197661346529924e-15 	 5.299357149471631e-22
0.004256084084084085 	 2.884117999366154e-15 	 5.053063293689781e-22
0.004306132132132132 	 2.754967589271913e-15 	 4.820969855291949e-22
0.004356180180180181 	 2.6318838300540853e-15 	 4.602099907207055e-22
0.004406228228228229 	 2.5147039004666602e-15 	 4.395557295231844e-22
0.0044562762762762765 	 2.4030392650065146e-15 	 4.2005135371677798e-22
0.004506324324324325 	 2.296560650800144e-15 	 4.0162051964432976e-22
0.004556372372372373 	 2.1950523564537977e-15 	 3.841928520717581e-22
0.004606420420420421 	 2.0983760327736143e-15 	 3.6770337122296256e-22
0.004656468468468469 	 2.0061967369539587e-15 	 3.5209179894497905e-22
0.004706516516516517 	 1.9182748137554858e-15 	 3.3730241614722187e-22
0.004756564564564565 	 1.834434112915e-15 	 3.2328364012929497e-22
0.0048066126126126135 	 1.7545116306900905e-15 	 3.0998763817446807e-22
0.004856660660660661 	 1.6781963624235767e-15 	 2.9736992008751954e-22
0.004906708708708709 	 1.6054858048080005e-15 	 2.8538934932237165e-22
0.004956756756756757 	 1.5360990973696626e-15 	 2.740075162186286e-22
0.005006804804804805 	 1.4699226473383128e-15 	 2.6318878186141155e-22
0.005056852852852853 	 1.4068074618761971e-15 	 2.528999435015251e-22
0.005106900900900901 	 1.3465927997596954e-15 	 2.431100594025434e-22
0.0051569489489489495 	 1.2891510100548273e-15 	 2.3379029409181354e-22
0.005206996996996997 	 1.2343808604367008e-15 	 2.2491375139265217e-22
0.005257045045045045 	 1.1821409630516827e-15 	 2.1645530088843157e-22
0.005307093093093094 	 1.132324431343407e-15 	 2.0839147476592812e-22
0.0053571411411411415 	 1.0848174616717408e-15 	 2.0070032803218505e-22
0.005407189189189189 	 1.039510013518295e-15 	 1.9336133025253255e-22
0.005457237237237238 	 9.963347212543895e-16 	 1.8635527327470155e-22
0.005507285285285286 	 9.551618261297567e-16 	 1.7966414458440507e-22
0.005557333333333333 	 9.159315589033826e-16 	 1.7327107925855465e-22
0.005607381381381382 	 8.785382009927019e-16 	 1.6716024667935966e-22
0.00565742942942943 	 8.429198095052711e-16 	 1.613168006140677e-22
0.0057074774774774776 	 8.090158974139217e-16 	 1.5572679936536196e-22
0.005757525525525526 	 7.76745837653344e-16 	 1.503771389734296e-22
0.005807573573573574 	 7.591195702432535e-16 	 1.4525800430806342e-22
0.005857621621621622 	 7.526408253872319e-16 	 1.4035687831135106e-22
0.00590766966966967 	 7.462653353216262e-16 	 1.3566072858964476e-22
0.005957717717717718 	 7.399977787484974e-16 	 1.3115935486084622e-22
0.006007765765765766 	 7.338264638608546e-16 	 1.2684314131317707e-22
0.0060578138138138145 	 7.277650190821502e-16 	 1.2270302570934187e-22
0.006107861861861862 	 7.2180687017111e-16 	 1.1873045574754469e-22
0.00615790990990991 	 7.159460938824118e-16 	 1.149173598806007e-22
0.006207957957957959 	 7.101660935400804e-16 	 1.112561148899843e-22
0.0062580060060060064 	 7.044849916937183e-16 	 1.0773952463980056e-22
0.006308054054054054 	 6.989009315575439e-16 	 1.0436078475788367e-22
0.006358102102102103 	 6.933917568548407e-16 	 1.0111345838074997e-22
0.006408150150150151 	 6.879820003954169e-16 	 9.799146324421875e-23
0.006458198198198198 	 6.826522578666159e-16 	 9.498903687479978e-23
0.006508246246246247 	 6.774048088810489e-16 	 9.210072647583737e-23
0.006558294294294295 	 6.722329441202012e-16 	 8.932136596797121e-23
0.0066083423423423425 	 6.671376051963503e-16 	 8.664606105907577e-23
0.006658390390390391 	 6.621194531411702e-16 	 8.407017201719827e-23
0.006708438438438439 	 6.571842114371437e-16 	 8.158929931928667e-23
0.006758486486486487 	 6.523218221125705e-16 	 7.919926699558721e-23
0.006808534534534535 	 6.4752772693908125e-16 	 7.6896112277176e-23
0.006858582582582583 	 6.428032616093327e-16 	 7.467607329797569e-23
0.006908630630630631 	 6.381429137438423e-16 	 7.253557608294832e-23
0.0069586786786786795 	 6.335499073317912e-16 	 7.047122564202649e-23
0.007008726726726727 	 6.290263181312875e-16 	 6.847979472088734e-23
0.007058774774774775 	 6.245671246282369e-16 	 6.65582137560054e-23
0.007108822822822824 	 6.201737558723029e-16 	 6.470356355038279e-23
0.007158870870870871 	 6.15841359185838e-16 	 6.291306560730919e-23
0.007208918918918919 	 6.115637102409984e-16 	 6.11840749245235e-23
0.007258966966966968 	 6.073450592353675e-16 	 5.951407388413387e-23
0.007309015015015016 	 6.031843222242299e-16 	 5.790066376646995e-23
0.007359063063063063 	 5.990803134221264e-16 	 5.634155886871195e-23
0.007409111111111112 	 5.950332659905382e-16 	 5.483458060142766e-23
0.00745915915915916 	 5.91040700205682e-16 	 5.337765141476508e-23
0.0075092072072072075 	 5.871032551657885e-16 	 5.196878999728589e-23
0.007559255255255256 	 5.832179854360272e-16 	 5.060610562997986e-23
0.007609303303303304 	 5.793842253358642e-16 	 4.9287793984267456e-23
0.007659351351351352 	 5.756001627764948e-16 	 4.8012132353249673e-23
0.0077093993993994 	 5.718610171887777e-16 	 4.677747530830219e-23
0.007759447447447448 	 5.681701953412011e-16 	 4.558225166362854e-23
0.007809495495495496 	 5.645275876770796e-16 	 4.442495974810759e-23
0.007859543543543544 	 5.609317689888093e-16 	 4.330416408206628e-23
0.007909591591591592 	 5.573854176895667e-16 	 4.2218492477050945e-23
0.00795963963963964 	 5.538832360280025e-16 	 4.1166631963306495e-23
0.008009687687687688 	 5.504206643795417e-16 	 4.0147326524633e-23
0.008059735735735736 	 5.470010692619702e-16 	 3.915937481173902e-23
0.008109783783783785 	 5.436234326936556e-16 	 3.820162657126908e-23
0.008159831831831832 	 5.402877292679231e-16 	 3.7272980549400384e-23
0.00820987987987988 	 5.369973448471987e-16 	 3.6372382286377144e-23
0.00825992792792793 	 5.337461980012403e-16 	 3.5498820995557867e-23
0.008309975975975976 	 5.305284220628142e-16 	 3.465132814282265e-23
0.008360024024024025 	 5.273500276186516e-16 	 3.3828976194647344e-23
0.008410072072072073 	 5.242170742195644e-16 	 3.3030875899998003e-23
0.00846012012012012 	 5.211201800106521e-16 	 3.2256173528233794e-23
0.008510168168168169 	 5.18050914694982e-16 	 3.150405025780464e-23
0.008560216216216218 	 5.150182292563971e-16 	 3.0773721544849116e-23
0.008610264264264264 	 5.120266989109127e-16 	 3.0064434212269883e-23
0.008660312312312313 	 5.090695403277721e-16 	 2.937546461688852e-23
0.008710360360360362 	 5.0614465273768155e-16 	 2.870611824767142e-23
0.008760408408408409 	 5.032526773194472e-16 	 2.805572828569937e-23
0.008810456456456457 	 5.003893929514301e-16 	 2.742365393013303e-23
0.008860504504504506 	 4.975592690807067e-16 	 2.6809279979444386e-23
0.008910552552552553 	 4.947674897192765e-16 	 2.6212015246166244e-23
0.008960600600600601 	 4.920069381186163e-16 	 2.5631290808017217e-23
0.00901064864864865 	 4.892773812715098e-16 	 2.5066560043084298e-23
0.009060696696696697 	 4.865775037015046e-16 	 2.4517297233916094e-23
0.009110744744744746 	 4.839036114902769e-16 	 2.3982996593813318e-23
0.009160792792792794 	 4.812586126492546e-16 	 2.34631718488558e-23
0.009210840840840841 	 4.786399024572329e-16 	 2.2957354798364232e-23
0.00926088888888889 	 4.760500757463883e-16 	 2.2465095059756943e-23
0.009310936936936938 	 4.734924106782431e-16 	 2.1985959087758405e-23
0.009360984984984985 	 4.70961796184261e-16 	 2.1519529040992747e-23
0.009411033033033034 	 4.684559130021214e-16 	 2.106540264063061e-23
0.009461081081081082 	 4.659769984429469e-16 	 2.062319259097589e-23
0.00951112912912913 	 4.635274586267679e-16 	 2.0192525753486157e-23
0.009561177177177178 	 4.611037353171744e-16 	 1.9773042293245833e-23
0.009611225225225227 	 4.587064707685837e-16 	 1.9364395571226986e-23
0.009661273273273274 	 4.563332209359853e-16 	 1.896625128977909e-23
0.009711321321321322 	 4.539787244064131e-16 	 1.857828700354334e-23
0.009761369369369369 	 4.516487630146828e-16 	 1.8200192204337656e-23
0.009811417417417418 	 4.493452422940771e-16 	 1.7831667224697623e-23
0.009861465465465466 	 4.470646221574108e-16 	 1.747242274492111e-23
0.009911513513513513 	 4.448038101849037e-16 	 1.712217961459684e-23
0.009961561561561562 	 4.42566608035946e-16 	 1.6780668692722734e-23
0.01001160960960961 	 4.4035765991389953e-16 	 1.6447630213264227e-23
0.010061657657657657 	 4.38170157794455e-16 	 1.6122812957762823e-23
0.010111705705705706 	 4.360008778328571e-16 	 1.5805974483807713e-23
0.010161753753753755 	 4.338529511156098e-16 	 1.5496880876961092e-23
0.010211801801801802 	 4.3172598418948664e-16 	 1.5195306060372776e-23
0.01026184984984985 	 4.29619778945557e-16 	 1.490103162565186e-23
0.010311897897897899 	 4.2753411139856797e-16 	 1.4613846529443126e-23
0.010361945945945946 	 4.2546859133934766e-16 	 1.4333546806181727e-23
0.010411993993993994 	 4.2342292823494823e-16 	 1.405993530698982e-23
0.010462042042042043 	 4.2139701655971754e-16 	 1.3792821443386212e-23
0.01051209009009009 	 4.1939148628789074e-16 	 1.3532020956914436e-23
0.010562138138138139 	 4.1740491713885183e-16 	 1.3277355590770468e-23
0.010612186186186187 	 4.154368161822289e-16 	 1.3028652961313276e-23
0.010662234234234234 	 4.1348705591724144e-16 	 1.2785746320580012e-23
0.010712282282282283 	 4.1155471517501894e-16 	 1.2548474311122281e-23
0.010762330330330331 	 4.096403463551111e-16 	 1.2316680836399794e-23
0.010812378378378378 	 4.07743699893657e-16 	 1.2090214797844162e-23
0.010862426426426427 	 4.058645308262042e-16 	 1.1868929936482377e-23
0.010912474474474475 	 4.040025986822369e-16 	 1.1652684656591099e-23
0.010962522522522522 	 4.0215766738259397e-16 	 1.1441341856547154e-23
0.011012570570570571 	 4.0032950513968245e-16 	 1.1234768766549164e-23
0.01106261861861862 	 3.985178843604019e-16 	 1.10328367929019e-23
0.011112666666666667 	 3.967225815516905e-16 	 1.0835421368569536e-23
0.011162714714714715 	 3.9494337722861217e-16 	 1.0642401809718648e-23
0.011212762762762764 	 3.931800558249056e-16 	 1.0453661177985664e-23
0.01126281081081081 	 3.9143240560591804e-16 	 1.026908614821567e-23
0.01131285885885886 	 3.8970021858385047e-16 	 1.008856688143253e-23
0.011362906906906908 	 3.8798338319155006e-16 	 9.911996905200274e-24
0.011412954954954955 	 3.8628209731163954e-16 	 9.739273001640575e-24
0.011463003003003003 	 3.845958378482799e-16 	 9.57029506841464e-24
0.011513051051051052 	 3.829251314303468e-16 	 9.404966055488125e-24
0.011563099099099099 	 3.8126862296412664e-16 	 9.243191787690287e-24
0.011613147147147148 	 3.7962502803039016e-16 	 9.084880914742937e-24
0.011663195195195196 	 3.779955543989186e-16 	 8.929944872527377e-24
0.011713243243243243 	 3.763800848966529e-16 	 8.778297696918722e-24
0.011763291291291292 	 3.747783460742898e-16 	 8.629855963931357e-24
0.01181333933933934 	 3.731901004828265e-16 	 8.484538708693375e-24
0.011863387387387387 	 3.7161525554820393e-16 	 8.342267345419992e-24
0.011913435435435436 	 3.7005364238293635e-16 	 8.202965582924661e-24
0.011963483483483485 	 3.685050949256352e-16 	 8.066559350107612e-24
0.012013531531531531 	 3.6696944988214026e-16 	 7.932976722427622e-24
0.01206357957957958 	 3.654466256695297e-16 	 7.802147852802656e-24
0.012113627627627629 	 3.639367649702631e-16 	 7.67400490635306e-24
0.012163675675675676 	 3.624393290647574e-16 	 7.548481975425302e-24
0.012213723723723724 	 3.609541652141701e-16 	 7.425515039356138e-24
0.012263771771771773 	 3.5948112317294723e-16 	 7.305041895157961e-24
0.01231381981981982 	 3.580200551381553e-16 	 7.18700209877735e-24
0.012363867867867868 	 3.5657081570004335e-16 	 7.071336908480595e-24
0.012413915915915917 	 3.5513326179380114e-16 	 6.957989230281066e-24
0.012463963963963964 	 3.5370725265247945e-16 	 6.846903565326862e-24
0.012514012012012013 	 3.522926497610405e-16 	 6.73802595917082e-24
0.012564060060060061 	 3.508893168115058e-16 	 6.631303952848378e-24
0.012614108108108108 	 3.494971196591729e-16 	 6.526686535691995e-24
0.012664156156156157 	 3.4811592627986866e-16 	 6.42412409981383e-24
0.012714204204204205 	 3.467456067282144e-16 	 6.323568396191541e-24
0.012764252252252252 	 3.453860330968706e-16 	 6.224972492294557e-24
0.012814300300300301 	 3.440370794767379e-16 	 6.128290731191122e-24
0.01286434834834835 	 3.4269862191808727e-16 	 6.033478692078816e-24
0.012914396396396396 	 3.4137053839259307e-16 	 5.940493152183666e-24
0.012964444444444445 	 3.400527087562463e-16 	 5.8492920499753695e-24
0.013014492492492494 	 3.3874501471312323e-16 	 5.7598344496482986e-24
0.01306454054054054 	 3.374473397799872e-16 	 5.672080506820057e-24
0.01311458858858859 	 3.3615956925170006e-16 	 5.585991435401389e-24
0.013164636636636638 	 3.3488159016742364e-16 	 5.5015294755932214e-24
0.013214684684684685 	 3.3361329127758865e-16 	 5.418657862968305e-24
0.013264732732732733 	 3.323545630116111e-16 	 5.337340798596808e-24
0.013314780780780782 	 3.311052974463377e-16 	 5.2575434201769026e-24
0.013364828828828829 	 3.2986538827519953e-16 	 5.17923177413279e-24
0.013414876876876878 	 3.2863473077805604e-16 	 5.102372788644381e-24
0.013464924924924926 	 3.274132217917124e-16 	 5.026934247574173e-24
0.013514972972972973 	 3.2620075968109136e-16 	 4.952884765258251e-24
0.013565021021021022 	 3.2499724431104286e-16 	 4.88019376212972e-24
0.01361506906906907 	 3.238025770187767e-16 	 4.8088314411442e-24
0.013665117117117117 	 3.2261666058689936e-16 	 4.738768764978041e-24
0.013715165165165166 	 3.214393992170426e-16 	 4.6699774339713475e-24
0.013765213213213215 	 3.202706985040665e-16 	 4.602429864788811e-24
0.013815261261261261 	 3.191104654108235e-16 	 4.536099169772492e-24
0.01386530930930931 	 3.179586082434689e-16 	 4.470959136961713e-24
0.013915357357357359 	 3.168150366273044e-16 	 4.40698421075623e-24
0.013965405405405406 	 3.156796614831407e-16 	 4.344149473199717e-24
0.014015453453453454 	 3.145523950041666e-16 	 4.282430625861524e-24
0.014065501501501503 	 3.134331506333123e-16 	 4.2218039722955805e-24
0.01411554954954955 	 3.1232184304109417e-16 	 4.162246401056064e-24
0.014165597597597598 	 3.1121838810392815e-16 	 4.103735369250224e-24
0.014215645645645647 	 3.101227028829032e-16 	 4.046248886609656e-24
0.014265693693693694 	 3.090347056029998e-16 	 3.9897655000618214e-24
0.014315741741741743 	 3.0795431563274515e-16 	 3.934264278784466e-24
0.014365789789789791 	 3.068814534642937e-16 	 3.879724799726238e-24
0.014415837837837838 	 3.0581604069392236e-16 	 3.826127133577328e-24
0.014465885885885887 	 3.047580000029304e-16 	 3.773451831174677e-24
0.014515933933933935 	 3.0370725513893523e-16 	 3.721679910326901e-24
0.014565981981981982 	 3.026637308975531e-16 	 3.670792843044479e-24
0.014616030030030031 	 3.0162735310445606e-16 	 3.620772543161472e-24
0.01466607807807808 	 3.0059804859779713e-16 	 3.571601354335489e-24
0.014716126126126126 	 2.995757452109933e-16 	 3.523262038413037e-24
0.014766174174174175 	 2.985603717558587e-16 	 3.475737764147995e-24
0.014816222222222224 	 2.975518580060805e-16 	 3.4290120962613285e-24
0.01486627027027027 	 2.9655013468102733e-16 	 3.3830689848305896e-24
0.01491631831831832 	 2.9555513342988454e-16 	 3.337892754998214e-24
0.014966366366366368 	 2.945667868161074e-16 	 3.293468096988029e-24
0.015016414414414415 	 2.9358502830218547e-16 	 3.2497800564197012e-24
0.015066462462462463 	 2.926097922347102e-16 	 3.2068140249113103e-24
0.015116510510510512 	 2.916410138297397e-16 	 3.1645557309605676e-24
0.015166558558558559 	 2.906786291584528e-16 	 3.122991231095483e-24
0.015216606606606608 	 2.897225751330864e-16 	 3.082106901285716e-24
0.015266654654654656 	 2.887727894931496e-16 	 3.041889428606071e-24
0.015316702702702703 	 2.878292107919079e-16 	 3.0023258031439556e-24
0.015366750750750752 	 2.8689177838313135e-16 	 2.9634033101428713e-24
0.0154167987987988 	 2.859604324081013e-16 	 2.9251095223743636e-24
0.015466846846846847 	 2.850351137828691e-16 	 2.887432292731003e-24
0.015516894894894896 	 2.841157641857613e-16 	 2.8503597470333654e-24
0.015566942942942944 	 2.83202326045126e-16 	 2.813880277044133e-24
0.015616990990990991 	 2.8229474252731513e-16 	 2.777982533682714e-24
0.015667039039039037 	 2.813929575248962e-16 	 2.7426554204340033e-24
0.015717087087087085 	 2.804969156450901e-16 	 2.707888086945146e-24
0.015767135135135134 	 2.796065621984293e-16 	 2.6736699228043682e-24
0.015817183183183182 	 2.7872184318763e-16 	 2.639990551496093e-24
0.01586723123123123 	 2.778427052966766e-16 	 2.6068398245268833e-24
0.01591727927927928 	 2.7696909588011067e-16 	 2.5742078157168013e-24
0.015967327327327325 	 2.761009629525225e-16 	 2.5420848156510535e-24
0.016017375375375374 	 2.752382551782385e-16 	 2.510461326286936e-24
0.016067423423423422 	 2.743809218612028e-16 	 2.4793280557112697e-24
0.01611747147147147 	 2.7352891293504562e-16 	 2.4486759130436465e-24
0.01616751951951952 	 2.726821789533377e-16 	 2.4184960034810234e-24
0.016217567567567568 	 2.718406710800241e-16 	 2.388779623479317e-24
0.016267615615615613 	 2.7100434108003526e-16 	 2.3595182560677902e-24
0.016317663663663662 	 2.7017314131007027e-16 	 2.3307035662921876e-24
0.01636771171171171 	 2.693470247095498e-16 	 2.3023273967826988e-24
0.01641775975975976 	 2.68525944791734e-16 	 2.2743817634429648e-24
0.016467807807807808 	 2.677098556350029e-16 	 2.2468588512564574e-24
0.016517855855855856 	 2.668987118742946e-16 	 2.2197510102066934e-24
0.0165679039039039 	 2.660924686926994e-16 	 2.1930507513078747e-24
0.01661795195195195 	 2.6529108181320544e-16 	 2.1667507427426155e-24
0.016668 	 2.6449450749059285e-16 	 2.1408438061035944e-24
0.016718048048048047 	 2.6370270250347418e-16 	 2.1153229127359894e-24
0.016768096096096096 	 2.629156241464765e-16 	 2.09018118017774e-24
0.016818144144144145 	 2.621332302225639e-16 	 2.0654118686947156e-24
0.01686819219219219 	 2.613554790354959e-16 	 2.0410083779079938e-24
0.01691824024024024 	 2.6058232938242043e-16 	 2.0169642435105344e-24
0.016968288288288287 	 2.5981374054659747e-16 	 1.993273134070634e-24
0.017018336336336336 	 2.590496722902512e-16 	 1.9699288479196006e-24
0.017068384384384384 	 2.5829008484754774e-16 	 1.946925310121204e-24
0.017118432432432433 	 2.575349389176965e-16 	 1.9242565695205235e-24
0.017168480480480478 	 2.567841956581718e-16 	 1.9019167958698793e-24
0.017218528528528527 	 2.5603781667805236e-16 	 1.879900277029609e-24
0.017268576576576575 	 2.55295764031478e-16 	 1.858201416241574e-24
0.017318624624624624 	 2.545580002112181e-16 	 1.8368147294732327e-24
0.017368672672672673 	 2.538244881423522e-16 	 1.8157348428303164e-24
0.01741872072072072 	 2.5309519117605956e-16 	 1.7949564900361187e-24
0.017468768768768766 	 2.523700730835152e-16 	 1.7744745099754994e-24
0.017518816816816815 	 2.5164909804989026e-16 	 1.7542838443017557e-24
0.017568864864864864 	 2.5093223066845594e-16 	 1.7343795351046153e-24
0.017618912912912912 	 2.5021943593478687e-16 	 1.714756722637555e-24
0.01766896096096096 	 2.495106792410634e-16 	 1.6954106431028415e-24
0.01771900900900901 	 2.4880592637047063e-16 	 1.6763366264926236e-24
0.017769057057057055 	 2.481051434916919e-16 	 1.657530094484526e-24
0.017819105105105103 	 2.474082971534949e-16 	 1.6389865583902046e-24
0.017869153153153152 	 2.467153542794092e-16 	 1.620701617155419e-24
0.0179192012012012 	 2.460262821624925e-16 	 1.6026709554101335e-24
0.01796924924924925 	 2.4534104846018495e-16 	 1.5848903415673194e-24
0.018019297297297298 	 2.4465962118924823e-16 	 1.5673556259690674e-24
0.018069345345345343 	 2.4398196872079007e-16 	 1.5500627390787346e-24
0.018119393393393392 	 2.433080597753699e-16 	 1.5330076897178284e-24
0.01816944144144144 	 2.4263786341818624e-16 	 1.5161865633464387e-24
0.01821948948948949 	 2.419713490543434e-16 	 1.4995955203859969e-24
0.018269537537537538 	 2.413084864241952e-16 	 1.4832307945832127e-24
0.018319585585585586 	 2.406492455987661e-16 	 1.4670886914140857e-24
0.01836963363363363 	 2.3999359697524645e-16 	 1.4511655865268777e-24
0.01841968168168168 	 2.3934151127256106e-16 	 1.4354579242230099e-24
0.01846972972972973 	 2.3869295952701054e-16 	 1.4199622159748659e-24
0.018519777777777777 	 2.380479130879829e-16 	 1.4046750389794833e-24
0.018569825825825826 	 2.374063436137342e-16 	 1.3895930347471944e-24
0.018619873873873875 	 2.3676822306723775e-16 	 1.374712907724267e-24
0.01866992192192192 	 2.361335237120998e-16 	 1.3600314239486489e-24
0.01871996996996997 	 2.355022181085408e-16 	 1.3455454097379145e-24
0.018770018018018017 	 2.348742791094411e-16 	 1.3312517504085868e-24
0.018820066066066066 	 2.342496798564493e-16 	 1.3171473890259753e-24
0.018870114114114114 	 2.3362839377615336e-16 	 1.3032293251837473e-24
0.018920162162162163 	 2.3301039457631133e-16 	 1.289494613812429e-24
0.018970210210210208 	 2.3239565624214293e-16 	 1.2759403640160948e-24
0.019020258258258257 	 2.3178415303267865e-16 	 1.262563737936485e-24
0.019070306306306305 	 2.3117585947716715e-16 	 1.249361949643862e-24
0.019120354354354354 	 2.3057075037153877e-16 	 1.2363322640538854e-24
0.019170402402402403 	 2.2996880077492394e-16 	 1.2234719958698285e-24
0.01922045045045045 	 2.293699860062271e-16 	 1.2107785085495042e-24
0.019270498498498496 	 2.287742816407529e-16 	 1.1982492132962297e-24
0.019320546546546545 	 2.281816635068855e-16 	 1.1858815680732307e-24
0.019370594594594594 	 2.2759210768281884e-16 	 1.1736730766408737e-24
0.019420642642642642 	 2.2700559049333844e-16 	 1.1616212876161462e-24
0.01947069069069069 	 2.2642208850665146e-16 	 1.1497237935537992e-24
0.019520738738738736 	 2.2584157853126657e-16 	 1.1379782300486237e-24
0.019570786786786785 	 2.252640376129213e-16 	 1.126382274858301e-24
0.019620834834834833 	 2.246894430315566e-16 	 1.1149336470463181e-24
0.019670882882882882 	 2.2411777229833707e-16 	 1.1036301061444265e-24
0.01972093093093093 	 2.2354900315271745e-16 	 1.0924694513341675e-24
0.01977097897897898 	 2.229831135595528e-16 	 1.0814495206469663e-24
0.019821027027027024 	 2.224200817062531e-16 	 1.0705681901823362e-24
0.019871075075075073 	 2.2185988599998007e-16 	 1.0598233733437406e-24
0.01992112312312312 	 2.2130250506488747e-16 	 1.0492130200916648e-24
0.01997117117117117 	 2.2074791773940155e-16 	 1.0387351162134716e-24
0.02002121921921922 	 2.2019610307354331e-16 	 1.0283876826096222e-24
0.020071267267267268 	 2.1964704032629015e-16 	 1.0181687745958535e-24
0.020121315315315313 	 2.1910070896297748e-16 	 1.0080764812209238e-24
0.02017136336336336 	 2.1855708865273823e-16 	 9.98108924599528e-25
0.02022141141141141 	 2.180161592659813e-16 	 9.88264259260025e-25
0.02027145945945946 	 2.174779008719068e-16 	 9.785406715066033e-25
0.020321507507507507 	 2.16942293736058e-16 	 9.689363787955281e-25
0.020371555555555556 	 2.1640931831790957e-16 	 9.594496291251313e-25
0.0204216036036036 	 2.1587895526849124e-16 	 9.500787004392114e-25
0.02047165165165165 	 2.1535118542804613e-16 	 9.408219000435027e-25
0.0205216996996997 	 2.1482598982372374e-16 	 9.31677564034916e-25
0.020571747747747747 	 2.1430334966730606e-16 	 9.226440567432211e-25
0.020621795795795796 	 2.1378324635296748e-16 	 9.137197701848902e-25
0.020671843843843844 	 2.132656614550665e-16 	 9.04903123528788e-25
0.02072189189189189 	 2.1275057672597005e-16 	 8.961925625734419e-25
0.020771939939939938 	 2.1223797409390876e-16 	 8.875865592356006e-25
0.020821987987987987 	 2.1172783566086385e-16 	 8.790836110498258e-25
0.020872036036036035 	 2.112201437004835e-16 	 8.706822406788312e-25
0.020922084084084084 	 2.1071488065602995e-16 	 8.62380995434336e-25
0.020972132132132133 	 2.102120291383555e-16 	 8.541784468081686e-25
0.021022180180180178 	 2.0971157192390765e-16 	 8.460731900133808e-25
0.021072228228228226 	 2.0921349195276254e-16 	 8.380638435351364e-25
0.021122276276276275 	 2.0871777232668642e-16 	 8.301490486911444e-25
0.021172324324324324 	 2.0822439630722474e-16 	 8.223274692014099e-25
0.021222372372372372 	 2.077333473138178e-16 	 8.145977907670817e-25
0.02127242042042042 	 2.072446089219438e-16 	 8.069587206581927e-25
0.021322468468468466 	 2.067581648612872e-16 	 7.994089873100706e-25
0.021372516516516515 	 2.0627399901393335e-16 	 7.919473399282294e-25
0.021422564564564563 	 2.057920954125882e-16 	 7.845725481015391e-25
0.021472612612612612 	 2.0531243823882314e-16 	 7.772834014234797e-25
0.02152266066066066 	 2.04835011821344e-16 	 7.700787091212967e-25
0.02157270870870871 	 2.0435980063428432e-16 	 7.629572996928688e-25
0.021622756756756754 	 2.0388678929552257e-16 	 7.559180205511185e-25
0.021672804804804803 	 2.0341596256502196e-16 	 7.489597376757828e-25
0.02172285285285285 	 2.0294730534319405e-16 	 7.420813352723831e-25
0.0217729009009009 	 2.024808026692845e-16 	 7.352817154382256e-25
0.02182294894894895 	 2.020164397197809e-16 	 7.2855979783527055e-25
0.021872996996996998 	 2.0155420180684289e-16 	 7.219145193697144e-25
0.021923045045045043 	 2.0109407437675333e-16 	 7.153448338781354e-25
0.02197309309309309 	 2.0063604300839087e-16 	 7.088497118200467e-25
0.02202314114114114 	 2.0018009341172337e-16 	 7.024281399767218e-25
0.02207318918918919 	 1.997262114263218e-16 	 6.960791211561406e-25
0.022123237237237237 	 1.992743830198943e-16 	 6.898016739039246e-25
0.022173285285285286 	 1.988245942868398e-16 	 6.835948322201209e-25
0.02222333333333333 	 1.9837683144682172e-16 	 6.77457645281713e-25
0.02227338138138138 	 1.9793108084336064e-16 	 6.71389177170719e-25
0.02232342942942943 	 1.9748732894244564e-16 	 6.6538850660776005e-25
0.022373477477477477 	 1.9704556233116486e-16 	 6.594547266909751e-25
0.022423525525525526 	 1.9660576771635378e-16 	 6.53586944640161e-25
0.022473573573573574 	 1.9616793192326204e-16 	 6.477842815460248e-25
0.02252362162162162 	 1.957320418942377e-16 	 6.420458721244337e-25
0.022573669669669668 	 1.952980846874293e-16 	 6.363708644755524e-25
0.022623717717717717 	 1.9486604747550488e-16 	 6.307584198477589e-25
0.022673765765765765 	 1.9443591754438807e-16 	 6.25207712406236e-25
0.022723813813813814 	 1.9400768229201102e-16 	 6.1971792900613535e-25
0.022773861861861863 	 1.935813292270835e-16 	 6.142882689702116e-25
0.022823909909909908 	 1.931568459678784e-16 	 6.089179438708298e-25
0.022873957957957956 	 1.9273422024103313e-16 	 6.036061773162541e-25
0.022924006006006005 	 1.9231343988036671e-16 	 5.983522047411205e-25
0.022974054054054054 	 1.918944928257123e-16 	 5.931552732010042e-25
0.023024102102102102 	 1.9147736712176483e-16 	 5.880146411709905e-25
0.02307415015015015 	 1.910620509169441e-16 	 5.829295783481713e-25
0.023124198198198196 	 1.9064853246227203e-16 	 5.778993654579689e-25
0.023174246246246245 	 1.902368001102648e-16 	 5.729232940642172e-25
0.023224294294294293 	 1.8982684231383932e-16 	 5.680006663829107e-25
0.023274342342342342 	 1.8941864762523372e-16 	 5.631307950995516e-25
0.02332439039039039 	 1.8901220469494175e-16 	 5.583130031900068e-25
0.02337443843843844 	 1.8860750227066093e-16 	 5.535466237448095e-25
0.023424486486486484 	 1.8820452919625396e-16 	 5.488309997968277e-25
0.023474534534534533 	 1.8780327441072383e-16 	 5.441654841522293e-25
0.02352458258258258 	 1.8740372694720167e-16 	 5.395494392246733e-25
0.02357463063063063 	 1.8700587593194754e-16 	 5.349822368726575e-25
0.02362467867867868 	 1.866097105833641e-16 	 5.304632582399603e-25
0.023674726726726728 	 1.8621522021102265e-16 	 5.259918935991059e-25
0.023724774774774773 	 1.8582239421470136e-16 	 5.21567542197793e-25
0.02377482282282282 	 1.85431222083436e-16 	 5.171896121082241e-25
0.02382487087087087 	 1.8504169339458223e-16 	 5.128575200792746e-25
0.02387491891891892 	 1.846537978128902e-16 	 5.085706913914426e-25
0.023924966966966967 	 1.842675250895902e-16 	 5.043285597145182e-25
0.023975015015015016 	 1.8388286506148993e-16 	 5.0013056696792095e-25
0.02402506306306306 	 1.8349980765008368e-16 	 4.9597616318365025e-25
0.02407511111111111 	 1.8311834286067128e-16 	 4.918648063717825e-25
0.024125159159159158 	 1.8273846078148963e-16 	 4.8779596238848445e-25
0.024175207207207207 	 1.8236015158285361e-16 	 4.837691048064669e-25
0.024225255255255256 	 1.8198340551630853e-16 	 4.797837147878461e-25
0.024275303303303304 	 1.8160821291379266e-16 	 4.758392809593553e-25
0.02432535135135135 	 1.8123456418681043e-16 	 4.7193529928986e-25
0.024375399399399398 	 1.808624498256151e-16 	 4.680712729701264e-25
0.024425447447447447 	 1.8049186039840253e-16 	 4.642467122948073e-25
0.024475495495495495 	 1.8012278655051397e-16 	 4.604611345465859e-25
0.024525543543543544 	 1.797552190036491e-16 	 4.567140638824469e-25
0.024575591591591592 	 1.7938914855508822e-16 	 4.530050312220185e-25
0.024625639639639638 	 1.7902456607692467e-16 	 4.493335741379601e-25
0.024675687687687686 	 1.786614625153056e-16 	 4.456992367483344e-25
0.024725735735735735 	 1.78299828889683e-16 	 4.421015696109437e-25
0.024775783783783784 	 1.7793965629207299e-16 	 4.385401296195746e-25
0.024825831831831832 	 1.7758093588632445e-16 	 4.350144799021219e-25
0.02487587987987988 	 1.772236589073966e-16 	 4.315241897205534e-25
0.024925927927927926 	 1.7686781666064475e-16 	 4.280688343726731e-25
0.024975975975975975 	 1.7651340052111531e-16 	 4.246479950956544e-25
0.025026024024024023 	 1.7616040193284879e-16 	 4.212612589713022e-25
0.025076072072072072 	 1.7580881240819122e-16 	 4.17908218833012e-25
0.02512612012012012 	 1.7545862352711403e-16 	 4.145884731743936e-25
0.02517616816816817 	 1.7510982693654183e-16 	 4.1130162605952145e-25
0.025226216216216214 	 1.747624143496882e-16 	 4.080472870347861e-25
0.025276264264264263 	 1.7441637754539936e-16 	 4.0482507104230963e-25
0.02532631231231231 	 1.7407170836750585e-16 	 4.01634598334898e-25
0.02537636036036036 	 1.7372839872418163e-16 	 3.984754943924971e-25
0.02542640840840841 	 1.7338644058731068e-16 	 3.9534738984012487e-25
0.025476456456456457 	 1.7304582599186152e-16 	 3.922499203672519e-25
0.025526504504504503 	 1.7270654703526856e-16 	 3.891827266485972e-25
0.02557655255255255 	 1.7236859587682085e-16 	 3.8614545426631617e-25
0.0256266006006006 	 1.7203196473705838e-16 	 3.8313775363355453e-25
0.02567664864864865 	 1.7169664589717493e-16 	 3.80159279919336e-25
0.025726696696696697 	 1.7136263169842806e-16 	 3.7720969297476193e-25
0.025776744744744742 	 1.7102991454155623e-16 	 3.7428865726049937e-25
0.02582679279279279 	 1.706984868862022e-16 	 3.7139584177552614e-25
0.02587684084084084 	 1.7036834125034365e-16 	 3.685309199871162e-25
0.025926888888888888 	 1.7003947020972998e-16 	 3.656935697620355e-25
0.025976936936936937 	 1.6971186639732587e-16 	 3.6288347329892836e-25
0.026026984984984985 	 1.6938552250276118e-16 	 3.601003170618716e-25
0.02607703303303303 	 1.6906043127178706e-16 	 3.573437917150699e-25
0.02612708108108108 	 1.6873658550573856e-16 	 3.5461359205867756e-25
0.026177129129129128 	 1.6841397806100322e-16 	 3.519094169657194e-25
0.026227177177177177 	 1.680926018484959e-16 	 3.4923096932009195e-25
0.026277225225225225 	 1.677724498331393e-16 	 3.4657795595562525e-25
0.026327273273273274 	 1.6745351503335082e-16 	 3.439500875961827e-25
0.02637732132132132 	 1.6713579052053503e-16 	 3.41347078796783e-25
0.026427369369369368 	 1.6681926941858168e-16 	 3.3876864788572e-25
0.026477417417417416 	 1.665039449033701e-16 	 3.362145169076683e-25
0.026527465465465465 	 1.6618981020227844e-16 	 3.3368441156774784e-25
0.026577513513513513 	 1.658768585936989e-16 	 3.311780611765374e-25
0.026627561561561562 	 1.6556508340655813e-16 	 3.2869519859601222e-25
0.026677609609609607 	 1.6525447801984366e-16 	 3.2623556018639624e-25
0.026727657657657656 	 1.6494503586213472e-16 	 3.2379888575390264e-25
0.026777705705705705 	 1.6463675041113894e-16 	 3.213849184993545e-25
0.026827753753753753 	 1.643296151932343e-16 	 3.1899340496766483e-25
0.026877801801801802 	 1.6402362378301577e-16 	 3.1662409499815976e-25
0.02692784984984985 	 1.6371876980284722e-16 	 3.1427674167573143e-25
0.026977897897897896 	 1.6341504692241853e-16 	 3.1195110128280406e-25
0.027027945945945944 	 1.6311244885830728e-16 	 3.096469332520982e-25
0.027077993993993993 	 1.6281096937354537e-16 	 3.0736400012017877e-25
0.02712804204204204 	 1.6251060227719067e-16 	 3.0510206748177103e-25
0.02717809009009009 	 1.6221134142390314e-16 	 3.0286090394483384e-25
0.02722813813813814 	 1.619131807135257e-16 	 3.0064028108637184e-25
0.027278186186186184 	 1.616161140906699e-16 	 2.9843997340897712e-25
0.027328234234234233 	 1.613201355443057e-16 	 2.962597582980832e-25
0.02737828228228228 	 1.6102523910735633e-16 	 2.9409941597992264e-25
0.02742833033033033 	 1.6073141885629708e-16 	 2.919587294801715e-25
0.02747837837837838 	 1.604386689107588e-16 	 2.898374845832706e-25
0.027528426426426427 	 1.6014698343313548e-16 	 2.8773546979240996e-25
0.027578474474474472 	 1.5985635662819637e-16 	 2.856524762901661e-25
0.02762852252252252 	 1.5956678274270204e-16 	 2.835882978997778e-25
0.02767857057057057 	 1.592782560650249e-16 	 2.8154273104705215e-25
0.027728618618618618 	 1.5899077092477348e-16 	 2.795155747228863e-25
0.027778666666666667 	 1.587043216924211e-16 	 2.775066304463954e-25
0.027828714714714715 	 1.5841890277893835e-16 	 2.755157022286372e-25
0.02787876276276276 	 1.581345086354296e-16 	 2.735425965369187e-25
0.02792881081081081 	 1.5785113375277342e-16 	 2.715871222596794e-25
0.027978858858858858 	 1.575687726612668e-16 	 2.6964909067193662e-25
0.028028906906906906 	 1.572874199302732e-16 	 2.677283154012855e-25
0.028078954954954955 	 1.5700707016787455e-16 	 2.6582461239444294e-25
0.028129003003003004 	 1.5672771802052662e-16 	 2.6393779988432495e-25
0.02817905105105105 	 1.5644935817271837e-16 	 2.6206769835765076e-25
0.028229099099099098 	 1.5617198534663465e-16 	 2.6021413052305954e-25
0.028279147147147146 	 1.5589559430182283e-16 	 2.5837692127973693e-25
0.028329195195195195 	 1.556201798348626e-16 	 2.565558976865365e-25
0.028379243243243243 	 1.5534573677903954e-16 	 2.5475088893159174e-25
0.028429291291291292 	 1.5507226000402202e-16 	 2.5296172630240673e-25
0.028479339339339337 	 1.5479974441554133e-16 	 2.5118824315641975e-25
0.028529387387387386 	 1.545281849550757e-16 	 2.4943027489203037e-25
0.028579435435435434 	 1.5425757659953693e-16 	 2.476876589200806e-25
0.028629483483483483 	 1.5398791436096098e-16 	 2.4596023463578616e-25
0.028679531531531532 	 1.5371919328620134e-16 	 2.442478433911047e-25
0.02872957957957958 	 1.5345140845662579e-16 	 2.4255032846753734e-25
0.028779627627627626 	 1.5318455498781631e-16 	 2.408675350493558e-25
0.028829675675675674 	 1.5291862802927208e-16 	 2.3919931019724403e-25
0.028879723723723723 	 1.526536227641156e-16 	 2.3754550282235287e-25
0.02892977177177177 	 1.5238953440880196e-16 	 2.359059636607561e-25
0.02897981981981982 	 1.5212635821283072e-16 	 2.3428054524830165e-25
0.02902986786786787 	 1.5186408945846145e-16 	 2.326691018958545e-25
0.029079915915915914 	 1.516027234604315e-16 	 2.310714896649196e-25
0.029129963963963963 	 1.513422555656772e-16 	 2.294875663436417e-25
0.02918001201201201 	 1.5108268115305762e-16 	 2.279171914231756e-25
0.02923006006006006 	 1.5082399563308126e-16 	 2.2636022607441786e-25
0.02928010810810811 	 1.5056619444763574e-16 	 2.24816533125097e-25
0.029330156156156157 	 1.5030927306971989e-16 	 2.2328597703721383e-25
0.029380204204204202 	 1.500532270031788e-16 	 2.217684238848272e-25
0.02943025225225225 	 1.4979805178244161e-16 	 2.2026374133217796e-25
0.0294803003003003 	 1.4954374297226184e-16 	 2.187717986121483e-25
0.029530348348348348 	 1.4929029616746045e-16 	 2.1729246650504624e-25
0.029580396396396397 	 1.490377069926715e-16 	 2.158256173177147e-25
0.029630444444444445 	 1.4878597110209024e-16 	 2.143711248629554e-25
0.02968049249249249 	 1.4853508417922412e-16 	 2.129288644392662e-25
0.02973054054054054 	 1.4828504193664578e-16 	 2.1149871281088204e-25
0.029780588588588588 	 1.4803584011574909e-16 	 2.1008054818812066e-25
0.029830636636636636 	 1.4778747448650713e-16 	 2.0867425020802006e-25
0.029880684684684685 	 1.4753994084723308e-16 	 2.0727969991527073e-25
0.029930732732732734 	 1.472932350243431e-16 	 2.0589677974343226e-25
0.02998078078078078 	 1.470473528721219e-16 	 2.0452537349643185e-25
0.030030828828828827 	 1.4680229027249038e-16 	 2.0316536633033924e-25
0.030080876876876876 	 1.465580431347758e-16 	 2.0181664473541503e-25
0.030130924924924925 	 1.4631460739548428e-16 	 2.0047909651842534e-25
0.030180972972972973 	 1.4607197901807514e-16 	 1.9915261078522018e-25
0.030231021021021022 	 1.458301539927382e-16 	 1.9783707792357201e-25
0.030281069069069067 	 1.4558912833617257e-16 	 1.9653238958626635e-25
0.030331117117117116 	 1.4534889809136796e-16 	 1.9523843867444513e-25
0.030381165165165164 	 1.4510945932738833e-16 	 1.9395511932119586e-25
0.030431213213213213 	 1.4487080813915734e-16 	 1.926823268753823e-25
0.03048126126126126 	 1.4463294064724608e-16 	 1.9141995788571461e-25
0.03053130930930931 	 1.443958529976628e-16 	 1.9016791008505277e-25
0.030581357357357355 	 1.4415954136164491e-16 	 1.8892608237494205e-25
0.030631405405405404 	 1.4392400193545263e-16 	 1.8769437481037327e-25
0.030681453453453453 	 1.4368923094016516e-16 	 1.8647268858476888e-25
0.0307315015015015 	 1.434552246214785e-16 	 1.8526092601518633e-25
0.03078154954954955 	 1.432219792495052e-16 	 1.8405899052773842e-25
0.0308315975975976 	 1.4298949111857634e-16 	 1.8286678664322608e-25
0.030881645645645644 	 1.427577565470453e-16 	 1.8168421996298031e-25
0.030931693693693692 	 1.4252677187709315e-16 	 1.805111971549088e-25
0.03098174174174174 	 1.422965334745366e-16 	 1.7934762593974677e-25
0.03103178978978979 	 1.4206703772863708e-16 	 1.78193415077505e-25
0.03108183783783784 	 1.4183828105191219e-16 	 1.7704847435411529e-25
0.031131885885885887 	 1.416102598799485e-16 	 1.7591271456826715e-25
0.031181933933933932 	 1.4138297067121682e-16 	 1.7478604751843607e-25
0.03123198198198198 	 1.411564099068884e-16 	 1.7366838599009616e-25
0.031282030030030036 	 1.4093057409065368e-16 	 1.725596437431189e-25
0.03133207807807808 	 1.4070545974854235e-16 	 1.7145973549935117e-25
0.03138212612612613 	 1.4048106342874505e-16 	 1.7036857693036996e-25
0.031432174174174175 	 1.402573817014371e-16 	 1.692860846454156e-25
0.031482222222222224 	 1.4003441115860383e-16 	 1.6821217617949417e-25
0.03153227027027027 	 1.3981214841386724e-16 	 1.671467699816502e-25
0.03158231831831832 	 1.3959059010231482e-16 	 1.6608978540340728e-25
0.03163236636636637 	 1.3936973288032955e-16 	 1.6504114268737143e-25
0.03168241441441442 	 1.391495734254218e-16 	 1.6400076295599722e-25
0.03173246246246247 	 1.3893010843606275e-16 	 1.6296856820051242e-25
0.031782510510510516 	 1.3871133463151925e-16 	 1.6194448126999925e-25
0.031832558558558564 	 1.3849324875169037e-16 	 1.6092842586062988e-25
0.03188260660660661 	 1.3827584755694556e-16 	 1.5992032650505397e-25
0.031932654654654655 	 1.3805912782796417e-16 	 1.5892010856193505e-25
0.0319827027027027 	 1.3784308636557638e-16 	 1.5792769820563358e-25
0.03203275075075075 	 1.376277199906061e-16 	 1.5694302241603635e-25
0.0320827987987988 	 1.3741302554371478e-16 	 1.5596600896852632e-25
0.03213284684684685 	 1.3719899988524704e-16 	 1.5499658642409413e-25
0.0321828948948949 	 1.369856398950775e-16 	 1.5403468411958707e-25
0.032232942942942946 	 1.367729424724594e-16 	 1.530802321580944e-25
0.032282990990990995 	 1.36560904535874e-16 	 1.5213316139946574e-25
0.032333039039039044 	 1.3634952302288215e-16 	 1.5119340345096225e-25
0.03238308708708709 	 1.3613879488997668e-16 	 1.5026089065803699e-25
0.03243313513513514 	 1.3592871711243624e-16 	 1.493355560952427e-25
0.03248318318318318 	 1.3571928668418088e-16 	 1.4841733355726656e-25
0.03253323123123123 	 1.355105006176282e-16 	 1.4750615755008681e-25
0.03258327927927928 	 1.3530235594355181e-16 	 1.4660196328225385e-25
0.03263332732732733 	 1.3509484971094012e-16 	 1.4570468665628894e-25
0.03268337537537538 	 1.3488797898685724e-16 	 1.4481426426020322e-25
0.032733423423423426 	 1.346817408563045e-16 	 1.4393063335913147e-25
0.032783471471471475 	 1.344761324220837e-16 	 1.430537318870819e-25
0.03283351951951952 	 1.3427115080466147e-16 	 1.421834984387982e-25
0.03288356756756757 	 1.3406679314203468e-16 	 1.4131987226173256e-25
0.03293361561561562 	 1.3386305658959738e-16 	 1.4046279324812905e-25
0.03298366366366367 	 1.336599383200088e-16 	 1.3961220192721397e-25
0.03303371171171172 	 1.334574355230625e-16 	 1.3876803945749325e-25
0.03308375975975976 	 1.3325554540555685e-16 	 1.3793024761915413e-25
0.03313380780780781 	 1.3305426519116645e-16 	 1.3709876880656899e-25
0.03318385585585586 	 1.3285359212031503e-16 	 1.362735460209028e-25
0.033233903903903905 	 1.326535234500493e-16 	 1.3545452286281868e-25
0.033283951951951954 	 1.3245405645391389e-16 	 1.346416435252825e-25
0.033334 	 1.322551884218276e-16 	 1.3383485278646504e-25
0.03338404804804805 	 1.320569166599606e-16 	 1.3303409600273858e-25
0.0334340960960961 	 1.318592384906128e-16 	 1.322393191017691e-25
0.03348414414414415 	 1.316621512520933e-16 	 1.3145046857569962e-25
0.0335341921921922 	 1.3146565229860106e-16 	 1.306674914744263e-25
0.033584240240240246 	 1.3126973900010621e-16 	 1.2989033539896332e-25
0.033634288288288294 	 1.3107440874223305e-16 	 1.2911894849489746e-25
0.033684336336336336 	 1.308796589261435e-16 	 1.283532794459294e-25
0.033734384384384385 	 1.3068548696842192e-16 	 1.2759327746750078e-25
0.03378443243243243 	 1.30491890300961e-16 	 1.2683889230050722e-25
0.03383448048048048 	 1.3029886637084831e-16 	 1.260900742050935e-25
0.03388452852852853 	 1.3010641264025428e-16 	 1.2534677395453182e-25
0.03393457657657658 	 1.2991452658632094e-16 	 1.2460894282918113e-25
0.03398462462462463 	 1.2972320570105152e-16 	 1.2387653261052575e-25
0.034034672672672676 	 1.2953244749120142e-16 	 1.2314949557529363e-25
0.034084720720720725 	 1.2934224947816976e-16 	 1.2242778448965118e-25
0.034134768768768774 	 1.2915260919789199e-16 	 1.2171135260347537e-25
0.03418481681681682 	 1.289635242007336e-16 	 1.2100015364470057e-25
0.03423486486486487 	 1.2877499205138465e-16 	 1.2029414181374013e-25
0.03428491291291291 	 1.2858701032875508e-16 	 1.1959327177798033e-25
0.03433496096096096 	 1.2839957662587115e-16 	 1.1889749866634716e-25
0.03438500900900901 	 1.2821268854977273e-16 	 1.1820677806394374e-25
0.03443505705705706 	 1.2802634372141143e-16 	 1.1752106600675774e-25
0.03448510510510511 	 1.278405397755497e-16 	 1.168403189764382e-25
0.034535153153153156 	 1.2765527436066068e-16 	 1.161644938951395e-25
0.034585201201201204 	 1.2747054513882902e-16 	 1.1549354812043279e-25
0.03463524924924925 	 1.2728634978565257e-16 	 1.1482743944028391e-25
0.0346852972972973 	 1.2710268599014492e-16 	 1.1416612606809586e-25
0.03473534534534535 	 1.2691955145463864e-16 	 1.1350956663781502e-25
0.0347853933933934 	 1.2673694389468946e-16 	 1.1285772019910155e-25
0.03483544144144145 	 1.2655486103898155e-16 	 1.1221054621256177e-25
0.03488548948948949 	 1.2637330062923295e-16 	 1.1156800454504125e-25
0.03493553753753754 	 1.2619226042010245e-16 	 1.1093005546497946e-25
0.03498558558558559 	 1.26011738179097e-16 	 1.1029665963782366e-25
0.035035633633633635 	 1.2583173168648e-16 	 1.096677781215017e-25
0.035085681681681684 	 1.2565223873518009e-16 	 1.0904337236195238e-25
0.03513572972972973 	 1.254732571307012e-16 	 1.0842340418871398e-25
0.03518577777777778 	 1.2529478469103302e-16 	 1.0780783581056798e-25
0.03523582582582583 	 1.2511681924656228e-16 	 1.0719662981123918e-25
0.03528587387387388 	 1.249393586399849e-16 	 1.0658974914515043e-25
0.03533592192192193 	 1.2476240072621873e-16 	 1.059871571332307e-25
0.035385969969969976 	 1.2458594337231735e-16 	 1.0538881745877787e-25
0.035436018018018024 	 1.24409984457384e-16 	 1.0479469416337204e-25
0.035486066066066066 	 1.2423452187248693e-16 	 1.0420475164284237e-25
0.035536114114114115 	 1.2405955352057504e-16 	 1.036189546432839e-25
0.03558616216216216 	 1.238850773163942e-16 	 1.030372682571249e-25
0.03563621021021021 	 1.237110911864047e-16 	 1.0245965791924436e-25
0.03568625825825826 	 1.2353759306869882e-16 	 1.0188608940313725e-25
0.03573630630630631 	 1.2336458091291955e-16 	 1.0131652881712922e-25
0.03578635435435436 	 1.2319205268017974e-16 	 1.0075094260063805e-25
0.035836402402402406 	 1.2302000634298205e-16 	 1.0018929752048231e-25
0.035886450450450455 	 1.2284843988513956e-16 	 9.963156066723632e-26
0.035936498498498504 	 1.2267735130169685e-16 	 9.907769945163025e-26
0.03598654654654655 	 1.2250673859885207e-16 	 9.852768160099593e-26
0.0360365945945946 	 1.2233659979387952e-16 	 9.798147515575635e-26
0.03608664264264264 	 1.2216693291505264e-16 	 9.743904846595918e-26
0.03613669069069069 	 1.2199773600156795e-16 	 9.690037018785306e-26
0.03618673873873874 	 1.2182900710346963e-16 	 9.636540928050718e-26
0.03623678678678679 	 1.216607442815744e-16 	 9.583413500247202e-26
0.03628683483483484 	 1.214929456073974e-16 	 9.530651690848188e-26
0.036336882882882886 	 1.2132560916307838e-16 	 9.478252484619779e-26
0.036386930930930934 	 1.2115873304130877e-16 	 9.426212895299143e-26
0.03643697897897898 	 1.209923153452591e-16 	 9.374529965276763e-26
0.03648702702702703 	 1.2082635418850714e-16 	 9.323200765282707e-26
0.03653707507507508 	 1.206608476949668e-16 	 9.272222394076711e-26
0.03658712312312313 	 1.2049579399881709e-16 	 9.221591978142037e-26
0.03663717117117118 	 1.2033119124443233e-16 	 9.17130667138315e-26
0.03668721921921922 	 1.2016703758631248e-16 	 9.121363654827063e-26
0.03673726726726727 	 1.2000333118901412e-16 	 9.071760136328331e-26
0.036787315315315317 	 1.1984007022708212e-16 	 9.022493350277691e-26
0.036837363363363365 	 1.196772528849818e-16 	 8.973560557314201e-26
0.036887411411411414 	 1.1951487735703156e-16 	 8.92495904404093e-26
0.03693745945945946 	 1.1935294184733615e-16 	 8.876686122744084e-26
0.03698750750750751 	 1.1919144456972048e-16 	 8.828739131115556e-26
0.03703755555555556 	 1.1903038374766395e-16 	 8.781115431978843e-26
0.03708760360360361 	 1.188697576142353e-16 	 8.733812413018292e-26
0.03713765165165166 	 1.1870956441202804e-16 	 8.6868274865116e-26
0.037187699699699706 	 1.1854980239309617e-16 	 8.640158089065567e-26
0.037237747747747754 	 1.1839046981889087e-16 	 8.593801681355035e-26
0.037287795795795796 	 1.1823156496019727e-16 	 8.54775574786498e-26
0.037337843843843845 	 1.1807308609707194e-16 	 8.502017796635687e-26
0.03738789189189189 	 1.179150315187808e-16 	 8.456585359011018e-26
0.03743793993993994 	 1.1775739952373762e-16 	 8.41145598938969e-26
0.03748798798798799 	 1.1760018841944294e-16 	 8.366627264979525e-26
0.03753803603603604 	 1.1744339652242347e-16 	 8.322096785554658e-26
0.03758808408408409 	 1.1728702215817197e-16 	 8.277862173215635e-26
0.037638132132132136 	 1.1713106366108773e-16 	 8.233921072152397e-26
0.037688180180180185 	 1.1697551937441742e-16 	 8.190271148410078e-26
0.037738228228228234 	 1.1682038765019628e-16 	 8.146910089657576e-26
0.03778827627627628 	 1.1666566684919007e-16 	 8.103835604958907e-26
0.03783832432432433 	 1.1651135534083733e-16 	 8.061045424547269e-26
0.03788837237237237 	 1.1635745150319208e-16 	 8.018537299601777e-26
0.03793842042042042 	 1.1620395372286686e-16 	 7.976309002026827e-26
0.03798846846846847 	 1.1605086039497652e-16 	 7.934358324234115e-26
0.03803851651651652 	 1.1589816992308224e-16 	 7.892683078927203e-26
0.03808856456456457 	 1.1574588071913601e-16 	 7.851281098888624e-26
0.038138612612612616 	 1.1559399120342567e-16 	 7.810150236769521e-26
0.038188660660660664 	 1.1544249980452007e-16 	 7.769288364881728e-26
0.03823870870870871 	 1.152914049592151e-16 	 7.728693374992314e-26
0.03828875675675676 	 1.1514070511247986e-16 	 7.68836317812057e-26
0.03833880480480481 	 1.1499039871740328e-16 	 7.648295704337307e-26
0.03838885285285286 	 1.1484048423514114e-16 	 7.608488902566558e-26
0.03843890090090091 	 1.1469096013486368e-16 	 7.56894074038959e-26
0.03848894894894895 	 1.1454182489370343e-16 	 7.529649203851196e-26
0.038538996996997 	 1.1439307699670347e-16 	 7.490612297268233e-26
0.038589045045045046 	 1.1424471493676621e-16 	 7.451828043040446e-26
0.038639093093093095 	 1.140967372146024e-16 	 7.413294481463401e-26
0.038689141141141144 	 1.1394914233868074e-16 	 7.375009670543703e-26
0.03873918918918919 	 1.138019288251777e-16 	 7.336971685816258e-26
0.03878923723723724 	 1.1365509519792772e-16 	 7.2991786201637e-26
0.03883928528528529 	 1.1350863998837406e-16 	 7.261628583637932e-26
0.03888933333333334 	 1.1336256173551962e-16 	 7.224319703283665e-26
0.03893938138138139 	 1.1321685898587855e-16 	 7.187250122964053e-26
0.038989429429429436 	 1.1307153029342793e-16 	 7.150418003188308e-26
0.03903947747747748 	 1.1292657421956e-16 	 7.113821520941321e-26
0.039089525525525526 	 1.1278198933303456e-16 	 7.0774588695152e-26
0.039139573573573574 	 1.12637774209932e-16 	 7.041328258342799e-26
0.03918962162162162 	 1.1249392743360657e-16 	 7.005427912833137e-26
0.03923966966966967 	 1.1235044759463985e-16 	 6.969756074208661e-26
0.03928971771771772 	 1.1220733329079489e-16 	 6.934310999344443e-26
0.03933976576576577 	 1.1206458312697038e-16 	 6.899090960609159e-26
0.03938981381381382 	 1.119221957151554e-16 	 6.864094245707904e-26
0.039439861861861866 	 1.1178016967438438e-16 	 6.829319157526791e-26
0.039489909909909915 	 1.116385036306926e-16 	 6.794764013979345e-26
0.039539957957957964 	 1.1149719621707161e-16 	 6.760427147854595e-26
0.03959000600600601 	 1.1135624607342555e-16 	 6.726306906666948e-26
0.039640054054054054 	 1.1121565184652738e-16 	 6.692401652507721e-26
0.0396901021021021 	 1.1107541218997543e-16 	 6.658709761898356e-26
0.03974015015015015 	 1.1093552576415075e-16 	 6.625229625645346e-26
0.0397901981981982 	 1.1079599123617419e-16 	 6.591959648696741e-26
0.03984024624624625 	 1.1065680727986413e-16 	 6.558898250000292e-26
0.0398902942942943 	 1.1051797257569453e-16 	 6.526043862363222e-26
0.039940342342342346 	 1.1037948581075319e-16 	 6.493394932313531e-26
0.039990390390390394 	 1.102413456787003e-16 	 6.460949919962888e-26
0.04004043843843844 	 1.1010355087972744e-16 	 6.428707298871048e-26
0.04009048648648649 	 1.0996610012051685e-16 	 6.396665555911821e-26
0.04014053453453454 	 1.0982899211420087e-16 	 6.364823191140493e-26
0.04019058258258259 	 1.096922255803218e-16 	 6.333178717662765e-26
0.04024063063063063 	 1.0955579924479211e-16 	 6.301730661505153e-26
0.04029067867867868 	 1.0941971183985478e-16 	 6.270477561486811e-26
0.04034072672672673 	 1.0928396210404406e-16 	 6.239417969092815e-26
0.040390774774774776 	 1.0914854878214661e-16 	 6.208550448348842e-26
0.040440822822822825 	 1.090134706251626e-16 	 6.177873575697238e-26
0.040490870870870874 	 1.0887872639026747e-16 	 6.147385939874458e-26
0.04054091891891892 	 1.0874431484077378e-16 	 6.117086141789889e-26
0.04059096696696697 	 1.086102347460933e-16 	 6.086972794405986e-26
0.04064101501501502 	 1.0847648488169955e-16 	 6.05704452261976e-26
0.04069106306306307 	 1.083430640290905e-16 	 6.027299963145554e-26
0.04074111111111112 	 1.0820997097575153e-16 	 5.997737764399129e-26
0.040791159159159165 	 1.0807720451511868e-16 	 5.968356586383004e-26
0.04084120720720721 	 1.0794476344654232e-16 	 5.939155100573106e-26
0.040891255255255256 	 1.078126465752508e-16 	 5.910131989806603e-26
0.040941303303303304 	 1.0768085271231458e-16 	 5.881285948171013e-26
0.04099135135135135 	 1.0754938067461063e-16 	 5.852615680894526e-26
0.0410413993993994 	 1.0741822928478694e-16 	 5.824119904237513e-26
0.04109144744744745 	 1.0728739737122738e-16 	 5.795797345385209e-26
0.0411414954954955 	 1.071568837680169e-16 	 5.767646742341626e-26
0.04119154354354355 	 1.0702668731490676e-16 	 5.739666843824542e-26
0.041241591591591596 	 1.0689680685728028e-16 	 5.711856409161717e-26
0.041291639639639645 	 1.0676724124611863e-16 	 5.684214208188172e-26
0.041341687687687693 	 1.06637989337967e-16 	 5.656739021144634e-26
0.04139173573573574 	 1.0650904999490082e-16 	 5.629429638577038e-26
0.041441783783783784 	 1.0638042208449265e-16 	 5.602284861237186e-26
0.04149183183183183 	 1.0625210447977865e-16 	 5.575303499984386e-26
0.04154187987987988 	 1.0612409605922603e-16 	 5.548484375688264e-26
0.04159192792792793 	 1.0599639570670013e-16 	 5.52182631913254e-26
0.04164197597597598 	 1.0586900231143211e-16 	 5.495328170919896e-26
0.04169202402402403 	 1.0574191476798668e-16 	 5.468988781377839e-26
0.041742072072072076 	 1.0561513197623011e-16 	 5.442807010465585e-26
0.041792120120120124 	 1.054886528412986e-16 	 5.416781727681975e-26
0.04184216816816817 	 1.0536247627356656e-16 	 5.390911811974313e-26
0.04189221621621622 	 1.052366011886156e-16 	 5.365196151648271e-26
0.04194226426426427 	 1.0511102650720315e-16 	 5.339633644278678e-26
0.04199231231231232 	 1.0498575115523189e-16 	 5.314223196621316e-26
0.04204236036036036 	 1.0486077406371896e-16 	 5.288963724525638e-26
0.04209240840840841 	 1.0473609416876554e-16 	 5.263854152848411e-26
0.04214245645645646 	 1.0461171041152682e-16 	 5.238893415368327e-26
0.042192504504504506 	 1.0448762173818186e-16 	 5.214080454701447e-26
0.042242552552552555 	 1.0436382709990396e-16 	 5.189414222217627e-26
0.042292600600600604 	 1.0424032545283097e-16 	 5.164893677957751e-26
0.04234264864864865 	 1.0411711575803607e-16 	 5.140517790551922e-26
0.0423926966966967 	 1.0399419698149859e-16 	 5.1162855371384665e-26
0.04244274474474475 	 1.0387156809407508e-16 	 5.0921959032838094e-26
0.0424927927927928 	 1.0374922807147059e-16 	 5.068247882903215e-26
0.04254284084084085 	 1.0362717589421013e-16 	 5.0444404781823367e-26
0.042592888888888895 	 1.0350541054761047e-16 	 5.020772699499629e-26
0.04264293693693694 	 1.0338393102175183e-16 	 4.9972435653495394e-26
0.042692984984984986 	 1.0326273631145007e-16 	 4.9738521022665344e-26
0.042743033033033034 	 1.0314182541622899e-16 	 4.9505973447499316e-26
0.04279308108108108 	 1.0302119734029273e-16 	 4.927478335189494e-26
0.04284312912912913 	 1.0290085109249848e-16 	 4.904494123791825e-26
0.04289317717717718 	 1.0278078568632936e-16 	 4.8816437685075337e-26
0.04294322522522523 	 1.0266100013986734e-16 	 4.858926334959155e-26
0.04299327327327328 	 1.0254149347576657e-16 	 4.8363408963698233e-26
0.043043321321321326 	 1.0242226472122687e-16 	 4.813886533492714e-26
0.043093369369369375 	 1.0230331290796715e-16 	 4.791562334541175e-26
0.04314341741741742 	 1.0218463707219931e-16 	 4.769367395119644e-26
0.04319346546546547 	 1.0206623625460225e-16 	 4.747300818155232e-26
0.043243513513513514 	 1.0194810950029592e-16 	 4.7253617138300574e-26
0.04329356156156156 	 1.0183025585881567e-16 	 4.703549199514251e-26
0.04334360960960961 	 1.0171267438408688e-16 	 4.6818623996996995e-26
0.04339365765765766 	 1.0159536413439946e-16 	 4.6603004459344156e-26
0.04344370570570571 	 1.0147832417238283e-16 	 4.63886247675764e-26
0.04349375375375376 	 1.0136155356498092e-16 	 4.617547637635588e-26
0.043543801801801806 	 1.0124505138342739e-16 	 4.596355080897868e-26
0.043593849849849854 	 1.0112881670322095e-16 	 4.575283965674555e-26
0.0436438978978979 	 1.0101284860410098e-16 	 4.554333457833905e-26
0.04369394594594595 	 1.0089714617002322e-16 	 4.5335027299207256e-26
0.043743993993994 	 1.0078170848913559e-16 	 4.512790961095358e-26
0.04379404204204205 	 1.0066653465375435e-16 	 4.4921973370733204e-26
0.04384409009009009 	 1.0055162376034026e-16 	 4.471721050065525e-26
0.04389413813813814 	 1.004369749094748e-16 	 4.4513612987191376e-26
0.04394418618618619 	 1.0032258720583701e-16 	 4.431117288059048e-26
0.043994234234234236 	 1.002084597581799e-16 	 4.4109882294299107e-26
0.044044282282282285 	 1.0009459167930745e-16 	 4.3909733404388015e-26
0.044094330330330334 	 9.998098208605167e-17 	 4.3710718448984586e-26
0.04414437837837838 	 9.986763009924954e-17 	 4.351282972771068e-26
0.04419442642642643 	 9.975453484372058e-17 	 4.3316059601126697e-26
0.04424447447447448 	 9.964169544824422e-17 	 4.312040049018102e-26
0.04429452252252253 	 9.952911104553738e-17 	 4.292584487566499e-26
0.04434457057057058 	 9.941678077223234e-17 	 4.2732385297673573e-26
0.044394618618618625 	 9.930470376885464e-17 	 4.2540014355071426e-26
0.04444466666666667 	 9.919287917980114e-17 	 4.234872470496437e-26
0.044494714714714716 	 9.908130615331822e-17 	 4.215850906217605e-26
0.044544762762762764 	 9.896998384148025e-17 	 4.196936019873025e-26
0.04459481081081081 	 9.885891140016803e-17 	 4.1781270943338017e-26
0.04464485885885886 	 9.87480879890475e-17 	 4.1594234180890234e-26
0.04469490690690691 	 9.863751277154851e-17 	 4.1408242851955174e-26
0.04474495495495496 	 9.852718491484374e-17 	 4.122328995228101e-26
0.04479500300300301 	 9.841710358982796e-17 	 4.1039368532303714e-26
0.044845051051051056 	 9.830726797109702e-17 	 4.085647169665929e-26
0.044895099099099105 	 9.819767723692735e-17 	 4.0674592603701385e-26
0.04494514714714715 	 9.808833056925553e-17 	 4.0493724465023605e-26
0.044995195195195195 	 9.797922715365778e-17 	 4.0313860544986426e-26
0.045045243243243244 	 9.787036617932988e-17 	 4.0134994160249016e-26
0.04509529129129129 	 9.776174683906698e-17 	 3.9957118679305677e-26
0.04514533933933934 	 9.765336832924373e-17 	 3.978022752202689e-26
0.04519538738738739 	 9.75452298497944e-17 	 3.9604314159204915e-26
0.04524543543543544 	 9.743733060419321e-17 	 3.9429372112103953e-26
0.04529548348348349 	 9.732966979943482e-17 	 3.92553949520147e-26
0.045345531531531535 	 9.722224664601483e-17 	 3.908237629981341e-26
0.045395579579579584 	 9.711506035791051e-17 	 3.891030982552524e-26
0.04544562762762763 	 9.700811015256167e-17 	 3.8739189247891976e-26
0.04549567567567568 	 9.690139525085155e-17 	 3.8569008333944016e-26
0.04554572372372373 	 9.679491487708791e-17 	 3.8399760898576553e-26
0.04559577177177177 	 9.66886682589843e-17 	 3.8231440804129955e-26
0.04564581981981982 	 9.658265462764131e-17 	 3.8064041959974335e-26
0.04569586786786787 	 9.647687321752804e-17 	 3.789755832209802e-26
0.04574591591591592 	 9.637132326646374e-17 	 3.7731983892700437e-26
0.045795963963963966 	 9.626600401559944e-17 	 3.7567312719788506e-26
0.045846012012012015 	 9.61609147093997e-17 	 3.740353889677741e-26
0.045896060060060064 	 9.605605459562473e-17 	 3.7240656562095055e-26
0.04594610810810811 	 9.595142292531229e-17 	 3.7078659898790523e-26
0.04599615615615616 	 9.584701895275986e-17 	 3.6917543134146124e-26
0.04604620420420421 	 9.5742841935507e-17 	 3.6757300539293644e-26
0.04609625225225226 	 9.563889113431773e-17 	 3.6597926428833896e-26
0.04614630030030031 	 9.553516581316296e-17 	 3.6439415160460256e-26
0.04619634834834835 	 9.54316652392033e-17 	 3.6281761134585826e-26
0.0462463963963964 	 9.532838868277156e-17 	 3.612495879397408e-26
0.046296444444444446 	 9.52253354173558e-17 	 3.596900262337327e-26
0.046346492492492494 	 9.512250471958227e-17 	 3.581388714915439e-26
0.04639654054054054 	 9.501989586919835e-17 	 3.5659606938952346e-26
0.04644658858858859 	 9.491750814905583e-17 	 3.5506156601310995e-26
0.04649663663663664 	 9.48153408450943e-17 	 3.535353078533151e-26
0.04654668468468469 	 9.47133932463243e-17 	 3.520172418032383e-26
0.04659673273273274 	 9.46116646448111e-17 	 3.5050731515461904e-26
0.046646780780780786 	 9.451015433565808e-17 	 3.4900547559442095e-26
0.046696828828828835 	 9.440886161699068e-17 	 3.475116712014474e-26
0.04674687687687688 	 9.430778578993993e-17 	 3.460258504429912e-26
0.046796924924924925 	 9.420692615862675e-17 	 3.445479621715172e-26
0.046846972972972974 	 9.410628203014556e-17 	 3.430779556213732e-26
0.04689702102102102 	 9.40058527145488e-17 	 3.416157804055376e-26
0.04694706906906907 	 9.390563752483092e-17 	 3.4016138651239383e-26
0.04699711711711712 	 9.380563577691277e-17 	 3.387147243025371e-26
0.04704716516516517 	 9.37058467896261e-17 	 3.372757445056134e-26
0.04709721321321322 	 9.360626988469801e-17 	 3.3584439821718476e-26
0.047147261261261265 	 9.350690438673562e-17 	 3.344206368956287e-26
0.047197309309309314 	 9.340774962321083e-17 	 3.330044123590653e-26
0.04724735735735736 	 9.330880492444505e-17 	 3.315956767823112e-26
0.04729740540540541 	 9.321006962359424e-17 	 3.3019438269386775e-26
0.04734745345345346 	 9.31115430566339e-17 	 3.2880048297293356e-26
0.0473975015015015 	 9.301322456234413e-17 	 3.274139308464467e-26
0.04744754954954955 	 9.291511348229478e-17 	 3.260346798861542e-26
0.0474975975975976 	 9.281720916083104e-17 	 3.246626840057125e-26
0.04754764564564565 	 9.271951094505844e-17 	 3.232978974578096e-26
0.047597693693693696 	 9.262201818482865e-17 	 3.219402748313208e-26
0.047647741741741745 	 9.252473023272491e-17 	 3.20589771048486e-26
0.04769778978978979 	 9.242764644404775e-17 	 3.192463413621168e-26
0.04774783783783784 	 9.233076617680068e-17 	 3.179099413528281e-26
0.04779788588588589 	 9.22340887916761e-17 	 3.1658052692629754e-26
0.04784793393393394 	 9.213761365204129e-17 	 3.152580543105493e-26
0.04789798198198199 	 9.204134012392429e-17 	 3.13942480053263e-26
0.04794803003003004 	 9.194526757600014e-17 	 3.126337610191104e-26
0.04799807807807808 	 9.1849395379577e-17 	 3.1133185438711273e-26
0.04804812612612613 	 9.175372290858254e-17 	 3.10036717648028e-26
0.048098174174174176 	 9.165824953955012e-17 	 3.0874830860175835e-26
0.048148222222222224 	 9.156297465160548e-17 	 3.074665853547836e-26
0.04819827027027027 	 9.146789762645313e-17 	 3.0619150631761917e-26
0.04824831831831832 	 9.137301784836305e-17 	 3.049230302022967e-26
0.04829836636636637 	 9.127833470415727e-17 	 3.036611160198671e-26
0.04834841441441442 	 9.118384758319685e-17 	 3.024057230779302e-26
0.04839846246246247 	 9.10895558773686e-17 	 3.011568109781842e-26
0.048448510510510516 	 9.099545898107213e-17 	 2.99914339613999e-26
0.048498558558558565 	 9.090155629120681e-17 	 2.986782691680123e-26
0.04854860660660661 	 9.080784720715895e-17 	 2.974485601097475e-26
0.048598654654654655 	 9.071433113078899e-17 	 2.96225173193254e-26
0.048648702702702704 	 9.062100746641863e-17 	 2.9500806945476833e-26
0.04869875075075075 	 9.052787562081842e-17 	 2.937972102103988e-26
0.0487487987987988 	 9.043493500319503e-17 	 2.9259255705382986e-26
0.04879884684684685 	 9.034218502517881e-17 	 2.913940718540485e-26
0.0488488948948949 	 9.024962510081134e-17 	 2.902017167530905e-26
0.04889894294294295 	 9.015725464653314e-17 	 2.890154541638088e-26
0.048948990990990995 	 9.006507308117132e-17 	 2.8783524676766095e-26
0.048999039039039044 	 8.99730798259276e-17 	 2.8666105751251953e-26
0.04904908708708709 	 8.98812743043658e-17 	 2.854928496104975e-26
0.04909913513513514 	 8.97896559424003e-17 	 2.8433058653580046e-26
0.04914918318318319 	 8.969822416828363e-17 	 2.831742320225917e-26
0.04919923123123123 	 8.96069784125949e-17 	 2.820237500628817e-26
0.04924927927927928 	 8.951591810822774e-17 	 2.8087910490443416e-26
0.04929932732732733 	 8.942504269037873e-17 	 2.7974026104869314e-26
0.04934937537537538 	 8.933435159653563e-17 	 2.7860718324872677e-26
0.049399423423423426 	 8.924384426646576e-17 	 2.7747983650719154e-26
0.049449471471471475 	 8.915352014220455e-17 	 2.763581860743148e-26
0.04949951951951952 	 8.906337866804398e-17 	 2.752421974458943e-26
0.04954956756756757 	 8.897341929052123e-17 	 2.741318363613183e-26
0.04959961561561562 	 8.888364145840736e-17 	 2.7302706880160067e-26
0.04964966366366367 	 8.879404462269602e-17 	 2.719278609874362e-26
0.04969971171171172 	 8.870462823659232e-17 	 2.7083417937727294e-26
0.04974975975975977 	 8.861539175550161e-17 	 2.697459906654007e-26
0.04979980780780781 	 8.852633463701852e-17 	 2.686632617800586e-26
0.04984985585585586 	 8.843745634091588e-17 	 2.6758595988155804e-26
0.049899903903903906 	 8.834875632913386e-17 	 2.6651405236042426e-26
0.049949951951951954 	 8.826023406576914e-17 	 2.654475068355535e-26
0.05 	 8.817188901706403e-17 	 2.6438629115238694e-26
