0.00035233633633633635 	 0.002319417098422057 	 113572243360.06436
0.0004023843843843844 	 0.0029732472908065473 	 61711153251.06737
0.0004524324324324324 	 0.01866381672301008 	 35579208345.0551
0.0005024804804804805 	 0.09088048740949127 	 21269837989.649155
0.0005525285285285286 	 0.1272244031766888 	 13510371783.775658
0.0006025765765765767 	 0.13102487395108547 	 7582251530.714826
0.0006526246246246247 	 0.14772793515901642 	 4530250713.724528
0.0007026726726726728 	 0.18976075277897617 	 2596635756.2691493
0.0007527207207207208 	 0.2731553471905053 	 1278972955.5537035
0.0008027687687687688 	 0.6149495841919467 	 529984892.1930305
0.0008528168168168169 	 3.8707749938527196 	 541476666.7849983
0.0009028648648648649 	 9.361107650646169 	 4331583532.238704
0.000952912912912913 	 11.701794440938214 	 10410321918.349573
0.001002960960960961 	 11.535570636409261 	 9934146726.17309
0.0010530090090090092 	 9.918298713142802 	 7682116174.954136
0.0011030570570570572 	 7.622174374895775 	 5736742338.689965
0.0011531051051051051 	 5.562218140930237 	 3706576839.4233823
0.0012031531531531533 	 4.004470294943054 	 2140669249.0414627
0.0012532012012012013 	 2.9824839957387015 	 1202396369.0340483
0.0013032492492492493 	 3.093493745542353 	 802782876.6661302
0.0013532972972972973 	 3.2430463936347715 	 620836485.5169829
0.0014033453453453455 	 3.2399531710991707 	 504604079.75950736
0.0014533933933933935 	 3.178971431212964 	 373568134.3612776
0.0015034414414414415 	 3.2467952708878496 	 243360506.37329626
0.0015534894894894897 	 3.512062778327614 	 185586478.0276433
0.0016035375375375376 	 4.156347485438821 	 200105586.9215317
0.0016535855855855856 	 4.76073398934827 	 244107519.3171779
0.0017036336336336338 	 4.953935577501478 	 292990706.8064473
0.0017536816816816818 	 5.332710604959907 	 329578211.5073245
0.0018037297297297298 	 5.43375891995538 	 375218377.7271125
0.001853777777777778 	 5.5219958164388485 	 360355979.1004901
0.001903825825825826 	 5.565872507092872 	 318233726.6907083
0.001953873873873874 	 5.524368745519852 	 275829213.6992334
0.0020039219219219217 	 5.290672576518652 	 268533032.4298888
0.00205396996996997 	 5.087252549082709 	 232487862.86537668
0.002104018018018018 	 4.7835696736115985 	 209772055.77874076
0.002154066066066066 	 4.4755406399965505 	 189623685.31347728
0.002204114114114114 	 4.204105796640969 	 171959018.34309047
0.0022541621621621623 	 3.9526345482421785 	 156336206.41566798
0.00230421021021021 	 3.719570232657125 	 142476117.0413772
0.0023542582582582582 	 3.5030143001688 	 130141159.03185274
0.0024043063063063064 	 3.3016823598570304 	 119132442.44618925
0.002454354354354354 	 3.114044161691343 	 109279544.69322677
0.0025044024024024024 	 2.9393248121861015 	 100439342.40255378
0.00255445045045045 	 2.776197338588563 	 92487141.54446344
0.0026044984984984984 	 2.623778778114893 	 85316928.57812524
0.0026545465465465466 	 2.4812444692353615 	 78837216.27150947
0.0027045945945945943 	 2.347802796406483 	 72968774.29229446
0.0027546426426426425 	 2.222735985000988 	 67642886.41912808
0.0028046906906906907 	 2.105479949128592 	 62799931.180061735
0.0028547387387387385 	 1.9953705127356598 	 58387592.70488416
0.0029047867867867867 	 1.8919617917239593 	 54360374.58995752
0.002954834834834835 	 1.7947108495928836 	 50678132.87036349
0.0030048828828828826 	 1.7032069718975034 	 47305688.56623881
0.003054930930930931 	 1.6170272306962106 	 44211953.7294204
0.003104978978978979 	 1.535835992923528 	 41369511.300850295
0.003155027027027027 	 1.4592584615206565 	 38753995.02333956
0.003205075075075075 	 1.387017721882369 	 36343841.54324721
0.003255123123123123 	 1.3187845537776637 	 34119793.01542816
0.003305171171171171 	 1.254343123994013 	 32064756.541741226
0.003355219219219219 	 1.193416752751622 	 30163396.28412505
0.0034052672672672674 	 1.135786386847765 	 28402016.27696731
0.003455315315315315 	 1.0812715716225236 	 26768347.43313948
0.0035053633633633633 	 1.029648272236217 	 25251331.794165373
0.0035554114114114115 	 0.9807367446714722 	 23841038.219611283
0.0036054594594594593 	 0.9343882448524737 	 22528524.059686594
0.0036555075075075075 	 0.8904409753588106 	 21305703.113471635
0.0037055555555555557 	 0.8487575236090258 	 20165270.127430957
0.0037556036036036035 	 0.8092055485048781 	 19100607.319401972
0.0038056516516516516 	 0.7716378048000012 	 18105704.39824302
0.0038556996996997 	 0.7359896524931018 	 17175129.114659537
0.0039057477477477476 	 0.7021045405629255 	 16303907.094394866
0.003955795795795796 	 0.6699033761443317 	 15487531.550680086
0.004005843843843844 	 0.6392942914338473 	 14721886.578202147
0.004055891891891893 	 0.6101918715643257 	 14003214.363537524
0.00410593993993994 	 0.5825006860832324 	 13328076.099666225
0.004155987987987988 	 0.556170551587619 	 12693333.78442724
0.004206036036036037 	 0.5310767850413324 	 12096095.091341661
0.004256084084084085 	 0.5072126518828833 	 11533730.16414831
0.004306132132132132 	 0.4844924960693736 	 11003807.199030349
0.004356180180180181 	 0.46284034606820357 	 10504092.361335678
0.004406228228228229 	 0.4422274415350845 	 10032537.084824815
0.0044562762762762765 	 0.4225853264764233 	 9587247.297112439
0.004506324324324325 	 0.4038559854722553 	 9166477.857020266
0.004556372372372373 	 0.38600139362047914 	 8768620.310462007
0.004606420420420421 	 0.36899714147448404 	 8392189.689633407
0.004656468468468469 	 0.3527842471954315 	 8035808.333635083
0.004706516516516517 	 0.33732049925006424 	 7698202.966786841
0.004756564564564565 	 0.32257486328979157 	 7378194.964304099
0.0048066126126126135 	 0.3085186231420323 	 7074691.450355155
0.004856660660660661 	 0.2950970380016071 	 6786675.848867679
0.004906708708708709 	 0.28230963118882013 	 6513208.505904583
0.004956756756756757 	 0.2701069735299527 	 6253411.878758154
0.005006804804804805 	 0.25846905832665545 	 6006471.888445249
0.005056852852852853 	 0.24736965638043876 	 5771630.109250371
0.005106900900900901 	 0.23678047565989038 	 5548179.7842932185
0.0051569489489489495 	 0.22667904646209225 	 5335462.3126604045
0.005206996996996997 	 0.21704754749264873 	 5132863.422507228
0.005257045045045045 	 0.20786109799129604 	 4939809.168383925
0.005307093093093094 	 0.19910088658543412 	 4755763.612051972
0.0053571411411411415 	 0.19074688730117592 	 4580225.604859889
0.005407189189189189 	 0.18277973758096536 	 4412726.3182165865
0.005457237237237238 	 0.17518758064842604 	 4252827.148261236
0.005507285285285286 	 0.1679475892496103 	 4100116.780166476
0.005557333333333333 	 0.1610492447984999 	 3954210.1401592563
0.005607381381381382 	 0.1544739496962963 	 3814745.7637290275
0.00565742942942943 	 0.14821080499665634 	 3681384.6854524743
0.0057074774774774776 	 0.14224916849396918 	 3553808.5989045803
0.005757525525525526 	 0.13657485723251728 	 3431718.32489485
0.005807573573573574 	 0.13347552601851215 	 3314893.055723694
0.005857621621621622 	 0.13233637237901777 	 3203045.8060786873
0.00590766966966967 	 0.13121537389760476 	 3095876.2620612676
0.005957717717717718 	 0.1301133533039149 	 2993151.647713884
0.006007765765765766 	 0.12902825474233465 	 2894652.5211478965
0.0060578138138138145 	 0.12796247465638172 	 2800172.0793100875
0.006107861861861862 	 0.12691485705954622 	 2709515.1514421036
0.00615790990990991 	 0.12588436043537368 	 2622497.538171111
0.006207957957957959 	 0.12486806645447118 	 2538945.2691445397
0.0062580060060060064 	 0.12386916180258203 	 2458694.1276768087
0.006308054054054054 	 0.12288732000569687 	 2381588.8330268064
0.006358102102102103 	 0.12191864513405387 	 2307482.4873166517
0.006408150150150151 	 0.12096745104906786 	 2236236.2940832973
0.006458198198198198 	 0.12003032572399328 	 2167718.7460982306
0.006508246246246247 	 0.11910767002492294 	 2101805.407399925
0.006558294294294295 	 0.11819830420698924 	 2038378.383451776
0.0066083423423423425 	 0.11730239386160972 	 1977325.983488407
0.006658390390390391 	 0.11642005524244958 	 1918542.3258896507
0.006708438438438439 	 0.11555229478212627 	 1861927.0115665467
0.006758486486486487 	 0.1146973439076225 	 1807384.740413639
0.006808534534534535 	 0.11385440111826858 	 1754825.0787081826
0.006858582582582583 	 0.11302370129782541 	 1704162.1784199644
0.006908630630630631 	 0.1122042751670937 	 1655314.4782455468
0.0069586786786786795 	 0.11139668964629067 	 1608204.5027861826
0.007008726726726727 	 0.1106013097506681 	 1562758.6042605252
0.007058774774774775 	 0.10981725251331927 	 1518906.7324510037
0.007108822822822824 	 0.1090447692317015 	 1476582.269548332
0.007158870870870871 	 0.10828300662625638 	 1435721.807734942
0.007208918918918919 	 0.10753087022658082 	 1396264.9854872222
0.007258966966966968 	 0.10678910739862409 	 1358154.3496999384
0.007309015015015016 	 0.10605752755435839 	 1321335.1598650923
0.007359063063063063 	 0.10533592219777875 	 1285755.2545830777
0.007409111111111112 	 0.10462433233966384 	 1251364.917029738
0.00745915915915916 	 0.10392232195772672 	 1218116.73583438
0.0075092072072072075 	 0.10323000344189516 	 1185965.496234137
0.007559255255255256 	 0.10254685887882313 	 1154868.0504180344
0.007609303303303304 	 0.10187277122603909 	 1124783.222340047
0.007659351351351352 	 0.1012074218567857 	 1095671.6984867137
0.0077093993993994 	 0.10054997016754345 	 1067495.9285720782
0.007759447447447448 	 0.09990101521298443 	 1040220.0574881948
0.007809495495495496 	 0.09926053773820016 	 1013809.8160948659
0.007859543543543544 	 0.09862828714446467 	 988232.4456447846
0.007909591591591592 	 0.09800473441199148 	 963456.6321577296
0.00795963963963964 	 0.09738894799492166 	 939452.412249565
0.008009687687687688 	 0.09678012613911657 	 916191.1223609827
0.008059735735735736 	 0.09617886082019296 	 893645.3472506788
0.008109783783783785 	 0.09558497304479023 	 871788.837281484
0.008159831831831832 	 0.09499845835336425 	 850596.461111945
0.00820987987987988 	 0.09441991212248449 	 830044.1555757856
0.00825992792792793 	 0.09384826500326172 	 810108.8532927714
0.008309975975975976 	 0.09328248541047116 	 790768.4511680345
0.008360024024024025 	 0.09272363025069558 	 772001.782813922
0.008410072072072073 	 0.09217276504017065 	 753788.5554377107
0.00846012012012012 	 0.09162824008384773 	 736109.2855352673
0.008510168168168169 	 0.09108857300811585 	 718945.2863808513
0.008560216216216218 	 0.09055533775725343 	 702278.6549145167
0.008610264264264264 	 0.0900293388419712 	 686092.2034910484
0.008660312312312313 	 0.08950938349013296 	 670369.4175497973
0.008710360360360362 	 0.08899510230934911 	 655094.4477326311
0.008760408408408409 	 0.08848660805023936 	 640252.0768455925
0.008810456456456457 	 0.08798315847816013 	 625827.6810842643
0.008860504504504506 	 0.08748553950475357 	 611807.2214789526
0.008910552552552553 	 0.08699466269036393 	 598177.2071028964
0.008960600600600601 	 0.0865092766339954 	 584924.6542569627
0.00901064864864865 	 0.08602934036907647 	 572037.0886522412
0.009060696696696697 	 0.08555462258792403 	 559502.5129801749
0.009110744744744746 	 0.08508447375839219 	 547309.384612455
0.009160792792792794 	 0.08461940522913351 	 535446.606657701
0.009210840840840841 	 0.0841589589918059 	 523903.49430177297
0.00926088888888889 	 0.0837035913255229 	 512669.76968694275
0.009310936936936938 	 0.08325387866567485 	 501735.53922396497
0.009360984984984985 	 0.08280892228841664 	 491091.26717281895
0.009411033033033034 	 0.08236831437998655 	 480727.77312707726
0.009461081081081082 	 0.08193244835273157 	 470636.21888108755
0.00951112912912913 	 0.08150174730220273 	 460808.08930486237
0.009561177177177178 	 0.08107558555361284 	 451235.17251591536
0.009611225225225227 	 0.08065407604485396 	 441909.5580184516
0.009661273273273274 	 0.08023678901997225 	 432823.61678114196
0.009711321321321322 	 0.07982279931797978 	 423969.99010382843
0.009761369369369369 	 0.0794131236184553 	 415341.5923091406
0.009811417417417418 	 0.07900809699345535 	 406931.5848870079
0.009861465465465466 	 0.07860709695905202 	 398733.3651800517
0.009911513513513513 	 0.07820957974891557 	 390740.5626342681
0.009961561561561562 	 0.07781621384899824 	 382947.0354733851
0.01001160960960961 	 0.07742781589780233 	 375346.85589342297
0.010061657657657657 	 0.07704318877824773 	 367934.2905767489
0.010111705705705706 	 0.07666176561400302 	 360703.80667328875
0.010161753753753755 	 0.07628409697745563 	 353650.06625733624
0.010211801801801802 	 0.0759101136871537 	 346767.91008740646
0.01026184984984985 	 0.07553978091085224 	 340052.3539307683
0.010311897897897899 	 0.07517305926616165 	 333498.58162839914
0.010361945945945946 	 0.07480988014187981 	 327101.9385336761
0.010411993993993994 	 0.07445019245377674 	 320857.9255661212
0.010462042042042043 	 0.07409397764918065 	 314762.19336608314
0.01051209009009009 	 0.07374134650539459 	 308810.5370605627
0.010562138138138139 	 0.07339204928360606 	 302998.88864944474
0.010612186186186187 	 0.07304599930987636 	 297323.3142037356
0.010662234234234234 	 0.07270317416722057 	 291780.00842005166
0.010712282282282283 	 0.07236341188029694 	 286365.2889777352
0.010762330330330331 	 0.07202680958544548 	 281075.59367409983
0.010812378378378378 	 0.07169332340200561 	 275907.47433015006
0.010862426426426427 	 0.07136291025802802 	 270857.5932099701
0.010912474474474475 	 0.07103552787172944 	 265922.71899638604
0.010962522522522522 	 0.07071113473345587 	 261099.72293085183
0.011012570570570571 	 0.07038969008813704 	 256385.57511013836
0.01106261861861862 	 0.07007115391821785 	 251777.34093279045
0.011112666666666667 	 0.06975548692705029 	 247272.17768864255
0.011162714714714715 	 0.06944265052273275 	 242867.33128502662
0.011212762762762764 	 0.06913260680238183 	 238560.13310361514
0.01126281081081081 	 0.06882531853682347 	 234347.99698212478
0.01131285885885886 	 0.06852074915569052 	 230228.41631540156
0.011362906906906908 	 0.06821887904314947 	 226198.96132833438
0.011412954954954955 	 0.06791974299686498 	 222257.2765272736
0.011463003003003003 	 0.06762324903787759 	 218401.07749276652
0.011513051051051052 	 0.06732948977040151 	 214628.14949593256
0.011563099099099099 	 0.06703822691720686 	 210936.34335235905
0.011613147147147148 	 0.06674923462840542 	 207323.5743478497
0.011663195195195196 	 0.06646272527967734 	 203787.82143038994
0.011713243243243243 	 0.06617867826920756 	 200327.1228382143
0.011763291291291292 	 0.06589704551559221 	 196939.57477239837
0.01181333933933934 	 0.06561778526767596 	 193623.32955392628
0.011863387387387387 	 0.06534088124903033 	 190376.5938006106
0.011913435435435436 	 0.06506630376427244 	 187197.62649220397
0.011963483483483485 	 0.06479402361493013 	 184084.73727245035
0.012013531531531531 	 0.06452401208909142 	 181036.28477111796
0.01206357957957958 	 0.06425625484289064 	 178050.67502934477
0.012113627627627629 	 0.06399077696717735 	 175126.36001429363
0.012163675675675676 	 0.06372748373528943 	 172261.83565446365
0.012213723723723724 	 0.06346634829125038 	 169455.64095186774
0.012263771771771773 	 0.06320734421747708 	 166706.35638919592
0.01231381981981982 	 0.06295044552587091 	 164012.6025892926
0.012363867867867868 	 0.06269562664912501 	 161373.0390231732
0.012413915915915917 	 0.06244286243224201 	 158786.36276463684
0.012463963963963964 	 0.062192128124256056 	 156251.30728961478
0.012514012012012013 	 0.06194339937015342 	 153766.64131847466
0.012564060060060061 	 0.06169665220298634 	 151331.16769958253
0.012614108108108108 	 0.061451863036174455 	 148943.722332493
0.012664156156156157 	 0.06120900865598889 	 146603.17312921165
0.012714204204204205 	 0.06096806621421378 	 144308.41901204022
0.012764252252252252 	 0.0607290132209805 	 142058.38894657814
0.012814300300300301 	 0.06049182753776977 	 139852.04100851528
0.01286434834834835 	 0.060256487370577136 	 137688.3614829099
0.012914396396396396 	 0.060022971263237364 	 135566.36399469868
0.012964444444444445 	 0.059791258090903444 	 133485.08866924146
0.013014492492492494 	 0.05956132705367607 	 131443.6013217518
0.01306454054054054 	 0.05933315767037952 	 129440.99267451341
0.01311458858858859 	 0.05910672977248011 	 127476.37760082739
0.013164636636636638 	 0.05888202349814334 	 125548.89439468135
0.013214684684684685 	 0.058659019286426 	 123657.70406517017
0.013264732732732733 	 0.0584376978715999 	 121801.9896547404
0.013314780780780782 	 0.05821804027760355 	 119980.95558036915
0.013364828828828829 	 0.05800002781261847 	 118193.82699682083
0.013414876876876878 	 0.05778364206376694 	 116439.84918116512
0.013464924924924926 	 0.05756886489192802 	 114718.28693776896
0.013514972972972973 	 0.05735567842666875 	 113028.42402300921
0.013565021021021022 	 0.057144065061287455 	 111369.56258898173
0.01361506906906907 	 0.056934007447966534 	 109741.0226455136
0.013665117117117117 	 0.056725488493031676 	 108142.14153981068
0.013715165165165166 	 0.05651849135231484 	 106572.27345310056
0.013765213213213215 	 0.0563129994266185 	 105030.78891365776
0.013815261261261261 	 0.056108996357278375 	 103517.07432561918
0.01386530930930931 	 0.05590646602182229 	 102030.5315130235
0.013915357357357359 	 0.05570539252972275 	 100570.57727853063
0.013965405405405406 	 0.05550576021824085 	 99136.64297629739
0.014015453453453454 	 0.05530755364835913 	 97728.17409850615
0.014065501501501503 	 0.05511075760080138 	 96344.62987506404
0.01411554954954955 	 0.05491535707213708 	 94985.48288600832
0.014165597597597598 	 0.054721337270968354 	 93650.21868616994
0.014215645645645647 	 0.05452868361419759 	 92338.33544166836
0.014265693693693694 	 0.05433738172337356 	 91049.34357782245
0.014315741741741743 	 0.054147417421114105 	 89782.76543808157
0.014365789789789791 	 0.05395877672760377 	 88538.13495359544
0.014415837837837838 	 0.05377144585716426 	 87314.99732305396
0.014465885885885887 	 0.05358541121489613 	 86112.90870244449
0.014515933933933935 	 0.053400659393389956 	 84931.43590438658
0.014565981981981982 	 0.0532171771695053 	 83770.15610671596
0.014616030030030031 	 0.05303495150121585 	 82628.65657000309
0.01466607807807808 	 0.05285396952451915 	 81506.5343637036
0.014716126126126126 	 0.0526742185504094 	 80403.39610064728
0.014766174174174175 	 0.052495686061911795 	 79318.85767958533
0.014816222222222224 	 0.05231835971117704 	 78252.5440355252
0.01486627027027027 	 0.052142227316634454 	 77204.08889759122
0.01491631831831832 	 0.05196727686020242 	 76173.13455416051
0.014966366366366368 	 0.051793496484554905 	 75159.33162503253
0.015016414414414415 	 0.05162087449044244 	 74162.33884039747
0.015066462462462463 	 0.0514493993340667 	 73181.8228263805
0.015116510510510512 	 0.05127905962450713 	 72217.45789694435
0.015166558558558559 	 0.05110984412119852 	 71268.92585194128
0.015216606606606608 	 0.050941741731458386 	 70335.91578111361
0.015266654654654656 	 0.050774741508063014 	 69418.12387384889
0.015316702702702703 	 0.05060883264687096 	 68515.25323450213
0.015366750750750752 	 0.050444004484493 	 67627.01370310456
0.0154167987987988 	 0.050280246496007576 	 66753.12168128598
0.015466846846846847 	 0.05011754829272041 	 65893.29996324124
0.015516894894894896 	 0.049955899619967596 	 65047.27757158024
0.015566942942942944 	 0.049795290354961136 	 64214.78959790487
0.015616990990990991 	 0.04963571050467569 	 63395.57704796134
0.015667039039039037 	 0.04947715020377602 	 62589.38669122365
0.015717087087087085 	 0.04931959971258395 	 61795.97091476694
0.015767135135135134 	 0.04916304941508409 	 61015.08758129593
0.015817183183183182 	 0.04900748981696736 	 60246.499891196174
0.01586723123123123 	 0.04885291154371158 	 59489.97624848399
0.01591727927927928 	 0.0486993053386983 	 58745.290130531015
0.015967327327327325 	 0.048546662061364945 	 58012.2199614468
0.016017375375375374 	 0.048394972685391724 	 57290.54898900533
0.016067423423423422 	 0.04824422829692234 	 56580.06516500583
0.01611747147147147 	 0.048094420092817926 	 55880.56102896134
0.01616751951951952 	 0.04794553937894328 	 55191.833595012584
0.016217567567567568 	 0.04779757756848499 	 54513.6842419685
0.016267615615615613 	 0.04765052618030051 	 53845.918606377214
0.016317663663663662 	 0.04750437683729763 	 53188.34647853496
0.01636771171171171 	 0.047359121264843686 	 52540.781701343934
0.01641775975975976 	 0.04721475128920391 	 51903.04207193218
0.016467807807807808 	 0.04707125883600815 	 51274.94924595211
0.016517855855855856 	 0.04692863592874555 	 50656.328644476984
0.0165679039039039 	 0.04678687468728653 	 50047.00936341708
0.01661795195195195 	 0.04664596732643137 	 49446.82408537983
0.016668 	 0.04650590615448507 	 48855.60899390176
0.016718048048048047 	 0.0463666835718577 	 48273.20368997999
0.016768096096096096 	 0.04622829206968989 	 47699.45111083663
0.016818144144144145 	 0.04609072422850281 	 47134.197450848565
0.01686819219219219 	 0.04595397271687223 	 46577.292084579785
0.01691824024024024 	 0.04581803029012608 	 46028.5874918533
0.016968288288288287 	 0.04568288978906506 	 45487.93918480371
0.017018336336336336 	 0.04554854413870585 	 44955.205636851715
0.017068384384384384 	 0.045414986347046424 	 44430.248213544706
0.017118432432432433 	 0.045282209503852984 	 43912.93110520942
0.017168480480480478 	 0.045150206779468204 	 43403.1212613635
0.017218528528528527 	 0.04501897142364008 	 42900.688326835334
0.017268576576576575 	 0.04488849676437139 	 42405.504579543274
0.017318624624624624 	 0.04475877620678891 	 41917.4448698857
0.017368672672672673 	 0.04462980323203225 	 41436.38656169622
0.01741872072072072 	 0.04450157139616186 	 40962.20947471938
0.017468768768768766 	 0.04437407432908576 	 40494.795828562834
0.017518816816816815 	 0.044247305733504695 	 40034.0301880847
0.017568864864864864 	 0.04412125938387537 	 39579.79941017517
0.017618912912912912 	 0.04399592912539125 	 39131.992591892515
0.01766896096096096 	 0.043871308872980755 	 38690.50101991599
0.01771900900900901 	 0.04374739261032242 	 38255.218121277976
0.017769057057057055 	 0.0436241743888767 	 37826.03941533998
0.017819105105105103 	 0.04350164832693403 	 37402.86246697712
0.017869153153153152 	 0.04337980860867903 	 36985.586840938326
0.0179192012012012 	 0.043258649483270205 	 36574.11405734828
0.01796924924924925 	 0.04313816526393517 	 36168.34754832063
0.018019297297297298 	 0.043018350327080894 	 35768.19261565106
0.018069345345345343 	 0.04289919911141873 	 35373.556389560596
0.018119393393393392 	 0.04278070611710393 	 34984.34778846016
0.01816944144144144 	 0.04266286590488943 	 34600.4774797087
0.01821948948948949 	 0.042545673095293585 	 34221.8578413374
0.018269537537537538 	 0.04242912236778147 	 33848.40292471349
0.018319585585585586 	 0.04231320845995978 	 33480.02841811863
0.01836963363363363 	 0.042197926166784715 	 33116.651611216395
0.01841968168168168 	 0.04208327033978291 	 32758.191360385343
0.01846972972972973 	 0.04196923588628497 	 32404.568054894058
0.018519777777777777 	 0.04185581776867142 	 32055.70358389545
0.018569825825825826 	 0.041743011003630925 	 31711.521304218455
0.018619873873873875 	 0.041630810661430366 	 31371.946008935785
0.01866992192192192 	 0.04151921186519673 	 31036.903896686883
0.01871996996996997 	 0.04140820979021051 	 30706.32254173609
0.018770018018018017 	 0.04129779966321038 	 30380.130864746516
0.018820066066066066 	 0.041187976761709 	 30058.259104250512
0.018870114114114114 	 0.04107873641331968 	 29740.638788798515
0.018920162162162163 	 0.04097007399509377 	 29427.202709768306
0.018970210210210208 	 0.040861984932868474 	 29117.884894817293
0.019020258258258257 	 0.04075446470062499 	 28812.620581960906
0.019070306306306305 	 0.04064750881985684 	 28511.346194261165
0.019120354354354354 	 0.04054111285894797 	 28213.99931510889
0.019170402402402403 	 0.04043527243256069 	 27920.518664084415
0.01922045045045045 	 0.04032998320103317 	 27630.844073382024
0.019270498498498496 	 0.040225240869786294 	 27344.916464783044
0.019320546546546545 	 0.040121041188739735 	 27062.67782716386
0.019370594594594594 	 0.04001737995173712 	 26784.071194524848
0.019420642642642642 	 0.03991425299598006 	 26509.040624526973
0.01947069069069069 	 0.03981165620147087 	 26237.531177522887
0.019520738738738736 	 0.039709585490463946 	 25969.488896070194
0.019570786786786785 	 0.039608036826925465 	 25704.8607849142
0.019620834834834833 	 0.03950700621600143 	 25443.594791428688
0.019670882882882882 	 0.03940648970349383 	 25185.63978650263
0.01972093093093093 	 0.03930648337534467 	 24930.945545861916
0.01977097897897898 	 0.03920698335712804 	 24679.462731815023
0.019821027027027024 	 0.03910798581354965 	 24431.142875411784
0.019871075075075073 	 0.03900948694795411 	 24185.938359005264
0.01992112312312312 	 0.0389114830018395 	 23943.802399206295
0.01997117117117117 	 0.038813970254379396 	 23704.68903022101
0.02002121921921922 	 0.038716945021951894 	 23468.553087561977
0.020071267267267268 	 0.03862040365767579 	 23235.350192123293
0.020121315315315313 	 0.038524342550953654 	 23005.036734611087
0.02017136336336336 	 0.03842875812702168 	 22777.56986032014
0.02022141141141141 	 0.03833364684650629 	 22552.907454248616
0.02027145945945946 	 0.03823900520498719 	 22331.008126542096
0.020321507507507507 	 0.03814482973256707 	 22111.83119825919
0.020371555555555556 	 0.03805111699344737 	 21895.336687450632
0.0204216036036036 	 0.0379578635855106 	 21681.485295544426
0.02047165165165165 	 0.03786506613990852 	 21470.238394029253
0.0205216996996997 	 0.03777272132065652 	 21261.558011429323
0.020571747747747747 	 0.037680825824233814 	 21055.40682056321
0.020621795795795796 	 0.03758937637918956 	 20851.74812608008
0.020671843843843844 	 0.03749836974575459 	 20650.545852266427
0.02072189189189189 	 0.03740780271545881 	 20451.764531116954
0.020771939939939938 	 0.037317672110754166 	 20255.36929066314
0.020821987987987987 	 0.03722797478464305 	 20061.32584355352
0.020872036036036035 	 0.03713870762031195 	 19869.6004758793
0.020922084084084084 	 0.0370498675307705 	 19680.160036239908
0.020972132132132133 	 0.03696145145849558 	 19492.971925042366
0.021022180180180178 	 0.03687345637508057 	 19308.00408402923
0.021072228228228226 	 0.036785879280889576 	 19125.22498602956
0.021122276276276275 	 0.03669871720471659 	 18944.60362492765
0.021172324324324324 	 0.036611967203449454 	 18766.109505844448
0.021222372372372372 	 0.036525626361738596 	 18589.712635526554
0.02127242042042042 	 0.03643969179167046 	 18415.383512938133
0.021322468468468466 	 0.036354160632445516 	 18243.093120050766
0.021372516516516515 	 0.03626903005006075 	 18072.812912826736
0.021422564564564563 	 0.03618429723699671 	 17904.5148123913
0.021472612612612612 	 0.03609995941190884 	 17738.171196389438
0.02152266066066066 	 0.03601601381932315 	 17573.754890522887
0.02157270870870871 	 0.03593245772933613 	 17411.23916026325
0.021622756756756754 	 0.03584928843731881 	 17250.59770273712
0.021672804804804803 	 0.03576650326362494 	 17091.80463877927
0.02172285285285285 	 0.03568409955330318 	 16934.834505150124
0.0217729009009009 	 0.035602074675813326 	 16779.662246913595
0.02182294894894895 	 0.03552042602474635 	 16626.26320997176
0.021872996996996998 	 0.035439151017548305 	 16474.61313375265
0.021923045045045043 	 0.0353582470952481 	 16324.688144047928
0.02197309309309309 	 0.03527771172218886 	 16176.464745996678
0.02202314114114114 	 0.03519754238576304 	 16029.919817212389
0.02207318918918919 	 0.035117736596151146 	 15885.030601049642
0.022123237237237237 	 0.035038291886063944 	 15741.77470000738
0.022173285285285286 	 0.03495920581048817 	 15600.130069265795
0.02222333333333333 	 0.03488047594643576 	 15460.075010353743
0.02227338138138138 	 0.03480209989269632 	 15321.588164943805
0.02232342942942943 	 0.0347240752695931 	 15184.648508772108
0.022373477477477477 	 0.034646399718742046 	 15049.235345680152
0.022423525525525526 	 0.03456907090281426 	 14915.328301775924
0.022473573573573574 	 0.034492086505301486 	 14782.907319711645
0.02252362162162162 	 0.034415444230284864 	 14651.952653075585
0.022573669669669668 	 0.0343391418022066 	 14522.444860895373
0.022623717717717717 	 0.03426317696564486 	 14394.364802250433
0.022673765765765765 	 0.03418754748509141 	 14267.69363099103
0.022723813813813814 	 0.03411225114473244 	 14142.412790561722
0.022773861861861863 	 0.034037285748232095 	 14018.504008926831
0.022823909909909908 	 0.03396264911851893 	 13895.949293595657
0.022873957957957956 	 0.03388833909757517 	 13774.730926745462
0.022924006006006005 	 0.0338143535462287 	 13654.831460439893
0.022974054054054054 	 0.03374069034394784 	 13536.233711940853
0.023024102102102102 	 0.03366734738863866 	 13418.920759111767
0.02307415015015015 	 0.03359432259644514 	 13302.875935910377
0.023124198198198196 	 0.033521613901551686 	 13188.082827968936
0.023174246246246245 	 0.03344921925598842 	 13074.525268260111
0.023224294294294293 	 0.03337713662943882 	 12962.187332846606
0.023274342342342342 	 0.03330536400905 	 12851.053336712886
0.02332439039039039 	 0.03323389939924526 	 12741.107829676992
0.02337443843843844 	 0.033162740821539194 	 12632.33559238101
0.023424486486486484 	 0.033091886314355064 	 12524.721632358312
0.023474534534534533 	 0.033021333932844586 	 12418.251180176054
0.02352458258258258 	 0.03295108174870996 	 12312.909685651324
0.02357463063063063 	 0.03288112785002822 	 12208.682814139285
0.02362467867867868 	 0.03281147034107774 	 12105.556442891924
0.023674726726726728 	 0.03274210734216703 	 12003.51665748585
0.023724774774774773 	 0.03267303698946562 	 11902.549748317646
0.02377482282282282 	 0.03260425743483716 	 11802.6422071655
0.02382487087087087 	 0.03253576684567452 	 11703.780723815551
0.02387491891891892 	 0.03246756340473709 	 11605.952182751756
0.023924966966966967 	 0.03239964530999001 	 11509.143659907833
0.023975015015015016 	 0.03233201077444546 	 11413.34241947999
0.02402506306306306 	 0.03226465802600597 	 11318.535910799414
0.02407511111111111 	 0.032197585307309595 	 11224.711765262799
0.024125159159159158 	 0.03213079087557713 	 11131.857793320307
0.024175207207207207 	 0.032064273002461105 	 11039.961981519242
0.024225255255255256 	 0.03199802997389674 	 10949.012489602635
0.024275303303303304 	 0.03193206008995471 	 10858.997647661503
0.02432535135135135 	 0.03186636166469574 	 10769.905953339648
0.024375399399399398 	 0.03180093302602693 	 10681.726069089878
0.024425447447447447 	 0.03173577251555998 	 10594.446819480854
0.024475495495495495 	 0.03167087848847099 	 10508.057188553164
0.024525543543543544 	 0.03160624931336218 	 10422.54631722394
0.024575591591591592 	 0.031541883372124976 	 10337.903500738741
0.024625639639639638 	 0.031477779059805186 	 10254.118186170126
0.024675687687687686 	 0.031413934784469466 	 10171.179969961524
0.024725735735735735 	 0.03135034896707358 	 10089.078595515874
0.024775783783783784 	 0.03128702004133223 	 10007.803950827873
0.024825831831831832 	 0.031223946453590397 	 9927.346066159105
0.02487587987987988 	 0.031161126662696374 	 9847.69511175514
0.024925927927927926 	 0.031098559139876147 	 9768.841395603717
0.024975975975975975 	 0.031036242368609447 	 9690.775361233287
0.025026024024024023 	 0.03097417484450718 	 9613.487585551036
0.025076072072072072 	 0.03091235507519039 	 9536.96877671962
0.02512612012012012 	 0.03085078158017066 	 9461.209772071888
0.02517616816816817 	 0.03078945289073187 	 9386.201536062745
0.025226216216216214 	 0.03072836754981349 	 9311.935158257522
0.025276264264264263 	 0.030667524111895116 	 9238.401851356051
0.02532631231231231 	 0.030606921142882507 	 9165.592949251833
0.02537636036036036 	 0.03054655721999486 	 9093.49990512549
0.02542640840840841 	 0.030486430931653517 	 9022.114289571928
0.025476456456456457 	 0.03042654087737188 	 8951.427788760524
0.025526504504504503 	 0.03036688566764672 	 8881.432202627653
0.02557655255255255 	 0.030307463923850666 	 8812.119443100944
0.0256266006006006 	 0.03024827427812607 	 8743.48153235474
0.02567664864864865 	 0.03018931537327998 	 8675.510601095946
0.025726696696696697 	 0.030130585862680442 	 8608.198886879904
0.025776744744744742 	 0.030072084410153993 	 8541.538732455576
0.02582679279279279 	 0.03001380968988426 	 8475.52258413947
0.02587684084084084 	 0.029955760386311873 	 8410.14299021785
0.025926888888888888 	 0.02989793519403543 	 8345.39259937659
0.025976936936936937 	 0.02984033281771365 	 8281.264159158161
0.026026984984984985 	 0.029782951971968653 	 8217.7505144453
0.02607703303303303 	 0.02972579138129036 	 8154.844605970724
0.02612708108108108 	 0.029668849779941924 	 8092.539468852497
0.026177129129129128 	 0.02961212591186639 	 8030.82823115456
0.026227177177177177 	 0.02955561853059428 	 7969.704112471854
0.026277225225225225 	 0.029499326399152297 	 7909.160422539666
0.026327273273273274 	 0.029443248289973075 	 7849.19055986667
0.02637732132132132 	 0.029387382984805945 	 7789.788010391275
0.026427369369369368 	 0.0293317292746287 	 7730.946346160781
0.026477417417417416 	 0.029276285959560385 	 7672.659224032978
0.026527465465465465 	 0.029221051848775097 	 7614.920384399691
0.026577513513513513 	 0.029166025760416665 	 7557.723649931912
0.026627561561561562 	 0.029111206521514405 	 7501.0629243461
0.026677609609609607 	 0.029056592967899742 	 7444.932191191263
0.026727657657657656 	 0.02900218394412383 	 7389.3255126564045
0.026777705705705705 	 0.02894797830337603 	 7334.237028397981
0.026827753753753753 	 0.028893974907403353 	 7279.660954387
0.026877801801801802 	 0.028840172626430814 	 7225.591581775381
0.02692784984984985 	 0.02878657033908259 	 7172.023275781205
0.026977897897897896 	 0.02873316693230414 	 7118.95047459256
0.027027945945945944 	 0.02867996130128517 	 7066.367688289575
0.027077993993993993 	 0.028626952349383446 	 7014.269497784366
0.02712804204204204 	 0.028574138988049416 	 6962.650553778487
0.02717809009009009 	 0.02852152013675173 	 6911.505575737666
0.02722813813813814 	 0.028469094722903546 	 6860.829350883418
0.027278186186186184 	 0.028416861681789623 	 6810.616733201266
0.027328234234234233 	 0.028364819956494276 	 6760.862642465289
0.02737828228228228 	 0.028312968497830063 	 6711.56206327865
0.02742833033033033 	 0.028261306264267295 	 6662.710044129851
0.02747837837837838 	 0.02820983222186428 	 6614.301696464396
0.027528426426426427 	 0.028158545344198368 	 6566.3321937716255
0.027578474474474472 	 0.0281074446122977 	 6518.796770686426
0.02762852252252252 	 0.02805652901457374 	 6471.69072210551
0.02767857057057057 	 0.028005797546754523 	 6425.009402318084
0.027728618618618618 	 0.027955249211818616 	 6378.748224150575
0.027778666666666667 	 0.02790488301992982 	 6332.902658125184
0.027828714714714715 	 0.027854697988372538 	 6287.468231632038
0.02787876276276276 	 0.027804693141487872 	 6242.440528114661
0.02792881081081081 	 0.027754867510610393 	 6197.815186268583
0.027978858858858858 	 0.027705220134005594 	 6153.587899252758
0.028028906906906906 	 0.027655750056808013 	 6109.754413913687
0.028078954954954955 	 0.027606456330960014 	 6066.3105300219
0.028129003003003004 	 0.027557338015151207 	 6023.252099520656
0.02817905105105105 	 0.027508394174758578 	 5980.575025786642
0.028229099099099098 	 0.02745962388178713 	 5938.27526290236
0.028279147147147146 	 0.02741102621481132 	 5896.348814940185
0.028329195195195195 	 0.02736260025891696 	 5854.791735257667
0.028379243243243243 	 0.027314345105643845 	 5813.600125804081
0.028429291291291292 	 0.02726625985292891 	 5772.770136437852
0.028479339339339337 	 0.02721834360505005 	 5732.297964254816
0.028529387387387386 	 0.027170595472570485 	 5692.1798529270145
0.028579435435435434 	 0.027123014572283725 	 5652.412092051896
0.028629483483483483 	 0.027075600027159127 	 5612.991016511752
0.028679531531531532 	 0.02702835096628799 	 5573.913005843144
0.02872957957957958 	 0.026981266524830246 	 5535.174483616219
0.028779627627627626 	 0.02693434584396169 	 5496.771916823725
0.028829675675675674 	 0.026887588070821748 	 5458.7018152795035
0.028879723723723723 	 0.026840992358461827 	 5420.960731026391
0.02892977177177177 	 0.026794557865794162 	 5383.545257753284
0.02897981981981982 	 0.026748283757541205 	 5346.452030221243
0.02902986786786787 	 0.026702169204185555 	 5309.677723698495
0.029079915915915914 	 0.02665621338192038 	 5273.2190534041465
0.029129963963963963 	 0.026610415472600346 	 5237.072773960474
0.02918001201201201 	 0.026564774663693107 	 5201.235678853681
0.02923006006006006 	 0.026519290148231206 	 5165.704599902899
0.02928010810810811 	 0.026473961124764543 	 5130.476406737361
0.029330156156156157 	 0.026428786797313298 	 5095.548006281584
0.029380204204204202 	 0.02638376637532133 	 5060.916342248418
0.02943025225225225 	 0.026338899073610058 	 5026.578394639819
0.0294803003003003 	 0.02629418411233284 	 4992.531179255279
0.029530348348348348 	 0.026249620716929756 	 4958.771747207667
0.029580396396396397 	 0.026205208118082905 	 4925.297184446489
0.029630444444444445 	 0.026160945551672133 	 4892.104611288323
0.02968049249249249 	 0.026116832258731203 	 4859.191181954409
0.02973054054054054 	 0.02607286748540441 	 4826.554084115173
0.029780588588588588 	 0.026029050482903666 	 4794.190538441696
0.029830636636636636 	 0.025985380507465947 	 4762.0977981638525
0.029880684684684685 	 0.025941856820311245 	 4730.273148635172
0.029930732732732734 	 0.025898478687600895 	 4698.713906904182
0.02998078078078078 	 0.025855245380396324 	 4667.417421292188
0.030030828828828827 	 0.02581215617461823 	 4636.381070977377
0.030080876876876876 	 0.025769210351006152 	 4605.602265585137
0.030130924924924925 	 0.025726407195078453 	 4575.078444784463
0.030180972972972973 	 0.025683745997092684 	 4544.807077890392
0.030231021021021022 	 0.025641226052006395 	 4514.785663472359
0.030281069069069067 	 0.025598846659438235 	 4485.0117289683185
0.030331117117117116 	 0.025556607123629543 	 4455.48283030462
0.030381165165165164 	 0.025514506753406246 	 4426.196551521505
0.030431213213213213 	 0.02547254486214118 	 4397.150504404115
0.03048126126126126 	 0.025430720767716762 	 4368.3423281189525
0.03053130930930931 	 0.025389033792487987 	 4339.76968885568
0.030581357357357355 	 0.02534748326324589 	 4311.430279474206
0.030631405405405404 	 0.02530606851118126 	 4283.321819156905
0.030681453453453453 	 0.02526478887184878 	 4255.442053065985
0.0307315015015015 	 0.025223643685131487 	 4227.78875200582
0.03078154954954955 	 0.025182632295205575 	 4200.359712090235
0.0308315975975976 	 0.025141754050505567 	 4173.152754414627
0.030881645645645644 	 0.0251010083036898 	 4146.165724732881
0.030931693693693692 	 0.02506039441160623 	 4119.396493138925
0.03098174174174174 	 0.02501991173525866 	 4092.8429537529864
0.03103178978978979 	 0.024979559639773136 	 4066.5030244123086
0.03108183783783784 	 0.024939337494364847 	 4040.3746463663965
0.031131885885885887 	 0.024899244672305188 	 4014.4557839766253
0.031181933933933932 	 0.02485928055088925 	 3988.744424420206
0.03123198198198198 	 0.024819444511403548 	 3963.238577398382
0.031282030030030036 	 0.02477973593909413 	 3937.936274848841
0.03133207807807808 	 0.02474015422313495 	 3912.8355706622588
0.03138212612612613 	 0.02470069875659647 	 3887.9345404028313
0.031432174174174175 	 0.024661368936414758 	 3863.2312810329217
0.031482222222222224 	 0.02462216416336068 	 3838.7239106415286
0.03153227027027027 	 0.02458308384200948 	 3814.410568176679
0.03158231831831832 	 0.02454412738071068 	 3790.2894131816292
0.03163236636636637 	 0.02450529419155815 	 3766.358625534774
0.03168241441441442 	 0.02446658369036059 	 3742.6164051932965
0.03173246246246247 	 0.024427995296612225 	 3719.060971940413
0.031782510510510516 	 0.024389528433463765 	 3695.6905651362013
0.031832558558558564 	 0.02435118252769368 	 3672.5034434719482
0.03188260660660661 	 0.02431295700967972 	 3649.4978847279594
0.031932654654654655 	 0.02427485131337072 	 3626.672185534779
0.0319827027027027 	 0.024236864876258632 	 3604.0246611377493
0.03203275075075075 	 0.024198997139350878 	 3581.5536451649014
0.0320827987987988 	 0.024161247547142915 	 3559.2574893980736
0.03213284684684685 	 0.024123615547591067 	 3537.134563547238
0.0321828948948949 	 0.024086100592085616 	 3515.1832550279764
0.032232942942942946 	 0.02404870213542416 	 3493.4019687420714
0.032282990990990995 	 0.024011419635785177 	 3471.7891268611247
0.032333039039039044 	 0.02397425255470187 	 3450.3431686132135
0.03238308708708709 	 0.023937200357036253 	 3429.0625500724877
0.03243313513513514 	 0.023900262510953438 	 3407.94574395168
0.03248318318318318 	 0.023863438487896228 	 3386.991239397516
0.03253323123123123 	 0.023826727762559875 	 3366.1975417889003
0.03258327927927928 	 0.023790129812867107 	 3345.563172537938
0.03263332732732733 	 0.023753644119943403 	 3325.0866688936617
0.03268337537537538 	 0.02371727016809243 	 3304.7665837484715
0.032733423423423426 	 0.023681007444771782 	 3284.6014854472264
0.032783471471471475 	 0.023644855440568886 	 3264.5899575989606
0.03283351951951952 	 0.02360881364917716 	 3244.7305988911694
0.03288356756756757 	 0.02357288156737236 	 3225.0220229066326
0.03293361561561562 	 0.023537058694989184 	 3205.462857942748
0.03298366366366367 	 0.02350134453489804 	 3186.051746833307
0.03303371171171172 	 0.023465738592982063 	 3166.787346772725
0.03308375975975976 	 0.02343024037811433 	 3147.668329142627
0.03313380780780781 	 0.02339484940213526 	 3128.6933793407975
0.03318385585585586 	 0.023359565179830268 	 3109.8611966124636
0.033233903903903905 	 0.023324387228907555 	 3091.1704938838343
0.033283951951951954 	 0.02328931506997616 	 3072.6199975979002
0.033334 	 0.023254348226524182 	 3054.2084475524503
0.03338404804804805 	 0.023219486224897175 	 3035.9345967402537
0.0334340960960961 	 0.02318472859427679 	 3017.7972111914123
0.03348414414414415 	 0.023150074866659553 	 2999.7950698178065
0.0335341921921922 	 0.0231155245768359 	 2981.926964259649
0.033584240240240246 	 0.0230810772623693 	 2964.191698734061
0.033634288288288294 	 0.023046732463575678 	 2946.5880898857126
0.033684336336336336 	 0.02301248972350296 	 2929.1149666394185
0.033734384384384385 	 0.022978348587910744 	 2911.7711700547065
0.03378443243243243 	 0.022944308605250312 	 2894.55555318235
0.03383448048048048 	 0.02291036932664465 	 2877.4669809227626
0.03388452852852853 	 0.02287653030586875 	 2860.5043298862984
0.03393457657657658 	 0.022842791099330042 	 2843.6664882553996
0.03398462462462463 	 0.02280915126604901 	 2826.9523556485515
0.034034672672672676 	 0.022775610367639986 	 2810.3608429860587
0.034084720720720725 	 0.02274216796829211 	 2793.890872357569
0.034134768768768774 	 0.022708823634750432 	 2777.541376891352
0.03418481681681682 	 0.022675576936297227 	 2761.3113006252975
0.03423486486486487 	 0.02264242744473345 	 2745.199598379608
0.03428491291291291 	 0.022609374734360324 	 2729.2052356311438
0.03433496096096096 	 0.02257641838196114 	 2713.3271883894395
0.03438500900900901 	 0.0225435579667832 	 2697.564443074324
0.03443505705705706 	 0.02251079307051989 	 2681.9159963951365
0.03448510510510511 	 0.02247812327729295 	 2666.38085523153
0.034535153153153156 	 0.022445548173634866 	 2650.9580365158126
0.034585201201201204 	 0.02241306734847142 	 2635.646567116819
0.03463524924924925 	 0.022380680393104414 	 2620.4454837252997
0.0346852972972973 	 0.022348386901194534 	 2605.3538327407928
0.03473534534534535 	 0.02231618646874433 	 2590.3706701599413
0.0347853933933934 	 0.02228407869408138 	 2575.4950614662775
0.03483544144144145 	 0.02225206317784162 	 2560.7260815214213
0.03488548948948949 	 0.022220139522952723 	 2546.062814457671
0.03493553753753754 	 0.02218830733461773 	 2531.5043535719874
0.03498558558558559 	 0.02215656622029877 	 2517.049801221335
0.035035633633633635 	 0.022124915789700914 	 2502.698268719374
0.035085681681681684 	 0.022093355654756175 	 2488.448876234453
0.03513572972972973 	 0.022061885429607665 	 2474.300752688941
0.03518577777777778 	 0.022030504730593845 	 2460.2530356598104
0.03523582582582583 	 0.02199921317623296 	 2446.304871280512
0.03528587387387388 	 0.02196801038720756 	 2432.455414144097
0.03533592192192193 	 0.02193689598634918 	 2418.703827207552
0.035385969969969976 	 0.021905869598623152 	 2405.049281697382
0.035436018018018024 	 0.021874930851113524 	 2391.490957016356
0.035486066066066066 	 0.02184407937300812 	 2378.028040651462
0.035536114114114115 	 0.02181331479558373 	 2364.659728083009
0.03558616216216216 	 0.021782636752191414 	 2351.3852226948825
0.03563621021021021 	 0.02175204487824197 	 2338.203735685941
0.03568625825825826 	 0.02172153881119142 	 2325.1144859825063
0.03573630630630631 	 0.021691118190526763 	 2312.1167001519784
0.03578635435435436 	 0.02166078265775174 	 2299.2096123175224
0.035836402402402406 	 0.021630531856372724 	 2286.392464073822
0.035886450450450455 	 0.021600365431884812 	 2273.664504403905
0.035936498498498504 	 0.02157028303175795 	 2261.024989596992
0.03598654654654655 	 0.021540284305423173 	 2248.473183167375
0.0360365945945946 	 0.02151036890425904 	 2236.008355774318
0.03608664264264264 	 0.0214805364815781 	 2223.629785142947
0.03613669069069069 	 0.021450786692613476 	 2211.336755986112
0.03618673873873874 	 0.02142111919450564 	 2199.1285599272505
0.03623678678678679 	 0.02139153364628919 	 2187.004495424177
0.03628683483483484 	 0.021362029708879827 	 2174.963867693841
0.036336882882882886 	 0.021332607045061364 	 2163.005988637988
0.036386930930930934 	 0.021303265319472915 	 2151.1301767697714
0.03643697897897898 	 0.021274004198596114 	 2139.335757141241
0.03648702702702703 	 0.021244823350742514 	 2127.6220612717443
0.03653707507507508 	 0.021215722446041044 	 2115.9884270772022
0.03658712312312313 	 0.02118670115642556 	 2104.4341988002448
0.03663717117117118 	 0.02115775915562254 	 2092.958726941222
0.03668721921921922 	 0.02112889611913885 	 2081.5613681900427
0.03673726726726727 	 0.0211001117242496 	 2070.241485358859
0.036787315315315317 	 0.02107140564998615 	 2058.99844731557
0.036837363363363365 	 0.021042777577124146 	 2047.831628918132
0.036887411411411414 	 0.02101422718817171 	 2036.740410949679
0.03693745945945946 	 0.02098575416735769 	 2025.7241800544198
0.03698750750750751 	 0.020957358200620023 	 2014.78232867433
0.03703755555555556 	 0.020929038975594182 	 2003.9142549865953
0.03708760360360361 	 0.020900796181601736 	 1993.1193628418293
0.03713765165165166 	 0.020872629509638977 	 1982.3970617030275
0.037187699699699706 	 0.020844538652365657 	 1971.7467665852623
0.037237747747747754 	 0.020816523304093792 	 1961.167897996107
0.037287795795795796 	 0.020788583160776607 	 1950.6598818767825
0.037337843843843845 	 0.020760717919997496 	 1940.222149543999
0.03738789189189189 	 0.02073292728095916 	 1929.8541376325168
0.03743793993993994 	 0.020705210944472727 	 1919.5552880383757
0.03748798798798799 	 0.020677568612947065 	 1909.325047862823
0.03753803603603604 	 0.020649999990378105 	 1899.162869356901
0.03758808408408409 	 0.020622504782338274 	 1889.0682098667003
0.037638132132132136 	 0.020595082695966018 	 1879.0405317792722
0.037688180180180185 	 0.020567733439955424 	 1869.079302469182
0.037738228228228234 	 0.020540456724545863 	 1859.1839942456945
0.03778827627627628 	 0.020513252261511798 	 1849.3540843005962
0.03783832432432433 	 0.020486119764152613 	 1839.5890546566347
0.03788837237237237 	 0.02045905894728253 	 1829.8883921165652
0.03793842042042042 	 0.02043206952722064 	 1820.2515882128057
0.03798846846846847 	 0.02040515122178097 	 1810.6781391576865
0.03803851651651652 	 0.020378303750262672 	 1801.167545794291
0.03808856456456457 	 0.02035152683344025 	 1791.7193135478697
0.038138612612612616 	 0.02032482019355387 	 1782.33295237783
0.038188660660660664 	 0.020298183554299777 	 1773.0079767302957
0.03823870870870871 	 0.020271616640820757 	 1763.7439054912165
0.03828875675675676 	 0.02024511917969668 	 1754.5402619400363
0.03833880480480481 	 0.020218690898935125 	 1745.3965737038952
0.03838885285285286 	 0.020192331527962064 	 1736.3123727123757
0.03843890090090091 	 0.020166040797612646 	 1727.287195152776
0.03848894894894895 	 0.020139818440122022 	 1718.3205814259056
0.038538996996997 	 0.020113664189116247 	 1709.412076102391
0.038589045045045046 	 0.020087577779603287 	 1700.561227879505
0.038639093093093095 	 0.020061558947964037 	 1691.767589538477
0.038689141141141144 	 0.020035607431943464 	 1683.0307179023225
0.03873918918918919 	 0.020009722970641793 	 1674.3501737941458
0.03878923723723724 	 0.01998390530450575 	 1665.7255219959247
0.03883928528528529 	 0.019958154175319893 	 1657.1563312077897
0.03888933333333334 	 0.019932469326198025 	 1648.6421740077571
0.03893938138138139 	 0.019906850501574615 	 1640.1826268119291
0.038989429429429436 	 0.019881297447196338 	 1631.7772698351607
0.03903947747747748 	 0.01985580991011368 	 1623.4256870521779
0.039089525525525526 	 0.01983038763867257 	 1615.1274661591299
0.039139573573573574 	 0.01980503038250609 	 1606.8821985356024
0.03918962162162162 	 0.0197797378925263 	 1598.6894792070577
0.03923966966966967 	 0.019754509920916024 	 1590.5489068076965
0.03928971771771772 	 0.019729346221120804 	 1582.460083543764
0.03933976576576577 	 0.01970424654784083 	 1574.422615157254
0.03938981381381382 	 0.019679210657023015 	 1566.4361108900487
0.039439861861861866 	 0.01965423830585302 	 1558.5001834484435
0.039489909909909915 	 0.019629329252747477 	 1550.614448968099
0.039539957957957964 	 0.01960448325734614 	 1542.7785269793767
0.03959000600600601 	 0.019579700080504185 	 1534.9920403730732
0.039640054054054054 	 0.01955497948428454 	 1527.254615366544
0.0396901021021021 	 0.019530321231950233 	 1519.565881470201
0.03974015015015015 	 0.01950572508795688 	 1511.9254714544109
0.0397901981981982 	 0.01948119081794517 	 1504.333021316745
0.03984024624624625 	 0.019456718188733405 	 1496.788170249609
0.0398902942942943 	 0.019432306968310133 	 1489.2905606082395
0.039940342342342346 	 0.01940795692582682 	 1481.8398378790555
0.039990390390390394 	 0.019383667831590526 	 1474.4356506483655
0.04004043843843844 	 0.01935943945705676 	 1467.077650571432
0.04009048648648649 	 0.019335271574822236 	 1459.7654923418772
0.04014053453453454 	 0.019311163958617816 	 1452.4988336614356
0.04019058258258259 	 0.019287116383301415 	 1445.2773352100398
0.04024063063063063 	 0.01926312862485101 	 1438.1006606162455
0.04029067867867868 	 0.019239200460357653 	 1430.9684764279814
0.04034072672672673 	 0.01921533166801862 	 1423.880452083633
0.040390774774774776 	 0.019191522027130502 	 1416.83625988344
0.040440822822822825 	 0.019167771318082442 	 1409.8355749612167
0.040490870870870874 	 0.01914407932234936 	 1402.878075256382
0.04054091891891892 	 0.019120445822485264 	 1395.9634414863071
0.04059096696696697 	 0.01909687060211659 	 1389.0913571189612
0.04064101501501502 	 0.0190733534459356 	 1382.2615083458636
0.04069106306306307 	 0.019049894139693827 	 1375.4735840553356
0.04074111111111112 	 0.019026492470195583 	 1368.7272758060478
0.040791159159159165 	 0.019003148225291467 	 1362.0222778008524
0.04084120720720721 	 0.01897986119387199 	 1355.3582868609153
0.040891255255255256 	 0.018956631165861198 	 1348.735002400123
0.040941303303303304 	 0.018933457932210337 	 1342.1521263997709
0.04099135135135135 	 0.018910341284891614 	 1335.6093633835374
0.0410413993993994 	 0.018887281016891955 	 1329.1064203927244
0.04109144744744745 	 0.018864276922206817 	 1322.6430069617682
0.0411414954954955 	 0.018841328795834073 	 1316.2188350940273
0.04119154354354355 	 0.01881843643376791 	 1309.83361923782
0.041241591591591596 	 0.01879559963299278 	 1303.487076262738
0.041291639639639645 	 0.018772818191477417 	 1297.1789254362084
0.041341687687687693 	 0.01875009190816886 	 1290.9088884003138
0.04139173573573574 	 0.018727420582986543 	 1284.6766891488628
0.041441783783783784 	 0.018704804016816436 	 1278.4820540047128
0.04149183183183183 	 0.01868224201150519 	 1272.324711597332
0.04154187987987988 	 0.01865973436985439 	 1266.204392840613
0.04159192792792793 	 0.01863728089561476 	 1260.120830910917
0.04164197597597598 	 0.018614881393480498 	 1254.0737612253633
0.04169202402402403 	 0.018592535669083605 	 1248.0629214203482
0.041742072072072076 	 0.01857024352898824 	 1242.0880513302925
0.041792120120120124 	 0.018548004780685176 	 1236.1488929666284
0.04184216816816817 	 0.018525819232586227 	 1230.245190496998
0.04189221621621622 	 0.01850368669401876 	 1224.3766902246887
0.04194226426426427 	 0.018481606975220242 	 1218.5431405682777
0.04199231231231232 	 0.01845957988733278 	 1212.7442920415017
0.04204236036036036 	 0.01843760524239779 	 1206.97989723334
0.04209240840840841 	 0.018415682853350594 	 1201.2497107883062
0.04214245645645646 	 0.018393812534015164 	 1195.553489386961
0.042192504504504506 	 0.01837199409909882 	 1189.8909917266185
0.042242552552552555 	 0.018350227364186997 	 1184.2619785022696
0.042292600600600604 	 0.018328512145738066 	 1178.6662123876997
0.04234264864864865 	 0.018306848261078163 	 1173.1034580168146
0.0423926966966967 	 0.018285235528396067 	 1167.573481965158
0.04244274474474475 	 0.018263673766738125 	 1162.0760527316288
0.0424927927927928 	 0.018242162796003186 	 1156.61094072039
0.04254284084084085 	 0.0182207024369376 	 1151.1779182229682
0.042592888888888895 	 0.01819929251113022 	 1145.7767594005452
0.04264293693693694 	 0.018177932841007487 	 1140.4072402664328
0.042692984984984986 	 0.018156623249828495 	 1135.069138668734
0.042743033033033034 	 0.018135363561680124 	 1129.7622342731866
0.04279308108108108 	 0.01811415360147221 	 1124.4863085461866
0.04284312912912913 	 0.01809299319493272 	 1119.24114473799
0.04289317717717718 	 0.018071882168602994 	 1114.02652786609
0.04294322522522523 	 0.018050820349832995 	 1108.842244698769
0.04299327327327328 	 0.01802980756677661 	 1103.6880837388228
0.043043321321321326 	 0.018008843648386976 	 1098.563835207456
0.043093369369369375 	 0.017987928424411825 	 1093.4692910283388
0.04314341741741742 	 0.017967061725388894 	 1088.4042448118414
0.04319346546546547 	 0.017946243382641346 	 1083.368491839422
0.043243513513513514 	 0.01792547322827321 	 1078.361829048184
0.04329356156156156 	 0.01790475109516487 	 1073.384055015587
0.04334360960960961 	 0.01788407681696861 	 1068.4349699443262
0.04339365765765766 	 0.017863450228104125 	 1063.514375647358
0.04344370570570571 	 0.017842871163754128 	 1058.622075533086
0.04349375375375376 	 0.017822339459859945 	 1053.7578745907012
0.043543801801801806 	 0.017801854953117157 	 1048.9215793756687
0.043593849849849854 	 0.017781417480971277 	 1044.1129979953705
0.0436438978978979 	 0.017761026881613445 	 1039.3319400948903
0.04369394594594595 	 0.017740682993976166 	 1034.57821684295
0.043743993993994 	 0.017720385657729053 	 1029.8516409179842
0.04379404204204205 	 0.017700134713274633 	 1025.1520264943647
0.04384409009009009 	 0.01767993000174415 	 1020.4791892287612
0.04389413813813814 	 0.01765977136499341 	 1015.8329462466419
0.04394418618618619 	 0.017639658645598678 	 1011.2131161289192
0.043994234234234236 	 0.017619591686852547 	 1006.6195188987213
0.044044282282282285 	 0.017599570332759884 	 1002.0519760083054
0.044094330330330334 	 0.017579594428033807 	 997.5103103261065
0.04414437837837838 	 0.01755966381809163 	 992.9943461239083
0.04419442642642643 	 0.017539778349050895 	 988.5039090641563
0.04424447447447448 	 0.01751993786772544 	 984.0388261873939
0.04429452252252253 	 0.017500142221621415 	 979.5989258998231
0.04434457057057058 	 0.017480391258933397 	 975.1840379609986
0.044394618618618625 	 0.01746068482854053 	 970.7939934716418
0.04444466666666667 	 0.017441022780002636 	 966.4286248615798
0.044494714714714716 	 0.017421404963556403 	 962.0877658778016
0.044544762762762764 	 0.017401831230111596 	 957.7712515726467
0.04459481081081081 	 0.01738230143124725 	 953.4789182920971
0.04464485885885886 	 0.01736281541920795 	 949.2106036642004
0.04469490690690691 	 0.017343373046900073 	 944.9661465876023
0.04474495495495496 	 0.017323974167888116 	 940.7453872201941
0.04479500300300301 	 0.01730461863639101 	 936.5481669678824
0.044845051051051056 	 0.01728530630727846 	 932.3743284734579
0.044895099099099105 	 0.01726603703606731 	 928.2237156055864
0.04494514714714715 	 0.017246810678917972 	 924.0961734479082
0.044995195195195195 	 0.017227627092630825 	 919.9915482882426
0.045045243243243244 	 0.017208486134642657 	 915.9096876079028
0.04509529129129129 	 0.017189387663023133 	 911.8504400711163
0.04514533933933934 	 0.017170331536471312 	 907.8136555145543
0.04519538738738739 	 0.01715131761431212 	 903.7991849369575
0.04524543543543544 	 0.01713234575649293 	 899.8068804888753
0.04529548348348349 	 0.017113415823580096 	 895.8365954624958
0.045345531531531535 	 0.01709452767675555 	 891.8881842815874
0.045395579579579584 	 0.017075681177813395 	 887.9615024915308
0.04544562762762763 	 0.017056876189156557 	 884.0564067494564
0.04549567567567568 	 0.017038112573793417 	 880.1727548144755
0.04554572372372373 	 0.017019390195334494 	 876.3104055380084
0.04559577177177177 	 0.017000708917989122 	 872.4692188542085
0.04564581981981982 	 0.01698206860656221 	 868.649055770484
0.04569586786786787 	 0.01696346912645092 	 864.849778358102
0.04574591591591592 	 0.016944910343641484 	 861.0712497429015
0.045795963963963966 	 0.016926392124705952 	 857.3133340960824
0.045846012012012015 	 0.016907914336799005 	 853.5758966250934
0.045896060060060064 	 0.016889476847654766 	 849.858803564606
0.04594610810810811 	 0.01687107952558368 	 846.1619221675796
0.04599615615615616 	 0.016852722239469334 	 842.4851206964086
0.04604620420420421 	 0.016834404858765355 	 838.828268414163
0.04609625225225226 	 0.016816127253492345 	 835.1912355759085
0.04614630030030031 	 0.01679788929423477 	 831.5738934201144
0.04619634834834835 	 0.016779690852137912 	 827.9761141601439
0.0462463963963964 	 0.01676153179890486 	 824.3977709758278
0.046296444444444446 	 0.016743412006793454 	 820.8387380051195
0.046346492492492494 	 0.016725331348613336 	 817.2988903358334
0.04639654054054054 	 0.016707289697722928 	 813.7781039974567
0.04644658858858859 	 0.016689286928026518 	 810.2762559530483
0.04649663663663664 	 0.016671322913971286 	 806.7932240912141
0.04654668468468469 	 0.016653397530544407 	 803.3288872181539
0.04659673273273274 	 0.016635510653270145 	 799.8831250497931
0.046646780780780786 	 0.016617662158206974 	 796.4558182039868
0.046696828828828835 	 0.016599851921944703 	 793.0468481927966
0.04674687687687688 	 0.016582079821601654 	 789.6560974148462
0.046796924924924925 	 0.016564345734821823 	 786.2834491477493
0.046846972972972974 	 0.016546649539772057 	 782.9287875406039
0.04689702102102102 	 0.016528991115139294 	 779.5919976065708
0.04694706906906907 	 0.016511370340127778 	 776.2729652155123
0.04699711711711712 	 0.01649378709445629 	 772.9715770867049
0.04704716516516517 	 0.016476241258355444 	 769.6877207816257
0.04709721321321322 	 0.01645873271256492 	 766.4212846967991
0.047147261261261265 	 0.016441261338330817 	 763.1721580567205
0.047197309309309314 	 0.016423827017402932 	 759.940230906844
0.04724735735735736 	 0.01640642963203209 	 756.725394106631
0.04729740540540541 	 0.016389069064967513 	 753.5275393226773
0.04734745345345346 	 0.016371745199454186 	 750.3465590218951
0.0473975015015015 	 0.016354457919230216 	 747.1823464647637
0.04744754954954955 	 0.016337207108524245 	 744.0347956986404
0.0474975975975976 	 0.016319992652052875 	 740.9038015511455
0.04754764564564565 	 0.016302814435018097 	 737.7892596235946
0.047597693693693696 	 0.016285672343104716 	 734.6910662845052
0.047647741741741745 	 0.016268566262477847 	 731.6091186631581
0.04769778978978979 	 0.016251496079780374 	 728.5433146432229
0.04774783783783784 	 0.016234461682130455 	 725.4935528564403
0.04779788588588589 	 0.016217462957119035 	 722.4597326763666
0.04784793393393394 	 0.016200499792807365 	 719.4417542121772
0.04789798198198199 	 0.016183572077724546 	 716.4395183025246
0.04794803003003004 	 0.01616667970086511 	 713.4529265094591
0.04799807807807808 	 0.01614982255168655 	 710.481881112401
0.04804812612612613 	 0.016133000520106952 	 707.5262851021755
0.048098174174174176 	 0.016116213496502572 	 704.5860421750972
0.048148222222222224 	 0.01609946137170546 	 701.6610567271132
0.04819827027027027 	 0.01608274403700111 	 698.7512338480026
0.04824831831831832 	 0.016066061384126085 	 695.8564793156255
0.04829836636636637 	 0.016049413305265686 	 692.9766995902257
0.04834841441441442 	 0.016032799693051644 	 690.1118018087946
0.04839846246246247 	 0.01601622044055979 	 687.2616937794754
0.048448510510510516 	 0.015999675441307783 	 684.4262839760281
0.048498558558558565 	 0.01598316458925281 	 681.6054815323433
0.04854860660660661 	 0.015966687778789335 	 678.7991962370053
0.048598654654654655 	 0.01595024490474685 	 676.0073385279067
0.048648702702702704 	 0.01593383586238761 	 673.2298194869127
0.04869875075075075 	 0.015917460547404436 	 670.4665508345751
0.0487487987987988 	 0.015901118855918512 	 667.7174449248956
0.04879884684684685 	 0.015884810684477158 	 664.9824147401357
0.0488488948948949 	 0.015868535930051667 	 662.261373885674
0.04889894294294295 	 0.01585229449003514 	 659.5542365849138
0.048948990990990995 	 0.01583608626224031 	 656.8609176742341
0.048999039039039044 	 0.015819911144897413 	 654.1813325979907
0.04904908708708709 	 0.015803769036652055 	 651.5153974035568
0.04909913513513514 	 0.0157876598365631 	 648.8630287364192
0.04914918318318319 	 0.01577158344410055 	 646.2241438353069
0.04919923123123123 	 0.01575553975914348 	 643.598660527376
0.04924927927927928 	 0.01573952868197792 	 640.9864972234283
0.04929932732732733 	 0.01572355011329484 	 638.3875729131837
0.04934937537537538 	 0.015707603954188062 	 635.8018071605866
0.049399423423423426 	 0.015691690106152213 	 633.2291200991591
0.049449471471471475 	 0.015675808471080726 	 630.6694324273993
0.04949951951951952 	 0.015659958951263805 	 628.122665404214
0.04954956756756757 	 0.015644141449386428 	 625.5887408444012
0.04959961561561562 	 0.01562835586852634 	 623.0675811141659
0.04964966366366367 	 0.015612602112152109 	 620.5591091266839
0.04969971171171172 	 0.01559688008412111 	 618.0632483376986
0.04974975975975977 	 0.01558118968867761 	 615.5799227411635
0.04979980780780781 	 0.015565530830450806 	 613.1090568649205
0.04984985585585586 	 0.015549903414452887 	 610.6505757664172
0.049899903903903906 	 0.015534307346077128 	 608.2044050284668
0.049949951951951954 	 0.015518742531095973 	 605.7704707550403
0.05 	 0.015503208875659143 	 603.3486995671018
