0.001 	 9.657542539550018e-06 	 0.03613973115423079
0.001012 	 9.98393183973775e-06 	 0.03619213125785621
0.001023 	 1.0328604415340624e-05 	 0.03636490524874526
0.001035 	 1.0671316477842839e-05 	 0.036374206463938574
0.001047 	 1.1021671312910214e-05 	 0.03636480911808007
0.001059 	 1.1390903512544173e-05 	 0.036537654960570355
0.001072 	 1.1771171780537538e-05 	 0.036549610414677206
0.001084 	 1.2175983219988577e-05 	 0.0366762075743318
0.001096 	 1.259783960096383e-05 	 0.03678126773461025
0.001109 	 1.3020774923325926e-05 	 0.03673311689344143
0.001122 	 1.3455608398500686e-05 	 0.036846786576204195
0.001135 	 1.3916217754106193e-05 	 0.036763744909748174
0.001148 	 1.439820813607432e-05 	 0.037007872938974715
0.001161 	 1.4897354279432529e-05 	 0.03705777538403672
0.001175 	 1.53999735099733e-05 	 0.0369628500136604
0.001189 	 1.591123523409101e-05 	 0.03701207594946732
0.001202 	 1.6451251959535964e-05 	 0.03716399318388783
0.001216 	 1.6982433230313448e-05 	 0.03717130896820918
0.00123 	 1.7524612528719752e-05 	 0.03716046467671816
0.001245 	 1.8079195293153405e-05 	 0.03715936006045971
0.001259 	 1.8693363622527923e-05 	 0.0372585394279193
0.001274 	 1.9310731189323152e-05 	 0.03735914239071206
0.001288 	 1.9957536037673788e-05 	 0.037417042272991925
0.001303 	 2.0599547407062815e-05 	 0.03747485930218844
0.001318 	 2.1273118556607587e-05 	 0.03751342313418104
0.001334 	 2.196071733829875e-05 	 0.03754841316540833
0.001349 	 2.2693900659796568e-05 	 0.03755078907683106
0.001365 	 2.3432456621119383e-05 	 0.037548581058495616
0.00138 	 2.4215511537348437e-05 	 0.037756708492083506
0.001396 	 2.500451465101915e-05 	 0.037717005722402185
0.001413 	 2.5811968372300964e-05 	 0.03778290428173119
0.001429 	 2.66699385545244e-05 	 0.037822814203788115
0.001445 	 2.7556653652465866e-05 	 0.037954045205819714
0.001462 	 2.8440588825019842e-05 	 0.037960115184284396
0.001479 	 2.9375529486605178e-05 	 0.03795044457769537
0.001496 	 3.0316361495078964e-05 	 0.03802490656970921
0.001514 	 3.129581709824425e-05 	 0.03798159707290672
0.001531 	 3.232634268157945e-05 	 0.038118832466490095
0.001549 	 3.336510898572797e-05 	 0.03813700566309386
0.001567 	 3.443180476512888e-05 	 0.038137982568522646
0.001585 	 3.555108597334328e-05 	 0.03821459722906536
0.001603 	 3.6695864378818827e-05 	 0.03827238568163854
0.001622 	 3.7891981762540066e-05 	 0.03830722817252241
0.001641 	 3.908514432593922e-05 	 0.03832230290736082
0.00166 	 4.0348770985611664e-05 	 0.03832343640406937
0.001679 	 4.160799759244647e-05 	 0.03838754698904962
0.001698 	 4.2958529352657524e-05 	 0.03843792215803656
0.001718 	 4.4324281124273116e-05 	 0.038459838974136074
0.001738 	 4.5751998637287165e-05 	 0.03846730322634335
0.001758 	 4.719342984768441e-05 	 0.03853165878262661
0.001778 	 4.869373486889071e-05 	 0.03858059098674014
0.001799 	 5.020048327534666e-05 	 0.038597777063772654
0.00182 	 5.178395258419836e-05 	 0.03860199472764917
0.001841 	 5.34415200088721e-05 	 0.03859443366064855
0.001862 	 5.512712071570056e-05 	 0.038638261789299744
0.001884 	 5.685272115215685e-05 	 0.03865084309744863
0.001905 	 5.865444721204786e-05 	 0.03873054653067357
0.001928 	 6.041738380871065e-05 	 0.038633456609372736
0.00195 	 6.22955241502894e-05 	 0.038667621904504776
0.001972 	 6.425525335085675e-05 	 0.0386910529130557
0.001995 	 6.626066623662966e-05 	 0.03868349904242941
0.002018 	 6.834107680089224e-05 	 0.038721276721087126
0.002042 	 7.043951678886846e-05 	 0.03861705277568923
0.002065 	 7.260300461714001e-05 	 0.03868365126094769
0.002089 	 7.478023708334003e-05 	 0.03866316784542431
0.002113 	 7.704249100822256e-05 	 0.03863514402464438
0.002138 	 7.938775820733041e-05 	 0.038579620627505445
0.002163 	 8.18102221538725e-05 	 0.03856507268709161
0.002188 	 8.43257614325802e-05 	 0.03854405998667037
0.002213 	 8.691289029905549e-05 	 0.038516119340426855
0.002239 	 8.95292394096715e-05 	 0.03845728731164049
0.002265 	 9.215729366079936e-05 	 0.03843147340813088
0.002291 	 9.486744686737013e-05 	 0.03835821946700037
0.002317 	 9.770957518925278e-05 	 0.03836755276035462
0.002344 	 0.00010063628050154994 	 0.038309245526617415
0.002371 	 0.00010366757624526302 	 0.038249712565176404
0.002399 	 0.00010675545250975692 	 0.038163610075923025
0.002427 	 0.00010992266912311241 	 0.038075983311021744
0.002455 	 0.0001131830847534627 	 0.03802444457251956
0.002483 	 0.00011648448582105452 	 0.0379681081859752
0.002512 	 0.00011976168846423505 	 0.037879868104579044
0.002541 	 0.00012320381524569238 	 0.037831110507237344
0.00257 	 0.00012682100406660263 	 0.037756634467000304
0.0026 	 0.00013051042444849246 	 0.03766020262605223
0.00263 	 0.00013433184988646398 	 0.03757000567866874
0.002661 	 0.0001382135585973491 	 0.037399225028392054
0.002692 	 0.00014220204562360325 	 0.03726603709751554
0.002723 	 0.0001462787233378406 	 0.037138966889375236
0.002754 	 0.00015047009555830792 	 0.03702063489283435
0.002786 	 0.0001548624193939921 	 0.036843949144567206
0.002818 	 0.00015944320527112253 	 0.03668634966547006
0.002851 	 0.00016400609876007676 	 0.03645949187973309
0.002884 	 0.0001686055223402897 	 0.036266614628010584
0.002917 	 0.00017337928119934824 	 0.03607043024914288
0.002951 	 0.00017812361302527006 	 0.035834910098115354
0.002985 	 0.0001828959517405584 	 0.03558809215571195
0.00302 	 0.00018776773125149694 	 0.03533898282189975
0.003055 	 0.00019252798858605444 	 0.03506921655227833
0.00309 	 0.00019744330445161122 	 0.03482331001756517
0.003126 	 0.00020270327091005802 	 0.03454015126202648
0.003162 	 0.00020810032072562186 	 0.034264303547062704
0.003199 	 0.0002136900104416018 	 0.03398322829097311
0.003236 	 0.00021915197732173025 	 0.033689307214054186
0.003273 	 0.0002248626289089586 	 0.03341643038757832
0.003311 	 0.0002306211584840813 	 0.03308155046008724
0.00335 	 0.000236541941230724 	 0.03270180104066184
0.003388 	 0.0002427574216319388 	 0.032374537722021104
0.003428 	 0.0002488082365145485 	 0.03196547929235887
0.003467 	 0.00025514417070154156 	 0.031611719052418316
0.003508 	 0.000261421364690383 	 0.031167794244127456
0.003548 	 0.00026797183925753623 	 0.03074468771704808
0.003589 	 0.00027463875696255406 	 0.03027747182238673
0.003631 	 0.0002813008138381279 	 0.02976381344303615
0.003673 	 0.00028814218710221406 	 0.029320050218432422
0.003715 	 0.0002951558223405938 	 0.02883445868384031
0.003758 	 0.0003022551958503427 	 0.028266855524925964
0.003802 	 0.0003093250056473495 	 0.027633043204679998
0.003846 	 0.0003166538966884795 	 0.02698509013849485
0.00389 	 0.000324028763544887 	 0.0266728413443594
0.003935 	 0.0003315699432065509 	 0.02660357578404295
0.003981 	 0.00033905229925179295 	 0.026025387448835993
0.004027 	 0.00034665861960515794 	 0.025078692523628644
0.004074 	 0.0003542972170419765 	 0.0238569482703076
0.004121 	 0.00036204876186793854 	 0.02250967870132596
0.004169 	 0.00036970426401838923 	 0.020459050612427834
0.004217 	 0.0003775474750558347 	 0.018574656811931593
0.004266 	 0.0003852954566453028 	 0.01743858480258945
0.004315 	 0.0003930368807084367 	 0.01742166473310906
0.004365 	 0.0004006781415997297 	 0.01882281996001386
0.004416 	 0.00040863137240782285 	 0.020748458082303526
0.004467 	 1.843853468963881e-05 	 0.0024473149935019195
0.004519 	 1.8958721478654323e-05 	 0.0005014135081940214
0.004571 	 1.9511241700626243e-05 	 4.224969332928293e-05
0.004624 	 2.009069424448999e-05 	 0.000530403685483778
0.004677 	 2.0691504649217338e-05 	 0.001565892408496371
0.004732 	 2.1303912523434873e-05 	 0.002842276828949265
0.004786 	 2.1931669884155007e-05 	 0.004007651539046264
0.004842 	 2.2543681944991586e-05 	 0.0047997184911350065
0.004898 	 2.3183041287137617e-05 	 0.005493358555341033
0.004954 	 2.3848808230711917e-05 	 0.006070195404982907
0.005012 	 2.4538400341496378e-05 	 0.006514103633511847
0.00507 	 2.524410624791523e-05 	 0.006828259984477356
0.005129 	 2.596030807304944e-05 	 0.007014036059177227
0.005188 	 2.6691654080570358e-05 	 0.007205026495394217
0.005248 	 2.7432806174915606e-05 	 0.007553425849133382
0.005309 	 2.8213226329159227e-05 	 0.00788434880258307
0.00537 	 2.902141158241225e-05 	 0.008195758983287763
0.005433 	 2.9845461444487008e-05 	 0.008482490167471237
0.005495 	 3.070068106592501e-05 	 0.008759268775797847
0.005559 	 3.157675714745922e-05 	 0.009007241270095659
0.005623 	 3.246916175899617e-05 	 0.009242750585575655
0.005689 	 3.339424920689001e-05 	 0.009474019013691073
0.005754 	 3.436782579713169e-05 	 0.009709940566806288
0.005821 	 3.5356561092118675e-05 	 0.009923306425542988
0.005888 	 3.636440186648884e-05 	 0.01013107408359963
0.005957 	 3.73849824526038e-05 	 0.010319531984311773
0.006026 	 3.842284195479758e-05 	 0.010495847539703418
0.006095 	 3.9484096070219796e-05 	 0.010667012272941334
0.006166 	 4.053502269052913e-05 	 0.010815839675606398
0.006237 	 4.165354654843372e-05 	 0.010972668197626096
0.00631 	 4.28367203409499e-05 	 0.011123014675793337
0.006383 	 4.404405925861361e-05 	 0.011271109075412122
0.006457 	 4.5261450747904136e-05 	 0.011409896819619167
0.006531 	 4.651380430211723e-05 	 0.011546566341976847
0.006607 	 4.781633132084027e-05 	 0.011678765670354967
0.006683 	 4.916259380020116e-05 	 0.011811455677447635
0.006761 	 5.052415567720377e-05 	 0.011930372772635187
0.006839 	 5.19204457238058e-05 	 0.01204962009739514
0.006918 	 5.334848030868404e-05 	 0.012162119000919364
0.006998 	 5.482988606130865e-05 	 0.012273255419006172
0.007079 	 5.6339234774379534e-05 	 0.012377416302897393
0.007161 	 5.7897737171457725e-05 	 0.012479823084168383
0.007244 	 5.948626307255795e-05 	 0.012580128460173128
0.007328 	 6.108641283271737e-05 	 0.01266573120476146
0.007413 	 6.275214502732714e-05 	 0.012747012599620916
0.007499 	 6.448071106273681e-05 	 0.012835686166370772
0.007586 	 6.626934435007822e-05 	 0.012930990128238371
0.007674 	 6.811535818620527e-05 	 0.013032204120907531
0.007762 	 7.00249326379686e-05 	 0.013123146043744977
0.007852 	 7.192576578599584e-05 	 0.013190657598609533
0.007943 	 7.387778616204705e-05 	 0.013285204136870015
0.008035 	 7.59287957084391e-05 	 0.013363201794537101
0.008128 	 7.802461179934482e-05 	 0.013425068283191097
0.008222 	 8.016351279814323e-05 	 0.013511706099696905
0.008318 	 8.228393469604261e-05 	 0.01357511966943521
0.008414 	 8.455062873573819e-05 	 0.0136491304470096
0.008511 	 8.685247925348851e-05 	 0.013707243608332333
0.00861 	 8.922509585803328e-05 	 0.01378102574111348
0.00871 	 9.162766883995882e-05 	 0.01383880339545499
0.00881 	 9.411565363981907e-05 	 0.01390558172610419
0.008913 	 9.660797511125353e-05 	 0.013961755324618635
0.009016 	 9.92251659101509e-05 	 0.014009276562068167
0.00912 	 0.00010190784365363188 	 0.014075635779026156
0.009226 	 0.00010468522137989513 	 0.014120841304629173
0.009333 	 0.00010752088751379911 	 0.014183539098160907
0.009441 	 0.00011041136205007691 	 0.014231079205928933
0.00955 	 0.00011335430764280713 	 0.014279469984324358
0.009661 	 0.00011637732985834658 	 0.014322697793404037
0.009772 	 0.00011950080996327946 	 0.014387063531731387
0.009886 	 0.00012268347390916872 	 0.014424979796864594
0.01 	 0.00012604077973609918 	 0.014483337593592695
0.01012 	 0.00012936830160591888 	 0.014498264348723285
0.01023 	 0.00013294951291557825 	 0.014589576238402964
0.01035 	 0.00013644319559606545 	 0.014628123467376611
0.01047 	 0.0001399755667384263 	 0.014658136186382835
0.01059 	 0.00014370067083060062 	 0.014706216381329075
0.01072 	 0.0001474364511704525 	 0.014716013046187075
0.01084 	 0.00015141314003044715 	 0.014784627019269636
0.01096 	 0.0001555664827890721 	 0.01485682881795343
0.01109 	 0.00015967301704374658 	 0.014878227516982789
0.01122 	 0.00016386948329930582 	 0.014903253782104565
0.01135 	 0.0001682256039123321 	 0.014943131181294318
0.01148 	 0.0001728075196559365 	 0.014997313899033039
0.01161 	 0.00017750162598738323 	 0.01505374624558661
0.01175 	 0.00018214924215170526 	 0.015060904516951199
0.01189 	 0.00018689754930855152 	 0.015070965745311164
0.01202 	 0.0001919033870491846 	 0.015143931452693823
0.01216 	 0.00019681249425147483 	 0.015168035075069594
0.0123 	 0.0002017796422754685 	 0.015184470201659275
0.01245 	 0.00020680352073247128 	 0.015173645233895973
0.01259 	 0.00021233672248893913 	 0.015223945687210997
0.01274 	 0.00021780783938176435 	 0.015236228524340511
0.01288 	 0.0002235843401678252 	 0.015297567295998966
0.01303 	 0.00022928594749796786 	 0.015312368770882179
0.01318 	 0.00023520681758021315 	 0.015345766309142797
0.01334 	 0.00024115756898218681 	 0.015334299182194268
0.01349 	 0.00024749229195055545 	 0.015386297297903601
0.01365 	 0.0002538386533379981 	 0.015393543500980529
0.0138 	 0.00026047145879853196 	 0.015453825256744368
0.01396 	 0.00026710135178292343 	 0.015477230906473502
0.01413 	 0.000273802107756543 	 0.015465075892247443
0.01429 	 0.0002809215975264556 	 0.015504801039426922
0.01445 	 0.0002880908023594448 	 0.015550717035001046
0.01462 	 0.0002955277001049006 	 0.015555431879227007
0.01479 	 0.00030308170582062376 	 0.01557368722380337
0.01496 	 0.00031102363961118753 	 0.01559971646673052
0.01514 	 0.0003188592476240383 	 0.015596576656108462
0.01531 	 0.00032700310098905807 	 0.01564020732861106
0.01549 	 0.0003352932135003533 	 0.015643678287246846
0.01567 	 0.00034393207747750534 	 0.015665959271812708
0.01585 	 0.00035264630193654795 	 0.015692834439040168
0.01603 	 0.00036169130955608354 	 0.015725505445926997
0.01622 	 0.00037057483906252007 	 0.015728853113832902
0.01641 	 0.0003800201669964443 	 0.015739394179785163
0.0166 	 0.00038951137301122737 	 0.01575387026061435
0.01679 	 0.00039929363319101996 	 0.01577346414053818
0.01698 	 0.00040935804369548415 	 0.015797901100336
0.01718 	 0.00041969533893059993 	 0.015801331491149036
0.01738 	 0.00043028640899672575 	 0.0158093804709684
0.01758 	 0.00044112492976771647 	 0.01582648418822003
0.01778 	 0.0004522021476577102 	 0.015847514623654677
0.01799 	 0.00046325637670123536 	 0.01584594818110213
0.0182 	 0.0004745304965243328 	 0.015852603524558223
0.01841 	 0.00048647030979809253 	 0.015873900540969047
0.01862 	 0.0004988291183278547 	 0.0158993479249323
0.01884 	 0.0005111039164633352 	 0.015897746503273517
0.01905 	 0.0005238271419323279 	 0.01593259722060404
0.01928 	 0.0005368213294429339 	 0.015919003958768538
0.0195 	 0.0005504538843148595 	 0.015942222313108427
0.01972 	 0.0005644409944552142 	 0.015972419497004772
0.01995 	 0.0005782736892037014 	 0.01597590518918283
0.02018 	 0.0005924357806733713 	 0.0159827340077056
0.02042 	 0.0006066222609317951 	 0.01596492000264885
0.02065 	 0.0006214125689643454 	 0.01598164972161951
0.02089 	 0.0006366074141921081 	 0.015986137999957857
0.02113 	 0.0006522812876945702 	 0.016000924243308047
0.02138 	 0.0006679079629240954 	 0.015988009183201854
0.02163 	 0.0006839803269411344 	 0.015982146213593486
0.02188 	 0.000700676347610009 	 0.01598411030864102
0.02213 	 0.0007177904663062393 	 0.015995324745038376
0.02239 	 0.0007351673286971401 	 0.015984942292601476
0.02265 	 0.0007529246731729568 	 0.015980733020076538
0.02291 	 0.0007714227350280692 	 0.015990026003379686
0.02317 	 0.0007900840131360813 	 0.015995512060225783
0.02344 	 0.0008091222193518 	 0.015999433262370338
0.02371 	 0.0008286511007332477 	 0.016001628148915408
0.02399 	 0.0008483021586457095 	 0.015975692920822
0.02427 	 0.0008686072009827919 	 0.015974360823452174
0.02455 	 0.000889520759964878 	 0.015972496543259395
0.02483 	 0.0009110244727550881 	 0.01597031549437361
0.02512 	 0.0009329265939233695 	 0.01596605647782864
0.02541 	 0.0009555391072980752 	 0.015962360234909375
0.0257 	 0.0009785424530471475 	 0.01597881129735332
0.026 	 0.0010016430853131096 	 0.015948752445609456
0.0263 	 0.0010254250985529667 	 0.015940750680884352
0.02661 	 0.0010494766591090565 	 0.015929471778609677
0.02692 	 0.0010740995681127019 	 0.015899410439336303
0.02723 	 0.0010991862067671419 	 0.015888958608619736
0.02754 	 0.0011251541096106356 	 0.01588123468285725
0.02786 	 0.0011514112593197883 	 0.01585261367751908
0.02818 	 0.0011783772981466087 	 0.01584402490738902
0.02851 	 0.0012057240383687557 	 0.01581585636315278
0.02884 	 0.001233803142232709 	 0.015774305951927997
0.02917 	 0.0012626670790980474 	 0.015753065270688545
0.02951 	 0.0012918587307620235 	 0.01572957120480382
0.02985 	 0.0013219928358080121 	 0.015695467768822285
0.0302 	 0.001352348015429889 	 0.0156444469036009
0.03055 	 0.0013831606760110833 	 0.015582393426196129
0.0309 	 0.001414361759798294 	 0.015537949355907911
0.03126 	 0.0014458498374511413 	 0.015478809617239577
0.03162 	 0.0014793684979599174 	 0.015420017603374442
0.03199 	 0.001511739393394677 	 0.015339988408253957
0.03236 	 0.0015447771983056295 	 0.01526660308321135
0.03273 	 0.001578367662374863 	 0.015175058205148383
0.03311 	 0.0016120971800722085 	 0.015072927237370592
0.0335 	 0.0016458351665278737 	 0.014937777594483056
0.03388 	 0.001680537167230493 	 0.01480744541569561
0.03428 	 0.0017146934087895927 	 0.014631229831881934
0.03467 	 0.0017499802785345296 	 0.0145050254449889
0.03508 	 0.0017832146999849675 	 0.014287756564079804
0.03548 	 0.001819080120232764 	 0.01397004427005773
0.03589 	 0.0018578595930052958 	 0.013396356084982216
0.03631 	 0.0018689845715990842 	 0.012701886418252347
0.03673 	 0.0018159785966638492 	 0.01179988239774475
0.03715 	 0.0017261533675303118 	 0.010958284343901942
0.03758 	 0.0016263495591840964 	 0.010279348587966336
0.03802 	 0.0015698453291369593 	 0.01011236547755168
0.03846 	 0.0015299096825057265 	 0.010159478634052579
0.0389 	 0.001504606302355371 	 0.010351816901898063
0.03935 	 0.001490506694618044 	 0.010587421275054968
0.03981 	 0.0014864916377746733 	 0.010900705101824037
0.04027 	 0.0014914163693815282 	 0.011264587385239227
0.04074 	 0.001503733082683212 	 0.011683976830890754
0.04121 	 0.0015269226208715447 	 0.012196185780588622
0.04169 	 0.0015534540663059318 	 0.012863573309532177
0.04217 	 0.001595592327144102 	 0.013615933428297481
0.04266 	 0.0016556439069672795 	 0.014428748735074017
0.04315 	 0.0017577505743655707 	 0.015250149095050385
0.04365 	 0.0018751075068577376 	 0.016052966180058487
0.04416 	 0.0019992171332644825 	 0.01683144195257127
0.04467 	 0.0020980317193390985 	 0.017513748433188446
0.04519 	 0.0021917966674941253 	 0.01815295263302703
0.04571 	 0.0022899896983576877 	 0.018781951968826576
0.04624 	 0.00241297343625342 	 0.01948197020023259
0.04677 	 0.0025537685971306857 	 0.02023739459487258
0.04732 	 0.002700140665301377 	 0.020973354115179997
0.04786 	 0.002845733778295166 	 0.0216939224625134
0.04842 	 0.002979884712239369 	 0.022276803126478003
0.04898 	 0.0031168370199849567 	 0.022864270612741315
0.04955 	 0.003253837920620792 	 0.023411049757885532
0.05012 	 0.0034013536009210904 	 0.024024256056562415
0.0507 	 0.0035515933654672576 	 0.024620947366329974
0.05129 	 0.0037035462011434156 	 0.02520496257791447
0.05188 	 0.0038579153784076203 	 0.02580586034283148
0.05248 	 0.0040128059677489464 	 0.026390003319962024
0.05309 	 0.004168741389490437 	 0.026947923478368597
0.0537 	 0.004326380378130439 	 0.027509185088405053
0.05432 	 0.00448743937880033 	 0.02807582952498759
0.05495 	 0.00464911846086559 	 0.028600951867307566
0.05559 	 0.004810321325371538 	 0.02909436757723327
0.05623 	 0.004970412629262974 	 0.029561290164726858
0.05689 	 0.005130878987538427 	 0.02999862334875733
0.05754 	 0.005286940939605413 	 0.030383544445126826
0.05821 	 0.005434729243508684 	 0.030653624240570748
0.05888 	 0.005574629631287473 	 0.030836563118298643
0.05957 	 0.005694143797135337 	 0.030686428006496232
0.06026 	 0.005802688927484904 	 0.030465755921126398
0.06095 	 0.00590495390922345 	 0.03026463843125232
0.06166 	 0.005997950346646422 	 0.030019365813738888
0.06237 	 0.0060826759629176745 	 0.029891243300582498
0.0631 	 0.006165753427988025 	 0.029869780035465466
0.06383 	 0.006253496036995584 	 0.02991389635768935
0.06457 	 0.006342684581247639 	 0.02998245206441214
0.06531 	 0.006437838179603579 	 0.03012964850071141
0.06607 	 0.00656136314154708 	 0.03046450469633486
0.06683 	 0.006676658676008611 	 0.030731264210538567
0.06761 	 0.006781855319050601 	 0.03090993858954884
0.06839 	 0.0068757879843692644 	 0.03100936528429674
0.06918 	 0.006950376752092302 	 0.030942811997468414
0.06998 	 0.006981682238546251 	 0.03044370092245876
0.07079 	 0.007009320242879653 	 0.029965443628605516
0.07161 	 0.0070324973557664 	 0.029502447097317867
0.07244 	 0.007045952091955255 	 0.02900291969620148
0.07328 	 0.0070731939489753915 	 0.02874559071592802
0.07413 	 0.007115642162183458 	 0.0287340514808313
0.07499 	 0.007136661204904327 	 0.028544884812216724
0.07586 	 0.007151849928628634 	 0.028367689858691446
0.07674 	 0.007147380679363177 	 0.028053441019646252
0.07762 	 0.007134711018371945 	 0.027755022675224394
0.07852 	 0.007108116070528433 	 0.027475497334582752
0.07943 	 0.007046120392813975 	 0.026924870202716892
0.08035 	 0.006953106278418051 	 0.026149597173556933
0.08128 	 0.006836604657435492 	 0.02523731364431775
0.08222 	 0.006696065926607496 	 0.024184772787957314
0.08318 	 0.006511065053134195 	 0.022751905674791836
0.08414 	 0.006283893228086335 	 0.02099530282702051
0.08511 	 0.006039403761505698 	 0.019229257142760862
0.0861 	 0.005781834170309015 	 0.017503501642122332
0.0871 	 0.005509003439998284 	 0.015820251955122953
0.0881 	 0.005228593381272789 	 0.014251801608161602
0.08913 	 0.00503346575914798 	 0.013234618511209599
0.09016 	 0.004940903965382625 	 0.012754223009954197
0.0912 	 0.004875894573016417 	 0.012399815996142738
0.09226 	 0.004770750049029499 	 0.012063697862246876
0.09333 	 0.0046462414433490334 	 0.011730846436477354
0.09441 	 0.004486797708878681 	 0.011310356729801479
0.0955 	 0.0042971650215113625 	 0.010793819398696098
0.09661 	 0.004082854328066851 	 0.01018026938154982
0.09772 	 0.0038568958105459246 	 0.009552560868007699
0.09886 	 0.0036253505376467867 	 0.008926471387583526
0.1 	 0.003390259631689522 	 0.008314428534278915
0.1012 	 0.0031382947115363327 	 0.0076984949746958155
0.1023 	 0.002877720987193662 	 0.007082127891695823
0.1035 	 0.0025843348675432106 	 0.006382338863828134
0.1047 	 0.0022909975701077287 	 0.005672108898142892
0.1059 	 0.0020130587123919487 	 0.004929004322929933
0.1072 	 0.0017709642006781157 	 0.004236737976175562
0.1084 	 0.0015838892026872893 	 0.003664702701395612
0.1096 	 0.0014478802389243386 	 0.0031952465771591344
0.1109 	 0.0013370573616846631 	 0.002788082516239267
0.1122 	 0.0012376154175666955 	 0.002445736640174101
0.1135 	 0.001150593158664058 	 0.002158497967758196
0.1148 	 0.0010763822714049101 	 0.0019114295313924997
0.1161 	 0.0010099202866601608 	 0.0016969507982114186
0.1175 	 0.0009497904417242767 	 0.0015044046274213486
0.1189 	 0.0008934099771264851 	 0.001335344611669265
0.1202 	 0.000840702743613587 	 0.0011886974391272871
0.1216 	 0.0007916713053568743 	 0.0010547930671834644
0.123 	 0.0007477836487557626 	 0.0009344061827195189
0.1245 	 0.0007080965743104625 	 0.0008239446217007084
0.1259 	 0.0006730399171877091 	 0.0007272153861007007
0.1274 	 0.0006417339047551608 	 0.000638068460750933
0.1288 	 0.0006154276728624505 	 0.0005599537362700354
0.1303 	 0.0005942897471910017 	 0.0004889016923162447
0.1318 	 0.0005797722801666898 	 0.0004262926537222454
0.1334 	 0.0005706252180999934 	 0.0003703178582924609
0.1349 	 0.0005653709269958659 	 0.00032262892299804235
0.1365 	 0.0005634532824642668 	 0.0002801231426356513
0.138 	 0.0005654063617499684 	 0.0002440576703146722
0.1396 	 0.0005699754059918055 	 0.00021193272496905163
0.1413 	 0.0005769841243640845 	 0.00018329588922813626
0.1429 	 0.0005881488409433499 	 0.00015929647769001728
0.1445 	 0.0006034017567448883 	 0.00013874185900923346
0.1462 	 0.0006227253316126659 	 0.0001213023744440934
0.1479 	 0.0006475695739763945 	 0.00010759978205624791
0.1496 	 0.0006753672866974376 	 9.698821940816724e-05
0.1514 	 0.0007051677082672702 	 8.872941020986972e-05
0.1531 	 0.0007368579500874471 	 8.261138561653659e-05
0.1549 	 0.0007692188784947044 	 7.799637664209454e-05
0.1567 	 0.0008013660331595723 	 7.466356673834439e-05
0.1585 	 0.0008352634032556996 	 7.280408216806864e-05
0.1603 	 0.0008712256228375908 	 7.234935011660412e-05
0.1622 	 0.000912074192749965 	 7.353134630131716e-05
0.1641 	 0.0009576958891800395 	 7.650944309263194e-05
0.166 	 0.0010084124546971664 	 8.132917955015703e-05
0.1679 	 0.0010662266572120022 	 8.838780676520841e-05
0.1698 	 0.0011299475877983875 	 9.752622134893538e-05
0.1718 	 0.001197463290302945 	 0.00010829655761452821
0.1738 	 0.0012707839839303263 	 0.00012118980823532194
0.1758 	 0.001350188953950088 	 0.00013630521761991986
0.1778 	 0.0014349322129973124 	 0.0001536131576703227
0.1799 	 0.0015242678201907985 	 0.00017291887936408772
0.182 	 0.0016197294642305768 	 0.0001950055552549914
0.1841 	 0.0017190896451873936 	 0.0002195040665576645
0.1862 	 0.0018212433970983299 	 0.0002463766867881445
0.1884 	 0.0019246897792604785 	 0.00027517994350247305
0.1905 	 0.0020296748047979266 	 0.00030664816131138306
0.1928 	 0.002129300761559585 	 0.0003374169129062201
0.195 	 0.0022278537233631508 	 0.00037015859313039234
0.1972 	 0.0023236780419426247 	 0.00040413424573312726
0.1995 	 0.0024140811028033156 	 0.00043790557177925344
0.2018 	 0.002500829449275774 	 0.0004726790144521343
0.2042 	 0.002580087819396057 	 0.0005061224808521179
0.2065 	 0.0026540871220340307 	 0.0005397797798406839
0.2089 	 0.0027223267974082837 	 0.0005726600754665649
0.2113 	 0.0027873419224643367 	 0.0006065330635931887
0.2138 	 0.0028475413415932514 	 0.0006401793156978162
0.2163 	 0.0029084847286956587 	 0.0006779554526857163
0.2188 	 0.002958668886820529 	 0.0007114571772721379
0.2213 	 0.0029935155221724984 	 0.0007362995073659423
0.2239 	 0.003013704440290471 	 0.0007520151778115924
0.2265 	 0.003028507705321017 	 0.0007659259448337825
0.2291 	 0.0030393639311664775 	 0.0007789365765802444
0.2317 	 0.0030452232132960003 	 0.0007904502445252455
0.2344 	 0.0030437053390478656 	 0.0007986094655979854
0.2371 	 0.0030353156920616513 	 0.0008044086810728104
0.2399 	 0.003012856357528448 	 0.0008008042716081768
0.2427 	 0.0029758120660470654 	 0.0007874770348871202
0.2455 	 0.0029292911745196983 	 0.0007678104560208905
0.2483 	 0.002875634817998911 	 0.0007441786733020629
0.2512 	 0.0028155928683098624 	 0.0007173723420790438
0.2541 	 0.002749706297998026 	 0.0006879432428341175
0.257 	 0.002678503950709221 	 0.0006563011921063091
0.26 	 0.0025994721252161285 	 0.0006230767041354914
0.263 	 0.0025165816628347835 	 0.0005896339795197679
0.2661 	 0.0024321595016918835 	 0.0005557518381474805
0.2692 	 0.002345850984976884 	 0.000521397470568202
0.2723 	 0.002259511724976132 	 0.00048826004107838594
0.2754 	 0.00217252194203259 	 0.00045469388279660415
0.2786 	 0.0020862506603695243 	 0.00042067336280482794
0.2818 	 0.0020002955366996474 	 0.00038764384749166345
0.2851 	 0.0019124447916548228 	 0.00035484505721163713
0.2884 	 0.0018405208842549908 	 0.0003279917157962148
0.2917 	 0.00177240851937295 	 0.0003037469504615834
0.2951 	 0.001710283919123026 	 0.0002822584615413485
0.2985 	 0.001651071715150039 	 0.00026263917458985896
0.302 	 0.0015957350746561973 	 0.00024468335981036736
0.3055 	 0.0015439850291049417 	 0.0002282815049362895
0.309 	 0.0014946229521325145 	 0.00021310761938357658
0.3126 	 0.0014483779089874383 	 0.00019882049249176186
0.3162 	 0.0014051401972551437 	 0.00018588522925832893
0.3199 	 0.0013634631693012031 	 0.00017358490801195115
0.3236 	 0.0013252491186064683 	 0.00016229418052149668
0.3273 	 0.0012893941767223441 	 0.00015204896645388752
0.3311 	 0.0012566708466361352 	 0.0001425709378530562
0.335 	 0.00122608798887088 	 0.00013393288634191159
0.3388 	 0.0011983204380331567 	 0.00012615577339313878
0.3428 	 0.0011713370923068162 	 0.00011867117179786226
0.3467 	 0.0011470400766637303 	 0.00011209249213880914
0.3508 	 0.001123789652925549 	 0.00010586339578157521
0.3548 	 0.001101951809837012 	 0.00010023214876994737
0.3589 	 0.0010817020382858018 	 9.495635944230667e-05
0.3631 	 0.0010619121297138772 	 9.001763548036102e-05
0.3673 	 0.001043132583461157 	 8.54515486362998e-05
0.3715 	 0.001024776781339716 	 8.116288955378048e-05
0.3758 	 0.0010063130554521698 	 7.708396321618516e-05
0.3802 	 0.0009888503889106033 	 7.332018713432534e-05
0.3846 	 0.000972035427683527 	 6.974981296076151e-05
0.389 	 0.000956373275908998 	 6.64114333878048e-05
0.3936 	 0.0009403526416138955 	 6.316738112090697e-05
0.3981 	 0.0009254586043403727 	 6.0222875739964006e-05
0.4027 	 0.0009106764131687127 	 5.738977901711753e-05
0.4074 	 0.0008960131831305649 	 5.466656034995296e-05
0.4121 	 0.0008824095949447029 	 5.2116603336496296e-05
0.4169 	 0.000868692588791869 	 4.968822589227614e-05
0.4217 	 0.0008555043068103355 	 4.7376948423348546e-05
0.4266 	 0.0008426951169348664 	 4.5210262715896125e-05
0.4315 	 0.0008301815769106752 	 4.316636788711887e-05
0.4365 	 0.0008179682104687874 	 4.117946558161189e-05
0.4416 	 0.0008061212271163488 	 3.931756520839768e-05
0.4467 	 0.000794744905393219 	 3.7542329997632675e-05
0.4519 	 0.0007839119020947134 	 3.586087817628698e-05
0.4571 	 0.0007733278761938717 	 3.427318316553252e-05
0.4624 	 0.0007632656029005084 	 3.276851148942822e-05
0.4677 	 0.0007532481172355189 	 3.1361804911877466e-05
0.4732 	 0.0007433263368768493 	 2.9965721913116853e-05
0.4786 	 0.0007342178504902379 	 2.8692038465707415e-05
0.4842 	 0.000725014292532963 	 2.7441130105789786e-05
0.4898 	 0.0007160224431918584 	 2.6258832490707048e-05
0.4955 	 0.0007070923883107445 	 2.5120353449133697e-05
0.5012 	 0.0006987759653969903 	 2.4061165017029276e-05
0.507 	 0.0006901066174366267 	 2.302390613271127e-05
0.5129 	 0.0006823000573801788 	 2.2057077116095596e-05
0.5188 	 0.000674276500394545 	 2.1126921745792405e-05
0.5248 	 0.0006666961054211199 	 2.024531144110183e-05
0.5309 	 0.000659002019481169 	 1.9405361145874715e-05
0.537 	 0.0006520205095215163 	 1.8614008499560056e-05
0.5433 	 0.0006448003310308058 	 1.7846360649259312e-05
0.5495 	 0.0006378605951613051 	 1.713186053094768e-05
0.5559 	 0.0006308475411018456 	 1.643050345537986e-05
0.5623 	 0.0006243529978976567 	 1.5777044437367663e-05
0.5689 	 0.0006177851041488871 	 1.5135911213301733e-05
0.5754 	 0.0006114718786337672 	 1.4538551571442647e-05
0.5821 	 0.0006054353889486736 	 1.3962170081450384e-05
0.5888 	 0.0005993886851036697 	 1.3421897876300254e-05
0.5957 	 0.0005934179329677356 	 1.2885517633741984e-05
0.6026 	 0.0005874397510119983 	 1.2382847732674226e-05
0.6095 	 0.0005820605255214695 	 1.1908342377060165e-05
0.6166 	 0.0005761492938066571 	 1.144034568043728e-05
0.6237 	 0.0005706882601961312 	 1.1003841962506176e-05
0.631 	 0.0005651665226383358 	 1.0575810594724948e-05
0.6383 	 0.0005600766758611239 	 1.01765222333854e-05
0.6457 	 0.0005547045575606501 	 9.7844897193626e-06
0.6531 	 0.0005497514558713076 	 9.418627222620174e-06
0.6607 	 0.0005447388252012799 	 9.059882100809628e-06
0.6683 	 0.0005395801151280163 	 8.727078019406536e-06
0.6761 	 0.0005344996384891989 	 8.396821959548138e-06
0.6839 	 0.000529529690565758 	 8.083118339441169e-06
0.6918 	 0.0005247485805397477 	 7.789076798141795e-06
0.6998 	 0.0005197176237087579 	 7.500106186814275e-06
0.7079 	 0.000514995441605293 	 7.226056079178179e-06
0.7161 	 0.0005103023222598459 	 6.96150719184863e-06
0.7244 	 0.0005055219064087405 	 6.709123526321736e-06
0.7328 	 0.0005008911946328281 	 6.462676970159385e-06
0.7413 	 0.0004959203811142132 	 6.223610185751401e-06
0.7499 	 0.0004912459714806439 	 5.996990388042854e-06
0.7586 	 0.00048674552945498546 	 5.784556116827579e-06
0.7674 	 0.00048214139213757085 	 5.573453767365612e-06
0.7762 	 0.00047752682968914484 	 5.37492814415319e-06
0.7852 	 0.0004729976899104932 	 5.178451120416313e-06
0.7943 	 0.00046840024393256653 	 4.991148369073629e-06
0.8035 	 0.00046384404240892613 	 4.810538741316159e-06
0.8128 	 0.0004595580191312197 	 4.639315881846622e-06
0.8222 	 0.0004549792573809384 	 4.473183875448155e-06
0.8318 	 0.0004504923653022505 	 4.309143569040337e-06
0.8414 	 0.0004462216094902249 	 4.157410709887526e-06
0.8511 	 0.0004417740295862803 	 4.008551379187167e-06
0.861 	 0.00043763039156607784 	 3.864072259811414e-06
0.871 	 0.00043321998669092264 	 3.724107653330707e-06
0.881 	 0.0004289055503480375 	 3.5909453132459294e-06
0.8913 	 0.00042474373197745185 	 3.461601959933245e-06
0.9016 	 0.00042037919354121514 	 3.337846331201283e-06
0.912 	 0.0004161554816865556 	 3.217369753754736e-06
0.9226 	 0.00041184360637528826 	 3.101242831656266e-06
0.9333 	 0.00040758256682540625 	 2.9894664219766866e-06
0.9441 	 0.00040364802645695235 	 2.882462173315278e-06
0.955 	 0.00039948365882188714 	 2.778888872104801e-06
0.9661 	 0.0003953281997855206 	 2.6780945197278664e-06
0.9772 	 0.0003909997077034071 	 2.581693338234376e-06
0.9886 	 0.0003869100005368409 	 2.487411885720926e-06
1.0 	 0.00038291051495760534 	 2.397744044485762e-06
1.012 	 0.0003787735275749079 	 2.30693145025561e-06
1.023 	 0.00037501688333188695 	 2.2302436287712228e-06
1.035 	 0.0003710577991467285 	 2.1478780567414035e-06
1.047 	 0.0003671866929478252 	 2.069580038397483e-06
1.059 	 0.00036316181338425435 	 1.9947241838693903e-06
1.072 	 0.00035912594921887474 	 1.9166815684623613e-06
1.084 	 0.00035543711799635976 	 1.8501886959352777e-06
1.096 	 0.00035190057082308096 	 1.7861474884821956e-06
1.109 	 0.000347971376816345 	 1.7179253765974876e-06
1.122 	 0.00034421034141234085 	 1.6546620848394079e-06
1.135 	 0.0003406041269017321 	 1.5939412824185458e-06
1.148 	 0.0003369313368267408 	 1.535365356499214e-06
1.161 	 0.0003334832518805549 	 1.4804466266630313e-06
1.175 	 0.0003298283339740947 	 1.4232980123617085e-06
1.189 	 0.000326184812688768 	 1.3678656839016356e-06
1.202 	 0.000322964364190742 	 1.3208317347974587e-06
1.216 	 0.00031954771203448475 	 1.271772157014393e-06
1.23 	 0.0003161376321410635 	 1.224065465921973e-06
1.245 	 0.0003126196458882733 	 1.175968084525672e-06
1.259 	 0.0003094290144656812 	 1.1339712183111402e-06
1.274 	 0.0003061938987546716 	 1.0911106276675438e-06
1.288 	 0.0003032054984510404 	 1.0540392649084967e-06
1.303 	 0.00030023269218637175 	 1.0157145979967909e-06
1.318 	 0.00029714241243039037 	 9.790923817804255e-07
1.334 	 0.00029383726925719675 	 9.406125034883716e-07
1.349 	 0.0002908847625211514 	 9.07584826730116e-07
1.365 	 0.00028778393554324254 	 8.735489842781403e-07
1.38 	 0.00028490042819710704 	 8.42951557148245e-07
1.396 	 0.00028181960057028685 	 8.117249814661887e-07
1.413 	 0.000278721534726049 	 7.802146298521117e-07
1.429 	 0.0002757779789337712 	 7.520614735716379e-07
1.445 	 0.0002729517048239965 	 7.250228816070135e-07
1.462 	 0.0002700551631946252 	 6.979372567609289e-07
1.479 	 0.0002671699956240729 	 6.716522936418883e-07
1.496 	 0.00026434896348700385 	 6.466783215952955e-07
1.514 	 0.00026151930416289744 	 6.215921544300429e-07
1.531 	 0.00025882242465365824 	 5.990699143715168e-07
1.549 	 0.0002561665618425954 	 5.762321625816697e-07
1.567 	 0.00025361872141636165 	 5.549904574936194e-07
1.585 	 0.00025112619960605424 	 5.347935642376118e-07
1.603 	 0.00024868715561957293 	 5.155780668775504e-07
1.622 	 0.0002462414433404748 	 4.962949993034695e-07
1.641 	 0.00024375727338369027 	 4.77750339420216e-07
1.66 	 0.0002414183112798746 	 4.603448055480038e-07
1.679 	 0.00023899494615918688 	 4.437178473124997e-07
1.698 	 0.00023671172197287026 	 4.280934118870463e-07
1.718 	 0.00023425317545695712 	 4.1205571521815383e-07
1.738 	 0.0002319345697426502 	 3.9700225066001514e-07
1.758 	 0.00022966613642872068 	 3.826853460200445e-07
1.778 	 0.00022736335376046424 	 3.688910981067333e-07
1.799 	 0.00022498477330934133 	 3.549704117527523e-07
1.82 	 0.00022273960999906388 	 3.4190419439024436e-07
1.841 	 0.00022046410989963146 	 3.2933167479028066e-07
1.862 	 0.00021831617649675357 	 3.1751841113202523e-07
1.884 	 0.0002160991065597893 	 3.0562278480761293e-07
1.905 	 0.00021404328359081055 	 2.9494022147615076e-07
1.928 	 0.00021181015360847592 	 2.835785995113794e-07
1.95 	 0.00020973503544314162 	 2.733593777479621e-07
1.972 	 0.00020777646891224924 	 2.637493369033622e-07
1.995 	 0.00020568410837113054 	 2.539711498452363e-07
2.018 	 0.00020370762172020653 	 2.447839315814555e-07
2.042 	 0.00020167439972967484 	 2.355800657872712e-07
2.065 	 0.00019971461066784158 	 2.2717899660865396e-07
2.089 	 0.0001977684964495839 	 2.188539949611151e-07
2.113 	 0.0001959303260438678 	 2.1102849009194432e-07
2.138 	 0.00019394054277521128 	 2.0316727477183879e-07
2.163 	 0.00019202848562112397 	 1.9564372557160145e-07
2.188 	 0.00019012452358162718 	 1.885439765451944e-07
2.213 	 0.0001883236726102922 	 1.8186689171009437e-07
2.239 	 0.00018638747949310154 	 1.7499840982495206e-07
2.265 	 0.00018458251702282806 	 1.686626980990494e-07
2.291 	 0.00018275682080305737 	 1.6256644279039116e-07
2.317 	 0.00018106001397636103 	 1.5678910888059844e-07
2.344 	 0.00017923349027443316 	 1.510061442505105e-07
2.371 	 0.00017753400690801504 	 1.4553032641157548e-07
2.399 	 0.0001758229358545626 	 1.4018163927801336e-07
2.427 	 0.00017409382773738864 	 1.3504117370653098e-07
2.455 	 0.0001724855827167619 	 1.3017315830421601e-07
2.483 	 0.00017088208988199838 	 1.255731944263899e-07
2.512 	 0.00016927319272011976 	 1.2096835492404988e-07
2.541 	 0.0001677220181720586 	 1.1666720953144545e-07
2.57 	 0.00016618017661575477 	 1.1249828407028767e-07
2.6 	 0.00016462963618259254 	 1.0843369928000106e-07
2.63 	 0.00016311187511840164 	 1.0456698549127449e-07
2.661 	 0.00016156507066218833 	 1.0073463474735092e-07
2.692 	 0.00015997705528973517 	 9.707607276413985e-08
2.723 	 0.00015854356779134425 	 9.364798734433743e-08
2.754 	 0.00015706736284685482 	 9.03695674249865e-08
2.786 	 0.0001555658996170959 	 8.712094471325735e-08
2.818 	 0.0001540963225127647 	 8.40296348180044e-08
2.851 	 0.000152648257124706 	 8.100442403493912e-08
2.884 	 0.0001511873166281112 	 7.809559976125364e-08
2.917 	 0.00014975735868964484 	 7.532735694436446e-08
2.951 	 0.00014832536344309676 	 7.263807187433217e-08
2.985 	 0.00014692942551227653 	 7.001884123924475e-08
3.02 	 0.0001454681035789258 	 6.746811191292843e-08
3.055 	 0.00014410170251112048 	 6.505247908620392e-08
3.09 	 0.00014272443293108524 	 6.272935189922956e-08
3.126 	 0.00014136999648498488 	 6.046346923743551e-08
3.162 	 0.0001400605974513396 	 5.834315550904781e-08
3.199 	 0.0001387190238732849 	 5.6219295296705755e-08
3.236 	 0.00013744334664786125 	 5.4219947383055534e-08
3.273 	 0.000136136319585006 	 5.230844328359679e-08
3.311 	 0.0001349090694909173 	 5.045380290028192e-08
3.35 	 0.00013357556290379368 	 4.860426173344098e-08
3.388 	 0.0001323245046467246 	 4.692880464946309e-08
3.428 	 0.00013104294752318925 	 4.521627509351771e-08
3.467 	 0.000129826413525578 	 4.3638268473213435e-08
3.508 	 0.00012856167293404474 	 4.203871856354296e-08
3.548 	 0.0001273601505662126 	 4.0563794040446524e-08
3.589 	 0.00012618069076975557 	 3.9129479498408125e-08
3.631 	 0.00012495958945682204 	 3.77084456973237e-08
3.673 	 0.00012376464576259623 	 3.635686692101785e-08
3.715 	 0.00012259499070003412 	 3.5070536974964285e-08
3.758 	 0.00012144778429172087 	 3.38217634688652e-08
3.802 	 0.00012026314757470541 	 3.258699818116191e-08
3.846 	 0.00011913336056854125 	 3.1424076586205736e-08
3.89 	 0.0001180562029734541 	 3.03280166358666e-08
3.936 	 0.0001169132114654736 	 2.9213910063316822e-08
3.981 	 0.00011585195883676117 	 2.8193188419147233e-08
4.027 	 0.00011481151330364671 	 2.7203393376972657e-08
4.074 	 0.00011373737662428235 	 2.6225762107424897e-08
4.121 	 0.00011271255085046262 	 2.5304487644141566e-08
4.169 	 0.00011168197897405836 	 2.4403705851818144e-08
4.217 	 0.00011067284972181829 	 2.3546375094025142e-08
4.266 	 0.00010964298282293746 	 2.2712832419722218e-08
4.315 	 0.00010867519697540863 	 2.1922836613361106e-08
4.365 	 0.00010767773545334736 	 2.1143517217873744e-08
4.416 	 0.00010668590910746144 	 2.0393970209370353e-08
4.467 	 0.0001057297188559001 	 1.9676948835307223e-08
4.519 	 0.00010475516592622455 	 1.898076025700782e-08
4.571 	 0.00010381547947984311 	 1.8314743049852157e-08
4.624 	 0.00010287278451216205 	 1.7665150628098096e-08
4.677 	 0.00010193538041779729 	 1.7049774744199208e-08
4.732 	 0.00010101052755406048 	 1.6438388413742113e-08
4.786 	 0.00010009038176349221 	 1.586740098011299e-08
4.842 	 9.91830589877128e-05 	 1.530054955056254e-08
4.898 	 9.829459318431523e-05 	 1.4761169143741355e-08
4.955 	 9.73707708950281e-05 	 1.4233751294648569e-08
5.012 	 9.652008218610995e-05 	 1.3738665758805013e-08
5.07 	 9.567464189796303e-05 	 1.3263173569344629e-08
5.129 	 9.48149351405817e-05 	 1.2802297318090799e-08
5.188 	 9.399207900097528e-05 	 1.236738734332103e-08
5.248 	 9.316135601234266e-05 	 1.1937819384339174e-08
5.309 	 9.233640566681919e-05 	 1.1525549051215705e-08
5.37 	 9.151597980140903e-05 	 1.1134546436258934e-08
5.433 	 9.067863239905336e-05 	 1.074591146337064e-08
5.495 	 8.987492254401782e-05 	 1.0383390493258235e-08
5.559 	 8.906692193573526e-05 	 1.0021669782111183e-08
5.623 	 8.826390632459588e-05 	 9.678646282256478e-09
5.689 	 8.744642849056463e-05 	 9.338552331469927e-09
5.754 	 8.666101806771143e-05 	 9.021039748654393e-09
5.821 	 8.588935915901948e-05 	 8.707804391434121e-09
5.888 	 8.510639182301584e-05 	 8.408027265990678e-09
5.957 	 8.431110336098818e-05 	 8.111444759965607e-09
6.026 	 8.355863059634481e-05 	 7.83044830807382e-09
6.095 	 8.279565633438682e-05 	 7.561472450080456e-09
6.166 	 8.207244753395818e-05 	 7.298124604843513e-09
6.237 	 8.142869177740074e-05 	 7.051954608349211e-09
6.31 	 8.009316616498305e-05 	 6.869435367666718e-09
6.383 	 7.963611107677043e-05 	 6.558213970410864e-09
6.457 	 7.898492220439053e-05 	 6.332034608370463e-09
6.531 	 7.831736587488059e-05 	 6.119078737208778e-09
6.607 	 7.761617959282941e-05 	 5.907827345125011e-09
6.683 	 7.692532138860956e-05 	 5.704079647599973e-09
6.761 	 7.624286857525856e-05 	 5.5074914395923974e-09
6.839 	 7.556129954807485e-05 	 5.318603519088369e-09
6.918 	 7.48826957395704e-05 	 5.1356239112797505e-09
6.998 	 7.421976609787435e-05 	 4.959922885173811e-09
7.079 	 7.355978988750393e-05 	 4.789770910044712e-09
7.161 	 7.290296240071076e-05 	 4.625046410658389e-09
7.244 	 7.224946726797959e-05 	 4.465625587002384e-09
7.328 	 7.161115947353003e-05 	 4.312663147163178e-09
7.413 	 7.09646402312086e-05 	 4.163423622742699e-09
7.499 	 7.033323596164331e-05 	 4.020295492713939e-09
7.586 	 6.972174250109277e-05 	 3.8809541090058325e-09
7.674 	 6.910548896830157e-05 	 3.746721316080929e-09
7.762 	 6.852040019037097e-05 	 3.6194911812994728e-09
7.852 	 6.796117906875648e-05 	 3.4977039213888343e-09
7.943 	 6.741459469539299e-05 	 3.3808908764792427e-09
8.035 	 6.685222416123923e-05 	 3.2673066793762604e-09
8.128 	 6.629507009075278e-05 	 3.158725374821879e-09
8.222 	 6.573557846371618e-05 	 3.0552272048388576e-09
8.318 	 6.517117361654984e-05 	 2.9536257233450657e-09
8.414 	 6.460831296528852e-05 	 2.8559192771597016e-09
8.511 	 6.405827113804961e-05 	 2.7621959731107077e-09
8.61 	 6.349495215648686e-05 	 2.6695228616946052e-09
8.71 	 6.29376484239834e-05 	 2.5809703819830428e-09
8.81 	 6.239135533962462e-05 	 2.496505497198435e-09
8.913 	 6.183299111545609e-05 	 2.411722648683911e-09
9.016 	 6.12877514769065e-05 	 2.3318035577055522e-09
9.12 	 6.0746643581353484e-05 	 2.25457522805167e-09
9.226 	 6.021144352290342e-05 	 2.1796135871307815e-09
9.333 	 5.967235595088909e-05 	 2.1066333126898936e-09
9.441 	 5.913781038759042e-05 	 2.0361765518916575e-09
9.55 	 5.861408157216778e-05 	 1.9679778997176843e-09
9.661 	 5.8096458884775956e-05 	 1.901886760440687e-09
9.772 	 5.758916405380059e-05 	 1.8388742527877453e-09
9.886 	 5.708053525356521e-05 	 1.776444432232623e-09
10.0 	 5.657620202141094e-05 	 1.7170989588248891e-09
10.12 	 5.607464641194176e-05 	 1.6571743572664017e-09
10.23 	 5.563190600076104e-05 	 1.6065512528433601e-09
10.35 	 5.513811436880784e-05 	 1.5522193984039786e-09
10.47 	 5.466663911796837e-05 	 1.5007163362104974e-09
10.59 	 5.420437513636829e-05 	 1.4515971624320146e-09
10.72 	 5.370199250236286e-05 	 1.3999722653074779e-09
10.84 	 5.327109190800923e-05 	 1.356135362970923e-09
10.96 	 5.285340672458309e-05 	 1.3141313601433266e-09
11.09 	 5.239072478374255e-05 	 1.269471427413883e-09
11.22 	 5.1943406686299844e-05 	 1.2272494073329515e-09
11.35 	 5.1509933628926087e-05 	 1.1869070266476431e-09
11.48 	 5.1085644882927627e-05 	 1.1488067203364402e-09
11.61 	 5.067431742645706e-05 	 1.1123501766211814e-09
11.75 	 5.022782592107929e-05 	 1.073862126077003e-09
11.89 	 4.9800797814499494e-05 	 1.0374285660261344e-09
12.02 	 4.9433529116815974e-05 	 1.0062601665323033e-09
12.16 	 4.903757322417732e-05 	 9.734704715357466e-10
12.3 	 4.866360930421886e-05 	 9.423131782633193e-10
12.45 	 4.827830130261448e-05 	 9.105762145522587e-10
12.59 	 4.7944997599764475e-05 	 8.84227773873891e-10
12.74 	 4.757006447867053e-05 	 8.561426898718924e-10
12.88 	 4.722968674127691e-05 	 8.320218001774177e-10
13.03 	 4.685872966904515e-05 	 8.06416763151662e-10
13.18 	 4.649475796920913e-05 	 7.821902153324732e-10
13.34 	 4.610252687499187e-05 	 7.567470924355138e-10
13.49 	 4.5752007632586544e-05 	 7.348870027767325e-10
13.65 	 4.536968948180811e-05 	 7.11682614486023e-10
13.8 	 4.5031475156728237e-05 	 6.917023932664551e-10
13.96 	 4.466278852193385e-05 	 6.706502608303348e-10
14.13 	 4.427338877324208e-05 	 6.486530437855013e-10
14.29 	 4.392253432193601e-05 	 6.296284408523996e-10
14.45 	 4.3577814885052997e-05 	 6.114141570615578e-10
14.62 	 4.3209636695280705e-05 	 5.925112259045174e-10
14.79 	 4.2855914048010447e-05 	 5.74564712745039e-10
14.96 	 4.250848841831904e-05 	 5.572497282112709e-10
15.14 	 4.2143089271310565e-05 	 5.392413243086095e-10
15.31 	 4.180847858014631e-05 	 5.234527043353347e-10
15.49 	 4.146005568875904e-05 	 5.071242541000182e-10
15.67 	 4.112512972143526e-05 	 4.917619373297129e-10
15.85 	 4.080307238760531e-05 	 4.770428973709195e-10
16.03 	 4.049339136242845e-05 	 4.6330686724177704e-10
16.22 	 4.01707477661391e-05 	 4.491353610657558e-10
16.41 	 3.985709538258888e-05 	 4.3570021968915566e-10
16.6 	 3.955522720306249e-05 	 4.230526157114026e-10
16.79 	 3.9258319269131345e-05 	 4.1105662777056865e-10
16.98 	 3.896920783753708e-05 	 3.997618793254224e-10
17.18 	 3.866512906205548e-05 	 3.88117371381723e-10
17.38 	 3.837232887584508e-05 	 3.769605460639232e-10
17.58 	 3.808723239334669e-05 	 3.6636675977342415e-10
17.78 	 3.7806562552461134e-05 	 3.5630873496934565e-10
17.99 	 3.75149369773237e-05 	 3.4605298299552266e-10
18.2 	 3.7230863037042176e-05 	 3.363162873137206e-10
18.41 	 3.695403496328562e-05 	 3.27066457065659e-10
18.62 	 3.6692315945445154e-05 	 3.18334636834285e-10
18.84 	 3.6417666830372564e-05 	 3.0937251580296766e-10
19.05 	 3.6176743764556434e-05 	 3.0155284050460043e-10
19.28 	 3.59137578074234e-05 	 2.93146703196357e-10
19.5 	 3.568709301649824e-05 	 2.8606525087315946e-10
19.72 	 3.547902231224425e-05 	 2.796880222601476e-10
19.95 	 3.5263671910540096e-05 	 2.7330077605065764e-10
20.18 	 3.502755181659405e-05 	 2.6716985450221495e-10
20.42 	 3.47625004594912e-05 	 2.6070127271348097e-10
20.65 	 3.451826858299514e-05 	 2.549211863477625e-10
20.89 	 3.4250329520331356e-05 	 2.4897493295575886e-10
21.13 	 3.398354878039107e-05 	 2.4329760056767905e-10
21.38 	 3.370527995956452e-05 	 2.3733092305307464e-10
21.63 	 3.343143893348089e-05 	 2.315921086722923e-10
21.88 	 3.3161115495171684e-05 	 2.2615985776933227e-10
22.13 	 3.289679071178861e-05 	 2.209713926372763e-10
22.39 	 3.261975175708359e-05 	 2.155821945666607e-10
22.65 	 3.234941182507602e-05 	 2.1039800480475764e-10
22.91 	 3.208137001851077e-05 	 2.0540532309510136e-10
23.17 	 3.181973382000835e-05 	 2.0059798268600929e-10
23.44 	 3.155082740114004e-05 	 1.9563312112635097e-10
23.71 	 3.1302029141623454e-05 	 1.9123029157094703e-10
23.99 	 3.104786808421631e-05 	 1.8667810445852512e-10
24.27 	 3.079959389389193e-05 	 1.8229976121167768e-10
24.55 	 3.061352700764434e-05 	 1.7912964580384122e-10
24.83 	 3.0403340962380756e-05 	 1.757106091854361e-10
25.12 	 3.016975513820455e-05 	 1.724064764891982e-10
25.41 	 2.9914148187698395e-05 	 1.6915939729687843e-10
25.7 	 2.9642410504099875e-05 	 1.6568875916372493e-10
26.0 	 2.937159033362799e-05 	 1.6236352353649342e-10
26.3 	 2.9086336646943055e-05 	 1.5884009055871964e-10
26.61 	 2.880112514296192e-05 	 1.5546333070501728e-10
26.92 	 2.851646693401173e-05 	 1.5218522207466444e-10
27.23 	 2.8230954647980336e-05 	 1.489983527420776e-10
27.54 	 2.7947904980380776e-05 	 1.4590496219392088e-10
27.86 	 2.766042767393278e-05 	 1.427021184930838e-10
28.18 	 2.7374311146258554e-05 	 1.3959533688540982e-10
28.51 	 2.708016434124483e-05 	 1.363891008656124e-10
28.84 	 2.6788005305696863e-05 	 1.3328391737830853e-10
29.17 	 2.649653774227203e-05 	 1.3027286512187604e-10
29.51 	 2.6198387795723704e-05 	 1.2718230464307405e-10
29.85 	 2.5904209671302894e-05 	 1.241952542886217e-10
30.2 	 2.561345756463304e-05 	 1.213363662092437e-10
30.55 	 2.531629687954576e-05 	 1.1838239405908508e-10
30.9 	 2.5028622194089065e-05 	 1.1570268184872323e-10
31.26 	 2.472600149108334e-05 	 1.1278696674693517e-10
31.62 	 2.443432078233911e-05 	 1.10138275529027e-10
31.99 	 2.412898324688905e-05 	 1.0727934079189444e-10
32.36 	 2.3834710087782085e-05 	 1.0467740395778818e-10
32.73 	 2.353625234242384e-05 	 1.0201524545053774e-10
33.11 	 2.323483070846892e-05 	 9.932881095849798e-11
33.5 	 2.293747233785247e-05 	 9.676351068013744e-11
33.88 	 2.2642681199901162e-05 	 9.42697438361148e-11
34.28 	 2.2342161902489127e-05 	 9.165768557245503e-11
34.67 	 2.2042056908826935e-05 	 8.923864611605723e-11
35.08 	 2.1737263968895365e-05 	 8.671762097828575e-11
35.48 	 2.143966753877658e-05 	 8.428472599896177e-11
35.89 	 2.1150619908346114e-05 	 8.197045526745157e-11
36.31 	 2.085442329705308e-05 	 7.965461328635112e-11
36.73 	 2.0559593406010488e-05 	 7.733669655349206e-11
37.15 	 2.0278934573748646e-05 	 7.521473988319754e-11
37.58 	 1.9985746445265335e-05 	 7.300411358365676e-11
38.02 	 1.9701386516612204e-05 	 7.09038736877595e-11
38.46 	 1.941078452820157e-05 	 6.880487920547212e-11
38.9 	 1.9134003193229745e-05 	 6.687989517012066e-11
39.36 	 1.884922935323378e-05 	 6.4826469128333e-11
39.81 	 1.856964887105644e-05 	 6.292709876474036e-11
40.27 	 1.829313632374837e-05 	 6.10508747114974e-11
40.74 	 1.801831475881226e-05 	 5.926685849395666e-11
41.21 	 1.7745726454520884e-05 	 5.749638266256205e-11
41.69 	 1.748175841844005e-05 	 5.5814326355930314e-11
42.17 	 1.7212187724656838e-05 	 5.420602378802717e-11
42.66 	 1.693487897086695e-05 	 5.2562678123452136e-11
43.15 	 1.6665573799862785e-05 	 5.0995785119186905e-11
43.65 	 1.6383374739442987e-05 	 4.94055715179674e-11
44.16 	 1.610587976694148e-05 	 4.784901654319981e-11
44.67 	 1.5836599767818325e-05 	 4.636807482764575e-11
45.19 	 1.5551398172083748e-05 	 4.4832270787489e-11
45.71 	 1.5264865222065335e-05 	 4.3335247212900733e-11
46.24 	 1.4969484149310739e-05 	 4.180161231848503e-11
46.77 	 1.4678136859576026e-05 	 4.035622307083112e-11
47.32 	 1.4380354147311408e-05 	 3.8891095393123563e-11
47.86 	 1.4086152150044624e-05 	 3.747087045720793e-11
48.42 	 1.379067464369255e-05 	 3.6076970997867234e-11
48.98 	 1.3500014700827718e-05 	 3.476917704737013e-11
49.55 	 1.3203091200745229e-05 	 3.345550054063286e-11
50.12 	 1.2915715085362442e-05 	 3.218731578572778e-11
50.7 	 1.2630707201277073e-05 	 3.08478182765591e-11
51.29 	 1.2343653801861405e-05 	 2.954839336037448e-11
51.88 	 1.2065078531202971e-05 	 2.830129571977927e-11
52.48 	 1.1796025204220276e-05 	 2.7077516250245968e-11
53.09 	 1.152879525314824e-05 	 2.5915864611332507e-11
53.7 	 1.1269015415538537e-05 	 2.4800970324057555e-11
54.33 	 1.1012558813691534e-05 	 2.3719932752127045e-11
54.95 	 1.0765026672359221e-05 	 2.269948241713566e-11
55.59 	 1.0513473140944542e-05 	 2.1699247635571014e-11
56.23 	 1.0268551507655388e-05 	 2.0740642943457285e-11
56.89 	 1.0026337100242518e-05 	 1.9793818030832738e-11
57.54 	 9.791924507639177e-06 	 1.8901033194258293e-11
58.21 	 9.560522328160838e-06 	 1.803919299521725e-11
58.88 	 9.334710287401352e-06 	 1.7214170957305456e-11
59.57 	 9.111088302870371e-06 	 1.640220446535968e-11
60.26 	 8.89699675397227e-06 	 1.5652828643092187e-11
60.95 	 8.68505363009158e-06 	 1.4939895526728038e-11
61.66 	 8.475042645874753e-06 	 1.4238385218414426e-11
62.37 	 8.27310073872988e-06 	 1.3576552100870317e-11
63.1 	 8.072839851973338e-06 	 1.2926554706659918e-11
63.83 	 7.874297022174354e-06 	 1.2309903386452909e-11
64.57 	 7.681972447925165e-06 	 1.1720761614551921e-11
65.31 	 7.493429526223717e-06 	 1.1157666887853876e-11
66.07 	 7.312901460436435e-06 	 1.06197031848817e-11
66.83 	 7.135729435768899e-06 	 1.0105444157086404e-11
67.61 	 6.957481155523458e-06 	 9.606280011517121e-12
68.39 	 6.78357426849659e-06 	 9.139020422312595e-12
69.18 	 6.614957879108896e-06 	 8.6926804932832e-12
69.98 	 6.453445666399898e-06 	 8.262875122715428e-12
70.79 	 6.289693571570408e-06 	 7.854511648903563e-12
71.61 	 6.1327541744054314e-06 	 7.461492377079502e-12
72.44 	 5.977326107169032e-06 	 7.082450489392821e-12
73.28 	 5.827761291475999e-06 	 6.727689415250066e-12
74.13 	 5.676428961867042e-06 	 6.382112340109882e-12
74.99 	 5.532548668134202e-06 	 6.056069694284858e-12
75.86 	 5.388111779280436e-06 	 5.744740112120633e-12
76.74 	 5.250873940391874e-06 	 5.4508844425305385e-12
77.62 	 5.112238955433171e-06 	 5.167935266802796e-12
78.52 	 4.975403125783318e-06 	 4.890981075577926e-12
79.43 	 4.84079302069664e-06 	 4.629831058939479e-12
80.35 	 4.711363933600456e-06 	 4.3792555862183256e-12
81.28 	 4.58688468192325e-06 	 4.138923910451903e-12
82.22 	 4.46277994156574e-06 	 3.908592273371901e-12
83.18 	 4.344300225676288e-06 	 3.689866205815558e-12
84.14 	 4.233715236772456e-06 	 3.483700684437885e-12
85.11 	 4.123130510235653e-06 	 3.2862217129616386e-12
86.1 	 4.019085739080913e-06 	 3.097086286536891e-12
87.1 	 3.92315235036274e-06 	 2.915835508296463e-12
88.1 	 3.831729218139786e-06 	 2.7479371946747838e-12
89.13 	 3.7434618490937808e-06 	 2.5887606905379496e-12
90.16 	 3.660818608044211e-06 	 2.4398690760076757e-12
91.2 	 3.5820559250835827e-06 	 2.3007502300266837e-12
92.26 	 3.503932457720828e-06 	 2.1687721768497583e-12
93.33 	 3.427997290528589e-06 	 2.0433583586044355e-12
94.41 	 3.3541797967268233e-06 	 1.9242215863002878e-12
95.5 	 3.2812888948155864e-06 	 1.8121497489788233e-12
96.61 	 3.2073192912029385e-06 	 1.7042394320575301e-12
97.72 	 3.135663002504475e-06 	 1.6025637845736496e-12
98.86 	 3.0680376717902488e-06 	 1.505568807686683e-12
100.0 	 2.998196042372736e-06 	 1.413215774996346e-12
101.2 	 2.930794961169355e-06 	 1.3214889111359164e-12
102.3 	 2.872507214708929e-06 	 1.239180494693595e-12
103.5 	 2.8159097619726333e-06 	 1.1566659564856918e-12
104.7 	 2.762896711294947e-06 	 1.0778418315943713e-12
105.9 	 2.7162729558345612e-06 	 1.0047444561027721e-12
107.2 	 2.675238899183576e-06 	 9.321296463817682e-13
108.4 	 2.6423523694283376e-06 	 8.688875569561168e-13
109.6 	 2.618075320279134e-06 	 8.090770440221787e-13
110.9 	 2.5980827520273247e-06 	 7.508685368114476e-13
112.2 	 2.5851161174068337e-06 	 6.971225614991412e-13
113.5 	 2.58219366747795e-06 	 6.472524398596709e-13
114.8 	 2.5876059493199937e-06 	 6.018889288591962e-13
116.1 	 2.602714258378259e-06 	 5.597369203413385e-13
117.5 	 2.6243629347839724e-06 	 5.192139608663538e-13
118.9 	 2.6532541062277746e-06 	 4.819700884206789e-13
120.2 	 2.6923073613298134e-06 	 4.493112951404871e-13
121.6 	 2.737389610486188e-06 	 4.183511994035407e-13
123.0 	 2.7922797195332963e-06 	 3.9018164044342396e-13
124.5 	 2.8543668533689316e-06 	 3.6379239619103596e-13
125.9 	 2.930891147455308e-06 	 3.412657521449235e-13
127.4 	 3.0137072782688355e-06 	 3.20227381984196e-13
128.8 	 3.107937560570366e-06 	 3.026450723491264e-13
130.3 	 3.2076367691761327e-06 	 2.8666321165001376e-13
131.8 	 3.3154562403057183e-06 	 2.7285262918224375e-13
133.4 	 3.4283860154239305e-06 	 2.606300332404041e-13
134.9 	 3.5499985362548918e-06 	 2.5139902169417406e-13
136.5 	 3.672521572774988e-06 	 2.436549615547911e-13
138.0 	 3.8019886925443913e-06 	 2.3861434025781113e-13
139.6 	 3.930092249385222e-06 	 2.349201207857549e-13
141.3 	 4.053193101231078e-06 	 2.322851200573803e-13
142.9 	 4.173873636310863e-06 	 2.316878678070948e-13
144.5 	 4.2928353697812885e-06 	 2.3291759497387385e-13
146.2 	 4.40004870179891e-06 	 2.347894038124137e-13
147.9 	 4.50184490497219e-06 	 2.3808253064055583e-13
149.6 	 4.592101958986708e-06 	 2.4218049521778435e-13
151.4 	 4.673192436180502e-06 	 2.4689269068427625e-13
153.1 	 4.745782383591841e-06 	 2.528481640315278e-13
154.9 	 4.805990485809787e-06 	 2.586162404039842e-13
156.7 	 4.858701075358457e-06 	 2.650824995155906e-13
158.5 	 4.902747687272912e-06 	 2.7184494526929174e-13
160.3 	 4.938581773342489e-06 	 2.788141198463351e-13
162.2 	 4.9648098476646084e-06 	 2.855383852019212e-13
164.1 	 4.984331023574556e-06 	 2.920221816072951e-13
166.0 	 4.997033437135302e-06 	 2.984653630397248e-13
167.9 	 5.002364771124732e-06 	 3.0444124580860533e-13
169.8 	 5.004546347684408e-06 	 3.1068502983932346e-13
171.8 	 4.998986698715979e-06 	 3.1572233020639304e-13
173.8 	 4.989277394777283e-06 	 3.2082282864110477e-13
175.8 	 4.9755665694674805e-06 	 3.2536296177607144e-13
177.8 	 4.9582375337176935e-06 	 3.2931911778482326e-13
179.9 	 4.936419743506313e-06 	 3.3263133431310143e-13
182.0 	 4.911605288494407e-06 	 3.353252266795606e-13
184.1 	 4.884796258503733e-06 	 3.3773825407126426e-13
186.2 	 4.8561815467850885e-06 	 3.398600474286408e-13
188.4 	 4.824693036609543e-06 	 3.411201415742657e-13
190.5 	 4.792372277321164e-06 	 3.4231562655410844e-13
192.8 	 4.755092993056055e-06 	 3.419570882415599e-13
195.0 	 4.719215438686908e-06 	 3.42036350136132e-13
197.2 	 4.683535023651269e-06 	 3.4200518334110756e-13
199.5 	 4.643438249801911e-06 	 3.408492525224792e-13
201.8 	 4.603278654365108e-06 	 3.3930841898523634e-13
204.2 	 4.561375933808926e-06 	 3.370421681966481e-13
206.5 	 4.521181652479317e-06 	 3.352240629074251e-13
208.9 	 4.4783542933396275e-06 	 3.3255346270327424e-13
211.3 	 4.435203002967225e-06 	 3.2970141019922036e-13
213.8 	 4.39072519895551e-06 	 3.262248299028836e-13
216.3 	 4.347048356579859e-06 	 3.227639736146026e-13
218.8 	 4.302813803664355e-06 	 3.1891333034350916e-13
221.3 	 4.258903740266013e-06 	 3.1520266276809167e-13
223.9 	 4.213566025965017e-06 	 3.107265774185955e-13
226.5 	 4.168285351687323e-06 	 3.0618356715241107e-13
229.1 	 4.124306319899286e-06 	 3.0195009574153213e-13
231.7 	 4.080043050990248e-06 	 2.97426795468296e-13
234.4 	 4.034181859758201e-06 	 2.923592887219499e-13
237.1 	 3.9901119756704715e-06 	 2.8753709881530853e-13
239.9 	 3.943815790360883e-06 	 2.8210622775754747e-13
242.7 	 3.898578661948985e-06 	 2.768225370186281e-13
245.5 	 3.854364729000899e-06 	 2.7168101370068365e-13
248.3 	 3.8107374482185223e-06 	 2.6674900397197103e-13
251.2 	 0.00012604778272857264 	 8.746726201557884e-12
254.1 	 3.722196834996672e-06 	 2.5600952046980943e-13
257.0 	 3.6791255248366474e-06 	 2.508293313577171e-13
260.0 	 3.6350034704223023e-06 	 2.453296425355355e-13
263.0 	 3.591928737644143e-06 	 2.400095872420929e-13
266.1 	 3.5479222111061423e-06 	 2.344193489971533e-13
269.2 	 3.50498139444853e-06 	 2.290237254845624e-13
272.3 	 3.4630680193501326e-06 	 2.2381370877956698e-13
275.4 	 3.4215800209767822e-06 	 2.187016262428292e-13
278.6 	 3.3793090300447847e-06 	 2.1338206202085568e-13
281.8 	 3.3380678702363218e-06 	 2.08256584294345e-13
285.1 	 3.2966626975854986e-06 	 2.0303064841779944e-13
288.4 	 3.2557548294965123e-06 	 1.979337555174961e-13
291.7 	 3.2153437754532673e-06 	 1.929645966921522e-13
295.1 	 3.1753321291883508e-06 	 1.8798893573760318e-13
298.5 	 3.135341327850723e-06 	 1.830875416477373e-13
302.0 	 3.095311924927827e-06 	 1.7814144436431013e-13
305.5 	 3.0562817821289252e-06 	 1.733943328037078e-13
309.0 	 3.0184144038537842e-06 	 1.6892714440975975e-13
312.6 	 2.979881517121517e-06 	 1.6428451823210155e-13
316.2 	 2.9418823114297706e-06 	 1.5978500764806783e-13
319.9 	 2.903918517857496e-06 	 1.552746393111881e-13
323.6 	 2.8669069735562544e-06 	 1.5095268966105324e-13
327.3 	 2.8304158532733132e-06 	 1.46768717596243e-13
331.1 	 2.7935946734603424e-06 	 1.425463246937521e-13
335.0 	 2.7574309339856676e-06 	 1.3844372471933654e-13
338.8 	 2.7220666331267912e-06 	 1.3453804828386883e-13
342.8 	 2.6863726016662277e-06 	 1.3052368117899344e-13
346.7 	 2.6519929821265594e-06 	 1.2679956623686175e-13
350.8 	 2.6166241193260327e-06 	 1.229217412984407e-13
354.8 	 2.5830486095636116e-06 	 1.1940821738797187e-13
358.9 	 2.549436985872271e-06 	 1.15859366298554e-13
363.1 	 2.5156499363536185e-06 	 1.1231555935260833e-13
367.3 	 2.4827206243172594e-06 	 1.0892990740741872e-13
371.5 	 2.4504575411146486e-06 	 1.0571810983019155e-13
375.8 	 2.4182089678191334e-06 	 1.0249015672995927e-13
380.2 	 2.3858485607545116e-06 	 9.928054079513937e-14
384.6 	 2.3543130780691673e-06 	 9.621689559236279e-14
389.0 	 2.323572133866428e-06 	 9.329062593004306e-14
393.6 	 2.2922917466062757e-06 	 9.033111983599575e-14
398.1 	 2.262247083385638e-06 	 8.755824048648418e-14
402.7 	 2.2321328886567356e-06 	 8.480876206144059e-14
407.4 	 2.2022381270249474e-06 	 8.210359049445198e-14
412.1 	 2.173102058842652e-06 	 7.952281193942968e-14
416.9 	 2.144060677028721e-06 	 7.700309650257047e-14
421.7 	 2.115631810173982e-06 	 7.456852388077477e-14
426.6 	 2.0871899353205657e-06 	 7.216509138622393e-14
431.5 	 2.059469138379838e-06 	 6.987300342529152e-14
436.5 	 2.0319775153454065e-06 	 6.762362626206757e-14
441.6 	 2.004502431599353e-06 	 6.540858887989679e-14
446.7 	 1.977839562200647e-06 	 6.332161478924131e-14
451.9 	 1.951302642317451e-06 	 6.125269691021555e-14
457.1 	 1.9252279224499457e-06 	 5.927166179258147e-14
462.4 	 1.8991934502696933e-06 	 5.732453608623487e-14
467.7 	 1.8740171815779017e-06 	 5.5476414611423194e-14
473.2 	 1.8484915810516508e-06 	 5.361533101895479e-14
478.6 	 1.8238072671174039e-06 	 5.1879391008345313e-14
484.2 	 1.7989960233989135e-06 	 5.014079075335633e-14
489.8 	 1.774815358575118e-06 	 4.848486127863538e-14
495.5 	 1.7508889010247316e-06 	 4.6868739612932087e-14
501.2 	 1.7273904386166472e-06 	 4.5323497689965993e-14
507.0 	 1.7041442430414275e-06 	 4.381598714363403e-14
512.9 	 1.680986219683706e-06 	 4.234160945779318e-14
518.8 	 1.6584138485440447e-06 	 4.093739859743965e-14
524.8 	 1.6360941366665362e-06 	 3.956893523001313e-14
530.9 	 1.6138724013575075e-06 	 3.823221464126137e-14
537.0 	 1.592211348729565e-06 	 3.695920569477102e-14
543.3 	 1.570512410621595e-06 	 3.569344694270133e-14
549.5 	 1.549497103862306e-06 	 3.4510328058950995e-14
555.9 	 1.5284535504955085e-06 	 3.3334573187815013e-14
562.3 	 1.507940083579532e-06 	 3.2215105419182186e-14
568.9 	 1.4872757689554842e-06 	 3.110191381958775e-14
575.4 	 1.467526434273759e-06 	 3.006618066990693e-14
582.1 	 1.4475788316353847e-06 	 2.904290641104589e-14
588.8 	 1.4281868989392275e-06 	 2.8062345822713678e-14
595.7 	 1.4086756262630525e-06 	 2.708956220416775e-14
602.6 	 1.389657067066955e-06 	 2.616389794293059e-14
609.5 	 1.3709909099547275e-06 	 2.5280515184822246e-14
616.6 	 1.3523489011024463e-06 	 2.4407238782194597e-14
623.7 	 1.3341748299294632e-06 	 2.3576068296173605e-14
631.0 	 1.3160346738119695e-06 	 2.275557005027288e-14
638.3 	 1.298237214841484e-06 	 2.1973293541931974e-14
645.7 	 1.2807531775042901e-06 	 2.122140181491412e-14
653.1 	 1.2636376852084746e-06 	 2.049963803649115e-14
660.7 	 1.246460667520332e-06 	 1.978685391259385e-14
668.3 	 1.2297783856962589e-06 	 1.9113822258109154e-14
676.1 	 1.213085712161941e-06 	 1.844580437573072e-14
683.9 	 1.1968104102390242e-06 	 1.78101768346155e-14
691.8 	 1.1807309275381626e-06 	 1.7198678090626565e-14
699.8 	 1.1648225119030437e-06 	 1.660244708206583e-14
707.9 	 1.1491121413394462e-06 	 1.6029213407312935e-14
716.1 	 1.1337257505163541e-06 	 1.547563422470506e-14
724.4 	 1.118416928517517e-06 	 1.493566343029032e-14
732.8 	 1.103394615849036e-06 	 1.4417623755719198e-14
741.3 	 1.0885106865199163e-06 	 1.3916299497782474e-14
749.9 	 1.0739379012289807e-06 	 1.3432573360142064e-14
758.6 	 1.0595020364212532e-06 	 1.2964679393938239e-14
767.4 	 1.0452055540330497e-06 	 1.2512256082926487e-14
776.2 	 1.0313435893458434e-06 	 1.2082172093801772e-14
785.2 	 1.017482715408417e-06 	 1.166017150981483e-14
794.3 	 1.0038380097650736e-06 	 1.1252853604810886e-14
803.5 	 9.904571358766585e-07 	 1.0862385650299916e-14
812.8 	 9.77161560535724e-07 	 1.0482568196049856e-14
822.2 	 9.641254688608282e-07 	 1.0118547846750033e-14
831.8 	 9.511810827872467e-07 	 9.762581244474659e-15
841.4 	 9.385096093641282e-07 	 9.421658250437809e-15
851.1 	 9.260181277702258e-07 	 9.094666821544684e-15
861.0 	 9.136203976689069e-07 	 8.77516568672613e-15
871.0 	 9.014699755508192e-07 	 8.469154751334697e-15
881.0 	 8.895734819521815e-07 	 8.175991542193676e-15
891.3 	 8.776076619103735e-07 	 7.885952977812121e-15
901.6 	 8.659809546822418e-07 	 7.611739852723294e-15
912.0 	 8.54502257124237e-07 	 7.34580336740676e-15
922.6 	 8.431626000126163e-07 	 7.0880387988852726e-15
933.3 	 8.319532221346347e-07 	 6.839602569048877e-15
944.1 	 8.210124618994633e-07 	 6.603185332124215e-15
955.0 	 8.099745133812807e-07 	 6.365794512238467e-15
966.1 	 7.993784537165341e-07 	 6.1478868782931065e-15
977.2 	 7.886547342518254e-07 	 5.927764063238001e-15
988.6 	 7.783364917059096e-07 	 5.7234191594273016e-15
1000.0 	 7.682701456506215e-07 	 5.5287900994693976e-15
