0.001 	 9.657500429992657e-06 	 0.03330445311279614
0.001012 	 9.983884967064837e-06 	 0.033212028618316916
0.001023 	 1.0328552468955815e-05 	 0.03323627584276975
0.001035 	 1.067126279203083e-05 	 0.03331609533831698
0.001047 	 1.1021615847797034e-05 	 0.03337567965735568
0.001059 	 1.1390842375143804e-05 	 0.03341680144959035
0.001072 	 1.1767324875341397e-05 	 0.0335020939632619
0.001084 	 1.2172171939483767e-05 	 0.03350710908722155
0.001096 	 1.2594066848451836e-05 	 0.0336756074925381
0.001109 	 1.3017043104294103e-05 	 0.03370081260033795
0.001122 	 1.3451911953168621e-05 	 0.03370797694914684
0.001135 	 1.3912559893464535e-05 	 0.03369899564448912
0.001148 	 1.4394582987577938e-05 	 0.03383775350953092
0.001161 	 1.489376546258069e-05 	 0.03395518707946003
0.001175 	 1.5396423063937876e-05 	 0.033936793459149045
0.001189 	 1.5911128294358204e-05 	 0.03390188338756944
0.001202 	 1.6447766751763095e-05 	 0.03411337677596349
0.001216 	 1.698231334058271e-05 	 0.03404379172361431
0.00123 	 1.7524488760713573e-05 	 0.0341033574652208
0.001245 	 1.8079061529550495e-05 	 0.03403566701359419
0.001259 	 1.8693225253054926e-05 	 0.03419905491862774
0.001274 	 1.9310581748962052e-05 	 0.03423335831920742
0.001288 	 1.995738152273883e-05 	 0.03435582878553339
0.001303 	 2.059938098336652e-05 	 0.034353374626631704
0.001318 	 2.1272946607524536e-05 	 0.03446035555894324
0.001334 	 2.196052511248607e-05 	 0.03432319297721324
0.001349 	 2.2693709478861864e-05 	 0.03451500708224087
0.001365 	 2.343225131059925e-05 	 0.03446711364240175
0.00138 	 2.4215291183496648e-05 	 0.034619180534731585
0.001396 	 2.500428699889105e-05 	 0.03465224720241493
0.001413 	 2.5811724632399028e-05 	 0.034679790393505605
0.001429 	 2.666968657087037e-05 	 0.03478692010024081
0.001445 	 2.7556383957446056e-05 	 0.034875611927918646
0.001462 	 2.8440300842726984e-05 	 0.03485091217359445
0.001479 	 2.9375231858823982e-05 	 0.03491258244704496
0.001496 	 3.031604404359557e-05 	 0.03495564441996921
0.001514 	 3.129547876262256e-05 	 0.03489204260874471
0.001531 	 3.23259822093156e-05 	 0.03499942634407435
0.001549 	 3.336472557601254e-05 	 0.03499861473249569
0.001567 	 3.44314088343168e-05 	 0.03507133815959893
0.001585 	 3.555066504698006e-05 	 0.03512799148479245
0.001603 	 3.6695417376638846e-05 	 0.035168252960602275
0.001622 	 3.789150723647565e-05 	 0.03519186872027597
0.001641 	 3.908464148873025e-05 	 0.03519790732433832
0.00166 	 4.034825150861503e-05 	 0.03527062686574456
0.001679 	 4.1607433790530376e-05 	 0.03524764935288334
0.001698 	 4.2957946803450754e-05 	 0.035366533755919326
0.001718 	 4.432366481310198e-05 	 0.03538593824898818
0.001738 	 4.575134673188015e-05 	 0.03539263479586137
0.001758 	 4.719274112877214e-05 	 0.035454746334701456
0.001778 	 4.869300745103422e-05 	 0.03550308995925795
0.001799 	 5.019969928499364e-05 	 0.035458340005999574
0.00182 	 5.178312593883617e-05 	 0.035470380698597384
0.001841 	 5.344066616481768e-05 	 0.03553554914127816
0.001862 	 5.512622079412937e-05 	 0.03558537598734589
0.001884 	 5.6851754356285454e-05 	 0.03554827228128218
0.001905 	 5.86534293355709e-05 	 0.03563505822920696
0.001928 	 6.041631426365895e-05 	 0.03555900493889829
0.00195 	 6.229437885279309e-05 	 0.03554959694332725
0.001972 	 6.425407089394543e-05 	 0.0356433456422713
0.001995 	 6.625940157946551e-05 	 0.035600312858425576
0.002018 	 6.833972564945781e-05 	 0.03560352715760427
0.002042 	 7.043812278825942e-05 	 0.03557887009753233
0.002065 	 7.260151799138811e-05 	 0.03561238376621178
0.002089 	 7.477865454641534e-05 	 0.035567731357688724
0.002113 	 7.704083329538102e-05 	 0.035565937186020934
0.002138 	 7.938602180827536e-05 	 0.03554052743457234
0.002163 	 8.180837639711423e-05 	 0.03550890866969915
0.002188 	 8.432382880756689e-05 	 0.03551742570049306
0.002213 	 8.69108673068318e-05 	 0.03551915104458662
0.002239 	 8.952709364695717e-05 	 0.0354514843633551
0.002265 	 9.215502110237873e-05 	 0.03541701737667602
0.002291 	 9.48650733577148e-05 	 0.03537885374314947
0.002317 	 9.770706275211734e-05 	 0.03538059018060606
0.002344 	 0.00010061631109530884 	 0.03532031362205583
0.002371 	 0.00010364768613483849 	 0.035298725306638586
0.002399 	 0.00010673556952010588 	 0.03518146149346259
0.002427 	 0.00010991957332505943 	 0.03513729192764219
0.002455 	 0.00011316325069817977 	 0.03505620334689565
0.002483 	 0.00011646466023494181 	 0.03500785316302569
0.002512 	 0.000119741909331241 	 0.03496422419237175
0.002541 	 0.00012319995977010315 	 0.0348961191522441
0.00257 	 0.00012680115560664178 	 0.03483451335110812
0.0026 	 0.00013049054832636088 	 0.03475606509330085
0.00263 	 0.00013432731878660828 	 0.03465672588155249
0.002661 	 0.00013820884547455852 	 0.03453984287574505
0.002692 	 0.00014219704932513403 	 0.034403077218501055
0.002723 	 0.00014627343238492952 	 0.03427426646528404
0.002754 	 0.0001504645471517721 	 0.03418178155954179
0.002786 	 0.00015485654889585526 	 0.034011254668860305
0.002818 	 0.00015943704917492695 	 0.033885543235707964
0.002851 	 0.0001639996515254909 	 0.03369546876995922
0.002884 	 0.0001685986640093496 	 0.03349189618226743
0.002917 	 0.0001733721071794269 	 0.0333329889480145
0.002951 	 0.00017811605878141832 	 0.03311633530901588
0.002985 	 0.0001828880671848609 	 0.03291096700804076
0.00302 	 0.0001877594428889832 	 0.03268473958552246
0.003055 	 0.0001925192916456408 	 0.032439260815697625
0.00309 	 0.00019743418205377342 	 0.03221789974410529
0.003126 	 0.00020269376467776834 	 0.03198307864542287
0.003162 	 0.00020809027927894675 	 0.03171984407564557
0.003199 	 0.00021355259257480993 	 0.031461581986128424
0.003236 	 0.00021914088199945057 	 0.031196727229812628
0.003273 	 0.0002247269938996121 	 0.030948488962135094
0.003311 	 0.00023048641490265042 	 0.030654310574749936
0.00335 	 0.00023640807421111343 	 0.030319879475638526
0.003388 	 0.0002426242558210231 	 0.030021527400066386
0.003428 	 0.0002486758047809792 	 0.029648504304803917
0.003467 	 0.00025501237596306763 	 0.02932940961634359
0.003508 	 0.00026140594998904493 	 0.028938390914377658
0.003548 	 0.0002679557775166088 	 0.028570438095283663
0.003589 	 0.00027462194021178116 	 0.02815113358716295
0.003631 	 0.0002812832279967245 	 0.027690210749605433
0.003673 	 0.00028812370853515697 	 0.027286585402434237
0.003715 	 0.0002950272510085903 	 0.02684719282770269
0.003758 	 0.00030212693483675374 	 0.026334094402821192
0.003802 	 0.00030930380732254706 	 0.02577183465950892
0.003846 	 0.0003165261646899563 	 0.025181869458778417
0.00389 	 0.00032390130364061154 	 0.024923331769716336
0.003935 	 0.00033133944538518614 	 0.02487470081237487
0.003981 	 0.00033892509140116074 	 0.024375787315816112
0.004027 	 0.0003465315186354792 	 0.02353356060604353
0.004074 	 0.0003541701079423955 	 0.02244265114809483
0.004121 	 0.00036192172511757354 	 0.021259752590190417
0.004169 	 0.00036957723218797393 	 0.01947802955014236
0.004217 	 0.0003774205100984858 	 0.017938145593649653
0.004266 	 0.00038516848025731875 	 0.01718684028837969
0.004315 	 0.0003929094683774254 	 0.01758753435904852
0.004365 	 0.00040054968554978224 	 0.019450657014355766
0.004416 	 0.0004085030816395929 	 0.021664900045438935
0.004467 	 1.8427719658608657e-05 	 0.003323444364642198
0.004519 	 1.894791102423804e-05 	 0.0009299877614614786
0.004571 	 1.9500470556338398e-05 	 7.631033946211173e-05
0.004624 	 2.0079925362209705e-05 	 0.00023475066556243417
0.004677 	 2.0680712648139324e-05 	 0.0009917941358441901
0.004732 	 2.1293105245286516e-05 	 0.002043192483754809
0.004786 	 2.1920831201170423e-05 	 0.003044498071736993
0.004842 	 2.2532806387860427e-05 	 0.0037369060719904734
0.004898 	 2.3172120036435044e-05 	 0.004349739289358858
0.004954 	 2.38378327322206e-05 	 0.004863166693557609
0.005012 	 2.4527365676121925e-05 	 0.005261292425903358
0.00507 	 2.523301358977953e-05 	 0.005547819031038792
0.005129 	 2.5949135908116723e-05 	 0.005713283023819533
0.005188 	 2.668039329875144e-05 	 0.0058840534257948674
0.005248 	 2.742145624689862e-05 	 0.006201616520354291
0.005309 	 2.8194108798259262e-05 	 0.006498202951692303
0.00537 	 2.9002269046044857e-05 	 0.0067847686483293295
0.005433 	 2.9826268124702666e-05 	 0.007044066777704958
0.005495 	 3.068882061746884e-05 	 0.007297944784273032
0.005559 	 3.1557428608166756e-05 	 0.007523896586728247
0.005623 	 3.244973228519865e-05 	 0.007735901364111134
0.005689 	 3.337470650734747e-05 	 0.007945735141582203
0.005754 	 3.434814719951915e-05 	 0.008159991407918595
0.005821 	 3.5329768692150074e-05 	 0.008358367770468701
0.005888 	 3.633751468917754e-05 	 0.00854591252713605
0.005957 	 3.735798973650464e-05 	 0.00871738214232444
0.006026 	 3.839573775941323e-05 	 0.008881319077446253
0.006095 	 3.9450180733684e-05 	 0.009037963425211569
0.006166 	 4.05010190762682e-05 	 0.009172662946058755
0.006237 	 4.1619422468586206e-05 	 0.00931530734889342
0.00631 	 4.279602413568136e-05 	 0.009456382202486943
0.006383 	 4.400328107414954e-05 	 0.009595833747653833
0.006457 	 4.522685268715765e-05 	 0.00972485471381249
0.006531 	 4.647276559578635e-05 	 0.009852322978993378
0.006607 	 4.777512240652772e-05 	 0.009977116207045693
0.006683 	 4.91211650259313e-05 	 0.010100132087516861
0.006761 	 5.048248737437437e-05 	 0.010211849714890031
0.006839 	 5.1872541143423434e-05 	 0.010321724906419335
0.006918 	 5.330032254694779e-05 	 0.010426352459526554
0.006998 	 5.4775607628379676e-05 	 0.010528175950952434
0.007079 	 5.628468031711121e-05 	 0.010624551935803292
0.007161 	 5.7825805876603686e-05 	 0.01071781016968692
0.007244 	 5.941415163124882e-05 	 0.010810196529955815
0.007328 	 6.1014166335258395e-05 	 0.010899009361690627
0.007413 	 6.267971593058017e-05 	 0.010984391162880768
0.007499 	 6.440798602523827e-05 	 0.011070607265758396
0.007586 	 6.619609584175395e-05 	 0.011146577546324364
0.007674 	 6.804160947009922e-05 	 0.011237847312062746
0.007762 	 6.995061638306077e-05 	 0.011320178397980055
0.007852 	 7.185108363458706e-05 	 0.011402422741905276
0.007943 	 7.380220131020696e-05 	 0.011470205342399325
0.008035 	 7.580179481066359e-05 	 0.011543545517287314
0.008128 	 7.789737769217359e-05 	 0.011603021198743757
0.008222 	 8.003596404492607e-05 	 0.011686312190076332
0.008318 	 8.215576676213869e-05 	 0.011730917812906173
0.008414 	 8.437356443875801e-05 	 0.011804146922547597
0.008511 	 8.66753988207894e-05 	 0.011863556453975237
0.00861 	 8.904761698002096e-05 	 0.011921391662776688
0.00871 	 9.144998873478922e-05 	 0.01198253960837383
0.00881 	 9.393764045906242e-05 	 0.012052247212431953
0.008913 	 9.642926331792609e-05 	 0.012097263479014084
0.009016 	 9.904591230598145e-05 	 0.012150886120556832
0.00912 	 0.0001017275926539837 	 0.012206999635103551
0.009226 	 0.00010450418059743254 	 0.012260126077318212
0.009333 	 0.00010733857716827535 	 0.012315060757467872
0.009441 	 0.0001102276481880211 	 0.012356902962063486
0.00955 	 0.00011316940688553143 	 0.012414740620003323
0.009661 	 0.00011614851472889112 	 0.012454293773635024
0.009772 	 0.00011927018397639212 	 0.01250060229081871
0.009886 	 0.0001224925535735784 	 0.012538019927992663
0.01 	 0.00012580634497790283 	 0.012581399601355117
0.01012 	 0.00012913238554127798 	 0.012613213247149325
0.01023 	 0.00013267089121468274 	 0.01268717945927965
0.01035 	 0.00013616223083509868 	 0.012716565694112395
0.01047 	 0.00013969247913566438 	 0.012750790205483215
0.01059 	 0.00014337655706876613 	 0.01280189259798318
0.01072 	 0.00014710934339776306 	 0.012798161172682034
0.01084 	 0.000151082865553821 	 0.012858209388916379
0.01096 	 0.00015519587175998037 	 0.01293307265174254
0.01109 	 0.00015926241648889073 	 0.012953260431887326
0.01122 	 0.0001634558077637295 	 0.01297753183893518
0.01135 	 0.00016780840174913212 	 0.013016120906494611
0.01148 	 0.0001723506533202129 	 0.013068323093628051
0.01161 	 0.00017704012322958745 	 0.013113369761640407
0.01175 	 0.00018164878960037471 	 0.01312588379951202
0.01189 	 0.00018639291068041756 	 0.013141562384583211
0.01202 	 0.00019135899291447656 	 0.013203685811743672
0.01216 	 0.00019622905990471513 	 0.013223950919446155
0.0123 	 0.00020119137112241438 	 0.013246685403701724
0.01245 	 0.00020614375642360132 	 0.013238117743991565
0.01259 	 0.00021163809396983915 	 0.013284375748808008
0.01274 	 0.0002171031052315164 	 0.013298711893680122
0.01288 	 0.0002228397510407724 	 0.013348141931745279
0.01303 	 0.00022847132474114828 	 0.013365487532096714
0.01318 	 0.00023435373847425887 	 0.013400700199797607
0.01334 	 0.00024026651187319107 	 0.013397149927983848
0.01349 	 0.000246531107186958 	 0.013442793627344789
0.01365 	 0.0002528392575055241 	 0.01345735447971912
0.0138 	 0.00025943205648527813 	 0.013511887114063485
0.01396 	 0.00026605163488814445 	 0.013535317239412158
0.01413 	 0.00027268262077885606 	 0.013521543451916612
0.01429 	 0.000279761150713782 	 0.013561057788744581
0.01445 	 0.0002871154904324125 	 0.013601540509596484
0.01462 	 0.0002942561363328617 	 0.013616667395299976
0.01479 	 0.0003017950088063173 	 0.013633671474784836
0.01496 	 0.00030944518893966653 	 0.013656949688821068
0.01514 	 0.0003172654559056849 	 0.01365153605599412
0.01531 	 0.00032539132653444143 	 0.013688037550742561
0.01549 	 0.0003333978722790398 	 0.013694239693986582
0.01567 	 0.00034175478295092625 	 0.013707400871063037
0.01585 	 0.000350450787578022 	 0.013727125744110393
0.01603 	 0.0003594762040334093 	 0.013758287043385624
0.01622 	 0.0003685923680696231 	 0.013761093908983654
0.01641 	 0.00037775919120314937 	 0.013768421481649354
0.0166 	 0.00038722490359981463 	 0.013786292231825934
0.01679 	 0.00039673449370531295 	 0.013812633350676154
0.01698 	 0.0004067718716777471 	 0.01384504923829782
0.01718 	 0.00041683852025633546 	 0.013854113699147222
0.01738 	 0.000427400124847077 	 0.013873565029839602
0.01758 	 0.0004379696679267971 	 0.013895708716405523
0.01778 	 0.0004487784709263997 	 0.013917463514262205
0.01799 	 0.0004597959987069611 	 0.013917582798903046
0.0182 	 0.0004710295424584398 	 0.013925803499677253
0.01841 	 0.00048269593508252313 	 0.01393897384924522
0.01862 	 0.0004947843453879959 	 0.013964600839866963
0.01884 	 0.0005067885754408716 	 0.013959613745978601
0.01905 	 0.0005194596741334613 	 0.013996109859441372
0.01928 	 0.0005321812936447517 	 0.013982953784374893
0.0195 	 0.0005455412217910128 	 0.014009985153483522
0.01972 	 0.000559252890103519 	 0.01404032087747857
0.01995 	 0.0005730199053375403 	 0.014048982399501345
0.02018 	 0.0005869045221777535 	 0.014059829386309428
0.02042 	 0.0006008143228431382 	 0.014049603271490178
0.02065 	 0.0006153231264554477 	 0.014070177972226736
0.02089 	 0.000630232665552996 	 0.014078152490826123
0.02113 	 0.0006456135984041977 	 0.014090077610523036
0.02138 	 0.0006609490797992546 	 0.01408117984358196
0.02163 	 0.0006767257848925108 	 0.014079224782466293
0.02188 	 0.0006929337418134652 	 0.014089383687053135
0.02213 	 0.0007095582799122563 	 0.014108210412375291
0.02239 	 0.0007264450925379074 	 0.014105793888042327
0.02265 	 0.0007438946509121465 	 0.014110326976588532
0.02291 	 0.0007618896031812531 	 0.014121463351029949
0.02317 	 0.0007802310728223446 	 0.014135346474254943
0.02344 	 0.000798752474460711 	 0.014136004269472468
0.02371 	 0.0008177793882873916 	 0.014156813638110824
0.02399 	 0.0008369255217045073 	 0.014147694478899705
0.02427 	 0.0008566936643678625 	 0.014138842422738234
0.02455 	 0.0008770857454062704 	 0.014152163184450336
0.02483 	 0.0008980839964175293 	 0.014186258740495976
0.02512 	 0.000919260904102175 	 0.014175718617548879
0.02541 	 0.0009410005872809235 	 0.01418579514059246
0.0257 	 0.0009632644620730305 	 0.014195427798952472
0.026 	 0.0009856805998396325 	 0.014202197925424969
0.0263 	 0.0010087178885017 	 0.014190579230373965
0.02661 	 0.0010320391338415292 	 0.01419569617379206
0.02692 	 0.0010559336903075596 	 0.01418319927062855
0.02723 	 0.0010802763135352817 	 0.01418844341077482
0.02754 	 0.0011054902186604313 	 0.01419604183179049
0.02786 	 0.0011308647675910813 	 0.014200424973985467
0.02818 	 0.0011570309027882793 	 0.014190822450275602
0.02851 	 0.001183476289336044 	 0.014194919998395629
0.02884 	 0.0012108311252323092 	 0.014201854002670749
0.02917 	 0.001239093999513929 	 0.014226644528322391
0.02951 	 0.0012674693930389204 	 0.01421803334018275
0.02985 	 0.0012968400760841727 	 0.014227937548709053
0.0302 	 0.001326570844464442 	 0.014221722392866471
0.03055 	 0.0013569285642314251 	 0.014217868085267888
0.0309 	 0.0013875093747156809 	 0.01422711302278073
0.03126 	 0.0014186183073185024 	 0.014209602041898785
0.03162 	 0.0014518323254643286 	 0.014228813791596094
0.03199 	 0.0014838730755433345 	 0.014212367888377117
0.03236 	 0.0015165950717201005 	 0.014211261481719015
0.03273 	 0.0015512599602668076 	 0.01422080507708758
0.03311 	 0.001586038005538619 	 0.014215893639340626
0.0335 	 0.001620898942552442 	 0.01419714296644153
0.03388 	 0.0016568204823539556 	 0.014209330648889231
0.03428 	 0.0016935192217762786 	 0.014188006694424257
0.03467 	 0.0017312281250679146 	 0.014196876758716106
0.03508 	 0.0017684098530066869 	 0.014176164062129995
0.03548 	 0.0018077693618601654 	 0.014182180082675066
0.03589 	 0.0018470726731512465 	 0.014184691088836653
0.03631 	 0.0018874308069775467 	 0.014172417388744044
0.03673 	 0.0019293715997904164 	 0.014179493669247128
0.03715 	 0.001970455850499881 	 0.01417392530980005
0.03758 	 0.0020136850579779973 	 0.014170455416110455
0.03802 	 0.002056678583467296 	 0.014155574859504288
0.03846 	 0.002099966408116518 	 0.014144489043933341
0.0389 	 0.002145801283375576 	 0.014150444982006308
0.03935 	 0.0021913334573348524 	 0.01414543873689499
0.03981 	 0.0022365191158014715 	 0.014122650951818465
0.04027 	 0.002283040625481414 	 0.014110689470216996
0.04074 	 0.002331419173873822 	 0.014108682164282802
0.04121 	 0.0023799497002668234 	 0.014103750293951434
0.04169 	 0.0024280574049980997 	 0.01408285449817361
0.04217 	 0.0024773805359297606 	 0.014066495407472422
0.04266 	 0.002527375886082719 	 0.014054006802677089
0.04315 	 0.002579584665875909 	 0.014052210268815144
0.04365 	 0.0026313014222944953 	 0.014036230562181352
0.04416 	 0.002683618764895404 	 0.014024162825557882
0.04467 	 0.002737019059195528 	 0.014011768645573186
0.04519 	 0.0027909478763381876 	 0.013997947345615217
0.04571 	 0.0028459698733648013 	 0.013989886527608002
0.04624 	 0.002901451412026689 	 0.013975609022670822
0.04677 	 0.0029580462109357803 	 0.013972509539375257
0.04732 	 0.003014437739298114 	 0.013951880426813125
0.04786 	 0.0030725203004239904 	 0.013949616267286212
0.04842 	 0.003130457969514538 	 0.013939842326912451
0.04898 	 0.003189391870513469 	 0.01393223343063457
0.04955 	 0.003248759607510459 	 0.013924507060303693
0.05012 	 0.0033060603744117113 	 0.013886624556777208
0.0507 	 0.0033667827124733286 	 0.013878276752335283
0.05129 	 0.003430013185389797 	 0.013896782354982483
0.05188 	 0.003497321923527031 	 0.014010096632400153
0.05248 	 0.0035727918345178303 	 0.014230225424457564
0.05309 	 0.003658223054074717 	 0.014456951193793302
0.0537 	 0.0037532216262413693 	 0.014697687605737683
0.05432 	 0.0038875286123064173 	 0.015011295056653289
0.05495 	 0.004025419227426546 	 0.015238076292420341
0.05559 	 0.0041487450157588895 	 0.01533338737767276
0.05623 	 0.0042558815748591165 	 0.015307033484786868
0.05689 	 0.004292183467344657 	 0.014747318816561246
0.05754 	 0.004291656612034756 	 0.014068267741230706
0.05821 	 0.004267152631408358 	 0.01334915548294661
0.05888 	 0.004222502495469517 	 0.012611661705943921
0.05957 	 0.0041293804722599544 	 0.011826176474056321
0.06026 	 0.004048664775838631 	 0.011239856255875742
0.06095 	 0.003992232270801987 	 0.010854937725091636
0.06166 	 0.003957024374847413 	 0.010638528811692796
0.06237 	 0.003994146978469945 	 0.010849870887313233
0.0631 	 0.004111381988731487 	 0.01144697840923548
0.06383 	 0.004270484486880196 	 0.01223208417152468
0.06457 	 0.004468709263568018 	 0.013196451877878938
0.06531 	 0.0047107014724880525 	 0.014384461646488062
0.06607 	 0.005000729359928606 	 0.015725587242344612
0.06683 	 0.005291843664221742 	 0.016991728396594814
0.06761 	 0.005577041480900464 	 0.018144029781065274
0.06839 	 0.005850190590859262 	 0.01917652223832566
0.06918 	 0.0060984795050354245 	 0.019942746639934585
0.06998 	 0.0062744324488238 	 0.02020621109922938
0.07079 	 0.006373463882053593 	 0.020125528836005796
0.07161 	 0.006406166570584185 	 0.01976525278563319
0.07244 	 0.006379711153689727 	 0.019167076834842034
0.07328 	 0.006258174054869884 	 0.018065993350174038
0.07413 	 0.006059218784839141 	 0.01656211632689073
0.07499 	 0.005863526794123009 	 0.015191175171433324
0.07586 	 0.005663885765885771 	 0.01388264136586546
0.07674 	 0.005467531162870874 	 0.01266657496037775
0.07762 	 0.005280905408836121 	 0.01155572996681226
0.07852 	 0.005155473797081289 	 0.010735559801415839
0.07943 	 0.005060808750382959 	 0.01008770642909842
0.08035 	 0.004995352806823045 	 0.009587287376594918
0.08128 	 0.00495737629185333 	 0.009213868134073523
0.08222 	 0.004945015474249021 	 0.008950613373954289
0.08318 	 0.004972808670540618 	 0.008864230423311444
0.08414 	 0.005042421251045399 	 0.008967565347530963
0.08511 	 0.005138991026911679 	 0.009190325381485337
0.0861 	 0.005254877534132565 	 0.009503332205024155
0.0871 	 0.005396885745255067 	 0.009948684364146667
0.0881 	 0.005558931141396384 	 0.010514856681373344
0.08913 	 0.005687549532060617 	 0.011024188059012252
0.09016 	 0.005768401935328532 	 0.011439979988387897
0.0912 	 0.005832112853303172 	 0.011874550983056266
0.09226 	 0.005836645863477559 	 0.012010987535579004
0.09333 	 0.005834759639837761 	 0.012158676563393846
0.09441 	 0.005873872984519942 	 0.012600839665263921
0.0955 	 0.005856468710532969 	 0.012957569481821026
0.09661 	 0.005717624467711297 	 0.01301699738348362
0.09772 	 0.005496951989801752 	 0.012706671062825678
0.09886 	 0.00520825390928632 	 0.011866270506599035
0.1 	 0.004942043603367948 	 0.011072912665316504
0.1012 	 0.004787341548188938 	 0.01062115068716261
0.1023 	 0.004664275465403904 	 0.010410325135526427
0.1035 	 0.0045545328083623215 	 0.010527627038095283
0.1047 	 0.004377425794416761 	 0.010597549588246954
0.1059 	 0.004118819836458803 	 0.010659044302933953
0.1072 	 0.0037523682007969002 	 0.01022980560198799
0.1084 	 0.0032288894304829535 	 0.009330035043990928
0.1096 	 0.002690733859067994 	 0.008334545748567233
0.1109 	 0.0022440763930816642 	 0.0074493331206870305
0.1122 	 0.001954459358689027 	 0.006361409125817535
0.1135 	 0.0017120086479489487 	 0.00535048513353517
0.1148 	 0.0014924098948352863 	 0.00438646163749158
0.1161 	 0.0013333658213893814 	 0.0038626901917397684
0.1175 	 0.0012085773533689658 	 0.003436002248264252
0.1189 	 0.0010955148885869717 	 0.0030667917868107022
0.1202 	 0.0009856930387878598 	 0.002739798730429351
0.1216 	 0.0008870246746345523 	 0.002446455362883285
0.123 	 0.0008043942761275544 	 0.0021849220814409635
0.1245 	 0.0007344120505415798 	 0.001947166314560635
0.1259 	 0.0006769933788947984 	 0.0017481491289456494
0.1274 	 0.0006296456360292811 	 0.0015719195935247198
0.1288 	 0.0005924962711739583 	 0.0014227157798640268
0.1303 	 0.000561208396764365 	 0.001290081832155021
0.1318 	 0.0005329414375377496 	 0.001173653406949994
0.1334 	 0.0005075290640999987 	 0.0010683817519733588
0.1349 	 0.00048551059667452227 	 0.0009779393313730244
0.1365 	 0.00046516236405417307 	 0.0008959244902001362
0.138 	 0.00044565232541412625 	 0.0008251043773177946
0.1396 	 0.0004254684154531569 	 0.0007605170322989479
0.1413 	 0.0004045675451452238 	 0.0006976523389579962
0.1429 	 0.00038678263097086915 	 0.0006400053435286997
0.1445 	 0.00037064457592718994 	 0.0005888165535644302
0.1462 	 0.00035663588674268086 	 0.000539637887390164
0.1479 	 0.00034521286577446076 	 0.000494657365421704
0.1496 	 0.00033627835138533914 	 0.0004531725272808278
0.1514 	 0.0003299258335089275 	 0.0004139877738168589
0.1531 	 0.00032741732139646325 	 0.000380104423007987
0.1549 	 0.00032836282668084814 	 0.0003488754777014038
0.1567 	 0.0003342496668679995 	 0.0003215274131740127
0.1585 	 0.00034315358531493374 	 0.0002974878337608399
0.1603 	 0.00035414038752332974 	 0.00027645318061250273
0.1622 	 0.0003645615096038364 	 0.000257669359229677
0.1641 	 0.00037455988120417045 	 0.00024118336761384424
0.166 	 0.00038354302856927604 	 0.00022682485249962277
0.1679 	 0.0003896264637025025 	 0.00021385361877945466
0.1698 	 0.0003941810971753473 	 0.00020189545682390805
0.1718 	 0.000395082832481998 	 0.0001910854687516476
0.1738 	 0.0003954600489112449 	 0.00018067345085856187
0.1758 	 0.0003950469028214105 	 0.00017055097243976006
0.1778 	 0.00039420779449262505 	 0.0001607158094569342
0.1799 	 0.00039269511048438166 	 0.00015089978301722204
0.182 	 0.0003891832850985068 	 0.00014107435773544382
0.1841 	 0.0003864048544478928 	 0.000131703982937764
0.1862 	 0.0003844815149490596 	 0.00012281239988082645
0.1884 	 0.00038288281950018003 	 0.00011411539068071231
0.1905 	 0.00038344779364439676 	 0.00010615024933986655
0.1928 	 0.0003887544306251887 	 9.849142580939246e-05
0.195 	 0.00039647387452129316 	 9.169013961725441e-05
0.1972 	 0.0004064946659168586 	 8.553470143493329e-05
0.1995 	 0.00041847391459776904 	 7.977636020635882e-05
0.2018 	 0.00043256450495075897 	 7.485229456130705e-05
0.2042 	 0.00044860607155374426 	 7.046483820959705e-05
0.2065 	 0.00046670579823519575 	 6.681080515272558e-05
0.2089 	 0.00048627263510813454 	 6.353770212218281e-05
0.2113 	 0.0005076332377024164 	 6.101897175387867e-05
0.2138 	 0.0005300199374665265 	 5.9101888651532937e-05
0.2163 	 0.000548242467665601 	 5.755233740251543e-05
0.2188 	 0.0005638506073722917 	 5.5953275246993307e-05
0.2213 	 0.0005804684247894195 	 5.4255339078119086e-05
0.2239 	 0.0005984851955157122 	 5.2541543027800607e-05
0.2265 	 0.000621552013200313 	 5.153397321885254e-05
0.2291 	 0.0006483597458734165 	 5.1209684872202174e-05
0.2317 	 0.0006753412357005266 	 5.133069610729258e-05
0.2344 	 0.0006998951063357134 	 5.162650267076255e-05
0.2371 	 0.0007222119695319335 	 5.2138469104974695e-05
0.2399 	 0.000741696973510797 	 5.2638739727999314e-05
0.2427 	 0.0007600593740804377 	 5.317623989971059e-05
0.2455 	 0.0007761658459946531 	 5.3705927519086975e-05
0.2483 	 0.0007898005608554337 	 5.4194739150531956e-05
0.2512 	 0.0008007060612319795 	 5.4519032502780216e-05
0.2541 	 0.0008093777800433142 	 5.4800788312423094e-05
0.257 	 0.0008162709924590347 	 5.5107601621601644e-05
0.26 	 0.0008234043460586533 	 5.5622830507804466e-05
0.263 	 0.0008290259325599602 	 5.620538917266136e-05
0.2661 	 0.0008310286222072251 	 5.65382752665427e-05
0.2692 	 0.0008298304458106453 	 5.67255156857164e-05
0.2723 	 0.0008258614128380661 	 5.677225366527605e-05
0.2754 	 0.0008178642510540099 	 5.654645533844304e-05
0.2786 	 0.0008050711891498105 	 5.590378894912595e-05
0.2818 	 0.0007896645922300016 	 5.5107892365133155e-05
0.2851 	 0.0007716052885715451 	 5.4108523703854945e-05
0.2884 	 0.0007538060304502166 	 5.295170010935675e-05
0.2917 	 0.000735274172121772 	 5.171374879737288e-05
0.2951 	 0.0007155947406227737 	 5.042611157413613e-05
0.2985 	 0.0006957817931748824 	 4.905727633609964e-05
0.302 	 0.0006756006625804868 	 4.7562495745980525e-05
0.3055 	 0.000655314240998596 	 4.6023233652653916e-05
0.309 	 0.0006350498728519659 	 4.446447214598927e-05
0.3126 	 0.0006142772512594619 	 4.280270935910985e-05
0.3162 	 0.0005934371126952499 	 4.117178869352481e-05
0.3199 	 0.0005730211270845699 	 3.948808037785092e-05
0.3236 	 0.0005528110211628401 	 3.783987406870358e-05
0.3273 	 0.0005332695984165156 	 3.6208513511212864e-05
0.3311 	 0.0005141049362576286 	 3.463716081191774e-05
0.335 	 0.0004961644671178294 	 3.3081318625494143e-05
0.3388 	 0.0004793465032546416 	 3.164299835992308e-05
0.3428 	 0.00046341361445276783 	 3.0176632136266082e-05
0.3467 	 0.00044916587739180256 	 2.8843653095959235e-05
0.3508 	 0.0004362439541454948 	 2.750426102459665e-05
0.3548 	 0.0004244293850939772 	 2.6266482927373806e-05
0.3589 	 0.0004132165077381331 	 2.5086858324711893e-05
0.3631 	 0.0004027421128600695 	 2.393850217255644e-05
0.3673 	 0.0003924155363894729 	 2.2908754754786523e-05
0.3715 	 0.00038207603027677704 	 2.1981419965757898e-05
0.3758 	 0.0003718919271795948 	 2.110662520746172e-05
0.3802 	 0.0003619492754842687 	 2.0259456574280892e-05
0.3846 	 0.0003521559383827085 	 1.9478064640473396e-05
0.389 	 0.00034238483747880136 	 1.8710520271709516e-05
0.3936 	 0.00033218448780484195 	 1.7935758654595495e-05
0.3981 	 0.0003218855650671392 	 1.721188985807087e-05
0.4027 	 0.0003112313644573138 	 1.6500238906238743e-05
0.4074 	 0.0003002981963682204 	 1.5803857152020136e-05
0.4121 	 0.0002892285518428325 	 1.5139950680802983e-05
0.4169 	 0.00027796464560818146 	 1.4493410924817104e-05
0.4217 	 0.000266588446419475 	 1.3878462846678112e-05
0.4266 	 0.00025522615539846574 	 1.3269477892210877e-05
0.4315 	 0.00024372948973461813 	 1.2705308884526012e-05
0.4365 	 0.00023281904778521727 	 1.2128773188778729e-05
0.4416 	 0.00022244507118817944 	 1.1543510672552887e-05
0.4467 	 0.00021211991160099858 	 1.0981042974017686e-05
0.4519 	 0.00020226558386080552 	 1.0448138958483611e-05
0.4571 	 0.00019301377209368366 	 9.941923088977157e-06
0.4624 	 0.00018429460090610444 	 9.452291035718264e-06
0.4677 	 0.00017599128852614272 	 8.995320300861275e-06
0.4732 	 0.0001680626269333983 	 8.554196105909258e-06
0.4786 	 0.00016072830546479607 	 8.132507430294505e-06
0.4842 	 0.00015361824864559018 	 7.733335829305705e-06
0.4898 	 0.00014715171730985386 	 7.345899934450009e-06
0.4955 	 0.0001410703355557918 	 6.970723067614053e-06
0.5012 	 0.0001352766140652719 	 6.619753766522225e-06
0.507 	 0.00012973640645211462 	 6.286155727440376e-06
0.5129 	 0.00012440532685712748 	 5.968918483486221e-06
0.5188 	 0.0001194435086566774 	 5.666027894241114e-06
0.5248 	 0.00011457753701875878 	 5.383592278020055e-06
0.5309 	 0.00011000285126427395 	 5.1095353999288e-06
0.537 	 0.00010562008879928927 	 4.858077634798505e-06
0.5433 	 0.00010141805582099943 	 4.6100919885389004e-06
0.5495 	 9.747044698550597e-05 	 4.380999993031737e-06
0.5559 	 9.360430720766989e-05 	 4.159693658473692e-06
0.5623 	 8.99188726539116e-05 	 3.956618289143276e-06
0.5689 	 8.63601567835879e-05 	 3.7562025713562534e-06
0.5754 	 8.299185238099908e-05 	 3.5748178554360303e-06
0.5821 	 7.974221119689238e-05 	 3.3956583184523323e-06
0.5888 	 7.666225355784748e-05 	 3.231234164257381e-06
0.5957 	 7.369458248178626e-05 	 3.0689361939039263e-06
0.6026 	 7.085654458779198e-05 	 2.9199406505646784e-06
0.6095 	 6.81822415769386e-05 	 2.7766765248403566e-06
0.6166 	 6.564325343511454e-05 	 2.638594359984128e-06
0.6237 	 6.315774995672817e-05 	 2.511684662292263e-06
0.631 	 6.0837102944175015e-05 	 2.3865421132467586e-06
0.6383 	 5.856750402394422e-05 	 2.271549478545533e-06
0.6457 	 5.646488096218919e-05 	 2.159554104513298e-06
0.6531 	 5.44378148291323e-05 	 2.0542159358199428e-06
0.6607 	 5.2441156243939554e-05 	 1.954992334129393e-06
0.6683 	 5.054475918767482e-05 	 1.8594241810243101e-06
0.6761 	 4.867906874229061e-05 	 1.7694772250529284e-06
0.6839 	 4.6939972937263645e-05 	 1.6828717479907826e-06
0.6918 	 4.523756292755394e-05 	 1.6023462692846561e-06
0.6998 	 4.3648767729435e-05 	 1.5238538959400836e-06
0.7079 	 4.212583247656145e-05 	 1.4509287187780596e-06
0.7161 	 4.065960370437663e-05 	 1.3814787692924049e-06
0.7244 	 3.926902392164017e-05 	 1.313769681881995e-06
0.7328 	 3.79118801275264e-05 	 1.2508775193229201e-06
0.7413 	 3.657856698771732e-05 	 1.1909855917941665e-06
0.7499 	 3.5326774811195604e-05 	 1.1339946627845194e-06
0.7586 	 3.4125737152717186e-05 	 1.0797506021418316e-06
0.7674 	 3.299124200779372e-05 	 1.0268755432444033e-06
0.7762 	 3.1863675445363143e-05 	 9.782927661258617e-07
0.7852 	 3.080755762089771e-05 	 9.315680624957029e-07
0.7943 	 2.9770131030594684e-05 	 8.870960140216076e-07
0.8035 	 2.8778393915466206e-05 	 8.44783382504707e-07
0.8128 	 2.780428397575293e-05 	 8.045159863725455e-07
0.8222 	 2.6874243692979625e-05 	 7.662078151897418e-07
0.8318 	 2.5981435332270396e-05 	 7.29412731484748e-07
0.8414 	 2.5120815766483834e-05 	 6.947594994307178e-07
0.8511 	 2.4281157354215073e-05 	 6.626149461167379e-07
0.861 	 2.348179223027705e-05 	 6.309208104487081e-07
0.871 	 2.2714603013460572e-05 	 6.007893646897559e-07
0.881 	 2.1976294731895473e-05 	 5.724016880987965e-07
0.8913 	 2.126373479999338e-05 	 5.449062167832113e-07
0.9016 	 2.057060393059167e-05 	 5.196635848351285e-07
0.912 	 1.9924980990143824e-05 	 4.950161243671769e-07
0.9226 	 1.930086799368603e-05 	 4.7137581546117e-07
0.9333 	 1.8690343001084223e-05 	 4.4947772202674387e-07
0.9441 	 1.8114752892009e-05 	 4.2810286209992536e-07
0.955 	 1.755888230638468e-05 	 4.077878501107714e-07
0.9661 	 1.7016335756547156e-05 	 3.8881227317644796e-07
0.9772 	 1.6503359443256227e-05 	 3.704464290606655e-07
0.9886 	 1.5997138053655638e-05 	 3.5315177002741366e-07
1.0 	 1.5515489713728966e-05 	 3.368460321908035e-07
1.012 	 1.5041011400311856e-05 	 3.202894066126475e-07
1.023 	 1.4592491514458025e-05 	 3.0630293338635934e-07
1.035 	 1.4153303409508099e-05 	 2.915591559939755e-07
1.047 	 1.3725074222364928e-05 	 2.7803105275758866e-07
1.059 	 1.331471503094217e-05 	 2.6527112704022893e-07
1.072 	 1.2912068774763316e-05 	 2.519595101491242e-07
1.084 	 1.2533978762690618e-05 	 2.406517474224635e-07
1.096 	 1.2168009317192979e-05 	 2.2996464307842181e-07
1.109 	 1.1805142154254864e-05 	 2.1906623798152862e-07
1.122 	 1.1458449473709513e-05 	 2.0879979706787116e-07
1.135 	 1.1131152812523317e-05 	 1.988641996893742e-07
1.148 	 1.0813105503313947e-05 	 1.897466973116132e-07
1.161 	 1.0507787901076611e-05 	 1.8114051782566897e-07
1.175 	 1.0206092747724213e-05 	 1.7242357948505e-07
1.189 	 9.916995303400257e-06 	 1.6421969075319277e-07
1.202 	 9.64621131498023e-06 	 1.570145208374844e-07
1.216 	 9.378893611810802e-06 	 1.4970256283924056e-07
1.23 	 9.122995051143006e-06 	 1.42807066425259e-07
1.245 	 8.871007583039763e-06 	 1.3586264545882548e-07
1.259 	 8.631721580309326e-06 	 1.2974231469314138e-07
1.274 	 8.396276124668854e-06 	 1.235704438173809e-07
1.288 	 8.17426421915235e-06 	 1.1812359479283958e-07
1.303 	 7.954252132601842e-06 	 1.1262389579057748e-07
1.318 	 7.742547378178357e-06 	 1.074372682276794e-07
1.334 	 7.533223447861252e-06 	 1.0223554871202452e-07
1.349 	 7.337528133746154e-06 	 9.76306865610537e-08
1.365 	 7.144102990980413e-06 	 9.300635916043079e-08
1.38 	 6.9617293632866e-06 	 8.890699478147726e-08
1.396 	 6.783181260022261e-06 	 8.478520556285956e-08
1.413 	 6.603696978556271e-06 	 8.077496498933036e-08
1.429 	 6.439477514676196e-06 	 7.71128708182732e-08
1.445 	 6.280370907497716e-06 	 7.365370672691792e-08
1.462 	 6.12041078632113e-06 	 7.028491191905751e-08
1.479 	 5.9687455215755805e-06 	 6.7017717879312e-08
1.496 	 5.821960829768949e-06 	 6.393615359674818e-08
1.514 	 5.67764431393606e-06 	 6.08667310081486e-08
1.531 	 5.541742395243058e-06 	 5.812903355220474e-08
1.549 	 5.408195434360537e-06 	 5.5398575954792617e-08
1.567 	 5.276368845383341e-06 	 5.289526764935441e-08
1.585 	 5.153070542531148e-06 	 5.046456235299455e-08
1.603 	 5.032474922695125e-06 	 4.817034665410591e-08
1.622 	 4.911732144914324e-06 	 4.5951565545286205e-08
1.641 	 4.797653001501651e-06 	 4.380059170994147e-08
1.66 	 4.685076070803802e-06 	 4.182851842510707e-08
1.679 	 4.5801291639547065e-06 	 3.9912864971464646e-08
1.698 	 4.477476489646973e-06 	 3.810441319216715e-08
1.718 	 4.373560550840716e-06 	 3.636008350971136e-08
1.738 	 4.276872526925002e-06 	 3.466801444878476e-08
1.758 	 4.180173540314533e-06 	 3.3116518124399206e-08
1.778 	 4.090332313687102e-06 	 3.160848186073145e-08
1.799 	 4.000220049202231e-06 	 3.011729626842386e-08
1.82 	 3.912631056904105e-06 	 2.875068769364229e-08
1.841 	 3.829020087305615e-06 	 2.7423857102075205e-08
1.862 	 3.747772125525769e-06 	 2.62070825550021e-08
1.884 	 3.6682861126211794e-06 	 2.4970290786864036e-08
1.905 	 3.5918252734260687e-06 	 2.3886981951210623e-08
1.928 	 3.5163882878964458e-06 	 2.2736456544146475e-08
1.95 	 3.4438534254307803e-06 	 2.1727359980642192e-08
1.972 	 3.3758434253613716e-06 	 2.0745663427757847e-08
1.995 	 3.3059334238243365e-06 	 1.9805151147693452e-08
2.018 	 3.240427667757454e-06 	 1.8891843384980625e-08
2.042 	 3.1742932439600606e-06 	 1.801902503776067e-08
2.065 	 3.113921343075015e-06 	 1.7206124985502686e-08
2.089 	 3.051811254045573e-06 	 1.642877012086147e-08
2.113 	 2.9937454946656094e-06 	 1.5673627301534176e-08
2.138 	 2.9351396447761557e-06 	 1.4953148637099553e-08
2.163 	 2.880438905258569e-06 	 1.4254299283744115e-08
2.188 	 2.8255036675925704e-06 	 1.3613784371408296e-08
2.213 	 2.7742817634468085e-06 	 1.2991239560611847e-08
2.239 	 2.7225836423723092e-06 	 1.239813806845551e-08
2.265 	 2.6720723804333793e-06 	 1.1838498878903405e-08
2.291 	 2.6250678585967666e-06 	 1.1294760150600386e-08
2.317 	 2.577766055949212e-06 	 1.0796178867754715e-08
2.344 	 2.5327244835462696e-06 	 1.0293220486554287e-08
2.371 	 2.4883739390477284e-06 	 9.83224539610094e-09
2.399 	 2.4452682254695844e-06 	 9.368391177627521e-09
2.427 	 2.4028459764559515e-06 	 8.943434369274223e-09
2.455 	 2.361391387891408e-06 	 8.542301196185721e-09
2.483 	 2.3229999145870124e-06 	 8.15231270426093e-09
2.512 	 2.2833599302218995e-06 	 7.782279030201075e-09
2.541 	 2.2455301411069446e-06 	 7.433006108892046e-09
2.57 	 2.2105932984067657e-06 	 7.093445607603785e-09
2.6 	 2.1744626903346065e-06 	 6.771647468697245e-09
2.63 	 2.1391563453648664e-06 	 6.467891779712895e-09
2.661 	 2.106675810994302e-06 	 6.1632893702379745e-09
2.692 	 2.0749351052215347e-06 	 5.876213117621214e-09
2.723 	 2.0428509851936393e-06 	 5.613135795856283e-09
2.754 	 2.0123258369068478e-06 	 5.3646191426851225e-09
2.786 	 1.982794985377216e-06 	 5.115351122725416e-09
2.818 	 1.953734418014391e-06 	 4.8869133462735644e-09
2.851 	 1.9246511189265108e-06 	 4.664535729481207e-09
2.884 	 1.898015275203176e-06 	 4.448578312905524e-09
2.917 	 1.8710078282382788e-06 	 4.250650674709768e-09
2.951 	 1.8449346308313725e-06 	 4.052552475207447e-09
2.985 	 1.8200546391484906e-06 	 3.871037132916136e-09
3.02 	 1.79530571899332e-06 	 3.689612881476322e-09
3.055 	 1.7717143321066072e-06 	 3.5234091060276826e-09
3.09 	 1.7479101286258984e-06 	 3.3664580797542427e-09
3.126 	 1.7264585915844865e-06 	 3.209630130271132e-09
3.162 	 1.7038800690062436e-06 	 3.06593384643109e-09
3.199 	 1.6820063120269077e-06 	 2.926528797865309e-09
3.236 	 1.6614930513459429e-06 	 2.791122137421419e-09
3.273 	 1.642148444753568e-06 	 2.663370211788314e-09
3.311 	 1.6219047652912617e-06 	 2.543188296720871e-09
3.35 	 1.6024720747916593e-06 	 2.423472253906225e-09
3.388 	 1.5844986571877386e-06 	 2.316560641625709e-09
3.428 	 1.5661458667337966e-06 	 2.207270715688726e-09
3.467 	 1.5485284197183313e-06 	 2.1096163750371823e-09
3.508 	 1.530429883455945e-06 	 2.012706808364612e-09
3.548 	 1.5146127969468275e-06 	 1.9208156169680207e-09
3.589 	 1.4979555284499332e-06 	 1.8345368931294422e-09
3.631 	 1.4826723125999513e-06 	 1.7487031405441104e-09
3.673 	 1.467611034615033e-06 	 1.6700822328914238e-09
3.715 	 1.453643261200294e-06 	 1.5936268360839682e-09
3.758 	 1.438861223665056e-06 	 1.5219321432981277e-09
3.802 	 1.42538718702019e-06 	 1.4506873238175295e-09
3.846 	 1.4114927815544262e-06 	 1.3854338593781931e-09
3.89 	 1.399233902945282e-06 	 1.321977072745459e-09
3.936 	 1.3858294785767495e-06 	 1.2612546706914352e-09
3.981 	 1.3736625864196719e-06 	 1.2051897245920411e-09
4.027 	 1.3615585507949421e-06 	 1.1494667222210532e-09
4.074 	 1.3498408466970197e-06 	 1.0973368864841332e-09
4.121 	 1.338520413949785e-06 	 1.0466752398749349e-09
4.169 	 1.327010401232611e-06 	 9.993002410330418e-10
4.217 	 1.3169957530391103e-06 	 9.532508724494807e-10
4.266 	 1.30622780910239e-06 	 9.10205702834162e-10
4.315 	 1.2963761589129333e-06 	 8.683547401916745e-10
4.365 	 1.2868547715590422e-06 	 8.292492333811674e-10
4.416 	 1.2773950113966325e-06 	 7.905016594678135e-10
4.467 	 1.2686776935768401e-06 	 7.539659849754515e-10
4.519 	 1.2597462904664784e-06 	 7.198600752138003e-10
4.571 	 1.2516667826025443e-06 	 6.867025242149024e-10
4.624 	 1.2440101893869614e-06 	 6.548439998901369e-10
4.677 	 1.2363910777318304e-06 	 6.256651248867145e-10
4.732 	 1.2290603392744444e-06 	 5.962490170905278e-10
4.786 	 1.222647754474596e-06 	 5.689978042296204e-10
4.842 	 1.2158831829342173e-06 	 5.42370866630948e-10
4.898 	 1.2102341958647704e-06 	 5.172663603217803e-10
4.955 	 1.2038535021073338e-06 	 4.938756586856061e-10
5.012 	 1.1982391552518177e-06 	 4.711305625777331e-10
5.07 	 1.192523810639399e-06 	 4.4931026580769923e-10
5.129 	 1.1860989220879373e-06 	 4.2899313835116156e-10
5.188 	 1.1808830821909617e-06 	 4.0923570169690276e-10
5.248 	 1.1755686965815542e-06 	 3.9029204803909943e-10
5.309 	 1.1706031565263663e-06 	 3.721390997491209e-10
5.37 	 1.1661951612893857e-06 	 3.5501755792397355e-10
5.433 	 1.161296128142814e-06 	 3.388379244079452e-10
5.495 	 1.1577466344451276e-06 	 3.2334833366999196e-10
5.559 	 1.1542924364346617e-06 	 3.0827967221455427e-10
5.623 	 1.150926714068219e-06 	 2.9406870947588124e-10
5.689 	 1.1480683178839547e-06 	 2.802636513779225e-10
5.754 	 1.1458931996372967e-06 	 2.6743610974919806e-10
5.821 	 1.1433844818364555e-06 	 2.549749109454019e-10
5.888 	 1.1417421657705882e-06 	 2.4322310545739054e-10
5.957 	 1.1401602863883545e-06 	 2.3182135740184776e-10
6.026 	 1.1390168657986535e-06 	 2.2107252616231681e-10
6.095 	 1.1386839751088143e-06 	 2.1093261270634128e-10
6.166 	 1.1383839967398182e-06 	 2.0109970148497014e-10
6.237 	 1.1386946654616065e-06 	 1.9155239149968806e-10
6.31 	 1.137481781442337e-06 	 1.8284380102129827e-10
6.383 	 1.1372563511837816e-06 	 1.7437481512416077e-10
6.457 	 1.13760401942343e-06 	 1.662820415225108e-10
6.531 	 1.1392719992078276e-06 	 1.5842039015659083e-10
6.607 	 1.1407096645734371e-06 	 1.5104179173443245e-10
6.683 	 1.1430767201630362e-06 	 1.4387549308431987e-10
6.761 	 1.1448378106182832e-06 	 1.3715518783081254e-10
6.839 	 1.1476131502868408e-06 	 1.308184821265478e-10
6.918 	 1.1514588646310452e-06 	 1.2458685867515946e-10
6.998 	 1.1554256335783252e-06 	 1.1864554302351612e-10
7.079 	 1.1595776741231908e-06 	 1.131466842015303e-10
7.161 	 1.1644275262042166e-06 	 1.077419785674972e-10
7.244 	 1.169420278893663e-06 	 1.0274192307324528e-10
7.328 	 1.1757435036774374e-06 	 9.782905740655462e-11
7.413 	 1.1821249297480245e-06 	 9.314935185360712e-11
7.499 	 1.1885796618233717e-06 	 8.882264160434338e-11
7.586 	 1.19631617776105e-06 	 8.457269780876203e-11
7.674 	 1.204697505359735e-06 	 8.052622580827916e-11
7.762 	 1.2138577716757215e-06 	 7.671345698460531e-11
7.852 	 1.223461972722632e-06 	 7.30441060071474e-11
7.943 	 1.2333063150386942e-06 	 6.965465732909553e-11
8.035 	 1.2446377120376423e-06 	 6.632612425750788e-11
8.128 	 1.2564953827898251e-06 	 6.315852208575229e-11
8.222 	 1.2691523075317581e-06 	 6.014433255639026e-11
8.318 	 1.2821369798536885e-06 	 5.724872361025497e-11
8.414 	 1.29670031588715e-06 	 5.443999489465297e-11
8.511 	 1.311320069788267e-06 	 5.1848981501972507e-11
8.61 	 1.3264832999210719e-06 	 4.936102016105252e-11
8.71 	 1.342041071356897e-06 	 4.6995647389472996e-11
8.81 	 1.3586808048121227e-06 	 4.476724971159796e-11
8.913 	 1.3763515154072971e-06 	 4.2544646211974625e-11
9.016 	 1.3940691746093618e-06 	 4.0515154817004436e-11
9.12 	 1.4126303622163014e-06 	 3.858575923128163e-11
9.226 	 1.4323315239753762e-06 	 3.667956241584997e-11
9.333 	 1.4520856897557542e-06 	 3.492418676324429e-11
9.441 	 1.4733666240292432e-06 	 3.320537163152812e-11
9.55 	 1.4946229707164107e-06 	 3.1622893526705135e-11
9.661 	 1.5174699430870197e-06 	 3.006038131860717e-11
9.772 	 1.542224221564585e-06 	 2.8545886848081047e-11
9.886 	 1.5657223941538998e-06 	 2.7172675822821676e-11
10.0 	 1.5908235408223804e-06 	 2.5839204216088147e-11
10.12 	 1.6173166448460936e-06 	 2.448746214574047e-11
10.23 	 1.6453222773915767e-06 	 2.3346724355232916e-11
10.35 	 1.6724439475589451e-06 	 2.2183478081943913e-11
10.47 	 1.6972518581006026e-06 	 2.112255112037548e-11
10.59 	 1.7206876654993237e-06 	 2.015474334398572e-11
10.72 	 1.749594511328962e-06 	 1.907944124868615e-11
10.84 	 1.7851568357930796e-06 	 1.8110335750648543e-11
10.96 	 1.8261620493079846e-06 	 1.717146111437336e-11
11.09 	 1.871862861848083e-06 	 1.6177913970874897e-11
11.22 	 1.934585261064014e-06 	 1.512113216300973e-11
11.35 	 2.008481641595734e-06 	 1.4074465957394012e-11
11.48 	 2.706857009858578e-06 	 1.1210886362682463e-11
11.61 	 1.9453719881168906e-06 	 1.483959922874059e-11
11.75 	 1.9832035709281537e-06 	 1.3428947616048439e-11
11.89 	 2.029212480828246e-06 	 1.2454350479254716e-11
12.02 	 2.0760961173583162e-06 	 1.1722080986563663e-11
12.16 	 2.1196821246756457e-06 	 1.110835513705045e-11
12.3 	 2.163543546514426e-06 	 1.0546136522807503e-11
12.45 	 2.205961745479196e-06 	 9.970692061586819e-12
12.59 	 2.2535120103541735e-06 	 9.462436967944934e-12
12.74 	 2.2982096830042207e-06 	 8.960702172705572e-12
12.88 	 2.347472696043982e-06 	 8.522731531817409e-12
13.03 	 2.393781138490547e-06 	 8.08921080055922e-12
13.18 	 2.441135515390913e-06 	 7.68338048245253e-12
13.34 	 2.490590676725993e-06 	 7.271783115971822e-12
13.49 	 2.5411151268965193e-06 	 6.906694387164407e-12
13.65 	 2.5920711270058688e-06 	 6.5499841986763365e-12
13.8 	 2.645953001830579e-06 	 6.2334795410633704e-12
13.96 	 2.700909483575727e-06 	 5.9176190680058804e-12
14.13 	 2.753168384550914e-06 	 5.60402405864508e-12
14.29 	 2.809981799442031e-06 	 5.326455190714467e-12
14.45 	 2.8679938921009246e-06 	 5.063803407771681e-12
14.62 	 2.926522040851541e-06 	 4.804688628373205e-12
14.79 	 2.986320893689011e-06 	 4.559322662104218e-12
14.96 	 3.051533121411289e-06 	 4.324258204096375e-12
15.14 	 3.112917882923935e-06 	 4.096379827970951e-12
15.31 	 3.178316053148067e-06 	 3.895484506968603e-12
15.49 	 3.242486698986537e-06 	 3.69648975276452e-12
15.67 	 3.3091679256310413e-06 	 3.5095413977393768e-12
15.85 	 3.377959715433714e-06 	 3.335008127043658e-12
16.03 	 3.447687389249491e-06 	 3.1701301641229688e-12
16.22 	 3.5189141090241897e-06 	 3.0088148382737963e-12
16.41 	 3.5907980972300967e-06 	 2.8572523910164683e-12
16.6 	 3.6631539216944336e-06 	 2.7152612058609092e-12
16.79 	 3.7391569443803155e-06 	 2.58247556144282e-12
16.98 	 3.817140430131039e-06 	 2.4581000458341284e-12
17.18 	 3.8934345380378145e-06 	 2.335536436399983e-12
17.38 	 3.97295412582563e-06 	 2.22149164974778e-12
17.58 	 4.05296133869597e-06 	 2.1142842034073603e-12
17.78 	 4.1362876739682325e-06 	 2.0141073203097985e-12
17.99 	 4.217498084613463e-06 	 1.915919069454789e-12
18.2 	 4.301879375561565e-06 	 1.8243255848331754e-12
18.41 	 4.387645381117059e-06 	 1.739025637583697e-12
18.62 	 4.475215229019707e-06 	 1.6589664487299768e-12
18.84 	 4.5631112979901275e-06 	 1.581133773352265e-12
19.05 	 4.653692501518075e-06 	 1.5112320951652935e-12
19.28 	 4.74199428629218e-06 	 1.4401946720423059e-12
19.5 	 4.835252801147496e-06 	 1.3771439458585005e-12
19.72 	 4.928416224085816e-06 	 1.3180755125195201e-12
19.95 	 5.023109205392713e-06 	 1.2605586612064984e-12
20.18 	 5.117339220530731e-06 	 1.2069459948502598e-12
20.42 	 5.2115245950456605e-06 	 1.1547281916982926e-12
20.65 	 5.309067959744047e-06 	 1.1083605522779565e-12
20.89 	 5.406125604611917e-06 	 1.063280210266389e-12
21.13 	 5.507929618626192e-06 	 1.0207759824353726e-12
21.38 	 5.6086323391949765e-06 	 9.789771138822532e-13
21.63 	 5.7081169626122294e-06 	 9.410882956012488e-13
21.88 	 5.804976228353107e-06 	 9.066302468193859e-13
22.13 	 5.900050657740301e-06 	 8.748746052704146e-13
22.39 	 5.998750423206634e-06 	 8.432371570082057e-13
22.65 	 6.099284524003645e-06 	 8.138343014871121e-13
22.91 	 6.199388584273202e-06 	 7.867490627607436e-13
23.17 	 6.299992247454135e-06 	 7.61465261694993e-13
23.44 	 6.398845796860828e-06 	 7.369067353765698e-13
23.71 	 6.497731982130059e-06 	 7.140881015838105e-13
23.99 	 6.594314892744947e-06 	 6.920066566974204e-13
24.27 	 6.692279983724712e-06 	 6.714951644156355e-13
24.55 	 6.788216255901581e-06 	 6.525045370183262e-13
24.83 	 6.884688713843385e-06 	 6.350123289399057e-13
25.12 	 6.978090797248775e-06 	 6.177544383673331e-13
25.41 	 7.071854021638189e-06 	 6.018570223173656e-13
25.7 	 7.163349724719175e-06 	 5.871059573959445e-13
26.0 	 7.252259158086436e-06 	 5.72631624958068e-13
26.3 	 7.340616943356811e-06 	 5.591442349422609e-13
26.61 	 7.424388433183091e-06 	 5.459168416926964e-13
26.92 	 7.506478433909214e-06 	 5.334922734705673e-13
27.23 	 7.588062385564557e-06 	 5.220681277308032e-13
27.54 	 7.668454186649655e-06 	 5.114388549685132e-13
27.86 	 7.743427250864372e-06 	 5.007907581899137e-13
28.18 	 7.817118155575913e-06 	 4.908606347834939e-13
28.51 	 7.885336548357969e-06 	 4.808833426817697e-13
28.84 	 7.952680433364798e-06 	 4.716642365184357e-13
29.17 	 8.01719008030071e-06 	 4.628627920089726e-13
29.51 	 8.07663402708579e-06 	 4.5406699174647524e-13
29.85 	 8.134579558037234e-06 	 4.4581291640630214e-13
30.2 	 8.187400577012658e-06 	 4.3741382127809103e-13
30.55 	 8.237377771685457e-06 	 4.2947587034802645e-13
30.9 	 8.2857753524668e-06 	 4.2199780701134894e-13
31.26 	 8.327797056281731e-06 	 4.1431601001757607e-13
31.62 	 8.367429496541196e-06 	 4.0700037623567293e-13
31.99 	 8.40190087020716e-06 	 3.9962254109836215e-13
32.36 	 8.433212814039381e-06 	 3.925217389532691e-13
32.73 	 8.459169053000212e-06 	 3.855125951933616e-13
33.11 	 8.485252181727709e-06 	 3.7880823738066927e-13
33.5 	 8.505631520746994e-06 	 3.718853819587621e-13
33.88 	 8.517989166950946e-06 	 3.651359426053426e-13
34.28 	 8.529003365522836e-06 	 3.582763396987676e-13
34.67 	 8.539106591130171e-06 	 3.520603198766995e-13
35.08 	 8.534899633550925e-06 	 3.447755601014982e-13
35.48 	 8.536590045497938e-06 	 3.3858171316668045e-13
35.89 	 8.533171555802807e-06 	 3.3219882820935785e-13
36.31 	 8.524323353469192e-06 	 3.2565825651808175e-13
36.73 	 8.506583012692412e-06 	 3.1891414571862096e-13
37.15 	 8.492957905366038e-06 	 3.1277568131564614e-13
37.58 	 8.474242248682928e-06 	 3.0649651456470447e-13
38.02 	 8.450596371427397e-06 	 3.000954875279561e-13
38.46 	 8.425291852930298e-06 	 2.938843745303772e-13
38.9 	 8.39747219944191e-06 	 2.878655534275749e-13
39.36 	 8.363408458880925e-06 	 2.814500108309905e-13
39.81 	 8.324701794351968e-06 	 2.75186036214778e-13
40.27 	 8.287201133449807e-06 	 2.691699481797062e-13
40.74 	 8.245995028824477e-06 	 2.63079233804986e-13
41.21 	 8.202793156041517e-06 	 2.571839109534927e-13
41.69 	 8.156583466216097e-06 	 2.5122595709176433e-13
42.17 	 8.109003346195787e-06 	 2.4545782488836384e-13
42.66 	 8.053629337902857e-06 	 2.3938153974311527e-13
43.15 	 8.001780953779216e-06 	 2.3376566041935934e-13
43.65 	 7.94697324548629e-06 	 2.281186369077877e-13
44.16 	 7.889360497268506e-06 	 2.224540866926167e-13
44.67 	 7.827568323826801e-06 	 2.1674758210084753e-13
45.19 	 7.766594545012857e-06 	 2.1127449736049786e-13
45.71 	 7.705287869218942e-06 	 2.0598509633010286e-13
46.24 	 7.638260602688746e-06 	 2.0049347662583563e-13
46.77 	 7.574512567465415e-06 	 1.9539426131954776e-13
47.32 	 7.506644343025698e-06 	 1.9014613195442385e-13
47.86 	 7.437273099283027e-06 	 1.850571400137371e-13
48.42 	 7.36799025034195e-06 	 1.8002618989402007e-13
48.98 	 7.295572563430689e-06 	 1.7500827783052463e-13
49.55 	 7.222965490628422e-06 	 1.7020174662300167e-13
50.12 	 7.1497602184162684e-06 	 1.6541193407277924e-13
50.7 	 7.078545739756186e-06 	 1.6082230251003825e-13
51.29 	 7.004097871812922e-06 	 1.5613540670272594e-13
51.88 	 6.929487978559978e-06 	 1.5176728712431404e-13
52.48 	 6.855456475772332e-06 	 1.473147447324974e-13
53.09 	 6.779969264396165e-06 	 1.4305325201958175e-13
53.7 	 6.7031805487595774e-06 	 1.3883237443069994e-13
54.33 	 6.62500037335167e-06 	 1.3457701088135924e-13
54.95 	 6.547997962699953e-06 	 1.3069834289736308e-13
55.59 	 6.470872198234956e-06 	 1.2667815613203883e-13
56.23 	 6.394901528960126e-06 	 1.228209389689508e-13
56.89 	 6.316641442595241e-06 	 1.190463745371593e-13
57.54 	 6.2388463199106895e-06 	 1.154103896768142e-13
58.21 	 6.160172050484314e-06 	 1.1176628209601318e-13
58.88 	 6.085728438097423e-06 	 1.0827616390555129e-13
59.57 	 6.006346743590127e-06 	 1.0486476774978e-13
60.26 	 5.929546505675408e-06 	 1.0151837376753302e-13
60.95 	 5.8540669522235404e-06 	 9.831212785286348e-14
61.66 	 5.775283695012744e-06 	 9.511191024436377e-14
62.37 	 5.7020383642090795e-06 	 9.212025085094194e-14
63.1 	 5.624233077195151e-06 	 8.906953403520093e-14
63.83 	 5.550468200608824e-06 	 8.61544242732774e-14
64.57 	 5.474663074997196e-06 	 8.330940121581634e-14
65.31 	 5.401528459581912e-06 	 8.06448713719422e-14
66.07 	 5.326901140508591e-06 	 7.794209199639558e-14
66.83 	 5.251328569595131e-06 	 7.535443613019821e-14
67.61 	 5.178061174662605e-06 	 7.279594370871542e-14
68.39 	 5.1073084632189e-06 	 7.039904232538224e-14
69.18 	 5.033867005207825e-06 	 6.801673278511048e-14
69.98 	 4.963416570938468e-06 	 6.570513792923559e-14
70.79 	 4.8924669113600696e-06 	 6.349906290133874e-14
71.61 	 4.821325874137582e-06 	 6.131522997016604e-14
72.44 	 4.751000758331184e-06 	 5.919658210710342e-14
73.28 	 4.682363769404088e-06 	 5.717858736182923e-14
74.13 	 4.6136645556778515e-06 	 5.518557844388758e-14
74.99 	 4.5458042276569655e-06 	 5.325461877610572e-14
75.86 	 4.4776371558924215e-06 	 5.141354953977178e-14
76.74 	 4.411478797028905e-06 	 4.960170011228544e-14
77.62 	 4.347450469710815e-06 	 4.790184774149301e-14
78.52 	 4.281142757454259e-06 	 4.620057193347733e-14
79.43 	 4.216430741867702e-06 	 4.45816666115488e-14
80.35 	 4.151951656536062e-06 	 4.298991370776757e-14
81.28 	 4.08901636032089e-06 	 4.147550122700303e-14
82.22 	 4.026357522234312e-06 	 3.998802375190166e-14
83.18 	 3.964714164068397e-06 	 3.8554483454668614e-14
84.14 	 3.904428876266923e-06 	 3.718763875901023e-14
85.11 	 3.8444745363666934e-06 	 3.584695691270965e-14
86.1 	 3.785495757787972e-06 	 3.45557527997405e-14
87.1 	 3.725892725779044e-06 	 3.330769948334244e-14
88.1 	 3.667641819054311e-06 	 3.211803398248251e-14
89.13 	 3.6104675201515646e-06 	 3.092702316901622e-14
90.16 	 3.5536332816842265e-06 	 2.9807168532026626e-14
91.2 	 3.4977084796964838e-06 	 2.8727196475372473e-14
92.26 	 3.4423104763255723e-06 	 2.7673850142510797e-14
93.33 	 3.3878228083326757e-06 	 2.665903758857213e-14
94.41 	 3.3342346006197875e-06 	 2.5681468390613368e-14
95.5 	 3.2815347854367697e-06 	 2.4739882194660323e-14
96.61 	 3.228487119522204e-06 	 2.3833597869020287e-14
97.72 	 3.1775519692860528e-06 	 2.2960293174636678e-14
98.86 	 3.1268380474360923e-06 	 2.2101483525300444e-14
100.0 	 3.0761444151275817e-06 	 2.1282971399914008e-14
101.2 	 3.0251513274511895e-06 	 2.046467120915109e-14
102.3 	 2.9780109377618514e-06 	 1.9754810621062684e-14
103.5 	 2.929372094029336e-06 	 1.9011917854694138e-14
104.7 	 2.881622220006976e-06 	 1.8296675512248568e-14
105.9 	 2.8352659429216037e-06 	 1.7624112690359362e-14
107.2 	 2.7871428787234477e-06 	 1.6912555723166842e-14
108.4 	 2.742993461063132e-06 	 1.6305213002851517e-14
109.6 	 2.698876999965183e-06 	 1.5725139698773884e-14
110.9 	 2.6543424775126387e-06 	 1.5117834079708688e-14
112.2 	 2.6099501322687787e-06 	 1.453994424126717e-14
113.5 	 2.567554910795423e-06 	 1.3991240109159636e-14
114.8 	 2.5252713327572584e-06 	 1.3468473904150522e-14
116.1 	 2.48400026594688e-06 	 1.2970845084530542e-14
117.5 	 2.441628984174505e-06 	 1.2454388890777804e-14
118.9 	 2.4003208139826066e-06 	 1.1964355944387895e-14
120.2 	 2.362164454520648e-06 	 1.1542099901736636e-14
121.6 	 2.322011799851085e-06 	 1.109738477228787e-14
123.0 	 2.2837866098249348e-06 	 1.0679487853696407e-14
124.5 	 2.2437648634935883e-06 	 1.0244259349868557e-14
125.9 	 2.207412262870842e-06 	 9.867413362693187e-15
127.4 	 2.1694771744091564e-06 	 9.478083203839762e-15
128.8 	 2.1341509801500425e-06 	 9.13679085986409e-15
130.3 	 2.0979239126235617e-06 	 8.780946661953016e-15
131.8 	 2.0627122790991617e-06 	 8.446045311381744e-15
133.4 	 2.0268411347242993e-06 	 8.10319576851702e-15
134.9 	 1.9934685439128508e-06 	 7.804144679218744e-15
136.5 	 1.9587148983485075e-06 	 7.494151802017042e-15
138.0 	 1.92686740579832e-06 	 7.22118940607684e-15
139.6 	 1.8938913647546248e-06 	 6.94319939899999e-15
141.3 	 1.860928613858562e-06 	 6.6580189874840175e-15
142.9 	 1.829591289424564e-06 	 6.4076618502096486e-15
144.5 	 1.7989400813352491e-06 	 6.167236937876949e-15
146.2 	 1.7678999811100904e-06 	 5.924177765824701e-15
147.9 	 1.7376419799839184e-06 	 5.693388273198441e-15
149.6 	 1.7081393053991981e-06 	 5.474115065787069e-15
151.4 	 1.6777357787997715e-06 	 5.251510294964389e-15
153.1 	 1.6497102575626064e-06 	 5.053904660405839e-15
154.9 	 1.620877488734494e-06 	 4.854630964831354e-15
156.7 	 1.5932093916096498e-06 	 4.664120965168907e-15
158.5 	 1.565756719316565e-06 	 4.482967212057519e-15
160.3 	 1.5390425248687796e-06 	 4.3121854877350135e-15
162.2 	 1.5120560418879626e-06 	 4.139507744357673e-15
164.1 	 1.4857164623579117e-06 	 3.974430918998236e-15
166.0 	 1.4596565624742105e-06 	 3.8187724428973834e-15
167.9 	 1.4346843959438309e-06 	 3.671073853985546e-15
169.8 	 1.4099194666908775e-06 	 3.5305218141766455e-15
171.8 	 1.3854073542068377e-06 	 3.390117649276555e-15
173.8 	 1.361088123979201e-06 	 3.2557378085087132e-15
175.8 	 1.3373909795790928e-06 	 3.1281613266906576e-15
177.8 	 1.3143236109245262e-06 	 3.007848383443447e-15
179.9 	 1.2911145849158728e-06 	 2.8870219495267294e-15
182.0 	 1.2681171122891423e-06 	 2.7714788919071797e-15
184.1 	 1.246092579795353e-06 	 2.662705701189354e-15
186.2 	 1.2242803931510023e-06 	 2.5592748962798122e-15
188.4 	 1.2027191315266897e-06 	 2.455857417124686e-15
190.5 	 1.18200482608339e-06 	 2.362626602234204e-15
192.8 	 1.1606191442974796e-06 	 2.2651136500484987e-15
195.0 	 1.1403661481894005e-06 	 2.176604265775448e-15
197.2 	 1.1206419492156408e-06 	 2.09306876133387e-15
199.5 	 1.1005458322326845e-06 	 2.0089752622827728e-15
201.8 	 1.0812792314152114e-06 	 1.9297744769992534e-15
204.2 	 1.0616969744861236e-06 	 1.8508513781828816e-15
206.5 	 1.0434150726147283e-06 	 1.779555668651952e-15
208.9 	 1.0248358425511587e-06 	 1.7088573074503781e-15
211.3 	 1.006727352481964e-06 	 1.6413241995596855e-15
213.8 	 9.886285052159715e-07 	 1.5746394701940708e-15
216.3 	 9.709962570304017e-07 	 1.511030703161143e-15
218.8 	 9.535803280114925e-07 	 1.4509954796240669e-15
221.3 	 9.368587038979879e-07 	 1.3940534999094713e-15
223.9 	 9.19914657001184e-07 	 1.3375155973067457e-15
226.5 	 9.034157802076361e-07 	 1.2838971417944329e-15
229.1 	 8.873463366297006e-07 	 1.2330156206458793e-15
231.7 	 8.716935173821466e-07 	 1.1849809159327377e-15
234.4 	 8.560725402211716e-07 	 1.137122221453567e-15
237.1 	 8.408597475889616e-07 	 1.0919756571475693e-15
239.9 	 8.254892151997112e-07 	 1.0473245534940464e-15
242.7 	 8.107267250808808e-07 	 1.0050332160510648e-15
245.5 	 7.961523794855602e-07 	 9.64879769885678e-16
248.3 	 7.819574850615985e-07 	 9.267675715643495e-16
251.2 	 7.678213308533828e-07 	 8.893501667443067e-16
254.1 	 7.5387536576171e-07 	 8.536374987089271e-16
257.0 	 7.40471331660004e-07 	 8.199552199109963e-16
260.0 	 7.269584447193754e-07 	 7.867248140401348e-16
263.0 	 7.139720857843081e-07 	 7.552332515347967e-16
266.1 	 7.008929891967819e-07 	 7.242299143658679e-16
269.2 	 6.881615980943906e-07 	 6.948439321041316e-16
272.3 	 6.757612021003963e-07 	 6.671114922017704e-16
275.4 	 6.635341453129619e-07 	 6.406332096924337e-16
278.6 	 6.515381173230692e-07 	 6.147532597835384e-16
281.8 	 6.397093343365516e-07 	 5.901822625268811e-16
285.1 	 6.279701957267436e-07 	 5.660645070099167e-16
288.4 	 6.165430023010577e-07 	 5.431985973391315e-16
291.7 	 6.05416642525716e-07 	 5.215060025425489e-16
295.1 	 5.943730631126828e-07 	 5.003325732719845e-16
298.5 	 5.83490641414285e-07 	 4.802355760057811e-16
302.0 	 5.728328482546795e-07 	 4.605683379380872e-16
305.5 	 5.623331420891358e-07 	 4.419096303114985e-16
309.0 	 5.521114364595887e-07 	 4.2421068831029087e-16
312.6 	 5.419844515661754e-07 	 4.068907877481267e-16
316.2 	 5.321194345115244e-07 	 3.9054025946675644e-16
319.9 	 5.222444711584092e-07 	 3.7447534331580595e-16
323.6 	 5.126274908143745e-07 	 3.593136351418704e-16
327.3 	 5.033731956094425e-07 	 3.4494163284999366e-16
331.1 	 4.941060717172795e-07 	 3.3088923447535305e-16
335.0 	 4.848310698404567e-07 	 3.172303387738012e-16
338.8 	 4.760546209540789e-07 	 3.046021109984633e-16
342.8 	 4.672270856112231e-07 	 2.9197997881526524e-16
346.7 	 4.586736809823471e-07 	 2.803360649743115e-16
350.8 	 4.500886818640772e-07 	 2.686677788482337e-16
354.8 	 4.4186052345864336e-07 	 2.579056883638727e-16
358.9 	 4.3372810125011046e-07 	 2.4741448023564404e-16
363.1 	 4.2560069619838304e-07 	 2.3723525519414064e-16
367.3 	 4.177767899889553e-07 	 2.275934814765643e-16
371.5 	 4.100782375628429e-07 	 2.1844239255963344e-16
375.8 	 4.024765721474708e-07 	 2.0953468601377863e-16
380.2 	 3.949740708607873e-07 	 2.0087590864431815e-16
384.6 	 3.875897026366728e-07 	 1.9269558159157977e-16
389.0 	 3.804857004297943e-07 	 1.849136324691962e-16
393.6 	 3.732994470180678e-07 	 1.7719205024096466e-16
398.1 	 3.66401019541753e-07 	 1.7004960728862006e-16
402.7 	 3.5958907078266095e-07 	 1.6313479651324012e-16
407.4 	 3.528799741240846e-07 	 1.563990082228818e-16
412.1 	 3.462782668885978e-07 	 1.5003391014438763e-16
416.9 	 3.398366375011516e-07 	 1.4386269058201388e-16
421.7 	 3.3350508142270684e-07 	 1.3800934601914966e-16
426.6 	 3.2726636708653876e-07 	 1.3233348825737356e-16
431.5 	 3.21136038846783e-07 	 1.2694989857566047e-16
436.5 	 3.1514944688502567e-07 	 1.2175258925039632e-16
441.6 	 3.091965790693825e-07 	 1.1671597071142594e-16
446.7 	 3.0340542549912434e-07 	 1.119430935986269e-16
451.9 	 2.977042451276654e-07 	 1.0732225769259563e-16
457.1 	 2.921572492020715e-07 	 1.0294282136820569e-16
462.4 	 2.866385472376656e-07 	 9.871524868254566e-17
467.7 	 2.8131963335932914e-07 	 9.470975227294459e-17
473.2 	 2.759768393120657e-07 	 9.075419356258896e-17
478.6 	 2.7083666313170904e-07 	 8.708035534413054e-17
484.2 	 2.656708469490927e-07 	 8.346575427189093e-17
489.8 	 2.60698423160012e-07 	 8.0032373616994e-17
495.5 	 2.557574580166431e-07 	 7.672384404733239e-17
501.2 	 2.509509522454518e-07 	 7.358832316726442e-17
507.0 	 2.462191265027392e-07 	 7.056823833982667e-17
512.9 	 2.4153328744278873e-07 	 6.764203141346082e-17
518.8 	 2.3700942549269242e-07 	 6.487888368247068e-17
524.8 	 2.3252367045381944e-07 	 6.2209656454516e-17
530.9 	 2.281167018742158e-07 	 5.963434908894193e-17
537.0 	 2.2382966533025914e-07 	 5.719382768793869e-17
543.3 	 2.1953513090533243e-07 	 5.4804252890162736e-17
549.5 	 2.1539798742005935e-07 	 5.2579131770556904e-17
555.9 	 2.1129633979185198e-07 	 5.0395666985559134e-17
562.3 	 2.0730676842367063e-07 	 4.8326803714755467e-17
568.9 	 2.0334809121352757e-07 	 4.630555899897878e-17
575.4 	 1.9950055912619822e-07 	 4.442105921422975e-17
582.1 	 1.9568985340053334e-07 	 4.257495429849191e-17
588.8 	 1.9198350998303234e-07 	 4.082579366975914e-17
595.7 	 1.8828474734280133e-07 	 3.911404724898288e-17
602.6 	 1.8471196385225365e-07 	 3.7497938524246344e-17
609.5 	 1.8120806099102492e-07 	 3.5965459156578873e-17
616.6 	 1.777415329505132e-07 	 3.446736790634223e-17
623.7 	 1.7436507634004042e-07 	 3.305170650906587e-17
631.0 	 1.710048420544466e-07 	 3.166525646881427e-17
638.3 	 1.6773260202680666e-07 	 3.035549523967576e-17
645.7 	 1.6451968886875704e-07 	 2.909922902936817e-17
653.1 	 1.613994907918691e-07 	 2.790569278584053e-17
660.7 	 1.5828766953604005e-07 	 2.674385256644622e-17
668.3 	 1.5526165123457265e-07 	 2.5643094319625335e-17
676.1 	 1.5227324520887816e-07 	 2.4570458206943446e-17
683.9 	 1.4936722324437507e-07 	 2.355446122450903e-17
691.8 	 1.4649359325974643e-07 	 2.2580294947053555e-17
699.8 	 1.4369930386058064e-07 	 2.164503442164134e-17
707.9 	 1.4094099450639782e-07 	 2.0746560971363208e-17
716.1 	 1.3821921578183583e-07 	 1.9883678960647237e-17
724.4 	 1.3556915216598583e-07 	 1.905777951466953e-17
732.8 	 1.3295470605073257e-07 	 1.826487065641635e-17
741.3 	 1.303947233814233e-07 	 1.7504146716943203e-17
749.9 	 1.278663258603444e-07 	 1.6775744306778718e-17
758.6 	 1.2541269016713622e-07 	 1.607588683518197e-17
767.4 	 1.2298960125087676e-07 	 1.5405996302810518e-17
776.2 	 1.2061306303442738e-07 	 1.4772432591485574e-17
785.2 	 1.182916406098911e-07 	 1.4156266973221252e-17
794.3 	 1.1600012815825655e-07 	 1.3566685725807025e-17
803.5 	 1.1375781753113675e-07 	 1.300160654678475e-17
812.8 	 1.1156367894365152e-07 	 1.2460082568568074e-17
822.2 	 1.0939865504225365e-07 	 1.1942051711525604e-17
831.8 	 1.0726774278080052e-07 	 1.1440178298568801e-17
841.4 	 1.0519611280575058e-07 	 1.0964901484460019e-17
851.1 	 1.0316626725552701e-07 	 1.0510496471972558e-17
861.0 	 1.0115552668531551e-07 	 1.007031421061805e-17
871.0 	 9.918930579341882e-08 	 9.648944358644378e-18
881.0 	 9.727763027412931e-08 	 9.24980427228496e-18
891.3 	 9.537113914871323e-08 	 8.860143363898781e-18
901.6 	 9.35328280039644e-08 	 8.49060757214733e-18
912.0 	 9.170602855537701e-08 	 8.13800844018475e-18
922.6 	 1.7115762332551911e-07 	 1.4839606280088617e-17
933.3 	 8.816943689793218e-08 	 7.470518548969385e-18
944.1 	 8.64538684516151e-08 	 7.158597717591895e-18
955.0 	 8.477435517482487e-08 	 6.8607639012209925e-18
966.1 	 8.311644702548285e-08 	 6.5724846605626426e-18
977.2 	 8.150222346441496e-08 	 6.299960144239967e-18
988.6 	 7.9905869651447e-08 	 6.03481603186958e-18
1000.0 	 7.835654427001966e-08 	 5.7832891912391626e-18
