3.5233633633633636 	 1.8256117845992721e-06 	 2.3675204542685583e-09
4.023843843843844 	 1.629676668149644e-06 	 1.3794402052480499e-09
4.524324324324325 	 1.504191919661587e-06 	 8.559516342433952e-10
5.0248048048048055 	 1.4279395706731766e-06 	 5.561641266397074e-10
5.525285285285285 	 1.3772962486053877e-06 	 3.765873498360077e-10
6.025765765765766 	 1.354709745536985e-06 	 2.629777623286062e-10
6.526246246246247 	 1.3525459390041202e-06 	 1.8867787936317896e-10
7.026726726726727 	 1.3707648072104422e-06 	 1.382230202171949e-10
7.527207207207208 	 1.4084221869078687e-06 	 1.0336616226129365e-10
8.027687687687688 	 1.467408360318404e-06 	 7.855724925602467e-11
8.528168168168168 	 1.5463934944961314e-06 	 6.04998925923419e-11
9.02864864864865 	 1.639468305578054e-06 	 4.7286611100359524e-11
9.52912912912913 	 1.7458255837217619e-06 	 3.738426144028556e-11
10.029609609609611 	 1.8655598481601363e-06 	 2.977788081434058e-11
10.530090090090091 	 1.9910347951447713e-06 	 2.4034905536216537e-11
11.030570570570571 	 2.1473211091658363e-06 	 1.9284669480904478e-11
11.531051051051053 	 2.7371486552448887e-06 	 1.4455555245816309e-11
12.031531531531533 	 2.4096227053817017e-06 	 1.3521296517081082e-11
12.532012012012013 	 2.579053215721218e-06 	 1.1163108614925057e-11
13.032492492492494 	 2.755584803163108e-06 	 9.300755515964534e-12
13.532972972972974 	 2.931218142837996e-06 	 7.811541166335392e-12
14.033453453453454 	 3.1160959723299883e-06 	 6.612480208915214e-12
14.533933933933936 	 3.305348316742776e-06 	 5.629226651333271e-12
15.034414414414416 	 3.500468140569822e-06 	 4.8100832472418174e-12
15.534894894894897 	 3.6977140204331725e-06 	 4.139641941686752e-12
16.035375375375377 	 3.903392945595502e-06 	 3.581706568588022e-12
16.535855855855857 	 4.106938143579771e-06 	 3.1175029474730485e-12
17.036336336336337 	 4.3216028474064675e-06 	 2.7275070905748354e-12
17.53681681681682 	 4.5324485802426915e-06 	 2.399825143563768e-12
18.0372972972973 	 4.746806303137569e-06 	 2.1229424296800962e-12
18.53777777777778 	 4.964712858609715e-06 	 1.888931067730788e-12
19.03825825825826 	 5.185445590437703e-06 	 1.6899667761397314e-12
19.53873873873874 	 5.401153189328893e-06 	 1.521203423827961e-12
20.039219219219223 	 5.621931094678988e-06 	 1.3770311130245788e-12
20.539699699699703 	 5.836631750554247e-06 	 1.2535450414259601e-12
21.040180180180183 	 6.05636932530877e-06 	 1.1474551937937033e-12
21.540660660660663 	 6.27015012057093e-06 	 1.0548509525135432e-12
22.041141141141143 	 6.476492408232035e-06 	 9.780673051333554e-13
22.541621621621623 	 6.679726759166971e-06 	 9.10685105692613e-13
23.042102102102106 	 6.8852967503650714e-06 	 8.522558569996222e-13
23.542582582582586 	 7.083543478241654e-06 	 8.012473310862181e-13
24.043063063063066 	 7.272332190189029e-06 	 7.566176463637251e-13
24.543543543543546 	 7.458182401859727e-06 	 7.176027460686092e-13
25.044024024024026 	 7.639551905303142e-06 	 6.83534356580247e-13
25.54450450450451 	 7.814299957902524e-06 	 6.53426553603172e-13
26.04498498498499 	 7.9798958340502e-06 	 6.26651523246069e-13
26.54546546546547 	 8.136331433714457e-06 	 6.026216286614462e-13
27.04594594594595 	 8.284677980406312e-06 	 5.810141233830995e-13
27.54642642642643 	 8.431722255009695e-06 	 5.619914704209461e-13
28.04690690690691 	 8.565931278695209e-06 	 5.444609903074876e-13
28.547387387387392 	 8.690260540146967e-06 	 5.28278671143657e-13
29.047867867867872 	 8.810079573357354e-06 	 5.136840709431191e-13
29.548348348348352 	 8.91966969958959e-06 	 5.000041437283945e-13
30.04882882882883 	 9.02205183196943e-06 	 4.872992822220883e-13
30.54930930930931 	 9.115895022611212e-06 	 4.753020955650972e-13
31.049789789789795 	 9.204876697117877e-06 	 4.642253919964565e-13
31.550270270270275 	 9.284448893911786e-06 	 4.535626982529502e-13
32.05075075075076 	 9.355750496095648e-06 	 4.4339579296827444e-13
32.55123123123124 	 9.420249960810208e-06 	 4.3368289116596817e-13
33.05171171171172 	 9.480817335499444e-06 	 4.2458089807359496e-13
33.5521921921922 	 9.533253167416683e-06 	 4.156748467493092e-13
34.05267267267268 	 9.575546380598198e-06 	 4.0687373587421775e-13
34.55315315315316 	 9.617102607262301e-06 	 3.987147651810483e-13
35.053633633633645 	 9.642735341136974e-06 	 3.9003470849513807e-13
35.55411411411412 	 9.673033937162683e-06 	 3.8235544890760107e-13
36.054594594594604 	 9.696008948148037e-06 	 3.746743824230096e-13
36.55507507507508 	 9.708794613761278e-06 	 3.6683817630449617e-13
37.055555555555564 	 9.720331441518711e-06 	 3.5940509522387987e-13
37.55603603603605 	 9.72955750082273e-06 	 3.5225039328621124e-13
38.056516516516524 	 9.7324875662078e-06 	 3.451000661137161e-13
38.55699699699701 	 9.733358717247231e-06 	 3.3820399942895174e-13
39.057477477477484 	 9.730242950606554e-06 	 3.3143824795602737e-13
39.55795795795797 	 9.719777275874423e-06 	 3.245227695676839e-13
40.05843843843845 	 9.707232283439315e-06 	 3.178423864252832e-13
40.55891891891893 	 9.69426328091346e-06 	 3.1141450793731154e-13
41.05939939939941 	 9.678720125406568e-06 	 3.0514742579372503e-13
41.55987987987989 	 9.660501295539337e-06 	 2.989771550314068e-13
42.06036036036037 	 9.640561533888728e-06 	 2.929713187258993e-13
42.56084084084085 	 9.613066705798453e-06 	 2.867820670742412e-13
43.06132132132133 	 9.587976057893431e-06 	 2.8097692556134774e-13
43.56180180180181 	 9.561792360973518e-06 	 2.7531924558757244e-13
44.06228228228229 	 9.533170136742929e-06 	 2.697202663696125e-13
44.56276276276277 	 9.499423075195313e-06 	 2.640401134519591e-13
45.06324324324325 	 9.46699788433392e-06 	 2.5864111431115005e-13
45.56372372372373 	 9.434979497806204e-06 	 2.5345783609738327e-13
46.064204204204216 	 9.398055451102022e-06 	 2.481788180851537e-13
46.56468468468469 	 9.362293103026523e-06 	 2.4313657945169764e-13
47.065165165165176 	 9.326379277591147e-06 	 2.382359706919247e-13
47.56564564564565 	 9.287498337887543e-06 	 2.333464496041908e-13
48.066126126126136 	 9.24783749773796e-06 	 2.2856440493537015e-13
48.56660660660662 	 9.208257829619234e-06 	 2.2390391230554334e-13
49.067087087087096 	 9.165952067310204e-06 	 2.1927301694821737e-13
49.56756756756758 	 9.12540065717664e-06 	 2.149081760218334e-13
50.068048048048055 	 9.082117068038022e-06 	 2.104671699424381e-13
50.56852852852854 	 9.041963019298527e-06 	 2.062715831089818e-13
51.06900900900902 	 8.999046783716911e-06 	 2.0203317595523827e-13
51.5694894894895 	 8.956237647230855e-06 	 1.9798239381344426e-13
52.06996996996998 	 8.91363804021666e-06 	 1.9404448503973776e-13
52.57045045045046 	 8.870187678219052e-06 	 1.900894217656864e-13
53.07093093093094 	 8.82780522234345e-06 	 1.863670791870346e-13
53.571411411411425 	 8.78258897599935e-06 	 1.8260884941012688e-13
54.0718918918919 	 8.736870178564278e-06 	 1.7888644267761128e-13
54.572372372372385 	 8.692274276471127e-06 	 1.7535787798598293e-13
55.07285285285286 	 8.64851080245689e-06 	 1.7197941142902394e-13
55.573333333333345 	 8.603443720520097e-06 	 1.68511291908157e-13
56.07381381381382 	 8.558882673640349e-06 	 1.6514679184711805e-13
56.574294294294305 	 8.514938825983573e-06 	 1.6192834804465782e-13
57.07477477477479 	 8.470653705578347e-06 	 1.5879452495029294e-13
57.575255255255264 	 8.425329820230477e-06 	 1.5569736044661559e-13
58.07573573573575 	 8.379753674068693e-06 	 1.5262554426802388e-13
58.576216216216224 	 8.335891650118676e-06 	 1.496269854644141e-13
59.07669669669671 	 8.292417774843531e-06 	 1.4674094624379675e-13
59.57717717717719 	 8.248586398204892e-06 	 1.439825011721046e-13
60.07765765765767 	 8.204328594986043e-06 	 1.4118852470093368e-13
60.57813813813815 	 8.160589330331492e-06 	 1.3847418120369289e-13
61.07861861861863 	 8.116814318756389e-06 	 1.3582765546452756e-13
61.57909909909911 	 8.071995416308016e-06 	 1.3323041933911256e-13
62.079579579579594 	 8.03080308923286e-06 	 1.3076132457546275e-13
62.58006006006007 	 7.988890530106378e-06 	 1.283236468898103e-13
63.080540540540554 	 7.945044325908632e-06 	 1.2589004084047293e-13
63.58102102102103 	 7.903020378218061e-06 	 1.2350944931312279e-13
64.0815015015015 	 7.860737946737242e-06 	 1.2119103083000255e-13
64.58198198198198 	 7.818215115955778e-06 	 1.1893488699099958e-13
65.08246246246247 	 7.77815223453945e-06 	 1.1680696022603576e-13
65.58294294294295 	 7.737196339218478e-06 	 1.1467848490682443e-13
66.08342342342343 	 7.695577414001248e-06 	 1.1256106239813005e-13
66.5839039039039 	 7.653249912646188e-06 	 1.1051237057459158e-13
67.08438438438439 	 7.6118283515313e-06 	 1.0849551123071892e-13
67.58486486486487 	 7.571283302271193e-06 	 1.0651094989174036e-13
68.08534534534535 	 7.53289210278676e-06 	 1.0463261057465976e-13
68.58582582582584 	 7.493805498780736e-06 	 1.0278234632302455e-13
69.08630630630631 	 7.453301461111979e-06 	 1.0094465163454078e-13
69.58678678678679 	 7.414033231297899e-06 	 9.913550129811204e-14
70.08726726726728 	 7.3754694288387545e-06 	 9.737891714183837e-14
70.58774774774776 	 7.337624212979881e-06 	 9.570296179235787e-14
71.08822822822823 	 7.299159591656078e-06 	 9.403363281173862e-14
71.58870870870871 	 7.260434576824451e-06 	 9.238305868217104e-14
72.0891891891892 	 7.222013929008683e-06 	 9.076359333455684e-14
72.58966966966968 	 7.184427898880644e-06 	 8.919417491056499e-14
73.09015015015015 	 7.148195178225421e-06 	 8.768586971293248e-14
73.59063063063064 	 7.1113762047729395e-06 	 8.618304074944373e-14
74.09111111111112 	 7.074374340170025e-06 	 8.469855820251683e-14
74.5915915915916 	 7.037672411432701e-06 	 8.324227090579517e-14
75.09207207207209 	 7.001434709480012e-06 	 8.182842037252439e-14
75.59255255255256 	 6.965837564601349e-06 	 8.047638769405435e-14
76.09303303303304 	 6.930382381042566e-06 	 7.913321830628885e-14
76.59351351351351 	 6.895037957632685e-06 	 7.779601560361701e-14
77.093993993994 	 6.8609913397269695e-06 	 7.651491945592174e-14
77.59447447447448 	 6.827680698894271e-06 	 7.527385304478905e-14
78.09495495495496 	 6.792514913199443e-06 	 7.40229589158245e-14
78.59543543543545 	 6.757786328569891e-06 	 7.280334733311468e-14
79.09591591591592 	 6.724371919116771e-06 	 7.16319465081408e-14
79.5963963963964 	 6.690890776957918e-06 	 7.047581124582972e-14
80.09687687687689 	 6.656929965941471e-06 	 6.93231023270039e-14
80.59735735735737 	 6.623854969144481e-06 	 6.820781608008951e-14
81.09783783783784 	 6.591656500174615e-06 	 6.712874583645362e-14
81.59831831831832 	 6.559038171013735e-06 	 6.605379097784109e-14
82.09879879879881 	 6.526336891073993e-06 	 6.499202830466548e-14
82.59927927927929 	 6.494668635722512e-06 	 6.396489707015308e-14
83.09975975975976 	 6.4635468804090736e-06 	 6.29642384383874e-14
83.60024024024025 	 6.432745260207133e-06 	 6.198603919031067e-14
84.10072072072073 	 6.402258525713577e-06 	 6.102964940031015e-14
84.6012012012012 	 6.371083969203379e-06 	 6.006911266459245e-14
85.10168168168168 	 6.340149081843459e-06 	 5.912801862357623e-14
85.60216216216217 	 6.3103555917910425e-06 	 5.821968629704547e-14
86.10264264264265 	 6.280872438577316e-06 	 5.733151104107714e-14
86.60312312312313 	 6.2509429685699945e-06 	 5.64620338968727e-14
87.10360360360362 	 6.221315962558965e-06 	 5.561142910255077e-14
87.60408408408409 	 6.191986603699764e-06 	 5.4779169202325965e-14
88.10456456456457 	 6.162946319681432e-06 	 5.396443366487821e-14
88.60504504504506 	 6.133780270751216e-06 	 5.3133899087371604e-14
89.10552552552554 	 6.104908521455769e-06 	 5.232148084671662e-14
89.60600600600601 	 6.076550713791112e-06 	 5.1546306085893026e-14
90.10648648648649 	 6.048483589597273e-06 	 5.078851754552889e-14
90.60696696696698 	 6.020643059727834e-06 	 5.004345038179852e-14
91.10744744744746 	 5.993068416196822e-06 	 4.9313607677112644e-14
91.60792792792793 	 5.965677992265736e-06 	 4.859350135170153e-14
92.10840840840842 	 5.938534261972172e-06 	 4.788716306750235e-14
92.6088888888889 	 5.911618453988081e-06 	 4.719326482667736e-14
93.10936936936938 	 5.8849466808303795e-06 	 4.6512749749973754e-14
93.60984984984987 	 5.858503861668942e-06 	 4.5844544397880923e-14
94.11033033033034 	 5.832292497172637e-06 	 4.5188714185825904e-14
94.61081081081082 	 5.806311645206095e-06 	 4.4545103385936814e-14
95.1112912912913 	 5.78054947155954e-06 	 4.3912876956097586e-14
95.61177177177179 	 5.7550523770495435e-06 	 4.329567094643189e-14
96.11225225225226 	 5.729872010521714e-06 	 4.2698545535626584e-14
96.61273273273274 	 5.704923012991326e-06 	 4.211310487890803e-14
97.11321321321323 	 5.680022951493051e-06 	 4.1524582584860394e-14
97.6136936936937 	 5.655352990033474e-06 	 4.094773866200957e-14
98.11417417417418 	 5.630818758436209e-06 	 4.0376802734820136e-14
98.61465465465466 	 5.60648566927372e-06 	 3.98156956423375e-14
99.11513513513515 	 5.582122357360858e-06 	 3.926670191663597e-14
99.61561561561562 	 5.557740329278196e-06 	 3.87294497948358e-14
100.1160960960961 	 5.53368341601798e-06 	 3.820220187296126e-14
100.61657657657659 	 5.510181025548945e-06 	 3.768375598436338e-14
101.11705705705707 	 5.4868895261809545e-06 	 3.717528611165851e-14
101.61753753753754 	 5.463551695200407e-06 	 3.668498489292817e-14
102.11801801801803 	 5.440371092163563e-06 	 3.6205548885722243e-14
102.61849849849851 	 5.417587628620804e-06 	 3.5728822397385785e-14
103.11897897897899 	 5.3951138010469195e-06 	 3.5257520592791494e-14
103.61945945945946 	 5.372696197702539e-06 	 3.479285854478048e-14
104.11993993993995 	 5.350030161516824e-06 	 3.433002283888171e-14
104.62042042042043 	 5.327564202136373e-06 	 3.3875884857369195e-14
105.1209009009009 	 5.305779351961499e-06 	 3.3437567927206374e-14
105.6213813813814 	 5.284272737003919e-06 	 3.300866722909732e-14
106.12186186186187 	 5.262595442688774e-06 	 3.25773954672176e-14
106.62234234234235 	 5.24066371329693e-06 	 3.214149000046088e-14
107.12282282282284 	 5.218923454440681e-06 	 3.1713755057856546e-14
107.62330330330332 	 5.198032237124897e-06 	 3.131252192512133e-14
108.1237837837838 	 5.177436222085882e-06 	 3.0921820476309383e-14
108.62426426426427 	 5.1568249148305114e-06 	 3.053871475834184e-14
109.12474474474476 	 5.136156552380722e-06 	 3.016316703984544e-14
109.62522522522524 	 5.115668247270811e-06 	 2.979344370437349e-14
110.12570570570571 	 5.095495874673311e-06 	 2.941611648873201e-14
110.6261861861862 	 5.075491228286211e-06 	 2.904552849425171e-14
111.12666666666668 	 5.055483037487963e-06 	 2.8682095251328124e-14
111.62714714714716 	 5.035437251282272e-06 	 2.832575836405968e-14
112.12762762762763 	 5.015557225581307e-06 	 2.7975675559819733e-14
112.62810810810812 	 4.996154483707658e-06 	 2.763067821578568e-14
113.1285885885886 	 4.976962285214241e-06 	 2.729151738462662e-14
113.62906906906908 	 4.957831848142417e-06 	 2.6958536453404468e-14
114.12954954954957 	 4.9385884321145485e-06 	 2.663214835311964e-14
114.63003003003004 	 4.91950059347781e-06 	 2.6311349062596606e-14
115.13051051051052 	 4.900566388438057e-06 	 2.5996016201574605e-14
115.63099099099101 	 4.8817839061199274e-06 	 2.5686030634113707e-14
116.13147147147149 	 4.86314048827498e-06 	 2.5380668404006616e-14
116.63195195195196 	 4.844486073694404e-06 	 2.5071513820752418e-14
117.13243243243244 	 4.825980908218683e-06 	 2.4767643539016293e-14
117.63291291291293 	 4.807623150813371e-06 	 2.4468942590650436e-14
118.1333933933934 	 4.7894109911408624e-06 	 2.4175299026536784e-14
118.63387387387388 	 4.7713426488352356e-06 	 2.3886603823654773e-14
119.13435435435437 	 4.753696958773931e-06 	 2.3609359137162166e-14
119.63483483483485 	 4.736503841430084e-06 	 2.334406480220784e-14
120.13531531531532 	 4.719440775748671e-06 	 2.308301892671764e-14
120.63579579579581 	 4.701725823364353e-06 	 2.2815124275040777e-14
121.13627627627629 	 4.6840332134715336e-06 	 2.255000169951764e-14
121.63675675675677 	 4.666529248435858e-06 	 2.2289486178350265e-14
122.13723723723724 	 4.649804232272172e-06 	 2.203657224265698e-14
122.63771771771773 	 4.633204912646137e-06 	 2.1787714880704196e-14
123.13819819819821 	 4.6165095775581186e-06 	 2.1539945451674235e-14
123.63867867867869 	 4.599366123062281e-06 	 2.12886886797396e-14
124.13915915915918 	 4.582354053116679e-06 	 2.104152830903682e-14
124.63963963963965 	 4.565690252149776e-06 	 2.0801174683471036e-14
125.14012012012013 	 4.549712914305513e-06 	 2.057179786084519e-14
125.64060060060062 	 4.533852674261053e-06 	 2.0346001162601004e-14
126.1410810810811 	 4.51790500154132e-06 	 2.0120883592154676e-14
126.64156156156157 	 4.5018571179588636e-06 	 1.989627710571106e-14
127.14204204204205 	 4.48592769834078e-06 	 1.967519550841575e-14
127.64252252252254 	 4.470176757874519e-06 	 1.946065747254316e-14
128.14300300300303 	 4.454605296580968e-06 	 1.9252665676481844e-14
128.64348348348352 	 4.439146223215722e-06 	 1.9047827374550213e-14
129.14396396396398 	 4.423484189543123e-06 	 1.883949448254886e-14
129.64444444444447 	 4.4077942191128085e-06 	 1.8631409183762403e-14
130.14492492492496 	 4.392218887577392e-06 	 1.842654386951249e-14
130.64540540540543 	 4.376983107999786e-06 	 1.8227126608075384e-14
131.14588588588592 	 4.361957711429682e-06 	 1.803175929427677e-14
131.6463663663664 	 4.347039350708098e-06 	 1.7839341269393148e-14
132.14684684684687 	 4.332155484849218e-06 	 1.7646381807943035e-14
132.64732732732736 	 4.317346093816322e-06 	 1.7454846457985472e-14
133.14780780780782 	 4.302641877473347e-06 	 1.726621877031091e-14
133.6482882882883 	 4.2882485904487625e-06 	 1.7084330014300346e-14
134.1487687687688 	 4.274164396401021e-06 	 1.690903765713233e-14
134.64924924924927 	 4.260176754093751e-06 	 1.6736293690586524e-14
135.14972972972976 	 4.245964550596095e-06 	 1.6562550936301283e-14
135.65021021021025 	 4.231531080381024e-06 	 1.638788093839657e-14
136.1506906906907 	 4.217198538195869e-06 	 1.6215792985938447e-14
136.6511711711712 	 4.203063978819557e-06 	 1.6047417988904933e-14
137.1516516516517 	 4.189252503609002e-06 	 1.58841908986556e-14
137.65213213213215 	 4.175535027847482e-06 	 1.5723307725634214e-14
138.15261261261264 	 4.161899130429553e-06 	 1.5564361835940357e-14
138.65309309309313 	 4.148329549773015e-06 	 1.5406865019221805e-14
139.1535735735736 	 4.134851574362341e-06 	 1.5251614630136018e-14
139.6540540540541 	 4.121449610878948e-06 	 1.5097859982696346e-14
140.15453453453458 	 4.108017584682898e-06 	 1.494049793361569e-14
140.65501501501504 	 4.094676407796498e-06 	 1.4785420393653135e-14
141.15549549549553 	 4.081425137914325e-06 	 1.4632585318821046e-14
141.65597597597602 	 4.068356430610771e-06 	 1.448640093870449e-14
142.15645645645648 	 4.055412064686434e-06 	 1.434405485665292e-14
142.65693693693697 	 4.04255288533911e-06 	 1.4203683040552872e-14
143.15741741741743 	 4.029640898635687e-06 	 1.4064081367180337e-14
143.65789789789793 	 4.016685096491447e-06 	 1.3925321857692068e-14
144.15837837837842 	 4.003814799615771e-06 	 1.3788487058302474e-14
144.65885885885888 	 3.991087646803966e-06 	 1.3653172114060146e-14
145.15933933933937 	 3.978568987534206e-06 	 1.3518935023720902e-14
145.65981981981986 	 3.966131618977614e-06 	 1.3386549450716185e-14
146.16030030030032 	 3.953774730933797e-06 	 1.325598288418677e-14
146.6607807807808 	 3.941497524096879e-06 	 1.3127203502557382e-14
147.1612612612613 	 3.929299209871441e-06 	 1.300018015647254e-14
147.66174174174176 	 3.917179010193507e-06 	 1.2874882352218627e-14
148.16222222222225 	 3.905136157351541e-06 	 1.275128023560061e-14
148.66270270270275 	 3.893169893816367e-06 	 1.2629344576288395e-14
149.1631831831832 	 3.881279472068034e-06 	 1.2509046752579526e-14
149.6636636636637 	 3.869433106342618e-06 	 1.2390063349247802e-14
150.1641441441442 	 3.857449519462636e-06 	 1.2270665611863232e-14
150.66462462462465 	 3.845542112476377e-06 	 1.2152875825742165e-14
151.16510510510514 	 3.833710146349166e-06 	 1.2036666483944141e-14
151.6655855855856 	 3.822079770359544e-06 	 1.1923187284983932e-14
152.1660660660661 	 3.8106337162672456e-06 	 1.1812237452164002e-14
152.66654654654658 	 3.799258502779455e-06 	 1.1702739630911755e-14
153.16702702702705 	 3.7879505265038934e-06 	 1.1594596776889913e-14
153.66750750750754 	 3.7766932527016506e-06 	 1.1487393937281851e-14
154.16798798798803 	 3.765505090267283e-06 	 1.1381583788526117e-14
154.6684684684685 	 3.7543853884924734e-06 	 1.1277143274784816e-14
155.16894894894898 	 3.7433128323242897e-06 	 1.1173067749875218e-14
155.66942942942947 	 3.7322900931815494e-06 	 1.1069502655015713e-14
156.16990990990993 	 3.7213344640281557e-06 	 1.0967280290303317e-14
156.67039039039042 	 3.7104453187805023e-06 	 1.0866378529975729e-14
157.1708708708709 	 3.6994641685283948e-06 	 1.0767043683971487e-14
157.67135135135138 	 3.6885397783248587e-06 	 1.0668997497837681e-14
158.17183183183187 	 3.6776815013506908e-06 	 1.0572202226757872e-14
158.67231231231236 	 3.666958343185971e-06 	 1.0477125069498928e-14
159.17279279279282 	 3.6564313442998323e-06 	 1.038416648055193e-14
159.6732732732733 	 3.6459666972640385e-06 	 1.0292368961042282e-14
160.1737537537538 	 3.6355638358123408e-06 	 1.0201714009364318e-14
160.67423423423426 	 3.62518359371254e-06 	 1.0110726657425216e-14
161.17471471471475 	 3.614851599110959e-06 	 1.0020390667314673e-14
161.67519519519522 	 3.604580408123868e-06 	 9.931184468795209e-15
162.1756756756757 	 3.5943694727425557e-06 	 9.843090094797115e-15
162.6761561561562 	 3.5840428891631516e-06 	 9.7549188166562e-15
163.17663663663666 	 3.573768211192335e-06 	 9.667790137059713e-15
163.67711711711715 	 3.5635538924767246e-06 	 9.58174702689516e-15
164.17759759759764 	 3.5534043783588728e-06 	 9.496993292267348e-15
164.6780780780781 	 3.5433410764033054e-06 	 9.4144781390438e-15
165.1785585585586 	 3.5333361144573402e-06 	 9.332968678251185e-15
165.67903903903908 	 3.5233889767605156e-06 	 9.252449303980094e-15
166.17951951951954 	 3.513551911260907e-06 	 9.172824335890388e-15
166.68000000000004 	 3.5038651425303184e-06 	 9.094018473992974e-15
167.18048048048053 	 3.4942334618263265e-06 	 9.016162027082339e-15
167.680960960961 	 3.484656389412639e-06 	 8.939240434912103e-15
168.18144144144148 	 3.4750521051116082e-06 	 8.863360383667524e-15
168.68192192192197 	 3.465439116653127e-06 	 8.78847769998722e-15
169.18240240240243 	 3.4558805238956907e-06 	 8.714483601431012e-15
169.68288288288292 	 3.44637585753752e-06 	 8.64136465279287e-15
170.18336336336338 	 3.4371271462547368e-06 	 8.568613606401667e-15
170.68384384384387 	 3.42799142134049e-06 	 8.49657198784956e-15
171.18432432432436 	 3.418906137926247e-06 	 8.4253792899135e-15
171.68480480480483 	 3.4098708679449606e-06 	 8.355022782613274e-15
172.18528528528532 	 3.4006592990723745e-06 	 8.284895667739182e-15
172.6857657657658 	 3.3914315734238586e-06 	 8.215415979168137e-15
173.18624624624627 	 3.3822550797973778e-06 	 8.146750851664602e-15
173.68672672672676 	 3.3731293849047047e-06 	 8.078888150325628e-15
174.18720720720725 	 3.3640540603821723e-06 	 8.011815958309321e-15
174.6876876876877 	 3.355028682720499e-06 	 7.9455225722619e-15
175.1881681681682 	 3.3460528331958323e-06 	 7.87999649785421e-15
175.6886486486487 	 3.3371260978019622e-06 	 7.815226445424665e-15
176.18912912912916 	 3.3283684831840496e-06 	 7.751890788575589e-15
176.68960960960965 	 3.3196924220784344e-06 	 7.689471072069208e-15
177.19009009009014 	 3.311062918438552e-06 	 7.627757681810238e-15
177.6905705705706 	 3.302479589929463e-06 	 7.566740430123343e-15
178.1910510510511 	 3.293914640661252e-06 	 7.505503678576866e-15
178.69153153153155 	 3.2853878155145876e-06 	 7.444709643148743e-15
179.19201201201204 	 3.2769064583308573e-06 	 7.38460413105979e-15
179.69249249249253 	 3.268470198438672e-06 	 7.325177232002979e-15
180.192972972973 	 3.2599256873918464e-06 	 7.266052042315918e-15
180.6934534534535 	 3.251318876484299e-06 	 7.207335773557715e-15
181.19393393393398 	 3.242758185027561e-06 	 7.149281407803582e-15
181.69441441441444 	 3.2342432383384195e-06 	 7.0918794749634754e-15
182.19489489489493 	 3.2258737903707886e-06 	 7.035355456443075e-15
182.69537537537542 	 3.217704899394612e-06 	 6.9798255016801724e-15
183.19585585585588 	 3.2095785947055715e-06 	 6.9249091193475735e-15
183.69633633633637 	 3.2014945368930623e-06 	 6.8705976870662465e-15
184.19681681681686 	 3.1934300957929857e-06 	 6.816910455559883e-15
184.69729729729733 	 3.185314804102166e-06 	 6.763925413199698e-15
185.19777777777782 	 3.177241634655906e-06 	 6.711517747630255e-15
185.6982582582583 	 3.1692102545526193e-06 	 6.6596794500450916e-15
186.19873873873877 	 3.1612203344278365e-06 	 6.608402645799295e-15
186.69921921921926 	 3.153355421460468e-06 	 6.5566483621093376e-15
187.19969969969975 	 3.145531007692418e-06 	 6.505456575637299e-15
187.7001801801802 	 3.137746565369832e-06 	 6.4548220867019144e-15
188.2006606606607 	 3.1300017826230724e-06 	 6.404737196754079e-15
188.70114114114116 	 3.1222463659437746e-06 	 6.355793805412525e-15
189.20162162162165 	 3.114497320078703e-06 	 6.307767324265901e-15
189.70210210210215 	 3.1067875295277837e-06 	 6.260250290475185e-15
190.2025825825826 	 3.0991166915439427e-06 	 6.213235819697789e-15
190.7030630630631 	 3.091515235446734e-06 	 6.1663034853826845e-15
191.2035435435436 	 3.083996825657674e-06 	 6.11926729529286e-15
191.70402402402405 	 3.0765160297740108e-06 	 6.072731742229322e-15
192.20450450450454 	 3.0690725604232445e-06 	 6.026690061551499e-15
192.70498498498503 	 3.061666133251842e-06 	 5.981135598945143e-15
193.2054654654655 	 3.0542180992422256e-06 	 5.93620147998053e-15
193.70594594594598 	 3.0467888098807196e-06 	 5.891771579081837e-15
194.20642642642648 	 3.0393964140569947e-06 	 5.847806591239277e-15
194.70690690690694 	 3.0320406330234423e-06 	 5.804300333587289e-15
195.20738738738743 	 3.024771037073688e-06 	 5.761480750144728e-15
195.70786786786792 	 3.017607281350452e-06 	 5.719431519039753e-15
196.20834834834838 	 3.0104783786381575e-06 	 5.677813226146834e-15
196.70882882882887 	 3.00338406984507e-06 	 5.6366202441277435e-15
197.20930930930933 	 2.996319759791462e-06 	 5.5958261325657906e-15
197.70978978978982 	 2.989061545224369e-06 	 5.554353573318324e-15
198.2102702702703 	 2.981838970847323e-06 	 5.513309458158492e-15
198.71075075075078 	 2.9746517715582482e-06 	 5.472688171469666e-15
199.21123123123127 	 2.9674996848980846e-06 	 5.432484186339866e-15
199.71171171171176 	 2.960469171696725e-06 	 5.392860961040065e-15
200.21219219219222 	 2.95359046390219e-06 	 5.353869631238994e-15
200.7126726726727 	 2.9467445969647977e-06 	 5.31527263032897e-15
201.2131531531532 	 2.9399313315062193e-06 	 5.277064888357195e-15
201.71363363363366 	 2.9331504304959066e-06 	 5.239241414034967e-15
202.21411411411415 	 2.926310895624765e-06 	 5.201382065767677e-15
202.71459459459464 	 2.9194850871913464e-06 	 5.163818482242537e-15
203.2150750750751 	 2.912691769219379e-06 	 5.1266331037877934e-15
203.7155555555556 	 2.905930706621462e-06 	 5.089821098441995e-15
204.2160360360361 	 2.8992051289654076e-06 	 5.053393243409482e-15
204.71651651651655 	 2.892615522074148e-06 	 5.0177943831943414e-15
205.21699699699704 	 2.8860566724598315e-06 	 4.982546722323524e-15
205.71747747747753 	 2.879528360955772e-06 	 4.9476458528301046e-15
206.217957957958 	 2.873030370501566e-06 	 4.913087433552533e-15
206.71843843843848 	 2.866560280350155e-06 	 4.8788494744006646e-15
207.21891891891894 	 2.8601172641138246e-06 	 4.84492309098006e-15
207.71939939939944 	 2.8537039699158334e-06 	 4.811327189300261e-15
208.21987987987993 	 2.847320188495971e-06 	 4.7780576729697684e-15
208.7203603603604 	 2.840965712576621e-06 	 4.745110506909366e-15
209.22084084084088 	 2.8345767876051433e-06 	 4.7122208180448735e-15
209.72132132132137 	 2.828181774501881e-06 	 4.679505025878965e-15
210.22180180180183 	 2.8218161782350185e-06 	 4.647106460988711e-15
210.72228228228232 	 2.815479793144196e-06 	 4.615021216090579e-15
211.2227627627628 	 2.809172415499861e-06 	 4.583245441949885e-15
211.72324324324327 	 2.8029606504127014e-06 	 4.551695874160282e-15
212.22372372372377 	 2.796789200733924e-06 	 4.5204351374243406e-15
212.72420420420426 	 2.790645640419871e-06 	 4.489474147365952e-15
213.22468468468472 	 2.784529777257383e-06 	 4.458809253773111e-15
213.7251651651652 	 2.7784414208145067e-06 	 4.4284368600434035e-15
214.2256456456457 	 2.7723023173487666e-06 	 4.398047384585495e-15
214.72612612612616 	 2.7661772221959124e-06 	 4.3678949608809154e-15
215.22660660660665 	 2.7600797187407586e-06 	 4.338030301740473e-15
215.7270870870871 	 2.7540096181932e-06 	 4.308449925124133e-15
216.2275675675676 	 2.747966733496137e-06 	 4.279150399752282e-15
216.7280480480481 	 2.7419621501238607e-06 	 4.250483259460997e-15
217.22852852852856 	 2.7359861984910824e-06 	 4.222144180425378e-15
217.72900900900905 	 2.730036781118839e-06 	 4.19406944101006e-15
218.22948948948954 	 2.7241137189757984e-06 	 4.16625590594554e-15
218.72996996997 	 2.718216834650367e-06 	 4.138700484843359e-15
219.2304504504505 	 2.712411112857655e-06 	 4.1113426421862726e-15
219.73093093093098 	 2.7066413651297045e-06 	 4.084228469660882e-15
220.23141141141144 	 2.7008967871606594e-06 	 4.057364417271183e-15
220.73189189189193 	 2.695177211510775e-06 	 4.030747551494399e-15
221.23237237237242 	 2.6894824722383692e-06 	 4.00437498033302e-15
221.7328528528529 	 2.683737093824258e-06 	 3.977967789068518e-15
222.23333333333338 	 2.6780050175306703e-06 	 3.951760746776274e-15
222.73381381381387 	 2.6722978841739892e-06 	 3.925794477304802e-15
223.23429429429433 	 2.666615528914539e-06 	 3.900066173042939e-15
223.73477477477482 	 2.6609577883703544e-06 	 3.874573065843735e-15
224.23525525525528 	 2.6553245006110163e-06 	 3.849312426391747e-15
224.73573573573577 	 2.6497155051315565e-06 	 3.8242815635529755e-15
225.23621621621626 	 2.644130642841685e-06 	 3.799477823758776e-15
225.73669669669673 	 2.6385697560491775e-06 	 3.774898590392515e-15
226.23717717717722 	 2.6330326884444823e-06 	 3.750541283189082e-15
226.7376576576577 	 2.627519285039873e-06 	 3.726403357580794e-15
227.23813813813817 	 2.6220293923827555e-06 	 3.7024823044426924e-15
227.73861861861866 	 2.616562858084265e-06 	 3.6787756488772034e-15
228.23909909909915 	 2.6111195312612822e-06 	 3.6552809503043744e-15
228.7395795795796 	 2.6056992621422257e-06 	 3.631995801379842e-15
229.2400600600601 	 2.6003241735193344e-06 	 3.608994297422223e-15
229.7405405405406 	 2.5950288155474706e-06 	 3.586391771078589e-15
230.24102102102106 	 2.589755543920186e-06 	 3.563987696629672e-15
230.74150150150155 	 2.584504218199559e-06 	 3.54177985572447e-15
231.24198198198204 	 2.5792746991488748e-06 	 3.5197660599679087e-15
231.7424624624625 	 2.5740593178423207e-06 	 3.4978959666839998e-15
232.242942942943 	 2.568784572413713e-06 	 3.47570049343826e-15
232.74342342342348 	 2.5635318378763495e-06 	 3.453701058836138e-15
233.24390390390394 	 2.558300974820783e-06 	 3.431895467493474e-15
233.74438438438443 	 2.5530918450220823e-06 	 3.4102815536480324e-15
234.2448648648649 	 2.547904311427288e-06 	 3.3888571806934317e-15
234.74534534534538 	 2.5427892298091878e-06 	 3.3677874262612927e-15
235.24582582582588 	 2.537717974941009e-06 	 3.346975102007959e-15
235.74630630630634 	 2.53266743577652e-06 	 3.3263425449009458e-15
236.24678678678683 	 2.5276374833885364e-06 	 3.3058877814998732e-15
236.74726726726732 	 2.522627989838965e-06 	 3.285608864389595e-15
237.24774774774778 	 2.5176174706173298e-06 	 3.265437887281399e-15
237.74822822822827 	 2.5125764683940953e-06 	 3.245283521363189e-15
238.24870870870876 	 2.5075560096283586e-06 	 3.2253025434588227e-15
238.74918918918922 	 2.502555967257863e-06 	 3.2054930607349882e-15
239.24966966966971 	 2.4975762152733077e-06 	 3.185853205266461e-15
239.7501501501502 	 2.492616628710342e-06 	 3.166381133657403e-15
240.25063063063067 	 2.48771871362523e-06 	 3.147044395282405e-15
240.75111111111116 	 2.482858212223261e-06 	 3.1278592624094656e-15
241.25159159159165 	 2.478017161075776e-06 	 3.108837139095945e-15
241.7520720720721 	 2.473195441669522e-06 	 3.089976267869141e-15
242.2525525525526 	 2.468392936461346e-06 	 3.071274914097689e-15
242.75303303303306 	 2.4636033231311007e-06 	 3.0527358352946825e-15
243.25351351351355 	 2.458780521484616e-06 	 3.0343902556455004e-15
243.75399399399404 	 2.453976926217305e-06 	 3.016198537058251e-15
244.2544744744745 	 2.4491924212530042e-06 	 2.99815904089689e-15
244.754954954955 	 2.4444268914578244e-06 	 2.9802701495745896e-15
245.2554354354355 	 2.439680222628822e-06 	 2.9625302662360046e-15
245.75591591591595 	 2.4349523014978958e-06 	 2.9449378144632757e-15
246.25639639639644 	 2.4302430156582707e-06 	 2.9274912378935224e-15
246.75687687687693 	 2.4255522536841913e-06 	 2.9101890000750927e-15
247.2573573573574 	 2.4208799049926747e-06 	 2.893029584016789e-15
247.75783783783788 	 2.416225859898907e-06 	 2.876011491976171e-15
248.25831831831837 	 2.4115900095949064e-06 	 2.8591332451598116e-15
248.75879879879884 	 2.4070225796402534e-06 	 2.8423662707808934e-15
249.25927927927933 	 2.4024774009902785e-06 	 2.825734162450351e-15
249.75975975975982 	 2.3979497835982897e-06 	 2.8092379712802635e-15
250.26024024024028 	 2.39343962416852e-06 	 2.792876286228116e-15
250.76072072072077 	 2.3889468202214272e-06 	 2.7766477139238844e-15
251.26120120120126 	 2.3844571030521545e-06 	 2.760533536029146e-15
251.76168168168172 	 2.3798832355589695e-06 	 2.744426368871392e-15
252.2621621621622 	 2.3753270990782414e-06 	 2.7284501966114594e-15
252.76264264264267 	 2.3707885896796624e-06 	 2.7126036673788586e-15
253.26312312312317 	 2.366267604248218e-06 	 2.696885446121225e-15
253.76360360360366 	 2.361764040402179e-06 	 2.6812942142761707e-15
254.26408408408412 	 2.3573151162143833e-06 	 2.6658732420499476e-15
254.7645645645646 	 2.3529594813139147e-06 	 2.650666807558022e-15
255.2650450450451 	 2.348620306353646e-06 	 2.635581651841681e-15
255.76552552552556 	 2.344297496642228e-06 	 2.6206165452524144e-15
256.266006006006 	 2.339990958220307e-06 	 2.605770273189467e-15
256.7664864864865 	 2.3357005978535143e-06 	 2.5910416358848886e-15
257.266966966967 	 2.331394694392894e-06 	 2.5763490038549017e-15
257.76744744744747 	 2.3270773886228808e-06 	 2.561702844536103e-15
258.26792792792793 	 2.3227763346007623e-06 	 2.5471728166554773e-15
258.76840840840845 	 2.3184914395376862e-06 	 2.532757751230097e-15
259.2688888888889 	 2.3142226113548888e-06 	 2.518456493466336e-15
259.7693693693694 	 2.3099697586776332e-06 	 2.504267902559658e-15
260.2698498498499 	 2.305759476336598e-06 	 2.4901740929001986e-15
260.77033033033035 	 2.301587588415367e-06 	 2.4761767003554084e-15
261.2708108108108 	 2.297431137827011e-06 	 2.462289037335296e-15
261.77129129129133 	 2.2932900376577883e-06 	 2.448510011876067e-15
262.2717717717718 	 2.289164201651484e-06 	 2.4348385451178395e-15
262.77225225225226 	 2.2850535442029427e-06 	 2.4212735711208658e-15
263.2727327327328 	 2.280927938361566e-06 	 2.4077436223631154e-15
263.77321321321324 	 2.2767924991615643e-06 	 2.394260591082208e-15
264.2736936936937 	 2.272672299870398e-06 	 2.3808826187701355e-15
264.7741741741742 	 2.2685672553409685e-06 	 2.367608667598007e-15
265.2746546546547 	 2.264477281064119e-06 	 2.354437712089738e-15
265.77513513513514 	 2.2604022931620913e-06 	 2.3413687389499542e-15
266.2756156156156 	 2.2563422083834867e-06 	 2.328400746896135e-15
266.7760960960961 	 2.2522969440962004e-06 	 2.315532746491219e-15
267.2765765765766 	 2.2482664182835956e-06 	 2.302763759982151e-15
267.77705705705705 	 2.2442505495347704e-06 	 2.290092821134813e-15
268.27753753753757 	 2.240249257045156e-06 	 2.2775189750820606e-15
268.77801801801803 	 2.2362624606054315e-06 	 2.265041278162175e-15
269.2784984984985 	 2.2322982682093165e-06 	 2.2526793127736486e-15
269.778978978979 	 2.228392256090683e-06 	 2.240520948930198e-15
270.2794594594595 	 2.2245002086540813e-06 	 2.228454298344259e-15
270.77993993993994 	 2.220622049947745e-06 	 2.21647848171776e-15
271.28042042042046 	 2.2167577045748364e-06 	 2.2045926299266593e-15
271.7809009009009 	 2.2129070976878e-06 	 2.1927958838829304e-15
272.2813813813814 	 2.209070154984615e-06 	 2.181087394400461e-15
272.7818618618619 	 2.205154391023123e-06 	 2.1693705680368884e-15
273.28234234234236 	 2.201249086404678e-06 	 2.1577378811234198e-15
273.7828228228228 	 2.1973577455708742e-06 	 2.1461922211408675e-15
274.28330330330334 	 2.193480293065241e-06 	 2.1347327614087085e-15
274.7837837837838 	 2.189616653977942e-06 	 2.1233586847179993e-15
275.28426426426427 	 2.1857667539397613e-06 	 2.1120691832036657e-15
275.7847447447448 	 2.181997716211396e-06 	 2.100836537119938e-15
276.28522522522525 	 2.178262081721944e-06 	 2.08967915609049e-15
276.7857057057057 	 2.1745395139794926e-06 	 2.0786044022352728e-15
277.2861861861862 	 2.1708299434843727e-06 	 2.067611498824914e-15
277.7866666666667 	 2.1671333012334096e-06 	 2.056699677934899e-15
278.28714714714715 	 2.163449518715558e-06 	 2.0458681803291555e-15
278.78762762762767 	 2.1597627541694352e-06 	 2.035124892958726e-15
279.28810810810813 	 2.156062560283408e-06 	 2.0244746443858472e-15
279.7885885885886 	 2.1523752375333358e-06 	 2.013902212718059e-15
280.2890690690691 	 2.148700718050821e-06 	 2.0034068756929643e-15
280.7895495495496 	 2.1450389344472463e-06 	 1.992987919135741e-15
281.29003003003004 	 2.1413898198096055e-06 	 1.9826446368534726e-15
281.79051051051056 	 2.1377533076963303e-06 	 1.9723763305310333e-15
282.290990990991 	 2.1341243994285895e-06 	 1.9620705888375565e-15
282.7914714714715 	 2.1305079055273076e-06 	 1.951837674786912e-15
283.291951951952 	 2.1269038563489174e-06 	 1.9416790689025807e-15
283.79243243243246 	 2.1233121869996747e-06 	 1.9315940867957645e-15
284.2929129129129 	 2.1197328330400513e-06 	 1.9215820516752794e-15
284.7933933933934 	 2.1161657304797994e-06 	 1.9116422942482972e-15
285.2938738738739 	 2.1126108151575132e-06 	 1.901774152068419e-15
285.79435435435437 	 2.109068025820637e-06 	 1.891976972216297e-15
286.29483483483483 	 2.105537297952922e-06 	 1.8822501056524654e-15
286.79531531531535 	 2.10201856994214e-06 	 1.8725929126802182e-15
287.2957957957958 	 2.098511779986735e-06 	 1.863004760073018e-15
287.7962762762763 	 2.0950168667133617e-06 	 1.853485021543728e-15
288.2967567567568 	 2.091533769170996e-06 	 1.844033077653923e-15
288.79723723723725 	 2.0880624268280546e-06 	 1.8346483157271754e-15
289.2977177177177 	 2.0846027795688003e-06 	 1.8253301297629185e-15
289.79819819819824 	 2.081154767688904e-06 	 1.816077920350807e-15
290.2986786786787 	 2.077718331893628e-06 	 1.8068910945885643e-15
290.79915915915916 	 2.0742934132926028e-06 	 1.797769065998032e-15
291.2996396396397 	 2.0708799533972186e-06 	 1.78871125444466e-15
291.80012012012014 	 2.0674854366949463e-06 	 1.779716006643888e-15
292.3006006006006 	 2.064132312634782e-06 	 1.7707795548310345e-15
292.8010810810811 	 2.0607902890871996e-06 	 1.7619056778602064e-15
293.3015615615616 	 2.0574593102035744e-06 	 1.7530938195034948e-15
293.80204204204205 	 2.054139320512661e-06 	 1.7443434294957976e-15
294.30252252252257 	 2.05083026491721e-06 	 1.735653963460057e-15
294.803003003003 	 2.0475320886910127e-06 	 1.7270248828338827e-15
295.3034834834835 	 2.0442299084287494e-06 	 1.7184628988745499e-15
295.803963963964 	 2.0409169793547947e-06 	 1.7099706683403697e-15
296.30444444444447 	 2.03761494357523e-06 	 1.70153703732371e-15
296.80492492492493 	 2.034323746595308e-06 	 1.693161491933681e-15
297.30540540540545 	 2.0310433345823745e-06 	 1.6848435239638915e-15
297.8058858858859 	 2.027773653987235e-06 	 1.6765826305106691e-15
298.3063663663664 	 2.0245146516190622e-06 	 1.66837831397214e-15
298.8068468468469 	 2.021285137256139e-06 	 1.660167287753186e-15
299.30732732732736 	 2.0180779895226133e-06 	 1.6519731895544592e-15
299.8078078078078 	 2.014881227528459e-06 	 1.6438353808695055e-15
300.30828828828834 	 2.0116948000545544e-06 	 1.635753371253659e-15
300.8087687687688 	 2.0085186567292185e-06 	 1.6277266758246868e-15
301.30924924924926 	 2.0053527467502025e-06 	 1.6197548141628433e-15
301.8097297297298 	 2.0021970201563494e-06 	 1.6118373112849567e-15
302.31021021021024 	 1.999030189160987e-06 	 1.6039835944575793e-15
302.8106906906907 	 1.9958605465033168e-06 	 1.596189224884423e-15
303.31117117117117 	 1.992701099504888e-06 	 1.5884476388234369e-15
303.8116516516517 	 1.9895517984902756e-06 	 1.5807583826660984e-15
304.31213213213215 	 1.9864125941084193e-06 	 1.5731210075039946e-15
304.8126126126126 	 1.9832834373301676e-06 	 1.5655350690721271e-15
305.31309309309313 	 1.980164279444679e-06 	 1.5580001276920981e-15
305.8135735735736 	 1.977055072058768e-06 	 1.5505157482183663e-15
306.31405405405405 	 1.973955767092374e-06 	 1.5430814999821768e-15
306.8145345345346 	 1.970866316776997e-06 	 1.535696956738568e-15
307.31501501501504 	 1.9677866736529708e-06 	 1.5283616966131765e-15
307.8154954954955 	 1.9647167905669616e-06 	 1.5210753020499252e-15
308.315975975976 	 1.9616566206696778e-06 	 1.51383735975957e-15
308.8164564564565 	 1.958606117412487e-06 	 1.5066474606680916e-15
309.31693693693694 	 1.9555629819758262e-06 	 1.4994597048064453e-15
309.81741741741746 	 1.952528137034334e-06 	 1.4922934979837607e-15
310.3178978978979 	 1.949502845893571e-06 	 1.4851749305191546e-15
310.8183783783784 	 1.9464870630131986e-06 	 1.4781036009448959e-15
311.3188588588589 	 1.943480743141075e-06 	 1.4710791118677982e-15
311.81933933933936 	 1.940483841317639e-06 	 1.4641010699260262e-15
312.3198198198198 	 1.937496312866555e-06 	 1.4571690857361e-15
312.82030030030035 	 1.9345338580597206e-06 	 1.450312164635331e-15
313.3207807807808 	 1.9316005870577765e-06 	 1.4435373793191914e-15
313.82126126126127 	 1.9286763839005322e-06 	 1.4368067713801908e-15
314.3217417417418 	 1.925761206008528e-06 	 1.4301199748890192e-15
314.82222222222225 	 1.92285501107082e-06 	 1.4234766275734436e-15
315.3227027027027 	 1.9199577570420825e-06 	 1.4168763707750638e-15
315.82318318318323 	 1.9170694021420813e-06 	 1.4103188494083674e-15
316.3236636636637 	 1.9141729205234522e-06 	 1.4037755024664217e-15
316.82414414414416 	 1.9112337070538827e-06 	 1.3971890189923887e-15
317.3246246246247 	 1.908303596206303e-06 	 1.3906454754171367e-15
317.82510510510514 	 1.9053825454241398e-06 	 1.3841445170829606e-15
318.3255855855856 	 1.9024705124164333e-06 	 1.3776857928598822e-15
318.8260660660661 	 1.8995674551571326e-06 	 1.3712689551057278e-15
319.3265465465466 	 1.8966733318816555e-06 	 1.364893659624728e-15
319.82702702702704 	 1.8937881010855413e-06 	 1.3585595656281713e-15
320.32750750750756 	 1.8909403971269138e-06 	 1.3523174128464682e-15
320.827987987988 	 1.8881062508895296e-06 	 1.3461239036683813e-15
321.3284684684685 	 1.8852807161311983e-06 	 1.3399699477828356e-15
321.82894894894895 	 1.8824637532331457e-06 	 1.3338552245246027e-15
322.32942942942947 	 1.8796553228210596e-06 	 1.3277794163639024e-15
322.82990990990993 	 1.8768553857626232e-06 	 1.3217422088702025e-15
323.3303903903904 	 1.8740639031665775e-06 	 1.3157432906775605e-15
323.8308708708709 	 1.8712943829882195e-06 	 1.3097768421753793e-15
324.3313513513514 	 1.8685489649265816e-06 	 1.3038417257812695e-15
324.83183183183183 	 1.8658117567132266e-06 	 1.2979441081749332e-15
325.33231231231235 	 1.8630827210705503e-06 	 1.2920836886016131e-15
325.8327927927928 	 1.8603618209486367e-06 	 1.2862601692160489e-15
326.3332732732733 	 1.8576490195206322e-06 	 1.2804732550476222e-15
326.8337537537538 	 1.8549442801870104e-06 	 1.2747226539720717e-15
327.33423423423426 	 1.8522453897402137e-06 	 1.269005127154193e-15
327.8347147147147 	 1.8495249201737695e-06 	 1.2632834121266091e-15
328.33519519519524 	 1.8468125500514418e-06 	 1.257597605809303e-15
328.8356756756757 	 1.8441082428721228e-06 	 1.251947422403921e-15
329.33615615615616 	 1.8414119623551563e-06 	 1.2463325788537528e-15
329.8366366366367 	 1.8387236724387215e-06 	 1.2407527948130865e-15
330.33711711711715 	 1.8360433372775221e-06 	 1.2352077926164623e-15
330.8375975975976 	 1.8333709212424805e-06 	 1.2296972972496603e-15
331.3380780780781 	 1.8307066771452347e-06 	 1.2242263724873929e-15
331.8385585585586 	 1.828050596265912e-06 	 1.2187952069721257e-15
332.33903903903905 	 1.8254023249045343e-06 	 1.2133976222780273e-15
332.83951951951957 	 1.8227618283033284e-06 	 1.2080333548964632e-15
333.34000000000003 	 1.8201290719119625e-06 	 1.2027021438122942e-15
333.8404804804805 	 1.8175040213851103e-06 	 1.197403730475749e-15
334.340960960961 	 1.8148866425827036e-06 	 1.1921378587764202e-15
334.8414414414415 	 1.8122769015666186e-06 	 1.1869042750152253e-15
335.34192192192194 	 1.8096743614848633e-06 	 1.1816953778041626e-15
335.84240240240246 	 1.8070792082454058e-06 	 1.1765149535229932e-15
336.3428828828829 	 1.8044915960370167e-06 	 1.1713661806069386e-15
336.8433633633634 	 1.8019114916925034e-06 	 1.1662488136259348e-15
337.3438438438439 	 1.7993388622401171e-06 	 1.1611626094447885e-15
337.84432432432436 	 1.7967736749023272e-06 	 1.156107327198269e-15
338.3448048048048 	 1.7942158970933075e-06 	 1.1510827282656734e-15
338.8452852852853 	 1.7916676250137072e-06 	 1.1460845816371757e-15
339.3457657657658 	 1.7891480423487063e-06 	 1.1410767413976957e-15
339.84624624624627 	 1.7866356783553092e-06 	 1.1360993305962595e-15
340.34672672672673 	 1.784130501652009e-06 	 1.1311521148617431e-15
340.84720720720725 	 1.7816324810402607e-06 	 1.1262348619980633e-15
341.3476876876877 	 1.7791415855031503e-06 	 1.121347341960629e-15
341.8481681681682 	 1.7766577842040522e-06 	 1.1164893268330736e-15
342.3486486486487 	 1.7741810464859212e-06 	 1.1116605908046629e-15
342.84912912912915 	 1.7717091239619796e-06 	 1.1068660475002833e-15
343.3496096096096 	 1.7692238768899605e-06 	 1.1021472445135293e-15
343.85009009009013 	 1.7667456907845479e-06 	 1.0974565302428498e-15
344.3505705705706 	 1.7642745352814572e-06 	 1.092793692265907e-15
344.85105105105106 	 1.7618103801928554e-06 	 1.0881585200997688e-15
345.3515315315316 	 1.7593531955036096e-06 	 1.0835508051787003e-15
345.85201201201204 	 1.7569029513712728e-06 	 1.0789703408345292e-15
346.3524924924925 	 1.7544596181246023e-06 	 1.0744169222763338e-15
346.852972972973 	 1.752021749728573e-06 	 1.0698655689666019e-15
347.3534534534535 	 1.7495875346642907e-06 	 1.0652851002926951e-15
347.85393393393394 	 1.7471601717690771e-06 	 1.060731879787109e-15
348.35441441441446 	 1.74473963186124e-06 	 1.0562057020823136e-15
348.8548948948949 	 1.742325885925532e-06 	 1.0517063636752619e-15
349.3553753753754 	 1.739918905111934e-06 	 1.0472336629076192e-15
349.8558558558559 	 1.7375186607345034e-06 	 1.042787399946282e-15
350.35633633633637 	 1.7351251242701925e-06 	 1.0383673767640954e-15
350.85681681681683 	 1.7327385175137242e-06 	 1.033977707174554e-15
351.35729729729735 	 1.7303605078174306e-06 	 1.0296473329275689e-15
351.8577777777778 	 1.7279891077084147e-06 	 1.0253422413110217e-15
352.3582582582583 	 1.725624289388017e-06 	 1.0210622449535837e-15
352.8587387387388 	 1.7232660252144706e-06 	 1.016807158158781e-15
353.35921921921926 	 1.720914287701524e-06 	 1.012576796887365e-15
353.8596996996997 	 1.7185690495173442e-06 	 1.0083709787400403e-15
354.36018018018024 	 1.716230283483438e-06 	 1.0041895229404111e-15
354.8606606606607 	 1.7138977021245398e-06 	 1.0000278267227539e-15
355.36114114114116 	 1.7115696581057606e-06 	 9.958582631921892e-16
355.8616216216217 	 1.7092480188880893e-06 	 9.91712884205575e-16
356.36210210210214 	 1.7069327578145605e-06 	 9.875915119134918e-16
356.8625825825826 	 1.7046238483767931e-06 	 9.834939700426506e-16
357.36306306306307 	 1.7023212642139656e-06 	 9.794200838795977e-16
357.8635435435436 	 1.700024979111775e-06 	 9.753696802546027e-16
358.36402402402405 	 1.697734967001431e-06 	 9.713425875257566e-16
358.8645045045045 	 1.6954512019589118e-06 	 9.673386355633846e-16
359.364984984985 	 1.6931741783648718e-06 	 9.633663474776865e-16
359.8654654654655 	 1.6909033868215167e-06 	 9.594174405797352e-16
360.36594594594595 	 1.688638762023384e-06 	 9.554910833105276e-16
360.8664264264265 	 1.6863802786331373e-06 	 9.515871122824103e-16
361.36690690690693 	 1.684127911456073e-06 	 9.477053655369366e-16
361.8673873873874 	 1.681881635433805e-06 	 9.43845682527287e-16
362.3678678678679 	 1.679641425645997e-06 	 9.400079041054016e-16
362.8683483483484 	 1.677407257308878e-06 	 9.361918725074547e-16
363.36882882882884 	 1.6751908818496623e-06 	 9.323936237365857e-16
363.86930930930936 	 1.6729905795990002e-06 	 9.286135809594886e-16
364.3697897897898 	 1.6707961589357772e-06 	 9.24854886541223e-16
364.8702702702703 	 1.6686075960129533e-06 	 9.21117387498079e-16
365.3707507507508 	 1.6664248671131517e-06 	 9.174009321681806e-16
365.87123123123126 	 1.6642479486477896e-06 	 9.1370537019816e-16
366.3717117117117 	 1.6620768171561942e-06 	 9.100305525299754e-16
366.87219219219224 	 1.6599114493047278e-06 	 9.063763313878819e-16
367.3726726726727 	 1.6577486879666223e-06 	 9.027435510281507e-16
367.87315315315317 	 1.6555732437151685e-06 	 8.991368712344149e-16
368.3736336336337 	 1.6534035781401367e-06 	 8.95550288701942e-16
368.87411411411415 	 1.6512396680200076e-06 	 8.919836612382143e-16
369.3745945945946 	 1.649081490260046e-06 	 8.884368478652293e-16
369.87507507507513 	 1.646929021888463e-06 	 8.849097088057906e-16
370.3755555555556 	 1.644782240057078e-06 	 8.814021054723593e-16
370.87603603603606 	 1.642641122040191e-06 	 8.779139004550753e-16
371.3765165165166 	 1.6405056452337538e-06 	 8.744449575100683e-16
371.87699699699704 	 1.6383744223662522e-06 	 8.709732701752532e-16
372.3774774774775 	 1.636248358290231e-06 	 8.675136497259173e-16
372.877957957958 	 1.6341278790544462e-06 	 8.640731583768187e-16
373.3784384384385 	 1.6320129624751048e-06 	 8.606516619797164e-16
373.87891891891894 	 1.6299035864819579e-06 	 8.572490275180153e-16
374.37939939939946 	 1.6277997291220133e-06 	 8.538651230979718e-16
374.8798798798799 	 1.6257013685587686e-06 	 8.504998179376414e-16
375.3803603603604 	 1.6236084830714358e-06 	 8.471529823559389e-16
375.88084084084085 	 1.6215207782136535e-06 	 8.438201750148092e-16
376.38132132132137 	 1.6194370947585671e-06 	 8.404833376139168e-16
376.8818018018018 	 1.6173588317148041e-06 	 8.371648329914157e-16
377.3822822822823 	 1.6152859677608476e-06 	 8.338645335377507e-16
377.8827627627628 	 1.6132184816869032e-06 	 8.305823127130664e-16
378.38324324324327 	 1.6111563523951743e-06 	 8.27318045037265e-16
378.88372372372373 	 1.6090995588974855e-06 	 8.240716060788161e-16
379.38420420420425 	 1.6070480803126476e-06 	 8.208428724435557e-16
379.8846846846847 	 1.6050018958818442e-06 	 8.176317217727963e-16
380.3851651651652 	 1.6029617783318861e-06 	 8.144503797462742e-16
380.8856456456457 	 1.6009282562606661e-06 	 8.113071955892882e-16
381.38612612612616 	 1.598899954311837e-06 	 8.081809304195421e-16
381.8866066066066 	 1.5968768522185633e-06 	 8.050714685985587e-16
382.38708708708714 	 1.5948589298193949e-06 	 8.019786954412856e-16
382.8875675675676 	 1.592846167057585e-06 	 7.98902497206926e-16
383.38804804804806 	 1.59083854398041e-06 	 7.958427610898542e-16
383.8885285285286 	 1.5888360407384914e-06 	 7.927993752106365e-16
384.38900900900904 	 1.586838637585124e-06 	 7.897722286071587e-16
384.8894894894895 	 1.5848451065947459e-06 	 7.867426816482205e-16
385.38996996997 	 1.5828557653405848e-06 	 7.837158779585851e-16
385.8904504504505 	 1.5808714774939561e-06 	 7.807052731081037e-16
386.39093093093095 	 1.5788922236446604e-06 	 7.777107571821095e-16
386.89141141141147 	 1.5769179844823176e-06 	 7.747322211647455e-16
387.39189189189193 	 1.5749487407957412e-06 	 7.717695569304043e-16
387.8923723723724 	 1.5729844734722866e-06 	 7.688226572352334e-16
388.3928528528529 	 1.5710251634972265e-06 	 7.658914157087499e-16
388.8933333333334 	 1.5690707919531134e-06 	 7.629757268455358e-16
389.39381381381384 	 1.567120573748758e-06 	 7.600639100107706e-16
389.89429429429435 	 1.5651750537817922e-06 	 7.571644195607042e-16
390.3947747747748 	 1.5632344215287596e-06 	 7.542803009121865e-16
390.8952552552553 	 1.5612986584245733e-06 	 7.514114507967997e-16
391.3957357357358 	 1.5593677459988522e-06 	 7.485577667820846e-16
391.89621621621626 	 1.5574416658750155e-06 	 7.457191472634961e-16
392.3966966966967 	 1.5555203997696914e-06 	 7.428954914566042e-16
392.89717717717724 	 1.5536039294921183e-06 	 7.400866993893614e-16
393.3976576576577 	 1.5516922369435713e-06 	 7.372926718944767e-16
393.89813813813817 	 1.5497861589128836e-06 	 7.345260319939592e-16
394.3986186186186 	 1.5478853964148575e-06 	 7.317824440619178e-16
394.89909909909915 	 1.5459893498987237e-06 	 7.290531407445886e-16
395.3995795795796 	 1.5440980016721804e-06 	 7.263380276360065e-16
395.90006006006007 	 1.5422113341318052e-06 	 7.236370110826983e-16
396.4005405405406 	 1.5403293297625174e-06 	 7.209499981766931e-16
396.90102102102105 	 1.5384519711369935e-06 	 7.182768967485749e-16
397.4015015015015 	 1.5365792409151383e-06 	 7.156176153606444e-16
397.90198198198203 	 1.5347111218435274e-06 	 7.129720633001258e-16
398.4024624624625 	 1.532858463594614e-06 	 7.103413129091831e-16
398.90294294294296 	 1.531017443499459e-06 	 7.077248598465448e-16
399.4034234234235 	 1.5291809173372254e-06 	 7.051218513210894e-16
399.90390390390394 	 1.527348868479925e-06 	 7.025321996006951e-16
400.4043843843844 	 1.5255212803813903e-06 	 6.999558176436072e-16
400.9048648648649 	 1.5236981365776006e-06 	 6.973926190924734e-16
401.4053453453454 	 1.5218794206850223e-06 	 6.948425182675379e-16
401.90582582582584 	 1.520065116402776e-06 	 6.923054301616446e-16
402.40630630630636 	 1.518255207509341e-06 	 6.897812704328068e-16
402.9067867867868 	 1.516441268016965e-06 	 6.872532256244872e-16
403.4072672672673 	 1.5146198033647284e-06 	 6.847144288698605e-16
403.9077477477478 	 1.5128027688631287e-06 	 6.821886607551327e-16
404.40822822822827 	 1.510990136034282e-06 	 6.796758310927869e-16
404.90870870870873 	 1.509181900923097e-06 	 6.771758613806551e-16
405.40918918918925 	 1.5073780433586789e-06 	 6.746886664252802e-16
405.9096696696697 	 1.5055785473228782e-06 	 6.722141635212076e-16
406.4101501501502 	 1.5037833968760165e-06 	 6.697522706080055e-16
406.9106306306307 	 1.50199257615639e-06 	 6.673029062643935e-16
407.41111111111115 	 1.500206107617209e-06 	 6.648665357627136e-16
407.9115915915916 	 1.4984256166439586e-06 	 6.624664757544079e-16
408.41207207207214 	 1.496649398978118e-06 	 6.600784948912722e-16
408.9125525525526 	 1.494877439114756e-06 	 6.577025159962899e-16
409.41303303303306 	 1.4931097216242755e-06 	 6.553384624872235e-16
409.9135135135136 	 1.4913462311519502e-06 	 6.529862583712627e-16
410.41399399399404 	 1.4895869524174748e-06 	 6.50645828239728e-16
410.9144744744745 	 1.4878318702145115e-06 	 6.483170972628272e-16
411.414954954955 	 1.4860809694102358e-06 	 6.459999911844644e-16
411.9154354354355 	 1.4843342349448983e-06 	 6.436944363171091e-16
412.41591591591595 	 1.4826009675004624e-06 	 6.413869761861532e-16
412.9163963963964 	 1.4808772388226836e-06 	 6.390832483455459e-16
413.4168768768769 	 1.4791575827721377e-06 	 6.367910312357495e-16
413.9173573573574 	 1.4774419847692328e-06 	 6.345102519334608e-16
414.41783783783785 	 1.4757304303048882e-06 	 6.322408380724138e-16
414.91831831831837 	 1.4740229049387559e-06 	 6.299827178378375e-16
415.41879879879883 	 1.4723193942998712e-06 	 6.277358199620061e-16
415.9192792792793 	 1.4706198840859741e-06 	 6.255000737192601e-16
416.4197597597598 	 1.4689243600630977e-06 	 6.232754089211982e-16
416.9202402402403 	 1.4672321717758297e-06 	 6.210619121619359e-16
417.42072072072074 	 1.4655288724625366e-06 	 6.188630487472263e-16
417.92120120120126 	 1.4638295712677576e-06 	 6.166750275383062e-16
418.4216816816817 	 1.4621342540070665e-06 	 6.144977807067776e-16
418.9221621621622 	 1.4604429065637555e-06 	 6.123312409360174e-16
419.4226426426427 	 1.4587555148867146e-06 	 6.101753414159516e-16
419.92312312312316 	 1.4570720649934742e-06 	 6.080300158400402e-16
420.4236036036036 	 1.4553925429663694e-06 	 6.058951983994169e-16
420.92408408408414 	 1.4537169349538675e-06 	 6.03770823779242e-16
421.4245645645646 	 1.4520452271698323e-06 	 6.016568271542294e-16
421.92504504504507 	 1.450376905475455e-06 	 5.995462968076732e-16
422.4255255255256 	 1.448711848391239e-06 	 5.974377267297674e-16
422.92600600600605 	 1.4470506563724353e-06 	 5.953394678699174e-16
423.4264864864865 	 1.4453933158607195e-06 	 5.932514563116536e-16
423.92696696696703 	 1.4437398133614295e-06 	 5.911736286159447e-16
424.4274474474475 	 1.4420901354431982e-06 	 5.891059218170398e-16
424.92792792792795 	 1.440444268737573e-06 	 5.870482734183439e-16
425.4284084084085 	 1.438802199938894e-06 	 5.850006213884399e-16
425.92888888888893 	 1.4371639158027353e-06 	 5.829629041565662e-16
426.4293693693694 	 1.4355294031479105e-06 	 5.809350606095797e-16
426.9298498498499 	 1.4338888339072282e-06 	 5.789193292436238e-16
427.4303303303304 	 1.4322469747453762e-06 	 5.769145169595065e-16
427.93081081081084 	 1.4306088983727807e-06 	 5.749193700927276e-16
428.43129129129136 	 1.428974591650347e-06 	 5.729338295350555e-16
428.9317717717718 	 1.4273440415000034e-06 	 5.709578366140392e-16
429.4322522522523 	 1.4257172349043523e-06 	 5.689913330892592e-16
429.9327327327328 	 1.4240941589063088e-06 	 5.670342611486131e-16
430.43321321321326 	 1.4224748006087518e-06 	 5.650865634046391e-16
430.9336936936937 	 1.420859147174184e-06 	 5.631481828908749e-16
431.4341741741742 	 1.4192471858243783e-06 	 5.612190630582537e-16
431.9346546546547 	 1.417664432697248e-06 	 5.592980605977849e-16
432.43513513513517 	 1.4160891195883005e-06 	 5.57386051017119e-16
432.93561561561563 	 1.4145173615417525e-06 	 5.554831441915573e-16
433.43609609609615 	 1.4129491464044413e-06 	 5.535892851386205e-16
433.9365765765766 	 1.4113844620788756e-06 	 5.517044192762593e-16
434.4370570570571 	 1.409823296522935e-06 	 5.498284924194543e-16
434.9375375375376 	 1.4082656377495493e-06 	 5.479614507768462e-16
435.43801801801806 	 1.4067114738263698e-06 	 5.461032409473922e-16
435.9384984984985 	 1.4051607928754765e-06 	 5.442538099170649e-16
436.43897897897904 	 1.4036135830730488e-06 	 5.424131050555743e-16
436.9394594594595 	 1.4020565832693226e-06 	 5.4057261682537e-16
437.43993993993996 	 1.400501239962455e-06 	 5.387396484973032e-16
437.9404204204205 	 1.3989493841822568e-06 	 5.369153270169981e-16
438.44090090090094 	 1.397401004113751e-06 	 5.350996006614786e-16
438.9413813813814 	 1.395856087994876e-06 	 5.332924180804297e-16
439.4418618618619 	 1.3943146241164857e-06 	 5.314937282931782e-16
439.9423423423424 	 1.392776600822631e-06 	 5.297034806858101e-16
440.44282282282285 	 1.3912420065100329e-06 	 5.27921625008004e-16
440.94330330330337 	 1.3897108296277967e-06 	 5.261481113699879e-16
441.44378378378383 	 1.3881830586771135e-06 	 5.243828902395197e-16
441.9442642642643 	 1.3866586822109638e-06 	 5.226259124388957e-16
442.4447447447448 	 1.3851376888338222e-06 	 5.208771291419865e-16
442.9452252252253 	 1.3836200672013775e-06 	 5.191364918713086e-16
443.44570570570573 	 1.382105806020234e-06 	 5.174039524951147e-16
443.94618618618625 	 1.3805948940476336e-06 	 5.156794632245179e-16
444.4466666666667 	 1.3790873200876309e-06 	 5.13962976609322e-16
444.9471471471472 	 1.37758307299195e-06 	 5.122544455356358e-16
445.4476276276277 	 1.3760821416843865e-06 	 5.105538232322449e-16
445.94810810810816 	 1.3745845151157276e-06 	 5.088610632511622e-16
446.4485885885886 	 1.3730901823248494e-06 	 5.07176119487648e-16
446.94906906906914 	 1.3715986876214777e-06 	 5.05493291307746e-16
447.4495495495496 	 1.3701100192286375e-06 	 5.038125463810089e-16
447.95003003003006 	 1.3686246163678984e-06 	 5.021395692848338e-16
448.4505105105105 	 1.367142468066846e-06 	 5.004743144645528e-16
448.95099099099104 	 1.365663563710462e-06 	 4.988167368001309e-16
449.4514714714715 	 1.3641878924097366e-06 	 4.971667913722486e-16
449.95195195195197 	 1.3627154436547117e-06 	 4.955244336985573e-16
450.4524324324325 	 1.361246206643297e-06 	 4.938896194863109e-16
450.95291291291295 	 1.3597801709661225e-06 	 4.922623048791918e-16
451.4533933933934 	 1.358317325909856e-06 	 4.906424462018142e-16
451.95387387387393 	 1.3568576611608167e-06 	 4.890300002122898e-16
452.4543543543544 	 1.3554011661196887e-06 	 4.874249238519729e-16
452.95483483483486 	 1.3539478304977351e-06 	 4.858271744583292e-16
453.4553153153154 	 1.3524976438765273e-06 	 4.842367096038927e-16
453.95579579579584 	 1.3510505959703863e-06 	 4.826534871883753e-16
454.4562762762763 	 1.3496066765171679e-06 	 4.810774653970716e-16
454.9567567567568 	 1.3481658752987844e-06 	 4.795086027059485e-16
455.4572372372373 	 1.3467281821068544e-06 	 4.779468578671798e-16
455.95771771771774 	 1.3452935869214993e-06 	 4.763921899703436e-16
456.45819819819826 	 1.3438620795498262e-06 	 4.748445583118908e-16
456.9586786786787 	 1.3424336499878054e-06 	 4.733039225213593e-16
457.4591591591592 	 1.34100854875663e-06 	 4.717734580443216e-16
457.9596396396397 	 1.3395866063804522e-06 	 4.702511454712399e-16
458.46012012012017 	 1.338167710190716e-06 	 4.687356754143096e-16
458.9606006006006 	 1.336751850357349e-06 	 4.672270088563523e-16
459.46108108108115 	 1.3353390170360818e-06 	 4.657251070286839e-16
459.9615615615616 	 1.333929200463204e-06 	 4.642299314422314e-16
460.46204204204207 	 1.3325223909071654e-06 	 4.627414438685261e-16
460.9625225225226 	 1.3311185786476917e-06 	 4.612596063304669e-16
461.46300300300305 	 1.3297177541322837e-06 	 4.597843811545329e-16
461.9634834834835 	 1.3283199076602672e-06 	 4.583157308592991e-16
462.46396396396403 	 1.326926596773847e-06 	 4.568533051608744e-16
462.9644444444445 	 1.3255469175718344e-06 	 4.553952538124381e-16
463.46492492492496 	 1.3241701495465668e-06 	 4.539436847573027e-16
463.9654054054055 	 1.3227962833969165e-06 	 4.524985614246864e-16
464.46588588588594 	 1.3214253098615695e-06 	 4.510598474926091e-16
464.9663663663664 	 1.3200572197188294e-06 	 4.496275068859202e-16
465.4668468468469 	 1.318692003786386e-06 	 4.4820150377433635e-16
465.9673273273274 	 1.317329652921124e-06 	 4.467818025705054e-16
466.46780780780784 	 1.3159701580188953e-06 	 4.453683679280784e-16
466.9682882882883 	 1.3146135100143303e-06 	 4.4396116473981075e-16
467.4687687687688 	 1.3132596998806098e-06 	 4.425601581356658e-16
467.9692492492493 	 1.3119014234966292e-06 	 4.411568391034445e-16
468.46972972972975 	 1.310539736249994e-06 	 4.3975246008681695e-16
468.97021021021027 	 1.3091809044372796e-06 	 4.383542911015535e-16
469.47069069069073 	 1.3078249190154485e-06 	 4.369622973577265e-16
469.9711711711712 	 1.3064717709796493e-06 	 4.355764443001552e-16
470.4716516516517 	 1.3051214513631846e-06 	 4.341966976066167e-16
470.9721321321322 	 1.3037739512371647e-06 	 4.328230231859647e-16
471.47261261261264 	 1.3024292617104694e-06 	 4.3145538717636864e-16
471.97309309309315 	 1.301087373929501e-06 	 4.300937559434988e-16
472.4735735735736 	 1.2997482790779843e-06 	 4.287380960787412e-16
472.9740540540541 	 1.29841196837676e-06 	 4.273883743974284e-16
473.4745345345346 	 1.2970788283404614e-06 	 4.260492358547927e-16
473.97501501501506 	 1.295748777698905e-06 	 4.24719771186715e-16
474.4754954954955 	 1.294421481733232e-06 	 4.2339608409080167e-16
474.97597597597604 	 1.2930969318263026e-06 	 4.220781427099316e-16
475.4764564564565 	 1.2917751193970487e-06 	 4.2076591539879416e-16
475.97693693693697 	 1.2904560359002925e-06 	 4.194593707222475e-16
476.4774174174175 	 1.2891396728266461e-06 	 4.181584774537177e-16
476.97789789789795 	 1.2878260217018964e-06 	 4.168632045734441e-16
477.4783783783784 	 1.2865150740876575e-06 	 4.1557352126715223e-16
477.9788588588589 	 1.2852068215803637e-06 	 4.1428939692419724e-16
478.4793393393394 	 1.2839012558115693e-06 	 4.1301080113615054e-16
478.97981981981985 	 1.282598085529953e-06 	 4.117344034554459e-16
479.48030030030037 	 1.2812974970021956e-06 	 4.1046245348345763e-16
479.98078078078083 	 1.2799995720420147e-06 	 4.091959734265369e-16
480.4812612612613 	 1.2787043024110124e-06 	 4.079349334462719e-16
480.9817417417418 	 1.2774116799049028e-06 	 4.0667930390049337e-16
481.4822222222223 	 1.2761216963533666e-06 	 4.0542905534177905e-16
481.98270270270274 	 1.2748343436196404e-06 	 4.0418415851588534e-16
482.48318318318326 	 1.2735496136008293e-06 	 4.0294458436042137e-16
482.9836636636637 	 1.272267498227243e-06 	 4.0171030400322644e-16
483.4841441441442 	 1.2709879894683954e-06 	 4.0048128876286116e-16
483.9846246246247 	 1.2697110793092127e-06 	 3.992575101397182e-16
484.48510510510516 	 1.268436200790372e-06 	 3.980325124707229e-16
484.9855855855856 	 1.2671634862199624e-06 	 3.968079033316388e-16
485.4860660660661 	 1.2658933509077631e-06 	 3.9558852713874554e-16
485.9865465465466 	 1.2646257869608203e-06 	 3.943743555634905e-16
486.48702702702707 	 1.2633607865186174e-06 	 3.9316536046210026e-16
486.98750750750753 	 1.2620983417527287e-06 	 3.919615138741189e-16
487.48798798798805 	 1.2608384448667442e-06 	 3.907627880210437e-16
487.9884684684685 	 1.2595810880959127e-06 	 3.8956915530488285e-16
488.488948948949 	 1.2583262637072462e-06 	 3.883805883068702e-16
488.9894294294295 	 1.257073963999459e-06 	 3.871970597861367e-16
489.48990990990995 	 1.2558241813023703e-06 	 3.8601854267823225e-16
489.9903903903904 	 1.2545770293486612e-06 	 3.8484638537158558e-16
490.49087087087094 	 1.2533325758441346e-06 	 3.836814080328432e-16
490.9913513513514 	 1.252090615092117e-06 	 3.8252133636423274e-16
491.49183183183186 	 1.2508511395526232e-06 	 3.8136614417224325e-16
491.9923123123124 	 1.2496141417162072e-06 	 3.8021580543194824e-16
492.49279279279284 	 1.2483796141037606e-06 	 3.790702942857249e-16
492.9932732732733 	 1.2471475492665273e-06 	 3.7792958504204953e-16
493.4937537537538 	 1.2459179397854172e-06 	 3.767936521740912e-16
493.9942342342343 	 1.24469077827149e-06 	 3.7566247031867123e-16
494.49471471471475 	 1.2434660573659104e-06 	 3.7453601427507074e-16
494.99519519519527 	 1.2422437697389062e-06 	 3.7341425900354765e-16
495.4956756756757 	 1.2410239080904347e-06 	 3.722971796243824e-16
495.9961561561562 	 1.2398064651496428e-06 	 3.711847514165654e-16
496.4966366366367 	 1.2385914336749432e-06 	 3.7007694981668273e-16
496.99711711711717 	 1.2373788064536626e-06 	 3.6897375041768225e-16
497.49759759759763 	 1.2361685763020874e-06 	 3.678751289677694e-16
497.99807807807815 	 1.2349607360651696e-06 	 3.6678106136920805e-16
498.4985585585586 	 1.2337552786164697e-06 	 3.656915236772064e-16
498.9990390390391 	 1.2325521968579661e-06 	 3.6460649209876736e-16
499.4995195195196 	 1.2313514837199245e-06 	 3.635259429915707e-16
500.0 	 1.230153132160802e-06 	 3.624498528628713e-16
