0.001 	 1.3366782968455823e-05 	 0.0460961301393592
0.001012 	 1.3818526302009334e-05 	 0.045968207017535706
0.001023 	 1.4295574779460692e-05 	 0.04600176724949457
0.001035 	 1.4769914363236929e-05 	 0.04611224413214293
0.001047 	 1.5254832126065061e-05 	 0.04619471385115014
0.001059 	 1.5765872343859216e-05 	 0.046251629900872886
0.001072 	 1.628695543651789e-05 	 0.046369681910719836
0.001084 	 1.6847297441836992e-05 	 0.0463766233351812
0.001096 	 1.743123508725374e-05 	 0.046609839218113625
0.001109 	 1.8016669409636204e-05 	 0.046644725272215914
0.001122 	 1.8618564072229715e-05 	 0.0466546414188432
0.001135 	 1.9256139143062625e-05 	 0.046642210641376816
0.001148 	 1.9923299211453122e-05 	 0.04683426316660654
0.001161 	 2.0614209293424506e-05 	 0.04699680109855097
0.001175 	 2.130992924357222e-05 	 0.04697134291289235
0.001189 	 2.2022324118357015e-05 	 0.04692302458830199
0.001202 	 2.2765076413164082e-05 	 0.047215749149204095
0.001216 	 2.350493338747226e-05 	 0.047119437774611035
0.00123 	 2.42553493102603e-05 	 0.047201881850385104
0.001245 	 2.50229242003944e-05 	 0.04710819277864402
0.001259 	 2.5872977939888387e-05 	 0.04733433538067938
0.001274 	 2.6727450749663435e-05 	 0.04738181430092738
0.001288 	 2.7622675512302512e-05 	 0.04755132377550379
0.001303 	 2.8511256250904426e-05 	 0.04754792718548689
0.001318 	 2.9443527202760562e-05 	 0.04769599788106722
0.001334 	 3.0395193147592012e-05 	 0.04750615363889022
0.001349 	 3.140998142781757e-05 	 0.04777164052637498
0.001365 	 3.243218488747391e-05 	 0.04770535222461988
0.00138 	 3.3515977360881e-05 	 0.04791582567650839
0.001396 	 3.4608013368049585e-05 	 0.04796159292473814
0.001413 	 3.5725574412874526e-05 	 0.04799971524455717
0.001429 	 3.6913065315993456e-05 	 0.048147991930470146
0.001445 	 3.8140328487920185e-05 	 0.048270749064977296
0.001462 	 3.93637432329786e-05 	 0.0482365628205823
0.001479 	 4.0657765815601337e-05 	 0.04832191990761891
0.001496 	 4.1959928446969604e-05 	 0.04838152156562382
0.001514 	 4.331554790320788e-05 	 0.0482934916741053
0.001531 	 4.474185077272662e-05 	 0.04844212004071276
0.001549 	 4.61795584046946e-05 	 0.04844099704763243
0.001567 	 4.765593722229776e-05 	 0.04854165270083368
0.001585 	 4.9205081418717865e-05 	 0.048620066004421196
0.001603 	 5.0789514398136884e-05 	 0.04867579163268905
0.001622 	 5.24450028554311e-05 	 0.04870847823509528
0.001641 	 5.409640054494762e-05 	 0.048716836599623864
0.00166 	 5.58453426375293e-05 	 0.048817486971830415
0.001679 	 5.758815638849403e-05 	 0.04878568463221657
0.001698 	 5.945737958949296e-05 	 0.04895023106926974
0.001718 	 6.134764782718313e-05 	 0.048977089031042385
0.001738 	 6.332367933747204e-05 	 0.04898635814712943
0.001758 	 6.531869015590976e-05 	 0.04907232627309342
0.001778 	 6.739518469415251e-05 	 0.049139238471220786
0.001799 	 6.948057274389134e-05 	 0.04907730140329661
0.00182 	 7.167216829950277e-05 	 0.0490939673684451
0.001841 	 7.39663433476345e-05 	 0.04918416661806009
0.001862 	 7.629929275576357e-05 	 0.04925313183398144
0.001884 	 7.868757643483627e-05 	 0.049201777921045055
0.001905 	 8.118124634150193e-05 	 0.04932189768390221
0.001928 	 8.362122767938254e-05 	 0.04921663435262694
0.00195 	 8.622062739838215e-05 	 0.049203613691315484
0.001972 	 8.893300656868316e-05 	 0.04933337060255664
0.001995 	 9.170855350317749e-05 	 0.04927381048848156
0.002018 	 9.458789775037669e-05 	 0.049278260255394384
0.002042 	 9.749225684919941e-05 	 0.04924413378221199
0.002065 	 0.00010048657886199283 	 0.04929052048486751
0.002089 	 0.00010349992021394064 	 0.04922871881074953
0.002113 	 0.0001066309673299393 	 0.04922623658029211
0.002138 	 0.0001098769071777763 	 0.049191068465539896
0.002163 	 0.0001132296515360336 	 0.04914730657381321
0.002188 	 0.00011671125138450702 	 0.049159096047697665
0.002213 	 0.00012029193260540279 	 0.04916148527861572
0.002239 	 0.00012391301247554346 	 0.04906783014219136
0.002265 	 0.00012755028802260483 	 0.04902012623140749
0.002291 	 0.00013130123143984492 	 0.04896730586914071
0.002317 	 0.0001352347873256297 	 0.048969710620288175
0.002344 	 0.0001392614355316423 	 0.04888628419080103
0.002371 	 0.0001434571177851396 	 0.04885640560650834
0.002399 	 0.00014773101251347917 	 0.04869410405079789
0.002427 	 0.0001521379466118274 	 0.04863297119579618
0.002455 	 0.00015662747414768626 	 0.048520739282017195
0.002483 	 0.00016119690838006822 	 0.04845382013324304
0.002512 	 0.000165732903254684 	 0.04839343566352813
0.002541 	 0.0001705191426478361 	 0.04829917420980676
0.00257 	 0.00017550350775227773 	 0.048213908262227226
0.0026 	 0.00018060994540671608 	 0.04810533099572575
0.00263 	 0.00018592036653210912 	 0.04796783883505493
0.002661 	 0.0001912927347231646 	 0.04780606464023999
0.002692 	 0.00019681275335992591 	 0.047616771118404164
0.002723 	 0.00020245481994105312 	 0.04743848785595105
0.002754 	 0.00020825568563537884 	 0.047310482699560535
0.002786 	 0.00021433459584060092 	 0.04707446068932145
0.002818 	 0.00022067440470950058 	 0.046900467115355005
0.002851 	 0.00022698944152757097 	 0.04663738957344018
0.002884 	 0.00023335487322124367 	 0.046355629408301034
0.002917 	 0.0002399617325120094 	 0.046135689920935426
0.002951 	 0.0002465277730976136 	 0.04583582442111201
0.002985 	 0.00025313264711389257 	 0.045551578766495675
0.00302 	 0.00025987505428858796 	 0.04523846227653242
0.003055 	 0.0002664630987795688 	 0.04489870020392398
0.00309 	 0.0002732657344244183 	 0.04459231903818625
0.003126 	 0.0002805454531932054 	 0.04426730791328692
0.003162 	 0.0002880146964569037 	 0.04390296987809212
0.003199 	 0.00029557501127321464 	 0.04354551418974433
0.003236 	 0.00030330968699562335 	 0.04317893350171892
0.003273 	 0.00031104134894515957 	 0.04283535140819368
0.003311 	 0.00031901288387780214 	 0.04242818399456276
0.00335 	 0.000327208968648926 	 0.04196530311364908
0.003388 	 0.0003358126953800309 	 0.041552358405083194
0.003428 	 0.00034418855497182353 	 0.041036062445777954
0.003467 	 0.0003529589077315754 	 0.040594407794921475
0.003508 	 0.00036180815400877446 	 0.040053203827816686
0.003548 	 0.00037087366503730715 	 0.039543924696539064
0.003589 	 0.000380100188755421 	 0.038963569997021934
0.003631 	 0.0003893199604720229 	 0.038325611630935584
0.003673 	 0.00039878774814329975 	 0.037766957819886635
0.003715 	 0.000408342811716521 	 0.03715879861430336
0.003758 	 0.00041816934092830347 	 0.036448623510914595
0.003802 	 0.00042810269610090736 	 0.035670404437334303
0.003846 	 0.00043809899571214023 	 0.03485383816801133
0.00389 	 0.00044830677569890364 	 0.03449599732933784
0.003935 	 0.0004586017706884947 	 0.03442868634200857
0.003981 	 0.0004691008758142872 	 0.03373814293665768
0.004027 	 0.0004796286971211846 	 0.032572422435179466
0.004074 	 0.0004902009900123467 	 0.031062502352929105
0.004121 	 0.0005009296884387263 	 0.02942526105010374
0.004169 	 0.0005115252631625752 	 0.026959193705031484
0.004217 	 0.0005223807206382131 	 0.024827854267057983
0.004266 	 0.0005331043457843671 	 0.02378797777511796
0.004315 	 0.0005438184637323579 	 0.024342569181331923
0.004365 	 0.0005543933519927254 	 0.026921291738997773
0.004416 	 0.0005654017939227231 	 0.02998599986487942
0.004467 	 2.5505521900764478e-05 	 0.0045999279671456615
0.004519 	 2.6225490372582767e-05 	 0.001287180684647984
0.004571 	 2.6990270915281088e-05 	 0.00010561984798105296
0.004624 	 2.7792286157617913e-05 	 0.000324914438441143
0.004677 	 2.862383438660852e-05 	 0.0013727259583855688
0.004732 	 2.9471450314367903e-05 	 0.002827950412775013
0.004786 	 3.0340290264184824e-05 	 0.004213843642950884
0.004842 	 3.118732761493032e-05 	 0.005172197014757005
0.004898 	 3.2072204186789114e-05 	 0.0060204127385954445
0.004954 	 3.2993619323920016e-05 	 0.006731042725168899
0.005012 	 3.39480034102349e-05 	 0.007282085470381045
0.00507 	 3.492469131942285e-05 	 0.007678665351075187
0.005129 	 3.591587555268647e-05 	 0.007907683816808486
0.005188 	 3.6928009151587904e-05 	 0.008144047065691246
0.005248 	 3.795371920208519e-05 	 0.008583585419142732
0.005309 	 3.9023153346786646e-05 	 0.008994090647691858
0.00537 	 4.014173483155696e-05 	 0.009390726758044428
0.005433 	 4.1282240094089963e-05 	 0.009749622538770682
0.005495 	 4.247610843377554e-05 	 0.010101016844682356
0.005559 	 4.367835967228257e-05 	 0.010413759160565094
0.005623 	 4.4913409599310715e-05 	 0.010707197937182084
0.005689 	 4.619368123962061e-05 	 0.010997632481469023
0.005754 	 4.7541037491148496e-05 	 0.011294188743221011
0.005821 	 4.8899719311282996e-05 	 0.011568766312563141
0.005888 	 5.0294562320803084e-05 	 0.011828352430282957
0.005957 	 5.17070264047341e-05 	 0.012065689609975817
0.006026 	 5.314340078835871e-05 	 0.012292601387671197
0.006095 	 5.460288558808687e-05 	 0.012509420075603702
0.006166 	 5.6057384152534566e-05 	 0.012695865491696502
0.006237 	 5.760540370460965e-05 	 0.012893308187314474
0.00631 	 5.923398041666543e-05 	 0.013088579360053138
0.006383 	 6.09049915963147e-05 	 0.013281604450715046
0.006457 	 6.259858847576887e-05 	 0.013460193271185764
0.006531 	 6.4323113046092e-05 	 0.013636633770766184
0.006607 	 6.612576833542817e-05 	 0.013809372780855617
0.006683 	 6.798889527987576e-05 	 0.013979652608984055
0.006761 	 6.987317760209732e-05 	 0.014134295394022884
0.006839 	 7.179723399751554e-05 	 0.0142863889454571
0.006918 	 7.377351701345508e-05 	 0.014431220184148932
0.006998 	 7.581555872402416e-05 	 0.014572171384781495
0.007079 	 7.790437485214365e-05 	 0.014705583685997373
0.007161 	 8.003756535405076e-05 	 0.014834681832868388
0.007244 	 8.223612471836361e-05 	 0.01496257449883211
0.007328 	 8.445084625265665e-05 	 0.015085522251551428
0.007413 	 8.675628757168182e-05 	 0.015203722358636151
0.007499 	 8.914855527440695e-05 	 0.015323078777311643
0.007586 	 9.162366052987606e-05 	 0.015428254856839635
0.007674 	 9.41782394807327e-05 	 0.015554609652031356
0.007762 	 9.682071427246715e-05 	 0.015668593285613933
0.007852 	 9.945138903791273e-05 	 0.015782458979283872
0.007943 	 0.00010215218536917705 	 0.015876308857433116
0.008035 	 0.00010492010122447485 	 0.01597785338972919
0.008128 	 0.0001078208964223865 	 0.01606020875054693
0.008222 	 0.00011078124800516446 	 0.01617553139321118
0.008318 	 0.00011371561194444845 	 0.016237308107985696
0.008414 	 0.00011678565261032815 	 0.016338707639387842
0.008511 	 0.0001199720353606869 	 0.01642098027541397
0.00861 	 0.0001232558736272371 	 0.01650107654849065
0.00871 	 0.0001265814853405391 	 0.016585761056554352
0.00881 	 0.00013002517706410687 	 0.01668229657630996
0.008913 	 0.00013347439571894333 	 0.01674465693459343
0.009016 	 0.0001370967151260058 	 0.016818933100966712
0.00912 	 0.00014080909622453841 	 0.0168966603985088
0.009226 	 0.00014465289686828837 	 0.016970256528647375
0.009333 	 0.00014857676960107393 	 0.017046359221969645
0.009441 	 0.00015257636539601227 	 0.017104341537677443
0.00955 	 0.0001566489673245357 	 0.017184470178345713
0.009661 	 0.0001607733176986854 	 0.017239291731410502
0.009772 	 0.00016509507143340192 	 0.017303468137281997
0.009886 	 0.00016955629026972665 	 0.017355341890569396
0.01 	 0.00017414413684396066 	 0.017415472758959577
0.01012 	 0.0001787490444037053 	 0.017459600125387612
0.01023 	 0.0001836481251293119 	 0.01756207936453483
0.01035 	 0.00018848201453416032 	 0.017602854369248924
0.01047 	 0.00019336986616488562 	 0.017650331719979734
0.01059 	 0.00019847079145399657 	 0.01772117986354049
0.01072 	 0.00020363923540041867 	 0.017716126627589347
0.01084 	 0.0002091410763262032 	 0.017799369513994842
0.01096 	 0.00021483616975857353 	 0.01790312951111759
0.01109 	 0.00022046706642096754 	 0.017931206815540165
0.01122 	 0.00022627371166452492 	 0.017964943170970082
0.01135 	 0.00023230094195504728 	 0.01801850870196444
0.01148 	 0.00023859093551851842 	 0.018090929001435385
0.01161 	 0.0002450848886963718 	 0.01815344855074577
0.01175 	 0.0002514672253494362 	 0.0181709417749712
0.01189 	 0.0002580372984192566 	 0.01819282311943764
0.01202 	 0.0002649148827449577 	 0.018279009652724398
0.01216 	 0.00027165979185379206 	 0.01830725661125783
0.0123 	 0.0002785326621376358 	 0.01833893038955361
0.01245 	 0.000285392111366158 	 0.01832728014186417
0.01259 	 0.0002930022030181179 	 0.01839154420222623
0.01274 	 0.0003005720723717897 	 0.01841162699859225
0.01288 	 0.0003085183003786752 	 0.018480302741147352
0.01303 	 0.00031631947974299773 	 0.01850457193021617
0.01318 	 0.0003244684593572406 	 0.018553595843806805
0.01334 	 0.00033265989052135746 	 0.018548962123749867
0.01349 	 0.00034133895047222903 	 0.018612454714255964
0.01365 	 0.00035007886759322863 	 0.018632926957388336
0.0138 	 0.0003592134220081729 	 0.018708756634731098
0.01396 	 0.0003683856797230325 	 0.0187415388129604
0.01413 	 0.00037757430556489537 	 0.018722819094376432
0.01429 	 0.0003873834187028361 	 0.018777907204153496
0.01445 	 0.00039757511167265875 	 0.018834351218315684
0.01462 	 0.0004074718037011735 	 0.018855708815823977
0.01479 	 0.0004179206852079321 	 0.018879680439972367
0.01496 	 0.0004285246132828943 	 0.018912360874245294
0.01514 	 0.00043936503559687646 	 0.018905328372645008
0.01531 	 0.0004506297048935727 	 0.0189563636737268
0.01549 	 0.00046173021421161745 	 0.018965460649603492
0.01567 	 0.00047331709385164565 	 0.01898421753904963
0.01585 	 0.0004853748303300767 	 0.019012088330615746
0.01603 	 0.0004978902625754204 	 0.019055829208607728
0.01622 	 0.0005105327912908467 	 0.019060323254554895
0.01641 	 0.0005232469851227968 	 0.019071104550037785
0.0166 	 0.0005363769205218484 	 0.01909652221222637
0.01679 	 0.0005495695093213352 	 0.01913370844584303
0.01698 	 0.0005634949872950344 	 0.019179339545912243
0.01718 	 0.0005774631228883623 	 0.019192659441935062
0.01738 	 0.0005921191716826575 	 0.019220405788822243
0.01758 	 0.0006067884295735193 	 0.019251916028230672
0.01778 	 0.0006217912434033319 	 0.019282914632000762
0.01799 	 0.0006370858692291294 	 0.019283976719985513
0.0182 	 0.000652682616568654 	 0.019296305319941216
0.01841 	 0.0006688818482138544 	 0.019315527463254375
0.01862 	 0.0006856693136083442 	 0.019352063908120547
0.01884 	 0.0007023429431954355 	 0.01934620604991515
0.01905 	 0.0007199445983604073 	 0.019397893990852476
0.01928 	 0.0007376200152266684 	 0.019380813843918026
0.0195 	 0.0007561845072596806 	 0.019419492600800756
0.01972 	 0.0007752405344107088 	 0.019462797694866717
0.01995 	 0.0007943778285675957 	 0.01947611248430589
0.02018 	 0.0008136825961546258 	 0.019492503540598883
0.02042 	 0.0008330272598004642 	 0.019479732871795614
0.02065 	 0.0008532072868489291 	 0.0195097142574802
0.02089 	 0.0008739493147083182 	 0.01952230088061357
0.02113 	 0.0008953504838422414 	 0.019540415253239976
0.02138 	 0.0009166948807484979 	 0.019529712457472544
0.02163 	 0.0009386577303030204 	 0.019528697551896845
0.02188 	 0.000961226715252907 	 0.019544569969995366
0.02213 	 0.0009843815218240595 	 0.019572545383679266
0.02239 	 0.0010079073215901759 	 0.019571104661097186
0.02265 	 0.0010322219917960414 	 0.01957937162044165
0.02291 	 0.0010573020017620915 	 0.01959686994875816
0.02317 	 0.001082871335263485 	 0.0196182413699816
0.02344 	 0.0011087012014679538 	 0.019621353821910638
0.02371 	 0.0011352471990066196 	 0.019652590001297557
0.02399 	 0.0011619656221940763 	 0.019642290970295618
0.02427 	 0.0011895560084599296 	 0.019632390965616378
0.02455 	 0.001218029975078566 	 0.019653447865441282
0.02483 	 0.0012473643921225065 	 0.019703540070771457
0.02512 	 0.0012769481404308768 	 0.019691534195756914
0.02541 	 0.0013073334726227644 	 0.0197083456415839
0.0257 	 0.001338458112473312 	 0.019724578499083684
0.026 	 0.0013698163375367996 	 0.019737025107670315
0.0263 	 0.0014020385207618223 	 0.019723788920268978
0.02661 	 0.0014346902651751533 	 0.019734161661209764
0.02692 	 0.0014681399840805436 	 0.01971991436822773
0.02723 	 0.0015022383752418217 	 0.019730529966782213
0.02754 	 0.0015375615264916459 	 0.01974444222172864
0.02786 	 0.001573136094971312 	 0.019754087076295234
0.02818 	 0.0016098114210327254 	 0.019744112278461335
0.02851 	 0.0016469196672541317 	 0.01975357946002641
0.02884 	 0.0016853087953152032 	 0.01976700876093797
0.02917 	 0.0017249940359915523 	 0.019805500610248175
0.02951 	 0.0017648357081895445 	 0.01979731666641788
0.02985 	 0.0018060960637394812 	 0.019815104788747057
0.0302 	 0.0018478739596555658 	 0.019810438757108396
0.03055 	 0.0018905413182918865 	 0.019809050956523442
0.0309 	 0.0019335579755113085 	 0.01982613476707891
0.03126 	 0.001977303735886096 	 0.01980567927112829
0.03162 	 0.002024036663768483 	 0.019836754073452915
0.03199 	 0.002069133488975569 	 0.019817925697394517
0.03236 	 0.0021152188211061114 	 0.019820668231302404
0.03273 	 0.0021640207236675855 	 0.019838142982019448
0.03311 	 0.0022129935955666744 	 0.01983538948578607
0.0335 	 0.0022620935423158443 	 0.019813243491386353
0.03388 	 0.002312712770434878 	 0.019834436380414888
0.03428 	 0.002364386252364376 	 0.01980841288684352
0.03467 	 0.00241750681230782 	 0.01982468155451458
0.03508 	 0.0024698962208180453 	 0.01979951309546287
0.03548 	 0.0025253170513986735 	 0.01981143277698514
0.03589 	 0.002580693507228759 	 0.019818570610193254
0.03631 	 0.002637490216407898 	 0.01980449406011325
0.03673 	 0.0026965118107982115 	 0.01981742249881607
0.03715 	 0.0027543002621522442 	 0.019812291752999603
0.03758 	 0.0028150340770009765 	 0.01980960961344624
0.03802 	 0.0028754118321602466 	 0.019790699319399016
0.03846 	 0.0029361690699558074 	 0.019776797895722106
0.0389 	 0.003000408190606885 	 0.019786133671219647
0.03935 	 0.003064175542360671 	 0.019779786261407653
0.03981 	 0.0031273541422074287 	 0.019747888869392376
0.04027 	 0.0031923098903924797 	 0.019730570298779577
0.04074 	 0.003259784491732265 	 0.01972672432023061
0.04121 	 0.003327329879653474 	 0.01971799225965778
0.04169 	 0.0033941285835540785 	 0.019686115695572524
0.04217 	 0.0034624249669171 	 0.01965954934637386
0.04266 	 0.0035315548542838478 	 0.019637955802078923
0.04315 	 0.0036035048626344504 	 0.019629984898070038
0.04365 	 0.0036745406666937276 	 0.019601213137660924
0.04416 	 0.0037462565223841103 	 0.019577337937667423
0.04467 	 0.0038191191791906616 	 0.019551421897814437
0.04519 	 0.0038924546183375956 	 0.01952253399449878
0.04571 	 0.003966961947430731 	 0.01950032852536139
0.04624 	 0.004041730477260221 	 0.019468065083242555
0.04677 	 0.004117710864266414 	 0.01945025541475582
0.04732 	 0.004192976288693563 	 0.019406572260449628
0.04786 	 0.004270133453477431 	 0.01938692580091072
0.04842 	 0.004346739871442714 	 0.019355911829543486
0.04898 	 0.004424143817417687 	 0.019326005363222626
0.04955 	 0.004501674553215588 	 0.019294625233128495
0.05012 	 0.004575618078091605 	 0.019219216580993948
0.0507 	 0.00465379029629257 	 0.019183474312137495
0.05129 	 0.004735002672355767 	 0.019183979195260926
0.05188 	 0.0048224220674928445 	 0.019318381505943026
0.05248 	 0.004921229158923251 	 0.01960097412345955
0.05309 	 0.005031146517301492 	 0.019882614748828614
0.0537 	 0.0051514180013464495 	 0.020173051327690112
0.05432 	 0.005316686361825639 	 0.020529841876507447
0.05495 	 0.005481864576098823 	 0.02075139654179898
0.05559 	 0.0056258369183530155 	 0.020792585821748862
0.05623 	 0.005747610024810084 	 0.020672299630465404
0.05689 	 0.0057787268057679945 	 0.019854865759312636
0.05754 	 0.005766260115328794 	 0.01890209271183143
0.05821 	 0.00572607083332906 	 0.01791316516260801
0.05888 	 0.005662529881520548 	 0.016912698415728244
0.05957 	 0.0055426141098752135 	 0.015873551258187978
0.06026 	 0.005440208695838989 	 0.015103044368628814
0.06095 	 0.005369503870893851 	 0.014599759277403571
0.06166 	 0.005326923093951716 	 0.014321525329209614
0.06237 	 0.005376400816884542 	 0.014604684057968402
0.0631 	 0.005524013227444223 	 0.0153800499005433
0.06383 	 0.005719653628374722 	 0.016382985309790425
0.06457 	 0.005957477171591974 	 0.017592901254377877
0.06531 	 0.006240338541833294 	 0.019055317120040643
0.06607 	 0.006567048724554893 	 0.02065112710762461
0.06683 	 0.006883797671753896 	 0.02210337791465275
0.06761 	 0.007185210857576648 	 0.023375956630334233
0.06839 	 0.0074687476295394895 	 0.02448204084736829
0.06918 	 0.007725826590090448 	 0.025264363378285807
0.06998 	 0.007914652486075166 	 0.02548838324662414
0.07079 	 0.008032186612661016 	 0.025363288516385713
0.07161 	 0.00808864021720119 	 0.024956269373189496
0.07244 	 0.008089550548221 	 0.024304084179017253
0.07328 	 0.007986139266874222 	 0.023054254743305188
0.07413 	 0.007785524888013894 	 0.021280758038284345
0.07499 	 0.0075817412559250775 	 0.01964271053364688
0.07586 	 0.007365871483083795 	 0.018054345792533098
0.07674 	 0.007146880496525017 	 0.016557106826724056
0.07762 	 0.006931221758177029 	 0.01516696868752284
0.07852 	 0.0067751784142278376 	 0.014108370228238371
0.07943 	 0.006653959758298692 	 0.013263333183193808
0.08035 	 0.00656603975285443 	 0.012601814620736887
0.08128 	 0.006509466927924686 	 0.012098611516655318
0.08222 	 0.006481920873025668 	 0.011732454217209063
0.08318 	 0.006504042496608962 	 0.011593715984790524
0.08414 	 0.006579309956148167 	 0.011700805830371221
0.08511 	 0.00668740308999833 	 0.01195943134214221
0.0861 	 0.006818757620510563 	 0.012331575469141499
0.0871 	 0.00698215786932502 	 0.012870994143915208
0.0881 	 0.007170551799666973 	 0.01356327728875634
0.08913 	 0.007338068579061816 	 0.014223392262255571
0.09016 	 0.007476036374910088 	 0.014826585851729558
0.0912 	 0.0076119650515603186 	 0.015498442735860556
0.09226 	 0.007675263208703912 	 0.015794600681341343
0.09333 	 0.0077381327587876785 	 0.016124992155001266
0.09441 	 0.007864574824730106 	 0.01687136352166022
0.0955 	 0.007960828846787667 	 0.017613513879040067
0.09661 	 0.007969658727559078 	 0.018144078434976393
0.09772 	 0.007877960842567784 	 0.018210575107449695
0.09886 	 0.007648839558386227 	 0.017426800006726945
0.1 	 0.00741467059932834 	 0.016612965521490157
0.1012 	 0.0072893435533845025 	 0.01617206867562703
0.1023 	 0.00721965578595582 	 0.01611374899614259
0.1035 	 0.007225415403677741 	 0.016701269211535058
0.1047 	 0.007180323333672097 	 0.017383237583442644
0.1059 	 0.007074060383797268 	 0.018306875762100168
0.1072 	 0.006767144342849184 	 0.018448768192108146
0.1084 	 0.006148752482316755 	 0.01776712314619607
0.1096 	 0.0053699486312309965 	 0.016633411135634636
0.1109 	 0.004620814241620145 	 0.015339043127392597
0.1122 	 0.0039859330719309565 	 0.012973485944311169
0.1135 	 0.003416426632736578 	 0.010677247413539799
0.1148 	 0.0028840899482993924 	 0.00847686011803521
0.1161 	 0.0025419431368102845 	 0.007363874688407774
0.1175 	 0.0022761206564629933 	 0.006471042727324676
0.1189 	 0.0020387986588211527 	 0.005707426751541589
0.1202 	 0.0018116411459326747 	 0.0050355759007121945
0.1216 	 0.001610548286040142 	 0.004441967178859704
0.123 	 0.0014421493536108036 	 0.003917213313114624
0.1245 	 0.001300196439215334 	 0.0034472455985503293
0.1259 	 0.0011845667985831629 	 0.003058817828472271
0.1274 	 0.0010899613018059222 	 0.0027211044251766446
0.1288 	 0.0010154120818646369 	 0.002438231027295784
0.1303 	 0.0009532101336257613 	 0.002191198639768353
0.1318 	 0.0008978240548472454 	 0.0019772045980914915
0.1334 	 0.0008486980126987646 	 0.0017865646203165224
0.1349 	 0.0008063057377421758 	 0.0016241006879164478
0.1365 	 0.0007677707852919248 	 0.0014787624764137559
0.138 	 0.0007314085724545647 	 0.0013541686654035157
0.1396 	 0.0006948159433498973 	 0.0012419708256549435
0.1413 	 0.0006572770101504544 	 0.0011334345747140478
0.1429 	 0.0006249015936460335 	 0.001034018404883293
0.1445 	 0.0005957973865854147 	 0.000946500735682783
0.1462 	 0.0005703171611770721 	 0.0008629662898226746
0.1479 	 0.0005492356702875571 	 0.0007870027354008488
0.1496 	 0.000532283915339651 	 0.0007173118523737364
0.1514 	 0.0005195713444092225 	 0.0006519531432969349
0.1531 	 0.0005131529479173505 	 0.0005957281195480426
0.1549 	 0.0005123029844216241 	 0.0005443062791990925
0.1567 	 0.0005193225230114356 	 0.0004995560025279254
0.1585 	 0.0005311382594552407 	 0.0004604561251715594
0.1603 	 0.0005462869290945356 	 0.000426448844570918
0.1622 	 0.0005607642092437569 	 0.0003963439657461162
0.1641 	 0.0005747350519948123 	 0.00037007843680478855
0.166 	 0.0005873455053054877 	 0.0003473523116928991
0.1679 	 0.0005956496939466699 	 0.0003269332410455359
0.1698 	 0.0006016752358146149 	 0.00030817179581898416
0.1718 	 0.0006024467222292533 	 0.0002913789333539718
0.1738 	 0.0006023445517391895 	 0.00027519257398614665
0.1758 	 0.0006009429322026838 	 0.00025944109607233646
0.1778 	 0.0005987904346632634 	 0.00024412274629383624
0.1799 	 0.0005955402270970589 	 0.00022884647312293829
0.182 	 0.0005890848785630424 	 0.00021353633127874018
0.1841 	 0.0005836635129316479 	 0.00019893851866426612
0.1862 	 0.0005794684209971417 	 0.00018509578398649647
0.1884 	 0.0005756961742012148 	 0.00017158198406009214
0.1905 	 0.0005750850287726232 	 0.00015920138336341768
0.1928 	 0.0005814955241395586 	 0.00014732262519087094
0.195 	 0.0005914474529280846 	 0.00013678051195863375
0.1972 	 0.000604768187136323 	 0.0001272554615381631
0.1995 	 0.0006208979245832261 	 0.00011836574456628299
0.2018 	 0.0006402158232280367 	 0.00011078491839854
0.2042 	 0.0006624112388432644 	 0.00010404830369692707
0.2065 	 0.000687616215628936 	 9.843501661208821e-05
0.2089 	 0.0007149225238972851 	 9.341371708840571e-05
0.2113 	 0.0007450312533151322 	 8.955489441068266e-05
0.2138 	 0.0007768917027177022 	 8.663026362328358e-05
0.2163 	 0.0008030376600291609 	 8.429973430134656e-05
0.2188 	 0.0008253023565785722 	 8.189823566004076e-05
0.2213 	 0.0008486392843718992 	 7.932078673411586e-05
0.2239 	 0.0008737086142752544 	 7.670364963856176e-05
0.2265 	 0.0009063002026887661 	 7.51429476241619e-05
0.2291 	 0.000944646169194405 	 7.461140662736799e-05
0.2317 	 0.0009836817046454248 	 7.476674602148608e-05
0.2344 	 0.001019744572716559 	 7.5219622812443e-05
0.2371 	 0.0010531911091286091 	 7.60327638165903e-05
0.2399 	 0.0010830575425471406 	 7.686533197341618e-05
0.2427 	 0.0011116100808115919 	 7.777187723484099e-05
0.2455 	 0.0011373367247869846 	 7.869674248282545e-05
0.2483 	 0.0011599362690041947 	 7.959280690031065e-05
0.2512 	 0.0011789643015982373 	 8.027414327244603e-05
0.2541 	 0.001195219295833936 	 8.092507755082393e-05
0.257 	 0.001209481904675249 	 8.165382279552777e-05
0.26 	 0.001225024227953543 	 8.275316413566781e-05
0.263 	 0.0012391488709254344 	 8.401045347057426e-05
0.2661 	 0.0012484526983477186 	 8.493734202435227e-05
0.2692 	 0.0012535411968892525 	 8.568951788382408e-05
0.2723 	 0.0012549067948739241 	 8.626615286459737e-05
0.2754 	 0.0012504209447946192 	 8.645306604116796e-05
0.2786 	 0.001238631986062517 	 8.601005981545622e-05
0.2818 	 0.0012228453991085313 	 8.533804516037278e-05
0.2851 	 0.001202893248337943 	 8.435242578675723e-05
0.2884 	 0.0011823894544386647 	 8.305788130470126e-05
0.2917 	 0.0011602737101624534 	 8.16050739418598e-05
0.2951 	 0.001136267713281428 	 8.006984852648918e-05
0.2985 	 0.001111318681840957 	 7.835540999682187e-05
0.302 	 0.0010850871804637195 	 7.639047334219456e-05
0.3055 	 0.0010580068394119087 	 7.430465100553871e-05
0.309 	 0.0010303358963483496 	 7.214132892972558e-05
0.3126 	 0.001001138716105358 	 6.975913466720613e-05
0.3162 	 0.0009713860896896056 	 6.739332941764953e-05
0.3199 	 0.0009415891982226804 	 6.488687447094062e-05
0.3236 	 0.0009116432684125508 	 6.240191521462219e-05
0.3273 	 0.0008821522775207506 	 5.989732539489177e-05
0.3311 	 0.0008530971676326706 	 5.7476327690183483e-05
0.335 	 0.000825534343449867 	 5.504175825123653e-05
0.3388 	 0.0007995238281051136 	 5.277879573476278e-05
0.3428 	 0.0007745219897322989 	 5.0435430545562046e-05
0.3467 	 0.0007521113535264098 	 4.829761133374117e-05
0.3508 	 0.0007315427449301381 	 4.612222683204889e-05
0.3548 	 0.0007126316243614587 	 4.4102333750176854e-05
0.3589 	 0.0006947033381279939 	 4.21762535981887e-05
0.3631 	 0.0006778334475100662 	 4.02895970839009e-05
0.3673 	 0.0006614888890444219 	 3.861693874702913e-05
0.3715 	 0.0006453687896849028 	 3.712905619486326e-05
0.3758 	 0.0006295946102064773 	 3.573247091176761e-05
0.3802 	 0.0006141586753420958 	 3.4376421934160914e-05
0.3846 	 0.0005990426646850632 	 3.313359359698368e-05
0.389 	 0.0005837374675948814 	 3.189986975245841e-05
0.3936 	 0.0005676089781199235 	 3.064711934327757e-05
0.3981 	 0.00055122231425096 	 2.947500226740371e-05
0.4027 	 0.0005341340199497338 	 2.8317643861144566e-05
0.4074 	 0.0005164753207236351 	 2.7180656727127463e-05
0.4121 	 0.0004984923548636165 	 2.6094068581077128e-05
0.4169 	 0.00048008560304562976 	 2.5032240732647108e-05
0.4217 	 0.00046139656602827567 	 2.4020077333480786e-05
0.4266 	 0.0004425452413575555 	 2.3008395386942815e-05
0.4315 	 0.0004234822359673078 	 2.207559134896987e-05
0.4365 	 0.0004050870867456333 	 2.110312469525048e-05
0.4416 	 0.00038731459674961043 	 2.0099209918804577e-05
0.4467 	 0.0003695158754109158 	 1.9129131616373585e-05
0.4519 	 0.00035253090410217555 	 1.8210175962284054e-05
0.4571 	 0.0003365120711172337 	 1.7333359652367687e-05
0.4624 	 0.0003213476330843999 	 1.6481607907225152e-05
0.4677 	 0.0003069119573267567 	 1.5686977369384642e-05
0.4732 	 0.0002931327384486265 	 1.4920122191981822e-05
0.4786 	 0.0002802644124748507 	 1.4180777992449289e-05
0.4842 	 0.000267859943338159 	 1.348440641210399e-05
0.4898 	 0.0002564680495266608 	 1.2803035279835364e-05
0.4955 	 0.0002457059337465379 	 1.2141092693008225e-05
0.5012 	 0.0002354620803807688 	 1.1522324122643027e-05
0.507 	 0.00022567548567308115 	 1.093471975678886e-05
0.5129 	 0.00021626720762685068 	 1.0376415267638546e-05
0.5188 	 0.00020746806492340773 	 9.841638580788108e-06
0.5248 	 0.00019889650640249231 	 9.345441731901735e-06
0.5309 	 0.00019079950349571042 	 8.862468619636518e-06
0.537 	 0.0001830915328931331 	 8.421436595829581e-06
0.5433 	 0.0001756670825661144 	 7.98517979300843e-06
0.5495 	 0.00016869634059930202 	 7.582387173210779e-06
0.5559 	 0.0001618781947450045 	 7.193725590341098e-06
0.5623 	 0.00015541934541275136 	 6.83877595878664e-06
0.5689 	 0.00014915343960313022 	 6.487372814385381e-06
0.5754 	 0.00014325917037879822 	 6.170791776932684e-06
0.5821 	 0.00013754542290436405 	 5.857089393935057e-06
0.5888 	 0.00013216348201776135 	 5.5705531541772905e-06
0.5957 	 0.0001269524566132835 	 5.286806382298402e-06
0.6026 	 0.00012200046460953818 	 5.02754005397187e-06
0.6095 	 0.00011730938451807896 	 4.777346807632575e-06
0.6166 	 0.00011285837149330806 	 4.536451911140967e-06
0.6237 	 0.00010853043319171878 	 4.316085114278771e-06
0.631 	 0.00010446694055351601 	 4.098070766153779e-06
0.6383 	 0.00010051973874662106 	 3.898673230808497e-06
0.6457 	 9.684149355698447e-05 	 3.703796790756142e-06
0.6531 	 9.329818034324845e-05 	 3.5206153929150782e-06
0.6607 	 8.983234908125222e-05 	 3.34892604186201e-06
0.6683 	 8.652227431165528e-05 	 3.182953319748743e-06
0.6761 	 8.328826478738785e-05 	 3.0275165787513322e-06
0.6839 	 8.025604801988771e-05 	 2.877305361862314e-06
0.6918 	 7.730825018166697e-05 	 2.73831254928341e-06
0.6998 	 7.45407779358764e-05 	 2.6023473461632182e-06
0.7079 	 7.190585152909009e-05 	 2.4766339060432047e-06
0.7161 	 6.937026150314385e-05 	 2.356971902225891e-06
0.7244 	 6.695113892889557e-05 	 2.2398921009029906e-06
0.7328 	 6.460689732231331e-05 	 2.1316620326357514e-06
0.7413 	 6.230547912380326e-05 	 2.0286450245904686e-06
0.7499 	 6.0145117858180905e-05 	 1.9306671217013573e-06
0.7586 	 5.807320587312654e-05 	 1.8374571288879024e-06
0.7674 	 5.610389640185882e-05 	 1.7462731194592961e-06
0.7762 	 5.416121070343741e-05 	 1.6628816323040332e-06
0.7852 	 5.2341797795335964e-05 	 1.5827268022917731e-06
0.7943 	 5.055582364537155e-05 	 1.5064720271233743e-06
0.8035 	 4.884909489139595e-05 	 1.4339543664550731e-06
0.8128 	 4.717385872327971e-05 	 1.3649739556269496e-06
0.8222 	 4.557493711494896e-05 	 1.299380678138937e-06
0.8318 	 4.404062667989186e-05 	 1.23641336177376e-06
0.8414 	 4.256228084023049e-05 	 1.1771333067392326e-06
0.8511 	 4.113000259460004e-05 	 1.1224075547729675e-06
0.861 	 3.975776615499453e-05 	 1.0682320070865993e-06
0.871 	 3.8441255219875554e-05 	 1.016751086855436e-06
0.881 	 3.7174813682351586e-05 	 9.68267233677611e-07
0.8913 	 3.5953077738907094e-05 	 9.213365270350652e-07
0.9016 	 3.477306639163928e-05 	 8.784523973025346e-07
0.912 	 3.366639383540027e-05 	 8.364077138172749e-07
0.9226 	 3.2597063006460394e-05 	 7.961023909046978e-07
0.9333 	 3.1558690413648797e-05 	 7.589442460446678e-07
0.9441 	 3.0572958164897445e-05 	 7.225255001423496e-07
0.955 	 2.9621390278132186e-05 	 6.879277876598916e-07
0.9661 	 2.8699557608927376e-05 	 6.557663408111862e-07
0.9772 	 2.7821810281721812e-05 	 6.245086222780354e-07
0.9886 	 2.6962252628896603e-05 	 5.952169199193242e-07
1.0 	 2.614450217670114e-05 	 5.676051471345421e-07
1.012 	 2.5333557493652804e-05 	 5.394630640903052e-07
1.023 	 2.457252396058222e-05 	 5.157882848433151e-07
1.035 	 2.3822242890759545e-05 	 4.907400647150213e-07
1.047 	 2.3096221244936726e-05 	 4.678638966475096e-07
1.059 	 2.2400597845932257e-05 	 4.4629057573941125e-07
1.072 	 2.1713429827536953e-05 	 4.2370477097337777e-07
1.084 	 2.107284918047075e-05 	 4.04597620154392e-07
1.096 	 2.0452933847533102e-05 	 3.8654240883171475e-07
1.109 	 1.9838514922119228e-05 	 3.6814032176331656e-07
1.122 	 1.925155173323956e-05 	 3.5080837982180455e-07
1.135 	 1.869327596027156e-05 	 3.3396571101150125e-07
1.148 	 1.8155066233344508e-05 	 3.185822848204843e-07
1.161 	 1.7638469234993973e-05 	 3.0406413613959416e-07
1.175 	 1.712818602610403e-05 	 2.8936667711208164e-07
1.189 	 1.6639271281197367e-05 	 2.7553668228720624e-07
1.202 	 1.6181297975869297e-05 	 2.6338825319574507e-07
1.216 	 1.5729345318594782e-05 	 2.510662135043047e-07
1.23 	 1.5296743805394146e-05 	 2.3944802079371954e-07
1.245 	 1.4870894127052942e-05 	 2.277530480643788e-07
1.259 	 1.446652293048602e-05 	 2.1744447536911888e-07
1.274 	 1.4068769447868991e-05 	 2.0705418197595845e-07
1.288 	 1.3693698834074167e-05 	 1.9788312304628346e-07
1.303 	 1.3322146367205205e-05 	 1.8862766720925655e-07
1.318 	 1.2964671340382608e-05 	 1.7990059398359263e-07
1.334 	 1.2611342671996493e-05 	 1.7115216971733158e-07
1.349 	 1.2280983177199611e-05 	 1.634066401354433e-07
1.365 	 1.1954570745932364e-05 	 1.5563200891822263e-07
1.38 	 1.1646793374256262e-05 	 1.4873910543070858e-07
1.396 	 1.1345552823370044e-05 	 1.418117829200622e-07
1.413 	 1.104533321697174e-05 	 1.3510407985004691e-07
1.429 	 1.0768256400212234e-05 	 1.2895008373507212e-07
1.445 	 1.0499851352836363e-05 	 1.231381049954848e-07
1.462 	 1.0232410221183185e-05 	 1.1750584662109137e-07
1.479 	 9.976623621787305e-06 	 1.1201860505799e-07
1.496 	 9.72910715919484e-06 	 1.0684401834324778e-07
1.514 	 9.485824996312367e-06 	 1.016920269245699e-07
1.531 	 9.256706757504255e-06 	 9.709643273057356e-08
1.549 	 9.03162360390138e-06 	 9.251497884802092e-08
1.567 	 8.811466959574826e-06 	 8.833440513127951e-08
1.585 	 8.603645061827567e-06 	 8.425640190680671e-08
1.603 	 8.400427019562955e-06 	 8.040804729100479e-08
1.622 	 8.198871529751848e-06 	 7.670430133020716e-08
1.641 	 8.006664503008858e-06 	 7.309754222429287e-08
1.66 	 7.818782462550425e-06 	 6.980635561816694e-08
1.679 	 7.641940350663254e-06 	 6.659457024409497e-08
1.698 	 7.469003847242865e-06 	 6.356303810579421e-08
1.718 	 7.2956540415283155e-06 	 6.065323370381613e-08
1.738 	 7.132780953177956e-06 	 5.781779830660039e-08
1.758 	 6.9715064332068175e-06 	 5.5230247482090775e-08
1.778 	 6.8201580608269196e-06 	 5.270350324143855e-08
1.799 	 6.668424999772585e-06 	 5.020597089451817e-08
1.82 	 6.5224095060069025e-06 	 4.792778976345077e-08
1.841 	 6.381611818105094e-06 	 4.57057958930107e-08
1.862 	 6.246197456098217e-06 	 4.3677845638452635e-08
1.884 	 6.112365833289254e-06 	 4.160731948573797e-08
1.905 	 5.984958513175264e-06 	 3.980221338734464e-08
1.928 	 5.8579600167096725e-06 	 3.7876719648882336e-08
1.95 	 5.737121646367419e-06 	 3.619564826507305e-08
1.972 	 5.622576337144064e-06 	 3.4552572969162506e-08
1.995 	 5.50613682580122e-06 	 3.2986106522594224e-08
2.018 	 5.395838172109035e-06 	 3.145798645421701e-08
2.042 	 5.285711748738108e-06 	 3.000459158085776e-08
2.065 	 5.1840333429668964e-06 	 2.864463029114893e-08
2.089 	 5.080631228390534e-06 	 2.7350486505169586e-08
2.113 	 4.982859245460822e-06 	 2.60875478054223e-08
2.138 	 4.8853128446897585e-06 	 2.48883589696969e-08
2.163 	 4.793205475697785e-06 	 2.3719921729408825e-08
2.188 	 4.701788953977788e-06 	 2.2654064021746975e-08
2.213 	 4.61553035182351e-06 	 2.1613327560974663e-08
2.239 	 4.529519835341685e-06 	 2.0626588446495413e-08
2.265 	 4.445483928587899e-06 	 1.9695520559302855e-08
2.291 	 4.366316134195215e-06 	 1.878674995616831e-08
2.317 	 4.287637311670638e-06 	 1.7957447779259297e-08
2.344 	 4.211786284804266e-06 	 1.7117078921681156e-08
2.371 	 4.138032839279998e-06 	 1.6350498489987957e-08
2.399 	 4.065450241770294e-06 	 1.55756852280573e-08
2.427 	 3.994919169373685e-06 	 1.4869158386317404e-08
2.455 	 3.925996938834947e-06 	 1.4202240475170861e-08
2.483 	 3.861313456068421e-06 	 1.3550854886121077e-08
2.512 	 3.7954228234854198e-06 	 1.2935779006635495e-08
2.541 	 3.7325411866527235e-06 	 1.2355212221023373e-08
2.57 	 3.6736559230636244e-06 	 1.1788183059310201e-08
2.6 	 3.6136120466626727e-06 	 1.1253403876463705e-08
2.63 	 3.55493798468145e-06 	 1.0748608542957374e-08
2.661 	 3.5001861690941605e-06 	 1.0240142359469263e-08
2.692 	 3.4466874440864513e-06 	 9.761013691615543e-09
2.723 	 3.393391909459695e-06 	 9.324013221919769e-09
2.754 	 3.3426860458844094e-06 	 8.911199777319184e-09
2.786 	 3.2929039616281975e-06 	 8.495260529387116e-09
2.818 	 3.2446416519340874e-06 	 8.115884352811254e-09
2.851 	 3.1963416009330965e-06 	 7.746572588955993e-09
2.884 	 3.1514096911187283e-06 	 7.386290821864094e-09
2.917 	 3.106567052565618e-06 	 7.0576569155527285e-09
2.951 	 3.0625988606966526e-06 	 6.727253305387234e-09
2.985 	 3.0212977994317966e-06 	 6.425936738179486e-09
3.02 	 2.9795559720243443e-06 	 6.123418412338734e-09
3.055 	 2.940402695131481e-06 	 5.847580190366268e-09
3.09 	 2.900896190348397e-06 	 5.587098134275303e-09
3.126 	 2.8646614897808266e-06 	 5.3256439948493166e-09
3.162 	 2.827197487483533e-06 	 5.087212782808213e-09
3.199 	 2.7909029173999297e-06 	 4.855901967439549e-09
3.236 	 2.7562569790643572e-06 	 4.6302028554719644e-09
3.273 	 2.723564584471642e-06 	 4.4172990616886354e-09
3.311 	 2.689989623820765e-06 	 4.21797276634366e-09
3.35 	 2.6571729760921377e-06 	 4.018531793900963e-09
3.388 	 2.627369973408696e-06 	 3.841254041950645e-09
3.428 	 2.5963646436351832e-06 	 3.6592247036971763e-09
3.467 	 2.5671583496917817e-06 	 3.497332837332298e-09
3.508 	 2.5371545035294776e-06 	 3.33667566108638e-09
3.548 	 2.51037871869095e-06 	 3.183635221547008e-09
3.589 	 2.4827703361460833e-06 	 3.040633511690805e-09
3.631 	 2.4568971097867265e-06 	 2.8977297649430306e-09
3.673 	 2.4319395472314894e-06 	 2.7674492310986887e-09
3.715 	 2.408262533976298e-06 	 2.640174453332671e-09
3.758 	 2.3837730946814604e-06 	 2.5213973630367933e-09
3.802 	 2.360929713014252e-06 	 2.402835410814886e-09
3.846 	 2.3379159225634743e-06 	 2.2947534141349405e-09
3.89 	 2.3170999538227904e-06 	 2.189164376138674e-09
3.936 	 2.294902659639253e-06 	 2.0886095605534525e-09
3.981 	 2.2747547152296065e-06 	 1.9957674001353698e-09
4.027 	 2.2542135833352275e-06 	 1.903071665415848e-09
4.074 	 2.23481378495291e-06 	 1.816764996149573e-09
4.121 	 2.2155830323811757e-06 	 1.7325069365489711e-09
4.169 	 2.19653128731739e-06 	 1.6540897063158182e-09
4.217 	 2.17947414719608e-06 	 1.5775188549404942e-09
4.266 	 2.1616546598137343e-06 	 1.5062842677285803e-09
4.315 	 2.1448786122490314e-06 	 1.4367091659908232e-09
4.365 	 2.1291255491756627e-06 	 1.3720085346438558e-09
4.416 	 2.1130086021611794e-06 	 1.307611812771935e-09
4.467 	 2.098126592458312e-06 	 1.2469014714257738e-09
4.519 	 2.0833561990245558e-06 	 1.1904976116830736e-09
4.571 	 2.0695385613593443e-06 	 1.1354118954012502e-09
4.624 	 2.056426107254587e-06 	 1.0824978035081132e-09
4.677 	 2.043831562454057e-06 	 1.0342634727808868e-09
4.732 	 2.0312661879492387e-06 	 9.854198604512238e-10
4.786 	 2.0202234376564475e-06 	 9.401748752842602e-10
4.842 	 2.008604047178533e-06 	 8.959810720941525e-10
4.898 	 1.998832299054615e-06 	 8.543211816013887e-10
4.955 	 1.9882942881669575e-06 	 8.156890763787748e-10
5.012 	 1.9785863294507823e-06 	 7.779519525940188e-10
5.07 	 1.968715879014873e-06 	 7.417581494039364e-10
5.129 	 1.9581095410604266e-06 	 7.082171154629768e-10
5.188 	 1.9490702043894027e-06 	 6.754513844587686e-10
5.248 	 1.939872201052705e-06 	 6.440429185334739e-10
5.309 	 1.9312537643004214e-06 	 6.13952758650085e-10
5.37 	 1.923558747866294e-06 	 5.855770559326909e-10
5.433 	 1.9154786259541297e-06 	 5.588900075849239e-10
5.495 	 1.9092045221025583e-06 	 5.332238354145134e-10
5.559 	 1.903090291755735e-06 	 5.082629261171352e-10
5.623 	 1.8971245633473543e-06 	 4.847267556129413e-10
5.689 	 1.8919975488872207e-06 	 4.61869849719875e-10
5.754 	 1.8879985738286764e-06 	 4.406335546424349e-10
5.821 	 1.8834518089481983e-06 	 4.200100358937819e-10
5.888 	 1.8803339475075206e-06 	 4.0056387135449567e-10
5.957 	 1.8773169729107025e-06 	 3.8170262035021537e-10
6.026 	 1.8750231108935901e-06 	 3.63924458175009e-10
6.095 	 1.8740642738829627e-06 	 3.47156263116788e-10
6.166 	 1.8731600242394214e-06 	 3.309005772981025e-10
6.237 	 1.872849539527681e-06 	 3.1505268189711465e-10
6.31 	 1.8708555347034073e-06 	 3.0072950855806335e-10
6.383 	 1.8700751511838232e-06 	 2.8673746989105104e-10
6.457 	 1.8702373336440033e-06 	 2.7337006257024214e-10
6.531 	 1.8721588576618997e-06 	 2.603312789853018e-10
6.607 	 1.8741113399782016e-06 	 2.4815178085299913e-10
6.683 	 1.8771779181393985e-06 	 2.3627451580046325e-10
6.761 	 1.8796590587043044e-06 	 2.251890956634692e-10
6.839 	 1.8838040840688886e-06 	 2.147382075920688e-10
6.918 	 1.8892899456960355e-06 	 2.0441954696857818e-10
6.998 	 1.8949695126876643e-06 	 1.945860298680959e-10
7.079 	 1.9013641826843753e-06 	 1.8552707380552287e-10
7.161 	 1.9084821581192096e-06 	 1.7658775591368883e-10
7.244 	 1.9162474214569225e-06 	 1.6835602111406024e-10
7.328 	 1.9257676204099564e-06 	 1.602356555656171e-10
7.413 	 1.935374780534764e-06 	 1.525041066844413e-10
7.499 	 1.945518971631774e-06 	 1.4538876938765887e-10
7.586 	 1.95732849393958e-06 	 1.383719072831057e-10
7.674 	 1.970182324769505e-06 	 1.316939281952731e-10
7.762 	 1.98429836552907e-06 	 1.2540380830490139e-10
7.852 	 1.999127582207348e-06 	 1.193535151007678e-10
7.943 	 2.0147760773400665e-06 	 1.1379049596253675e-10
8.035 	 2.0324030563927737e-06 	 1.083057474121988e-10
8.128 	 2.0508738120959074e-06 	 1.0308844802020015e-10
8.222 	 2.0706326671800463e-06 	 9.812598456303541e-11
8.318 	 2.0909089839124466e-06 	 9.336121833710976e-11
8.414 	 2.1132806452425993e-06 	 8.872288078318664e-11
8.511 	 2.136180416327057e-06 	 8.446357334323513e-11
8.61 	 2.159945511400666e-06 	 8.037576797338276e-11
8.71 	 2.1843323687813185e-06 	 7.649103740235661e-11
8.81 	 2.2104586733306937e-06 	 7.28325262678943e-11
8.913 	 2.237752488355508e-06 	 6.917156472115162e-11
9.016 	 2.2655797664703147e-06 	 6.584344353969273e-11
9.12 	 2.294753646145643e-06 	 6.268080741685451e-11
9.226 	 2.3252486111329224e-06 	 5.954564298613087e-11
9.333 	 2.3563018359835897e-06 	 5.667153527579222e-11
9.441 	 2.389286654852612e-06 	 5.384752852054356e-11
9.55 	 2.42271470313249e-06 	 5.12592477191884e-11
9.661 	 2.458158852376503e-06 	 4.869499575973483e-11
9.772 	 2.49610468490494e-06 	 4.620179147749008e-11
9.886 	 2.53305070112128e-06 	 4.396038902000542e-11
10.0 	 2.572001245584251e-06 	 4.177613903948685e-11
10.12 	 2.6125865293551723e-06 	 3.955664089894053e-11
10.23 	 2.6561176856596633e-06 	 3.76896662217848e-11
10.35 	 2.6981675047383626e-06 	 3.5788786697538744e-11
10.47 	 2.7370235549804147e-06 	 3.4062664113058726e-11
10.59 	 2.774233667369151e-06 	 3.249512893198075e-11
10.72 	 2.818425123523103e-06 	 3.073510816928333e-11
10.84 	 2.8726365950639304e-06 	 2.9142768961862707e-11
10.96 	 2.93485272097103e-06 	 2.7596515541248985e-11
11.09 	 3.0031588998609954e-06 	 2.5955344973750297e-11
11.22 	 3.0950521454990377e-06 	 2.4191589528474735e-11
11.35 	 3.20241892172937e-06 	 2.2440999788967247e-11
11.48 	 4.2212495150778115e-06 	 1.7482988000366622e-11
11.61 	 3.1626527650895046e-06 	 2.412520578083727e-11
11.75 	 3.2004918774864016e-06 	 2.1671621813507934e-11
11.89 	 3.2620865092758208e-06 	 2.0021150601038697e-11
12.02 	 3.329610543781976e-06 	 1.8799690496792334e-11
12.16 	 3.395911368395595e-06 	 1.7796531402017468e-11
12.3 	 3.4631088241011516e-06 	 1.688083353401853e-11
12.45 	 3.5272008917374106e-06 	 1.5942540256167746e-11
12.59 	 3.5993567924403743e-06 	 1.511360339644192e-11
12.74 	 3.667042958566986e-06 	 1.4297772761657759e-11
12.88 	 3.742194425364278e-06 	 1.3586406555863901e-11
13.03 	 3.8127474662755804e-06 	 1.2884268109593938e-11
13.18 	 3.884930838220711e-06 	 1.2227670930133922e-11
13.34 	 3.959750827161274e-06 	 1.1561293261668577e-11
13.49 	 4.036124996107072e-06 	 1.0970097954810952e-11
13.65 	 4.113478125769216e-06 	 1.039447430461198e-11
13.8 	 4.195340882027741e-06 	 9.8836115145711e-12
13.96 	 4.2786810216612455e-06 	 9.374473507411625e-12
14.13 	 4.3575146481964955e-06 	 8.869641632316923e-12
14.29 	 4.443509954281513e-06 	 8.422886107544854e-12
14.45 	 4.531062152347228e-06 	 8.000159285929806e-12
14.62 	 4.619374422631357e-06 	 7.583970135470723e-12
14.79 	 4.7092411207669035e-06 	 7.189766447604524e-12
14.96 	 4.806769003576532e-06 	 6.811563064175064e-12
15.14 	 4.898579496362004e-06 	 6.446184251979429e-12
15.31 	 4.996843237386859e-06 	 6.1243517288695925e-12
15.49 	 5.092898110764523e-06 	 5.805990101424009e-12
15.67 	 5.1926145107574545e-06 	 5.507032582678717e-12
15.85 	 5.295571529924843e-06 	 5.2282370357909405e-12
16.03 	 5.39958485798702e-06 	 4.96488947502067e-12
16.22 	 5.5058739955289025e-06 	 4.707746441701887e-12
16.41 	 5.612881799300704e-06 	 4.466254996045544e-12
16.6 	 5.720430056127775e-06 	 4.240188139585403e-12
16.79 	 5.833481579437934e-06 	 4.02893589146256e-12
16.98 	 5.949419721599585e-06 	 3.831210603338575e-12
17.18 	 6.062392057212112e-06 	 3.636618878019318e-12
17.38 	 6.180314048708281e-06 	 3.4557449236016972e-12
17.58 	 6.298653340348452e-06 	 3.285780975281272e-12
17.78 	 6.421943373623119e-06 	 3.1270753339601175e-12
17.99 	 6.541729703696673e-06 	 2.9717677246271894e-12
18.2 	 6.666228756278534e-06 	 2.8269903948299407e-12
18.41 	 6.792798250744141e-06 	 2.6922983247042397e-12
18.62 	 6.921804415553308e-06 	 2.565919336261576e-12
18.84 	 7.051249558873252e-06 	 2.4432822462122375e-12
19.05 	 7.184473740356125e-06 	 2.333073639858379e-12
19.28 	 7.314119636733443e-06 	 2.2213768080559994e-12
19.5 	 7.451359647485536e-06 	 2.122245774722217e-12
19.72 	 7.58823384531099e-06 	 2.0294278648576446e-12
19.95 	 7.727270571014745e-06 	 1.9391730196351927e-12
20.18 	 7.865540803803071e-06 	 1.8551209058790598e-12
20.42 	 8.003553818301234e-06 	 1.7733638322560726e-12
20.65 	 8.146693376598562e-06 	 1.700764359882345e-12
20.89 	 8.289076387553965e-06 	 1.6303007974423916e-12
21.13 	 8.43787589389648e-06 	 1.5637783435236155e-12
21.38 	 8.584423933756483e-06 	 1.4983964108827475e-12
21.63 	 8.730152682741993e-06 	 1.4393265874461831e-12
21.88 	 8.87297261044356e-06 	 1.3857947098106123e-12
22.13 	 9.013684816019433e-06 	 1.3365722436809012e-12
22.39 	 9.15875524801489e-06 	 1.287435247713094e-12
22.65 	 9.306522766188408e-06 	 1.2417796587267918e-12
22.91 	 9.454110745217123e-06 	 1.1997977973029184e-12
23.17 	 9.602375588683346e-06 	 1.1606165775021628e-12
23.44 	 9.748318106229857e-06 	 1.1226401602923937e-12
23.71 	 9.894464001757019e-06 	 1.087382341197741e-12
23.99 	 1.0037713742264915e-05 	 1.053356541300849e-12
24.27 	 1.0183082613014778e-05 	 1.0217580182110974e-12
24.55 	 1.0326003511917966e-05 	 9.925676918344968e-13
24.83 	 1.0470240997883465e-05 	 9.657273403311794e-13
25.12 	 1.0610101774933372e-05 	 9.3928807369179e-13
25.41 	 1.075107925069512e-05 	 9.14981067867471e-13
25.7 	 1.0889399630116763e-05 	 8.924918705623269e-13
26.0 	 1.1024439143822536e-05 	 8.704794414495453e-13
26.3 	 1.1159067757631384e-05 	 8.500005452070845e-13
26.61 	 1.1287905753019127e-05 	 8.300020821204591e-13
26.92 	 1.1414663313960051e-05 	 8.112505399012085e-13
27.23 	 1.1541712951847738e-05 	 7.940842029765685e-13
27.54 	 1.166778309721929e-05 	 7.781695609072866e-13
27.86 	 1.1786704985902279e-05 	 7.622817048861591e-13
28.18 	 1.1904594018454667e-05 	 7.47525681516059e-13
28.51 	 1.201533355388009e-05 	 7.327491638932625e-13
28.84 	 1.2126050318898324e-05 	 7.191819555142629e-13
29.17 	 1.2233147887275777e-05 	 7.062660270555479e-13
29.51 	 1.2334143746117647e-05 	 6.934234642533409e-13
29.85 	 1.2433984491650006e-05 	 6.814403681498604e-13
30.2 	 1.2527115409759718e-05 	 6.692641174000038e-13
30.55 	 1.2617330786020772e-05 	 6.578354509151602e-13
30.9 	 1.2706371902595276e-05 	 6.471405330062999e-13
31.26 	 1.2787091981257419e-05 	 6.361702733144854e-13
31.62 	 1.2865389743148587e-05 	 6.257857885799352e-13
31.99 	 1.2937672769048594e-05 	 6.153590416901461e-13
32.36 	 1.3006330968685887e-05 	 6.053763567701306e-13
32.73 	 1.3067776864786881e-05 	 5.955422501888655e-13
33.11 	 1.3131893428477222e-05 	 5.862488582041628e-13
33.5 	 1.3188497592495038e-05 	 5.76630841893853e-13
33.88 	 1.3233516775166383e-05 	 5.672738632295819e-13
34.28 	 1.3278775644720265e-05 	 5.577991858817706e-13
34.67 	 1.3324237692787294e-05 	 5.493473274017318e-13
35.08 	 1.3347807847268709e-05 	 5.391976618657192e-13
35.48 	 1.3382987342189376e-05 	 5.308014977240449e-13
35.89 	 1.3411436668284044e-05 	 5.221110951154221e-13
36.31 	 1.3432916871534145e-05 	 5.131832882144015e-13
36.73 	 1.3440941312317039e-05 	 5.03904600692892e-13
37.15 	 1.345726255695582e-05 	 4.955993555832869e-13
37.58 	 1.3467016712884177e-05 	 4.870752526251108e-13
38.02 	 1.3470391194176126e-05 	 4.783571992950086e-13
38.46 	 1.347190479171181e-05 	 4.699163402948495e-13
38.9 	 1.3470794532968806e-05 	 4.6177916773573e-13
39.36 	 1.3460694385204416e-05 	 4.529866739302318e-13
39.81 	 1.3442922084480818e-05 	 4.443768119216273e-13
40.27 	 1.3429158107661813e-05 	 4.3618173780605083e-13
40.74 	 1.341029144595856e-05 	 4.2784032568199013e-13
41.21 	 1.3389352224214527e-05 	 4.1979919579236424e-13
41.69 	 1.3363991582488454e-05 	 4.116161613232973e-13
42.17 	 1.3337148151610354e-05 	 4.037126679746591e-13
42.66 	 1.329717531735988e-05 	 3.952377453880471e-13
43.15 	 1.3264628140799578e-05 	 3.875155512832086e-13
43.65 	 1.3227789574130923e-05 	 3.797049812225893e-13
44.16 	 1.3186832355552301e-05 	 3.718254158925395e-13
44.67 	 1.3137654734108389e-05 	 3.6378537756430747e-13
45.19 	 1.3091964111127063e-05 	 3.5614040632727123e-13
45.71 	 1.304580140284809e-05 	 3.4875279214473404e-13
46.24 	 1.2988823453493537e-05 	 3.409381411460897e-13
46.77 	 1.293882964605465e-05 	 3.337736967906691e-13
47.32 	 1.2882340765192051e-05 	 3.2631454949585795e-13
47.86 	 1.282162642624695e-05 	 3.1903272679264005e-13
48.42 	 1.2762371984077854e-05 	 3.118301089224556e-13
48.98 	 1.2696216843691056e-05 	 3.045604749262364e-13
49.55 	 1.26324249283451e-05 	 2.9767008989284543e-13
50.12 	 1.256421608143564e-05 	 2.9067706029992414e-13
50.7 	 1.2500411317155886e-05 	 2.8400535989427597e-13
51.29 	 1.242864509111574e-05 	 2.7705945741773413e-13
51.88 	 1.2360279799808189e-05 	 2.7071064112072785e-13
52.48 	 1.2287735625998773e-05 	 2.6404728021856355e-13
53.09 	 1.2216191082362706e-05 	 2.577542454066332e-13
53.7 	 1.213981522405185e-05 	 2.514327878303921e-13
54.33 	 1.2059984800501271e-05 	 2.4498062102070376e-13
54.95 	 1.1985677435721395e-05 	 2.3923467726693977e-13
55.59 	 1.1905815487590965e-05 	 2.3307626962987836e-13
56.23 	 1.1827098132079316e-05 	 2.2715209785194538e-13
56.89 	 1.1747401217144356e-05 	 2.2139700944618907e-13
57.54 	 1.1665828049276963e-05 	 2.1580236024936045e-13
58.21 	 1.1581478594333668e-05 	 2.1012705376653685e-13
58.88 	 1.150141838493971e-05 	 2.046311258974578e-13
59.57 	 1.1417612323498339e-05 	 1.9934001743046613e-13
60.26 	 1.1333333393039819e-05 	 1.940353405315988e-13
60.95 	 1.1250408648429532e-05 	 1.8893730161751148e-13
61.66 	 1.1162354613660531e-05 	 1.8383042742074293e-13
62.37 	 1.108297875181447e-05 	 1.7905294871414374e-13
63.1 	 1.0994256283509451e-05 	 1.7411321166727463e-13
63.83 	 1.0909790376784093e-05 	 1.693418779970447e-13
64.57 	 1.0822394106841312e-05 	 1.6468724383792167e-13
65.31 	 1.0740601604770838e-05 	 1.6035728430486942e-13
66.07 	 1.065289919112985e-05 	 1.5587097017236862e-13
66.83 	 1.0564181018376948e-05 	 1.5159171498547323e-13
67.61 	 1.047648386429133e-05 	 1.4728399374306543e-13
68.39 	 1.0394164959745564e-05 	 1.4327297131314285e-13
69.18 	 1.030556611875817e-05 	 1.3924701152686165e-13
69.98 	 1.0219565397378818e-05 	 1.3528543180179968e-13
70.79 	 1.0134878385974418e-05 	 1.315400373243412e-13
71.61 	 1.0046777919762644e-05 	 1.2776993604889318e-13
72.44 	 9.958949827956576e-06 	 1.2408665482895707e-13
73.28 	 9.874816161176517e-06 	 1.2058611128064777e-13
74.13 	 9.787566373723792e-06 	 1.1707234138363424e-13
74.99 	 9.700682180831913e-06 	 1.1364460622067717e-13
75.86 	 9.615189481479987e-06 	 1.1040443955799644e-13
76.74 	 9.52908927435906e-06 	 1.0714298997612452e-13
77.62 	 9.447738719764675e-06 	 1.0409874587615012e-13
78.52 	 9.36035134895344e-06 	 1.010135868669559e-13
79.43 	 9.276490557358619e-06 	 9.808329240341135e-14
80.35 	 9.190165264745845e-06 	 9.515631307257616e-14
81.28 	 9.107295053446483e-06 	 9.23766485332075e-14
82.22 	 9.022104030376103e-06 	 8.960359537535675e-14
83.18 	 8.939220978061674e-06 	 8.692859889365778e-14
84.14 	 8.857964022507309e-06 	 8.436746490930094e-14
85.11 	 8.774584972352477e-06 	 8.181668689841133e-14
86.1 	 8.693468905110935e-06 	 7.935799738758293e-14
87.1 	 8.611111717594178e-06 	 7.697922146890191e-14
88.1 	 8.53039957591625e-06 	 7.470185939096889e-14
89.13 	 8.447756542750907e-06 	 7.236291723042505e-14
90.16 	 8.36747247485394e-06 	 7.018469337580563e-14
91.2 	 8.287887259133903e-06 	 6.806964246475341e-14
92.26 	 8.208116921456778e-06 	 6.598771354264041e-14
93.33 	 8.129093390380112e-06 	 6.396845954343546e-14
94.41 	 8.050819705353601e-06 	 6.201029517932917e-14
95.5 	 7.97329822770262e-06 	 6.011164645630958e-14
96.61 	 7.896276277637688e-06 	 5.829252727257372e-14
97.72 	 7.820266009285228e-06 	 5.65075259232277e-14
98.86 	 7.743444511640343e-06 	 5.473312295257116e-14
100.0 	 7.666665331221192e-06 	 5.3043484621421945e-14
101.2 	 7.588996081581609e-06 	 5.1338360566562254e-14
102.3 	 7.518329809213804e-06 	 4.987328276212876e-14
103.5 	 7.443787166277561e-06 	 4.8310923157062814e-14
104.7 	 7.3688722845454085e-06 	 4.678818206822501e-14
105.9 	 7.297411300268974e-06 	 4.536096496518258e-14
107.2 	 7.2188067077016255e-06 	 4.380416649278225e-14
108.4 	 7.150370753229566e-06 	 4.250404524682333e-14
109.6 	 7.081923121383177e-06 	 4.126317369082174e-14
110.9 	 7.009850313377522e-06 	 3.992467244111709e-14
112.2 	 6.937987613992138e-06 	 3.8651295213198847e-14
113.5 	 6.868955036508234e-06 	 3.743063052351036e-14
114.8 	 6.800073561822546e-06 	 3.6268028756224986e-14
116.1 	 6.732620837787252e-06 	 3.515610811198205e-14
117.5 	 6.660877728782203e-06 	 3.397615367685419e-14
118.9 	 6.590716860499607e-06 	 3.285130970341509e-14
120.2 	 6.529058640704883e-06 	 3.190254046499278e-14
121.6 	 6.4605710421209455e-06 	 3.087643340473762e-14
123.0 	 6.396216989515879e-06 	 2.991011566285418e-14
124.5 	 6.325493680470187e-06 	 2.8880030538403323e-14
125.9 	 6.2639140955299685e-06 	 2.8000492109529932e-14
127.4 	 6.197596083359484e-06 	 2.7076261522719387e-14
128.8 	 6.137487251932976e-06 	 2.627599356726443e-14
130.3 	 6.072547955488156e-06 	 2.5416898762839565e-14
131.8 	 6.0103544880718675e-06 	 2.4610182844255627e-14
133.4 	 5.945013022096384e-06 	 2.376782449256084e-14
134.9 	 5.886788440954981e-06 	 2.304593610440921e-14
136.5 	 5.823189478695657e-06 	 2.227984581219489e-14
138.0 	 5.766166512261858e-06 	 2.160946851180406e-14
139.6 	 5.706444018997906e-06 	 2.092040727387059e-14
141.3 	 5.6437587171015086e-06 	 2.0192205342754877e-14
142.9 	 5.586627235628416e-06 	 1.9565691209831455e-14
144.5 	 5.529520217218778e-06 	 1.8956641016668648e-14
146.2 	 5.471000643266937e-06 	 1.8333152731470233e-14
147.9 	 5.413752666758804e-06 	 1.7738174089927672e-14
149.6 	 5.3577342271274074e-06 	 1.7170059583838758e-14
151.4 	 5.298522839001885e-06 	 1.6584999610026873e-14
153.1 	 5.2449321025455554e-06 	 1.6067904454768312e-14
154.9 	 5.189292998452818e-06 	 1.5542261923534033e-14
156.7 	 5.134675655183132e-06 	 1.5031764499257797e-14
158.5 	 5.080411427014513e-06 	 1.4545885430406824e-14
160.3 	 5.028303674771442e-06 	 1.4088615346169701e-14
162.2 	 4.974221076015255e-06 	 1.3617766865705897e-14
164.1 	 4.920373581344066e-06 	 1.3162460933952376e-14
166.0 	 4.867875456084586e-06 	 1.273539894592896e-14
167.9 	 4.817276083321597e-06 	 1.2326457530945486e-14
169.8 	 4.767002647493283e-06 	 1.193685684382625e-14
171.8 	 4.7166757964914536e-06 	 1.1541793693419323e-14
173.8 	 4.665842187543921e-06 	 1.116074598763737e-14
175.8 	 4.616119911718291e-06 	 1.0797117677396355e-14
177.8 	 4.568316914049455e-06 	 1.0454658602165263e-14
179.9 	 4.5190111056246785e-06 	 1.0104822921618217e-14
182.0 	 4.4692961639252694e-06 	 9.767678284571847e-15
184.1 	 4.422152071040032e-06 	 9.449450002357291e-15
186.2 	 4.375363669372338e-06 	 9.146400174145581e-15
188.4 	 4.327928086185953e-06 	 8.837287121017376e-15
190.5 	 4.283150892303176e-06 	 8.561290120168026e-15
192.8 	 4.235659794249097e-06 	 8.266493676289153e-15
195.0 	 4.1906571691321485e-06 	 7.998661031123968e-15
197.2 	 4.147342709090631e-06 	 7.74616145060352e-15
199.5 	 4.10157636625098e-06 	 7.487162474138321e-15
201.8 	 4.058108690092122e-06 	 7.242564499069209e-15
204.2 	 4.013033604744481e-06 	 6.995902744877435e-15
206.5 	 3.97146263489074e-06 	 6.773372390575789e-15
208.9 	 3.928985440219624e-06 	 6.551366766868603e-15
211.3 	 3.886784211548164e-06 	 6.3368428096770176e-15
213.8 	 3.8443368936831055e-06 	 6.123073103373927e-15
216.3 	 3.8022068037176283e-06 	 5.916862375717322e-15
218.8 	 3.761098667561393e-06 	 5.7229967992648336e-15
221.3 	 3.7214046561227033e-06 	 5.5374809070591155e-15
223.9 	 3.68040879877501e-06 	 5.351153104651777e-15
226.5 	 3.640324475398029e-06 	 5.1734785815824984e-15
229.1 	 3.601121190766671e-06 	 5.003952230105566e-15
231.7 	 3.5633326817919967e-06 	 4.843997506972191e-15
234.4 	 3.524291602139083e-06 	 4.681320924788884e-15
237.1 	 3.486656858450253e-06 	 4.527918508611311e-15
239.9 	 3.4479385098464687e-06 	 4.374509798321522e-15
242.7 	 3.4105404814719926e-06 	 4.227943106506307e-15
245.5 	 3.3735190914320227e-06 	 4.088463978150942e-15
248.3 	 3.3373075957265073e-06 	 3.955340942623077e-15
251.2 	 3.3010624771026775e-06 	 3.8235463726720015e-15
254.1 	 3.264701347569927e-06 	 3.696727096998881e-15
257.0 	 3.23004057620895e-06 	 3.5767605277160616e-15
260.0 	 3.1944848689865764e-06 	 3.457117160909577e-15
263.0 	 3.1601217410491195e-06 	 3.3427483584551974e-15
266.1 	 3.1249344994879967e-06 	 3.2289822838101365e-15
269.2 	 3.0905358942055235e-06 	 3.1205462771902223e-15
272.3 	 3.057339346238977e-06 	 3.018205554117699e-15
275.4 	 3.024053170302418e-06 	 2.9196822838072164e-15
278.6 	 2.9912155978240686e-06 	 2.822336085312875e-15
281.8 	 2.958732841496263e-06 	 2.729664159766941e-15
285.1 	 2.9259328172564305e-06 	 2.637492557791882e-15
288.4 	 2.8938639607670545e-06 	 2.549607794609837e-15
291.7 	 2.8625018129280905e-06 	 2.465759566012456e-15
295.1 	 2.8312525868921697e-06 	 2.383297595897554e-15
298.5 	 2.8003551722310197e-06 	 2.304801626119462e-15
302.0 	 2.7695501071714802e-06 	 2.2267701539509255e-15
305.5 	 2.739103071327438e-06 	 2.1525247847538944e-15
309.0 	 2.7093284505964545e-06 	 2.0816922291199445e-15
312.6 	 2.6793465792599027e-06 	 2.01149947592583e-15
316.2 	 2.6503814226018057e-06 	 1.945203616588379e-15
319.9 	 2.62057876533183e-06 	 1.879085729059032e-15
323.6 	 2.5917835537168307e-06 	 1.81664695490185e-15
327.3 	 2.5639194106386006e-06 	 1.7569520103880603e-15
331.1 	 2.53560266222028e-06 	 1.698023302809769e-15
335.0 	 2.507199571318632e-06 	 1.6404884481612692e-15
338.8 	 2.4801328210278684e-06 	 1.586905492751293e-15
342.8 	 2.452530750600926e-06 	 1.532637765782481e-15
346.7 	 2.425975286843678e-06 	 1.4827281220542881e-15
350.8 	 2.3986282338864645e-06 	 1.4317936572232034e-15
354.8 	 2.3725679014871052e-06 	 1.3848233216976499e-15
358.9 	 2.3464214082090166e-06 	 1.3384851741276793e-15
363.1 	 2.3202424801967795e-06 	 1.293332745501886e-15
367.3 	 2.2948997328269038e-06 	 1.2501992268347897e-15
371.5 	 2.2698679922027238e-06 	 1.2091238929383798e-15
375.8 	 2.244785962846654e-06 	 1.1686655930891485e-15
380.2 	 2.219675373367339e-06 	 1.1288824771429999e-15
384.6 	 2.195153082535355e-06 	 1.0913507171221644e-15
389.0 	 2.1711486453419557e-06 	 1.0551644442544148e-15
393.6 	 2.1466030438008926e-06 	 1.0189165760166954e-15
398.1 	 2.1231463792359222e-06 	 9.853690048593929e-16
402.7 	 2.0999240836870892e-06 	 9.52672692025722e-16
407.4 	 2.0764646155096267e-06 	 9.203044385891323e-16
412.1 	 2.0535517396664816e-06 	 8.897537808374567e-16
416.9 	 2.0308666301367905e-06 	 8.597246599808305e-16
421.7 	 2.008480103856186e-06 	 8.311388373550385e-16
426.6 	 1.9861218028567527e-06 	 8.03108576710413e-16
431.5 	 1.964062901383608e-06 	 7.764235587579996e-16
436.5 	 1.9424569917624914e-06 	 7.504349780467799e-16
441.6 	 1.920701574242947e-06 	 7.250292010327358e-16
446.7 	 1.899433575678755e-06 	 7.008064216280638e-16
451.9 	 1.878220945799066e-06 	 6.770978769961312e-16
457.1 	 1.8574821568664587e-06 	 6.544915602511003e-16
462.4 	 1.8368209510221988e-06 	 6.325814818448809e-16
467.7 	 1.8167960838041506e-06 	 6.116469901969636e-16
473.2 	 1.796276249098215e-06 	 5.907003022750157e-16
478.6 	 1.7765908629041327e-06 	 5.712157351739084e-16
484.2 	 1.7566261247299056e-06 	 5.518788612225299e-16
489.8 	 1.7370949403523667e-06 	 5.332745384084667e-16
495.5 	 1.7176655759365335e-06 	 5.152768830109743e-16
501.2 	 1.6986704874459304e-06 	 4.981145186594176e-16
507.0 	 1.6799347979106402e-06 	 4.814818446405614e-16
512.9 	 1.6609670732109124e-06 	 4.651581905432762e-16
518.8 	 1.6427426324063025e-06 	 4.496838382970145e-16
524.8 	 1.6244601422432875e-06 	 4.3460997831220653e-16
530.9 	 1.6062814533319725e-06 	 4.1991466708084556e-16
537.0 	 1.5885090693244567e-06 	 4.059020231193126e-16
543.3 	 1.5705628222784111e-06 	 3.9207174604391784e-16
549.5 	 1.5533040123734206e-06 	 3.7916499278633015e-16
555.9 	 1.535871128849549e-06 	 3.663160943463792e-16
562.3 	 1.5188288578442303e-06 	 3.5406535274978216e-16
568.9 	 1.501779657844776e-06 	 3.4197885082076096e-16
575.4 	 1.4852412615822306e-06 	 3.307057900846638e-16
582.1 	 1.4685616424700599e-06 	 3.1950529741932245e-16
588.8 	 1.4522558498388323e-06 	 3.0882599076587844e-16
595.7 	 1.435704771801918e-06 	 2.982515847532215e-16
602.6 	 1.4197825249604067e-06 	 2.88226689427378e-16
609.5 	 1.4040937010063055e-06 	 2.786789637247601e-16
616.6 	 1.3883003117825465e-06 	 2.692170862733661e-16
623.7 	 1.3729862410693792e-06 	 2.602558908775583e-16
631.0 	 1.3573428737484827e-06 	 2.513414807264838e-16
638.3 	 1.3421742853075236e-06 	 2.429006921502142e-16
645.7 	 1.3272567535915423e-06 	 2.347569978955295e-16
653.1 	 1.3125545744351116e-06 	 2.269384155992709e-16
660.7 	 1.2977917782028e-06 	 2.1927135625873374e-16
668.3 	 1.2833600296431314e-06 	 2.119604037732142e-16
676.1 	 1.268872790294651e-06 	 2.0474237493984072e-16
683.9 	 1.2547115727270038e-06 	 1.9786171588252987e-16
691.8 	 1.2406928932434675e-06 	 1.9123847565454425e-16
699.8 	 1.2269093679030748e-06 	 1.84806013578617e-16
707.9 	 1.213164095442265e-06 	 1.785781557914233e-16
716.1 	 1.5552298973874651e-06 	 2.2372932601833326e-16
724.4 	 1.1860987751022924e-06 	 1.6673711222183566e-16
732.8 	 1.1727802134452597e-06 	 1.6111260400822797e-16
741.3 	 1.1596031824411765e-06 	 1.556647670436053e-16
749.9 	 1.1465739041303778e-06 	 1.5042764789788593e-16
758.6 	 1.1336812519055588e-06 	 1.4531967609109578e-16
767.4 	 1.1209367298483192e-06 	 1.4041144080548527e-16
776.2 	 1.1084828556763342e-06 	 1.3576463321905738e-16
785.2 	 1.0960201983297395e-06 	 1.3116357551221034e-16
794.3 	 1.083705169910282e-06 	 1.2674371738233837e-16
803.5 	 1.0715323363122121e-06 	 1.2246755556008423e-16
812.8 	 1.0595014234584108e-06 	 1.183313004985699e-16
822.2 	 1.0476166983314793e-06 	 1.1435874399461465e-16
831.8 	 1.0357483142807012e-06 	 1.1046326771345218e-16
841.4 	 1.0241476169750001e-06 	 1.0674993045048615e-16
851.1 	 1.012764660578802e-06 	 1.0317965043347741e-16
861.0 	 1.0013291848645632e-06 	 9.96851071836891e-17
871.0 	 9.900370440918395e-07 	 9.630889413960125e-17
881.0 	 9.789983709478568e-07 	 9.308967836320532e-17
891.3 	 9.678826509653095e-07 	 8.991796809316762e-17
901.6 	 9.570143397977519e-07 	 8.687466607762532e-17
912.0 	 9.462924627414578e-07 	 8.397415273547649e-17
922.6 	 9.356031881833464e-07 	 8.111811017982544e-17
933.3 	 9.250585266437868e-07 	 7.837939228504673e-17
944.1 	 9.146534327318402e-07 	 7.573560435420196e-17
955.0 	 9.044520700215703e-07 	 7.31970428980784e-17
966.1 	 8.941669048687759e-07 	 7.070680324474162e-17
977.2 	 8.841770449060303e-07 	 6.834513104776739e-17
988.6 	 8.742061118915307e-07 	 6.602359854431352e-17
1000.0 	 8.643983312630595e-07 	 6.379895352316522e-17
