0.2 	 2.958129030546301e-20 	 4.947979135588054e-32
0.20316060369866926 	 2.958129030546301e-20 	 4.947979135588054e-32
0.20637115447603863 	 2.958129030546301e-20 	 4.947979135588054e-32
0.20963244164671666 	 2.958129030546301e-20 	 4.947979135588054e-32
0.212945266998865 	 2.958129030546301e-20 	 4.947979135588054e-32
0.21631044499131857 	 2.958129030546301e-20 	 4.947979135588054e-32
0.2197288029538203 	 2.958129030546301e-20 	 4.947979135588054e-32
0.22320118129042033 	 2.958129030546301e-20 	 4.947979135588054e-32
0.22672843368608947 	 2.958129030546301e-20 	 4.947979135588054e-32
0.23031142731659815 	 2.958129030546301e-20 	 4.947979135588054e-32
0.23395104306171124 	 2.958129030546301e-20 	 4.947979135588054e-32
0.23764817572175306 	 2.958129030546301e-20 	 4.947979135588054e-32
0.2414037342375939 	 2.958129030546301e-20 	 4.947979135588054e-32
0.24521864191411336 	 2.958129030546301e-20 	 4.947979135588054e-32
0.2490938366471953 	 2.958129030546301e-20 	 4.947979135588054e-32
0.2530302711543095 	 2.958129030546301e-20 	 4.947979135588054e-32
0.25702891320873733 	 2.958129030546301e-20 	 4.947979135588054e-32
0.2610907458774997 	 2.958129030546301e-20 	 4.947979135588054e-32
0.2652167677630433 	 2.958129030546301e-20 	 4.947979135588054e-32
0.26940799324874815 	 2.958129030546301e-20 	 4.947979135588054e-32
0.27366545274831333 	 2.958129030546301e-20 	 4.947979135588054e-32
0.27799019295908484 	 2.958129030546301e-20 	 4.947979135588054e-32
0.2823832771193861 	 2.958129030546301e-20 	 4.947979135588054e-32
0.28684578526991544 	 2.958129030546301e-20 	 4.947979135588054e-32
0.2913788145192743 	 2.958129030546301e-20 	 4.947979135588054e-32
0.29598347931369157 	 2.958129030546301e-20 	 4.947979135588054e-32
0.3006609117110108 	 2.958129030546301e-20 	 4.947979135588054e-32
0.3054122616590061 	 2.958129030546301e-20 	 4.947979135588054e-32
0.31023869727809805 	 2.958129030546301e-20 	 4.947979135588054e-32
0.31514140514853545 	 2.958129030546301e-20 	 4.947979135588054e-32
0.32012159060211676 	 2.958129030546301e-20 	 4.947979135588054e-32
0.3251804780185214 	 2.958129030546301e-20 	 4.947979135588054e-32
0.3303193111263232 	 2.958129030546301e-20 	 4.947979135588054e-32
0.3355393533087618 	 2.958129030546301e-20 	 4.947979135588054e-32
0.3408418879143455 	 2.958129030546301e-20 	 4.947979135588054e-32
0.34622821857236286 	 2.958129030546301e-20 	 4.947979135588054e-32
0.35169966951338016 	 2.958129030546301e-20 	 4.947979135588054e-32
0.3572575858948038 	 2.958129030546301e-20 	 4.947979135588054e-32
0.36290333413158754 	 2.958129030546301e-20 	 4.947979135588054e-32
0.368638302232166 	 2.958129030546301e-20 	 4.947979135588054e-32
0.37446390013969655 	 2.958129030546301e-20 	 4.947979135588054e-32
0.38038156007869467 	 2.958129030546301e-20 	 4.947979135588054e-32
0.3863927369071461 	 2.958129030546301e-20 	 4.947979135588054e-32
0.3924989084741843 	 2.958129030546301e-20 	 4.947979135588054e-32
0.39870157598342 	 2.958129030546301e-20 	 4.947979135588054e-32
0.4050022643620122 	 2.958129030546301e-20 	 4.947979135588054e-32
0.4114025226355721 	 2.958129030546301e-20 	 4.947979135588054e-32
0.4179039243089912 	 2.958129030546301e-20 	 4.947979135588054e-32
0.42450806775328814 	 2.958129030546301e-20 	 4.947979135588054e-32
0.4312165765985679 	 2.958129030546301e-20 	 4.947979135588054e-32
0.4380311001331924 	 2.958129030546301e-20 	 4.947979135588054e-32
0.44495331370925795 	 2.958129030546301e-20 	 4.947979135588054e-32
0.45198491915448097 	 2.958129030546301e-20 	 4.947979135588054e-32
0.45912764519059274 	 2.958129030546301e-20 	 4.947979135588054e-32
0.46638324785834606 	 2.958129030546301e-20 	 4.947979135588054e-32
0.4737535109492383 	 2.958129030546301e-20 	 4.947979135588054e-32
0.4812402464440568 	 2.958129030546301e-20 	 4.947979135588054e-32
0.48884529495835455 	 2.958129030546301e-20 	 4.947979135588054e-32
0.4965705261949666 	 2.958129030546301e-20 	 4.947979135588054e-32
0.5044178394036763 	 2.958129030546301e-20 	 4.947979135588054e-32
0.5123891638481463 	 2.958129030546301e-20 	 4.947979135588054e-32
0.5204864592802285 	 2.958129030546301e-20 	 4.947979135588054e-32
0.5287117164217702 	 2.958129030546301e-20 	 4.947979135588054e-32
0.5370669574540322 	 2.958129030546301e-20 	 4.947979135588054e-32
0.5455542365148434 	 2.958129030546301e-20 	 4.947979135588054e-32
0.5541756402036107 	 2.958129030546301e-20 	 4.947979135588054e-32
0.5629332880943102 	 2.958129030546301e-20 	 4.947979135588054e-32
0.5718293332565847 	 2.958129030546301e-20 	 4.947979135588054e-32
0.5808659627850762 	 2.958129030546301e-20 	 4.947979135588054e-32
0.590045398337124 	 2.958129030546301e-20 	 4.947979135588054e-32
0.5993698966789593 	 2.958129030546301e-20 	 4.947979135588054e-32
0.6088417502405318 	 2.958129030546301e-20 	 4.947979135588054e-32
0.6184632876791041 	 2.958129030546301e-20 	 4.947979135588054e-32
0.6282368744517526 	 2.958129030546301e-20 	 4.947979135588054e-32
0.6381649133969155 	 2.958129030546301e-20 	 4.947979135588054e-32
0.6482498453251315 	 2.958129030546301e-20 	 4.947979135588054e-32
0.6584941496191133 	 2.958129030546301e-20 	 4.947979135588054e-32
0.6689003448433043 	 2.958129030546301e-20 	 4.947979135588054e-32
0.6794709893630686 	 2.958129030546301e-20 	 4.947979135588054e-32
0.6902086819736654 	 2.958129030546301e-20 	 4.947979135588054e-32
0.701116062539163 	 2.958129030546301e-20 	 4.947979135588054e-32
0.7121958126414515 	 2.958129030546301e-20 	 4.947979135588054e-32
0.723450656239508 	 2.958129030546301e-20 	 4.947979135588054e-32
0.7348833603390842 	 2.958129030546301e-20 	 4.947979135588054e-32
0.746496735672975 	 2.958129030546301e-20 	 4.947979135588054e-32
0.7582936373920374 	 2.958129030546301e-20 	 4.947979135588054e-32
0.7702769657671305 	 2.958129030546301e-20 	 4.947979135588054e-32
0.7824496669021469 	 2.958129030546301e-20 	 4.947979135588054e-32
0.7948147334583139 	 2.958129030546301e-20 	 4.947979135588054e-32
0.8073752053899396 	 2.958129030546301e-20 	 4.947979135588054e-32
0.820134170691786 	 2.958129030546301e-20 	 4.947979135588054e-32
0.8330947661582531 	 2.958129030546301e-20 	 4.947979135588054e-32
0.8462601781545619 	 2.958129030546301e-20 	 4.947979135588054e-32
0.8596336434001207 	 2.958129030546301e-20 	 4.947979135588054e-32
0.8732184497642752 	 2.958129030546301e-20 	 4.947979135588054e-32
0.8870179370746311 	 2.958129030546301e-20 	 4.947979135588054e-32
0.9010354979381512 	 2.958129030546301e-20 	 4.947979135588054e-32
0.9152745785752289 	 2.958129030546301e-20 	 4.947979135588054e-32
0.9297386796669428 	 2.958129030546301e-20 	 4.947979135588054e-32
0.9444313572156985 	 2.958129030546301e-20 	 4.947979135588054e-32
0.9593562234194741 	 2.958129030546301e-20 	 4.947979135588054e-32
0.9745169475598787 	 2.958129030546301e-20 	 4.947979135588054e-32
0.9899172569042465 	 2.958129030546301e-20 	 4.947979135588054e-32
1.0055609376219867 	 2.958129030546301e-20 	 4.947979135588054e-32
1.0214518357154134 	 2.958129030546301e-20 	 4.947979135588054e-32
1.0375938579652861 	 2.958129030546301e-20 	 4.947979135588054e-32
1.053990972891294 	 2.958129030546301e-20 	 4.947979135588054e-32
1.070647211727715 	 2.958129030546301e-20 	 4.947979135588054e-32
1.0875666694144972 	 2.958129030546301e-20 	 4.947979135588054e-32
1.1047535056040014 	 2.958129030546301e-20 	 4.947979135588054e-32
1.1222119456836501 	 2.958129030546301e-20 	 4.947979135588054e-32
1.1399462818147428 	 2.958129030546301e-20 	 4.947979135588054e-32
1.1579608739876823 	 2.958129030546301e-20 	 4.947979135588054e-32
1.1762601510938806 	 2.958129030546301e-20 	 4.947979135588054e-32
1.1948486120146034 	 2.958129030546301e-20 	 4.947979135588054e-32
1.213730826727019 	 2.958129030546301e-20 	 4.947979135588054e-32
1.2329114374277301 	 2.96382241992706e-20 	 4.921362041523264e-32
1.2523951596740583 	 2.973135184906765e-20 	 4.8778240494959157e-32
1.2721867835433647 	 2.9825951196836676e-20 	 4.833598025775395e-32
1.2922911748106907 	 2.992204549984796e-20 	 4.788673097384133e-32
1.312713276145012 	 3.0019658382906843e-20 	 4.7430382195186917e-32
1.3334581083243926 	 3.0118813844161885e-20 	 4.6966821728344006e-32
1.354530771470345 	 3.021953626100486e-20 	 4.6495935606870795e-32
1.3759364463016972 	 3.0321850396063903e-20 	 4.601760806331168e-32
1.3976803954082715 	 3.0425781403291405e-20 	 4.5531721500735833e-32
1.4197679645446957 	 3.053135483414816e-20 	 4.5038156463825924e-32
1.442204583944656 	 3.063859664388516e-20 	 4.453679160951005e-32
1.4649957696559215 	 3.0747533197924683e-20 	 4.4027503677129527e-32
1.488147124896468 	 3.08581912783423e-20 	 4.351016745813514e-32
1.5116643414320268 	 3.097059809045119e-20 	 4.2984655765304717e-32
1.5355532009754085 	 3.108478126949061e-20 	 4.245083940147403e-32
1.5598195766079397 	 3.1200768887420026e-20 	 4.1908587127773667e-32
1.5844694342233583 	 3.131858945982058e-20 	 4.135776563136396e-32
1.6095088339945314 	 3.1438271952905675e-20 	 4.0798239492659956e-32
1.6349439318633507 	 3.1559845790642326e-20 	 4.02298711520385e-32
1.660780981054171 	 3.168334086198503e-20 	 3.965252087601918e-32
1.6870263336111675 	 3.1808787528224e-20 	 3.906604672291078e-32
1.7136864419599867 	 3.193621663044948e-20 	 3.8470304507914937e-32
1.7407678604940764 	 3.2065659497134015e-20 	 3.7865147767678265e-32
1.7682772471860868 	 3.2197147951834604e-20 	 3.725042772428424e-32
1.7962213652247319 	 3.233071432101648e-20 	 3.6625993248676234e-32
1.8246070846775213 	 3.246639144200063e-20 	 3.5991690823502313e-32
1.8534413841797703 	 3.2604212671036815e-20 	 3.5347364505373e-32
1.8827313526502965 	 3.274421189150424e-20 	 3.469285588652253e-32
1.9124841910342312 	 3.288642352224176e-20 	 3.402800405586432e-32
1.9427072140733772 	 3.3030882526009796e-20 	 3.335264555943088e-32
1.9734078521045357 	 3.317762441808591e-20 	 3.2666614360188654e-32
2.0045936528862582 	 3.3326685274996246e-20 	 3.1969741797217793e-32
2.036272283454463 	 3.3478101743384966e-20 	 3.126185654424683e-32
2.0684515320073817 	 3.363191104902384e-20 	 3.0542784567531976e-32
2.1011393098202844 	 3.3788151005964174e-20 	 2.9812349083071046e-32
2.134343653190471 	 3.394686002583343e-20 	 2.907037051314098e-32
2.168072725412996 	 3.4108077127278744e-20 	 2.8316666442148646e-32
2.202334818787617 	 3.427184194555964e-20 	 2.7551051571783914e-32
2.2371383566574568 	 3.443819474229239e-20 	 2.6773337675464037e-32
2.2724918954798885 	 3.460717641534833e-20 	 2.5983333552058076e-32
2.308404126930136 	 3.4778828508908606e-20 	 2.518084497888011e-32
2.3448838800381298 	 3.4953193223677836e-20 	 2.4365674663939502e-32
2.3819401233591213 	 3.5130313427259157e-20 	 2.3537622197436677e-32
2.4195819671786074 	 3.531023266469321e-20 	 2.2696484002492264e-32
2.457818665752098 	 3.5692636962607706e-20 	 2.2078735632472276e-32
2.4966596195802695 	 3.635406950513999e-20 	 2.1750423915612718e-32
2.536114377720087 	 3.702595467837402e-20 	 2.1416923882620052e-32
2.5761926401324384 	 3.7708457665426074e-20 	 2.107815354243847e-32
2.6169042600668737 	 3.8401746259804265e-20 	 2.0734029608305998e-32
2.6582592464840253 	 3.9105990906660625e-20 	 2.0384467477278437e-32
2.700267766516321 	 3.982136474469512e-20 	 2.0029381209429665e-32
2.7429401479675644 	 4.0548043648721724e-20 	 1.966868350672335e-32
2.7862868818520377 	 4.1286206272907396e-20 	 1.9302285691550654e-32
2.830318624973713 	 4.203603409469416e-20 	 1.8930097684928866e-32
2.875046202546233 	 4.2797711459415416e-20 	 1.8552027984355444e-32
2.9204806108542956 	 4.357142562561736e-20 	 1.8167983641312071e-32
2.9666330199570847 	 4.435736681109636e-20 	 1.777787023841332e-32
3.013514776434438 	 4.5155728239664167e-20 	 1.738159186619406e-32
3.061137406176403 	 4.5966706188652004e-20 	 1.6979051099530105e-32
3.1095126172168825 	 4.679050003716539e-20 	 1.6570148973686232e-32
3.1586523026120523 	 4.7627312315101506e-20 	 1.6154784959985696e-32
3.2085685433642808 	 4.847734875294133e-20 	 1.5732856941095165e-32
3.2592736113922354 	 4.934081833232837e-20 	 1.5304261185919246e-32
3.310779972547942 	 5.0217933337446895e-20 	 1.486889232409811e-32
3.3631002896815168 	 5.11089094072121e-20 	 1.442664332010219e-32
3.41624742575433 	 5.2013965588284906e-20 	 1.397740544691747e-32
3.4702344470013715 	 5.293332438892474e-20 	 1.3521068259314892e-32
3.525074626143581 	 5.3867211833693125e-20 	 1.3057519566697427e-32
3.580781445650953 	 5.481585751902188e-20 	 1.258664540551796e-32
3.6373686010572057 	 5.577949466965952e-20 	 1.2108330011261337e-32
3.6948500043268293 	 5.737544177862277e-20 	 1.1758937080136276e-32
3.7532397872753442 	 5.946920909180303e-20 	 1.1509968423686049e-32
3.812552305043619 	 6.159606424855431e-20 	 1.1257065310953667e-32
3.8728021396270726 	 6.37565301366804e-20 	 1.100016556565375e-32
3.93400410346067 	 6.595113790719079e-20 	 1.0739206028927922e-32
3.9961732430605585 	 6.81804271048842e-20 	 1.04741225438172e-32
4.059324842723259 	 7.044494580099575e-20 	 1.0204849939488997e-32
4.123474428283313 	 7.274525072794043e-20 	 9.931322015214848e-33
4.188637770930313 	 7.508190741618603e-20 	 9.653471524094943e-33
4.254830891086253 	 7.745549033328854e-20 	 9.371230156525482e-33
4.3220700623441495 	 7.986658302512554e-20 	 9.084528523404736e-33
4.390371815468912 	 8.231577825936083e-20 	 8.793296139073707e-33
4.459752942461431 	 8.480367817117646e-20 	 8.497461403987245e-33
4.530230500686903 	 8.733089441130815e-20 	 8.196951587111229e-33
4.6018218170683785 	 8.989804829641936e-20 	 7.89169280804169e-33
4.674544492346594 	 9.250577096185224e-20 	 7.581610018841256e-33
4.7484164054071165 	 9.515470351679249e-20 	 7.266626985588619e-33
4.8234557176758734 	 9.784549720188607e-20 	 6.946666269636401e-33
4.899680877584139 	 1.0074988008190724e-19 	 6.659770516951974e-33
4.977110625104095 	 1.0432214351792444e-19 	 6.506946077918736e-33
5.055763996356045 	 1.0795085949908411e-19 	 6.35170655144922e-33
5.135660328288453 	 1.1163692014600119e-19 	 6.194013771872008e-33
5.2168192634319395 	 1.1538123167748907e-19 	 6.0338289703828696e-33
5.299260754728396 	 1.1918471463335376e-19 	 5.871112765513452e-33
5.383005070436432 	 1.2304830410070927e-19 	 5.7058251534493114e-33
5.4680727991143145 	 1.2697294994386805e-19 	 5.537925498194999e-33
5.554484854681681 	 1.3095961703786615e-19 	 5.367372521583674e-33
5.642262481561227 	 1.3500928550567752e-19 	 5.194124293128868e-33
5.731427259901652 	 1.391229509591776e-19 	 5.018138219715849e-33
5.822001110883143 	 1.4330162474391465e-19 	 4.83937103513012e-33
5.914006302106711 	 1.475463341877497e-19 	 4.657778789420374e-33
6.007465453068669 	 1.5185812285342453e-19 	 4.473316838093427e-33
6.102401540721651 	 1.562380507951225e-19 	 4.2859398311383424e-33
6.198837905123499 	 1.61666240537032e-19 	 4.181743284364923e-33
6.296798255175418 	 1.671894173735227e-19 	 4.07670752121804e-33
6.396306674450824 	 1.727998770757026e-19 	 3.9700118759636815e-33
6.497387627116283 	 1.7849899897631222e-19 	 3.861630117454209e-33
6.60006596394604 	 1.8428818420571302e-19 	 3.751535600010669e-33
6.704366928431584 	 1.901688560363555e-19 	 3.6397012568719526e-33
6.810316162987767 	 1.9614246023269086e-19 	 3.526099593540424e-33
6.917939715256993 	 2.0221046540661266e-19 	 3.4107026810223966e-33
7.0272640445130525 	 2.0837436337851588e-19 	 3.293482148961768e-33
7.138316028166119 	 2.1463566954406017e-19 	 3.174409178665185e-33
7.251122968370577 	 2.209959232467311e-19 	 3.053454496016948e-33
7.365712598737264 	 2.278829727201676e-19 	 2.948272751440274e-33
7.482113091151778 	 2.35640503909226e-19 	 2.873024143059499e-33
7.600353062700556 	 2.43520627507128e-19 	 2.7965863795288824e-33
7.720461582706373 	 2.515252808439776e-19 	 2.7189406686076005e-33
7.84246817987505 	 2.596564318655423e-19 	 2.640067921080701e-33
7.966402849555094 	 2.6791607961707283e-19 	 2.5599487460660128e-33
8.092296061112059 	 2.763062547347694e-19 	 2.478563446246896e-33
8.22017876541944 	 2.8482901994501305e-19 	 2.3958920130296538e-33
8.350082402467974 	 2.9348647057148886e-19 	 2.311914121624406e-33
8.48203890909514 	 3.0228073505032013e-19 	 2.226609126048248e-33
8.616080726836852 	 3.1194434983362454e-19 	 2.156068574553419e-33
8.752240809903217 	 3.224192485940489e-19 	 2.0989415492623756e-33
8.890552633280336 	 3.3305968237330017e-19 	 2.0409117445341875e-33
9.031050200960129 	 3.43868267124342e-19 	 1.981964893728716e-33
9.173768054300238 	 3.548476601400915e-19 	 1.9220865047498404e-33
9.318741280516013 	 3.660005607067149e-19 	 1.861261856482579e-33
9.466005521306716 	 3.773297107672469e-19 	 1.7994759951738988e-33
9.615596981618042 	 3.888378955956995e-19 	 1.7367137307563306e-33
9.76755243854311 	 4.005442720236091e-19 	 1.6731690751913773e-33
9.921909250364134 	 4.140059061021806e-19 	 1.6287675913334564e-33
10.07870536573694 	 4.276802746330465e-19 	 1.5836644300049965e-33
10.23797933302067 	 4.4157073946269065e-19 	 1.537848502583954e-33
10.39977030975489 	 4.556807155649187e-19 	 1.4913085452145877e-33
10.5641180722865 	 4.700136718804309e-19 	 1.4440331160382335e-33
10.731063025548728 	 4.845731321696609e-19 	 1.3960105923803266e-33
10.900646212994738 	 4.993626758790953e-19 	 1.3472291678929544e-33
11.072909326688118 	 5.152335408543095e-19 	 1.3047760356304357e-33
11.247894717552914 	 5.322044048454746e-19 	 1.268769342983944e-33
11.425645405785612 	 5.4944345971414005e-19 	 1.2321936359076752e-33
11.606205091431653 	 5.669549436857024e-19 	 1.195039922256074e-33
11.789618165129115 	 5.847431619623137e-19 	 1.1572990677805388e-33
11.975929719022139 	 6.028124877813141e-19 	 1.1189617938837725e-33
12.16518555784686 	 6.211673634903944e-19 	 1.0800186753386304e-33
12.357432210192501 	 6.413886082719517e-19 	 1.0485072508007356e-33
12.552716939940444 	 6.623760814444759e-19 	 1.0187773707294514e-33
12.751087757884056 	 6.836952200436733e-19 	 9.885776688135964e-34
12.952593433532176 	 7.053512653844165e-19 	 9.579007204498708e-34
13.157283507099079 	 7.273495416101725e-19 	 9.267389837038338e-34
13.365208301683964 	 7.496954570019457e-19 	 8.950847974557143e-34
13.576418935642899 	 7.742755557089917e-19 	 8.68339547167354e-34
13.790967335156271 	 8.000524877358141e-19 	 8.434962659462585e-34
14.008906246994878 	 8.26236773096159e-19 	 8.182603858925897e-34
14.23028925148769 	 8.528348492022884e-19 	 7.92625702759737e-34
14.455170775694613 	 8.798532551970104e-19 	 7.66585914255265e-34
14.683606106787392 	 9.075983736962934e-19 	 7.410425053878594e-34
14.915651405641963 	 9.37438221794673e-19 	 7.201313843836145e-34
15.15136372064562 	 9.677496295643892e-19 	 6.988898045474235e-34
15.390801001722396 	 9.985400490716504e-19 	 6.7731254363225265e-34
15.634022114580025 	 1.0298170501478027e-18 	 6.553942968638035e-34
15.881086855182115 	 1.0617076563453245e-18 	 6.333520249518564e-34
16.132055964448995 	 1.0964887891527762e-18 	 6.154070983337575e-34
16.386991143190876 	 1.1318195688452035e-18 	 5.971785877084514e-34
16.64595506727701 	 1.167708681502493e-18 	 5.786620115926279e-34
16.9090114030446 	 1.2041649504708177e-18 	 5.598528176820117e-34
17.176224822951113 	 1.242133666610847e-18 	 5.4193728416413416e-34
17.447661021474083 	 1.282699976436124e-18 	 5.262794162708058e-34
17.72338673126207 	 1.323907356405776e-18 	 5.103741068015931e-34
18.003469739540922 	 1.3657659373631498e-18 	 4.9421744543269634e-34
18.287978904779283 	 1.408286010249499e-18 	 4.778054600453959e-34
18.576984173617433 	 1.4540334182784874e-18 	 4.639271838536994e-34
18.870556598063708 	 1.5007210370531178e-18 	 4.500668662522628e-34
19.168768352962644 	 1.5481464611306543e-18 	 4.3598751379544714e-34
19.47169275373918 	 1.5963213500619425e-18 	 4.216856650713821e-34
19.779404274423264 	 1.6487230530810113e-18 	 4.0916486774377405e-34
20.091978565959355 	 1.7027975326307134e-18 	 3.969347699933551e-34
20.409492474805106 	 1.7577265521807523e-18 	 3.8451139978201192e-34
20.73202406182426 	 1.8135236160425655e-18 	 3.7189170282146852e-34
21.059652621477763 	 1.872343062392008e-18 	 3.610221309877833e-34
21.39245870131842 	 1.9322333682189467e-18 	 3.5010985777890592e-34
21.7305241217935 	 1.9930701216564407e-18 	 3.3902513771470418e-34
22.073931996360308 	 2.055980320664096e-18 	 3.282741119157945e-34
22.422766751919653 	 2.122597209955497e-18 	 3.1859437393616425e-34
22.777114149572228 	 2.1902668471803402e-18 	 3.0876166687823105e-34
23.13706130570297 	 2.2590058689336848e-18 	 2.987735733688217e-34
23.502696713398677 	 2.3331266194198285e-18 	 2.89883132103224e-34
23.874110264204024 	 2.409211999014958e-18 	 2.8108358478879884e-34
24.251393270221424 	 2.4864997572709016e-18 	 2.7214497806543083e-34
24.634638486560117 	 2.5664972397021134e-18 	 2.637936603827291e-34
25.023940134140123 	 2.648873201531506e-18 	 2.558563964522336e-34
25.419393922856326 	 2.7325509522090958e-18 	 2.477936997930579e-34
25.821097075108874 	 2.819552290674062e-18 	 2.401091403474333e-34
26.229148349705305 	 2.910283709946013e-18 	 2.3289811420129213e-34
26.64364806614042 	 3.0024489595146456e-18 	 2.255731320756074e-34
27.06469812925984 	 3.0991672877281566e-18 	 2.186045222123213e-34
27.492402054313363 	 3.200595393332758e-18 	 2.120102992275793e-34
27.926864992404184 	 3.3036263691659733e-18 	 2.053118676150602e-34
28.36819375634033 	 3.411251230411324e-18 	 1.9905874880463785e-34
28.8164968468946 	 3.522116871930475e-18 	 1.9299298252257008e-34
29.271884479479496 	 3.634734525232822e-18 	 1.8683135882377083e-34
29.734468611243802 	 3.752252281924778e-18 	 1.812681900848508e-34
30.204362968597106 	 3.871809081580761e-18 	 1.756577464320031e-34
30.681683075169587 	 3.9956069148376645e-18 	 1.7018074694343905e-34
31.166546280213474 	 4.125915464695546e-18 	 1.6504663452650408e-34
31.659071787453417 	 4.2582832829766746e-18 	 1.5983138763609728e-34
32.159380684392715 	 4.3956305573768316e-18 	 1.5502008636921685e-34
32.66759597208273 	 4.535697145960021e-18 	 1.5022553793812542e-34
33.18384259536271 	 4.681400802123496e-18 	 1.455784021112267e-34
33.708247473577515 	 4.833918216771322e-18 	 1.411518130055264e-34
34.240939531780754 	 4.989533960744948e-18 	 1.3670759399772404e-34
34.78204973243099 	 5.153016442451252e-18 	 1.3260432769091287e-34
35.331711107589086 	 5.319082440839313e-18 	 1.284362173907717e-34
35.89005879162388 	 5.493206687147841e-18 	 1.2456739188507928e-34
36.45723005443519 	 5.670854448357487e-18 	 1.2068929816306795e-34
37.033364335201604 	 5.855433436502874e-18 	 1.1701838031460758e-34
37.61860327666162 	 6.044594612087547e-18 	 1.1339785306939375e-34
38.213090759936556 	 6.2411770656103026e-18 	 1.0993190526104124e-34
38.81697293990374 	 6.4435763195609894e-18 	 1.0654070036335614e-34
39.43039828112876 	 6.65326798728708e-18 	 1.0328100410895594e-34
40.05351759436544 	 6.869043816134707e-18 	 1.0009506386500253e-34
40.68648407363276 	 7.09279688053409e-18 	 9.703811774382687e-35
41.329453333877574 	 7.322727037288803e-18 	 9.403657582743947e-35
41.98258344923272 	 7.561416341974985e-18 	 9.117629289771368e-35
42.6460349918794 	 7.805777088851032e-18 	 8.834073475148361e-35
43.31997107152395 	 8.061106382576705e-18 	 8.566958992443267e-35
44.004557375498464 	 8.322440601315824e-18 	 8.300278886176609e-35
44.69996220949498 	 8.598861259703737e-18 	 8.049318600125519e-35
45.4063565389435 	 8.880810064195058e-18 	 7.801150273467185e-35
46.12391403104389 	 9.169497299775509e-18 	 7.56237632097098e-35
46.85281109746198 	 9.471383186609675e-18 	 7.331597466520749e-35
47.59322693770043 	 9.782992998858749e-18 	 7.103921941232655e-35
48.34534358315493 	 1.0102211208685072e-17 	 6.889461431903041e-35
49.10934594186664 	 1.0432011282834505e-17 	 6.677727772666623e-35
49.885421843982094 	 1.0776596476318241e-17 	 6.472748137792886e-35
50.67376208793092 	 1.1134035369009645e-17 	 6.276172329981439e-35
51.47456048733391 	 1.1501502966038755e-17 	 6.083060981864768e-35
52.28801391865211 	 1.1881876715372376e-17 	 5.897133748958195e-35
53.11432236958891 	 1.2276165173447274e-17 	 5.71789560140859e-35
53.95368898825707 	 1.2681970487147943e-17 	 5.542401968496407e-35
54.806320133122746 	 1.3100899177463619e-17 	 5.372653493998406e-35
55.67242542373873 	 1.3535058311137229e-17 	 5.209744045369557e-35
56.55221779227951 	 1.398565506320079e-17 	 5.05059813955076e-35
57.44591353589064 	 1.4453587538702333e-17 	 4.895457550973523e-35
58.35373236986542 	 1.493278562919473e-17 	 4.746861636347995e-35
59.27589748166217 	 1.5434349909265423e-17 	 4.602690423924737e-35
60.21263558577457 	 1.595038566138778e-17 	 4.4623063680927756e-35
61.16417697946967 	 1.647886322258007e-17 	 4.325789113660016e-35
62.130755599406534 	 1.703238224847277e-17 	 4.1941506522678443e-35
63.11260907914952 	 1.760707760565307e-17 	 4.0671069949524266e-35
64.10997880759065 	 1.8199740195232957e-17 	 3.943606713745787e-35
65.12310998829503 	 1.8815585085664008e-17 	 3.8236611892484695e-35
66.15225169978427 	 1.945548326235857e-17 	 3.7072580255441895e-35
67.19765695677245 	 2.0109395219740283e-17 	 3.5943531109560755e-35
68.25958277236985 	 2.0797951291455432e-17 	 3.4854326038534507e-35
69.33829022126963 	 2.1509681350533773e-17 	 3.3800388247421556e-35
70.43404450393335 	 2.2244803050794877e-17 	 3.277781954908018e-35
71.54711501179018 	 2.3005922526620402e-17 	 3.1786095821099554e-35
72.67777539346706 	 2.3792110616599457e-17 	 3.082457785170982e-35
73.82630362206527 	 2.461121537822107e-17 	 2.9892565112470636e-35
74.99298206350015 	 2.5464997213245118e-17 	 2.898931193110855e-35
76.17809754592082 	 2.634835614073818e-17 	 2.8114020383380386e-35
77.38194143022693 	 2.7262590244936948e-17 	 2.726587979064193e-35
78.60480968169983 	 2.821315562598506e-17 	 2.6444079708618195e-35
79.8470029427657 	 2.920612361429181e-17 	 2.5647806737630174e-35
81.10882660690848 	 3.023445432040238e-17 	 2.4876232136997567e-35
82.39059089375107 	 3.130473472944497e-17 	 2.412855994893823e-35
83.69261092532264 	 3.2412420381805086e-17 	 2.3403978492919662e-35
85.01520680353194 	 3.3570745543993196e-17 	 2.2701702159076095e-35
86.3587036888638 	 3.4772342771967155e-17 	 2.2020948956403348e-35
87.7234318803203 	 3.602232069156445e-17 	 2.136099166550357e-35
89.10972689662479 	 3.7322004812477894e-17 	 2.0721093383041338e-35
90.51792955870918 	 3.869033682095619e-17 	 2.0103809642137222e-35
91.94838607350486 	 4.0118317827504165e-17 	 1.9505273998832406e-35
93.40144811905779 	 4.159872293295604e-17 	 1.8924741842648298e-35
94.87747293098857 	 4.3154004148023334e-17 	 1.8361568008391066e-35
96.37682339031893 	 4.4780666439729e-17 	 1.781512979049777e-35
97.8998681126861 	 4.647964765342191e-17 	 1.7287966790959792e-35
99.44698153896691 	 4.8274454198019455e-17 	 1.6777059399329754e-35
101.01854402733466 	 5.014825401835601e-17 	 1.6281054410905358e-35
102.61494194676953 	 5.213545599155835e-17 	 1.5800226851784654e-35
104.23656777204796 	 5.422163260309098e-17 	 1.5336513229913908e-35
105.88382018023256 	 5.643956379224562e-17 	 1.4886082580661175e-35
107.55710414868692 	 5.88061325396011e-17 	 1.4449642622668903e-35
109.25683105463936 	 6.133543925229193e-17 	 1.4028445029244216e-35
110.98341877632024 	 6.40370822743016e-17 	 1.3619113175575502e-35
112.73729179569719 	 6.698732512912668e-17 	 1.3224518825763972e-35
114.51888130283436 	 7.020128238829189e-17 	 1.2841773752167106e-35
116.32862530190036 	 7.376845649608117e-17 	 1.2472235209598342e-35
118.16696871885169 	 7.779060171222133e-17 	 1.211467229515638e-35
120.03436351081837 	 8.245907123596384e-17 	 1.1769870642229667e-35
121.93126877721686 	 8.795436778384777e-17 	 1.1436686308048607e-35
123.85815087262037 	 9.488116494763843e-17 	 1.111695620050351e-35
125.81548352141205 	 1.0384779877423264e-16 	 1.0808995703107532e-35
127.80374793425021 	 1.1681853527545017e-16 	 1.0516157517984026e-35
129.8234329263741 	 1.373549381105349e-16 	 1.0238695291502723e-35
131.87503503777927 	 1.7346130218162461e-16 	 9.979296700824233e-36
133.95905865529198 	 2.5599022141174587e-16 	 9.743776232483455e-36
136.07601613657278 	 4.679189856560694e-16 	 9.498417067851272e-36
138.22642793607992 	 7.558042582753719e-16 	 9.048984302739797e-36
140.41082273302283 	 5.387067581773025e-16 	 8.532660384709176e-36
142.62973756133871 	 3.0424152579022126e-16 	 8.304890494048201e-36
144.88371794172167 	 2.1541531654906194e-16 	 8.112521385477154e-36
147.17331801573943 	 1.8061066679640884e-16 	 7.915327979345886e-36
149.49910068206927 	 1.6632206275353517e-16 	 7.715071989848975e-36
151.8616377348866 	 1.6117689350813422e-16 	 7.515352868151258e-36
154.26151000444088 	 1.6077554733073178e-16 	 7.318437820830872e-36
156.69930749985255 	 1.632157639356931e-16 	 7.125558945135544e-36
159.17562955416724 	 1.6758472118170088e-16 	 6.937436444247659e-36
161.69108497170177 	 1.734925045944558e-16 	 6.754455314063577e-36
164.24629217771877 	 1.8074581136560322e-16 	 6.57680676079376e-36
166.84187937046661 	 1.893363370453058e-16 	 6.404592849720598e-36
169.47848467562272 	 1.9935285087307494e-16 	 6.237850517532282e-36
172.15675630317585 	 2.1103025528056147e-16 	 6.07661599319502e-36
174.87735270678942 	 2.248781763828371e-16 	 5.921154245604672e-36
177.64094274568225 	 2.4149785507063966e-16 	 5.7711540587565575e-36
180.4482058490677 	 2.6196107074820225e-16 	 5.6265923875494024e-36
183.29983218319165 	 2.8833014369720304e-16 	 5.487661183181031e-36
186.19652282100986 	 3.2401081476179124e-16 	 5.354278160109001e-36
189.138989914547 	 3.744003237002722e-16 	 5.225715093254642e-36
192.1279568699794 	 4.506737965697769e-16 	 5.100590320700394e-36
195.1641585254845 	 5.620910645361554e-16 	 4.973537789944399e-36
198.24834133190086 	 6.916339746852604e-16 	 4.833706366916021e-36
201.3812635362441 	 7.47802214656791e-16 	 4.680322041234524e-36
204.56369536812076 	 6.764770050622464e-16 	 4.54145016863348e-36
207.7964192290904 	 5.8183979599242e-16 	 4.4286938048262035e-36
211.0802298850188 	 5.217237895353924e-16 	 4.331404873742553e-36
214.4159346614715 	 4.955250490912951e-16 	 4.241155289377846e-36
217.80435364219485 	 4.910367834386511e-16 	 4.155036524867504e-36
221.24631987073374 	 5.009089514655766e-16 	 4.072572959210081e-36
224.74267955523572 	 5.212324577872768e-16 	 3.993877984235542e-36
228.2942922764913 	 5.502012134985031e-16 	 3.919242664844769e-36
231.90203119926204 	 5.874303972339744e-16 	 3.8490230250907135e-36
235.56678328694827 	 6.33317743163837e-16 	 3.783557889357977e-36
239.28944951964996 	 6.892293190829583e-16 	 3.723304496210903e-36
243.0709451156716 	 7.575539084356323e-16 	 3.668841661497817e-36
246.9121997565297 	 8.420343609803856e-16 	 3.620870564073805e-36
250.8141578155149 	 9.488010213487699e-16 	 3.580363565259468e-36
254.77777858986653 	 1.088253848825432e-15 	 3.548662499234239e-36
258.8040365366158 	 1.2798932964286158e-15 	 3.52766623142378e-36
262.89392151215657 	 1.5688266841732277e-15 	 3.520172355187355e-36
267.0484390156015 	 2.052085523073337e-15 	 3.526351939757584e-36
271.2686104359843 	 2.8930312114434133e-15 	 3.527458593079329e-36
275.5554733033684 	 3.689389497555691e-15 	 3.48837941343839e-36
279.910081543924 	 4.019736255512943e-15 	 3.531243684602537e-36
284.33350573903664 	 5.069978312609117e-15 	 3.6850551444884884e-36
288.8268333885086 	 7.846045033423833e-15 	 3.952157642006658e-36
293.39116917792177 	 1.410929605312948e-14 	 4.27094592663598e-36
298.02763525022493 	 2.3305690582546282e-14 	 4.603868229331478e-36
302.73737148161246 	 4.0843186246482556e-14 	 4.5478172512990775e-36
307.52153576176335 	 3.851549503556802e-14 	 2.700184643395235e-36
312.3813042785087 	 2.100451265480884e-14 	 1.6776788691154896e-36
317.3178718069976 	 1.2542705848226383e-14 	 1.5790798258772877e-36
322.33245200343276 	 8.42711417200196e-15 	 1.7101778242024628e-36
327.42627770344865 	 6.9510210841359596e-15 	 1.8571602535792353e-36
332.6006012252037 	 6.5918751645925054e-15 	 1.989812319745009e-36
337.8566946772633 	 6.784072177791049e-15 	 2.1121336975868347e-36
343.1958502713489 	 7.401920315371894e-15 	 2.2365236042921195e-36
348.61938064002663 	 8.522979496082384e-15 	 2.3883311684752553e-36
354.1286191594199 	 1.0753456142393744e-14 	 2.6140524038555814e-36
359.7249202770193 	 1.667922569024338e-14 	 2.987483932761815e-36
365.4096598446745 	 3.325021450101667e-14 	 3.372529405335775e-36
371.1842354568472 	 3.566321418599513e-14 	 2.193731945267508e-36
377.0500667942103 	 2.094307455936866e-14 	 1.784678117796755e-36
383.0085959726766 	 1.8856305665608467e-14 	 1.8775574770024638e-36
389.0612878979433 	 1.6140216554728096e-14 	 1.9734583990106553e-36
395.2096306256396 	 1.761915758329338e-14 	 2.3333691827817547e-36
401.45513572716465 	 2.880853184528692e-14 	 2.533930666005912e-36
407.79933866130983 	 1.9984091824272858e-14 	 2.3183655417226236e-36
414.2437991517488 	 1.94853647327433e-14 	 3.069486424770393e-36
420.7901015704979 	 3.5640822631827543e-14 	 4.516921271961866e-36
427.4398553274334 	 9.509091333961303e-14 	 7.205293967152803e-36
434.19469526596606 	 1.1805882069496034e-13 	 6.829742822565518e-36
441.0562820649669 	 2.1061909451341134e-13 	 1.2025853041604351e-35
448.02630264704607 	 2.1165825826931954e-13 	 9.001397442548363e-36
455.10647059328284 	 8.216522917756512e-14 	 2.0539535894088656e-36
462.2985265645099 	 1.0989114901756588e-13 	 3.039977395288911e-36
469.60423872925554 	 1.1298600685257655e-13 	 2.3055356949550876e-36
477.02540319844724 	 7.042726388664109e-14 	 8.808559543142933e-37
484.5638444669882 	 4.748426323876438e-14 	 4.825485010460113e-37
492.2214158623069 	 4.41918309325665e-14 	 8.018619516687184e-37
500.0 	 6.343093313700801e-14 	 1.6165129423271132e-36
