0.4 	 5.9269655517015165e-05 	 5.716476763000132e-06
0.41667 	 5.434977416482027e-05 	 4.942749731430634e-06
0.43478 	 4.940282256456896e-05 	 4.217131999301303e-06
0.45455 	 4.4565918648941386e-05 	 3.5595584548038504e-06
0.47619 	 4.005601470446322e-05 	 2.9735659723407686e-06
0.5 	 3.5687155053689485e-05 	 2.455549678323939e-06
0.52632 	 3.228299169420365e-05 	 2.004561813534836e-06
0.55556 	 2.8998740818528378e-05 	 1.619786331754996e-06
0.58824 	 2.5810050720125723e-05 	 1.2901433902092836e-06
0.625 	 2.342792108555341e-05 	 1.0124425002358996e-06
0.66667 	 2.1362317496247544e-05 	 7.835554739141805e-07
0.71429 	 1.92225126260704e-05 	 5.958700315708566e-07
0.76923 	 1.711138493352492e-05 	 4.435897196421498e-07
0.83333 	 1.5189087093845134e-05 	 3.2200345292679055e-07
0.90909 	 1.3599757850018534e-05 	 2.270017099666537e-07
1.0 	 1.2577162235620622e-05 	 1.544116391875265e-07
1.0101 	 1.2554631205329235e-05 	 1.482879061863497e-07
1.0204 	 1.2532924185900348e-05 	 1.4237685655191067e-07
1.0309 	 1.2511695555972703e-05 	 1.3665138736219568e-07
1.0417 	 1.2491808988112163e-05 	 1.3108227687888327e-07
1.0526 	 1.247092517407921e-05 	 1.257464783036649e-07
1.0638 	 1.2442628807824688e-05 	 1.2054324958961093e-07
1.0753 	 1.2414500914357885e-05 	 1.1549755902602131e-07
1.087 	 1.2386152303972014e-05 	 1.1063245137843149e-07
1.0989 	 1.2359489772766703e-05 	 1.0594458868379362e-07
1.1111 	 1.2333983694991996e-05 	 1.0139378371367778e-07
1.1236 	 1.2307782070017753e-05 	 9.699830542788779e-08
1.1364 	 1.2283734085010773e-05 	 9.272605336795915e-08
1.1494 	 1.2260048348210309e-05 	 8.865552364441124e-08
1.1628 	 1.2228688196349057e-05 	 8.467585090268395e-08
1.1765 	 1.2195256119912884e-05 	 8.084906157000906e-08
1.1905 	 1.216275390891399e-05 	 7.7159551262964e-08
1.2048 	 1.2131933568964586e-05 	 7.360611890442388e-08
1.2195 	 1.2103081419056319e-05 	 7.016418238034593e-08
1.2346 	 1.2075713195821851e-05 	 6.684704517784649e-08
1.25 	 1.204904456665014e-05 	 6.365318517894074e-08
1.2658 	 1.2046268241594543e-05 	 6.058406672665277e-08
1.2821 	 1.2043671545817391e-05 	 5.761900128906749e-08
1.2987 	 1.2037941531700656e-05 	 5.479310424512976e-08
1.3158 	 1.2032087813505563e-05 	 5.207845669521797e-08
1.3333 	 1.2025315367452687e-05 	 4.9472489670478235e-08
1.3514 	 1.2009040297650084e-05 	 4.69770989869614e-08
1.3699 	 1.1916701829686099e-05 	 4.459096253532318e-08
1.3889 	 1.1823202978048569e-05 	 4.228169864252362e-08
1.4085 	 1.172854971637946e-05 	 4.005367475801197e-08
1.4286 	 1.1634197592565388e-05 	 3.79192991599002e-08
1.4493 	 1.1537660573756426e-05 	 3.589133550537785e-08
1.4706 	 1.134425934061288e-05 	 3.394534045635271e-08
1.4925 	 1.114999994119424e-05 	 3.205871245970957e-08
1.5152 	 1.0954273605527793e-05 	 3.023393673369913e-08
1.5385 	 1.0756781363666553e-05 	 2.8493930220949598e-08
1.5625 	 1.0560788124740897e-05 	 2.6826106368598006e-08
1.5873 	 1.0365398701631334e-05 	 2.522462588624806e-08
1.6129 	 1.016918960423891e-05 	 2.369475044005728e-08
1.6393 	 9.973314621071013e-06 	 2.2232937302777166e-08
1.6667 	 9.794743039500366e-06 	 2.0829962312459906e-08
1.6949 	 9.627673004540014e-06 	 1.9503218098822142e-08
1.7241 	 9.460843233471413e-06 	 1.8238813785227595e-08
1.7544 	 9.29592107199719e-06 	 1.7030435783651967e-08
1.7857 	 9.158090864813908e-06 	 1.5888676030172753e-08
1.8182 	 9.017650896705114e-06 	 1.480489581053997e-08
1.8519 	 8.875492738016146e-06 	 1.3779102090890525e-08
1.8868 	 8.73279984940491e-06 	 1.281285446305013e-08
1.9231 	 8.587220514687821e-06 	 1.1897818066680187e-08
1.9608 	 8.422631284629914e-06 	 1.1037260252127107e-08
2.0 	 8.212835421365967e-06 	 1.0222511536427916e-08
2.0408 	 7.99999686583465e-06 	 9.452629860962081e-09
2.0833 	 7.73943541061842e-06 	 8.725366448785595e-09
2.1277 	 7.466150490965722e-06 	 8.0345950414741e-09
2.1739 	 7.1968224074303105e-06 	 7.3845220324735105e-09
2.2222 	 6.929974690986948e-06 	 6.771479968551712e-09
2.2727 	 6.666178487140665e-06 	 6.196029579874592e-09
2.3256 	 6.410530760311687e-06 	 5.6555299130149915e-09
2.381 	 6.163839579242869e-06 	 5.150419747053417e-09
2.439 	 5.9199130233701045e-06 	 4.679092415473699e-09
2.5 	 5.694872628827628e-06 	 4.239565510817536e-09
2.5641 	 5.479449536223513e-06 	 3.830733940349679e-09
2.6316 	 5.282395603387742e-06 	 3.4527436445569813e-09
2.7027 	 5.08685654197964e-06 	 3.103656794773525e-09
2.7778 	 4.893817025890083e-06 	 2.7810818222170747e-09
2.8571 	 4.702769757781042e-06 	 2.484665645610126e-09
2.9412 	 4.514429311350595e-06 	 2.2118473713690845e-09
3.0303 	 4.315689031471812e-06 	 1.9626895304727934e-09
3.125 	 4.093986301382021e-06 	 1.7344980159113852e-09
3.2258 	 3.875434294002757e-06 	 1.5251810266773447e-09
3.3333 	 3.6802318237136357e-06 	 1.3345739379716469e-09
3.4483 	 3.5073971843498013e-06 	 1.1619758221912465e-09
3.5714 	 3.3616817233458794e-06 	 1.0067495487510703e-09
3.7037 	 3.22549338178565e-06 	 8.677492440324066e-10
3.8462 	 3.0924144766139903e-06 	 7.434645072937843e-10
4.0 	 2.970188358717516e-06 	 6.33188142156468e-10
4.1667 	 2.816277749498106e-06 	 5.354706722816872e-10
4.3478 	 2.6593586275431284e-06 	 4.489153587591324e-10
4.5455 	 2.520006270546236e-06 	 3.7267205908797246e-10
4.7619 	 2.4200154393365972e-06 	 3.063646649078794e-10
5.0 	 2.327279938024271e-06 	 2.491712719517846e-10
5.2632 	 2.2450501204228107e-06 	 1.9999810553341212e-10
5.5556 	 2.2013347761745493e-06 	 1.5825859419070063e-10
5.8824 	 2.1538107371519364e-06 	 1.2310881100838104e-10
6.25 	 2.130219232491804e-06 	 9.364688778351954e-11
6.6667 	 2.1486988378580835e-06 	 6.923579931677264e-11
7.1429 	 2.241984171625905e-06 	 4.9087629026850796e-11
7.5 	 2.4278759958309723e-06 	 3.768927980638215e-11
7.7 	 2.5912346081584435e-06 	 3.231329146011985e-11
7.9 	 2.8426956157296916e-06 	 2.7520425258193438e-11
8.1 	 3.2042764223470406e-06 	 2.325613341957832e-11
8.3 	 3.735100274904335e-06 	 1.9420367939181644e-11
8.5 	 4.44167989180739e-06 	 1.609536632053381e-11
8.5999 	 4.896443226415317e-06 	 1.420799230278011e-11
8.7002 	 6.050113134675621e-06 	 1.2923260602106718e-11
8.7997 	 7.089232777306639e-06 	 1.2161783290439896e-11
8.9 	 8.350742097853503e-06 	 1.1919254399711523e-11
9.0001 	 9.17465531139948e-06 	 1.1640293739882926e-11
9.1 	 1.032248111789505e-05 	 1.1306797749406959e-11
9.1996 	 1.1737209371803203e-05 	 1.1530883955981856e-11
9.2997 	 1.313612285504555e-05 	 1.197133410968828e-11
9.4003 	 1.487727372048841e-05 	 1.3083413580596792e-11
9.5003 	 1.6248922751832095e-05 	 1.4518570704149428e-11
9.5997 	 1.7070440143637026e-05 	 1.5538147321692788e-11
9.7003 	 1.79392121861481e-05 	 1.633087102254252e-11
9.8001 	 1.9231863243242648e-05 	 1.7658292397355665e-11
9.9 	 2.048514650260101e-05 	 1.9801828340357077e-11
10.0 	 2.0745867786989855e-05 	 2.1513630767053326e-11
10.1 	 2.0424212236651122e-05 	 2.2307437561316174e-11
10.2 	 2.0123089172691275e-05 	 2.2904902060972826e-11
10.3 	 1.950711276149624e-05 	 2.310921819202774e-11
10.4 	 1.9011343901554696e-05 	 2.321344199928712e-11
10.5 	 1.8310551517746402e-05 	 2.3223417533154688e-11
10.6 	 1.748116576609485e-05 	 2.2983738559553893e-11
10.7 	 1.650649267929607e-05 	 2.2328105569266515e-11
10.8 	 1.5775637342914102e-05 	 2.1537621739279134e-11
10.9 	 1.5279774313013448e-05 	 2.1020635744372567e-11
11.0 	 1.4614980679447518e-05 	 2.046246767563959e-11
11.1 	 1.4208180325798893e-05 	 1.9962383811790876e-11
11.2 	 1.361758751788473e-05 	 1.9447735211117174e-11
11.3 	 1.3220450696084547e-05 	 1.905638991528394e-11
11.4 	 1.2575148865339573e-05 	 1.860268071293627e-11
11.5 	 1.2068074187379894e-05 	 1.8162463719582812e-11
11.6 	 1.1413916096919509e-05 	 1.7800427413137244e-11
11.7 	 1.0548464646261264e-05 	 1.72337038257794e-11
11.8 	 9.712288929417065e-06 	 1.6471140116082654e-11
11.9 	 8.963197888342848e-06 	 1.5667215962482685e-11
12.0 	 8.307654683494742e-06 	 1.4762099277828e-11
12.2 	 7.694466681264726e-06 	 1.3387633699147853e-11
12.4 	 6.8436293309177e-06 	 1.228812059345816e-11
12.6 	 6.192314196962386e-06 	 1.1114309035191582e-11
12.8 	 5.6739141189681135e-06 	 1.0061271491802515e-11
13.0 	 5.341131549280806e-06 	 9.109464269482064e-12
13.2 	 5.142503074134086e-06 	 8.266518976858307e-12
13.4 	 5.127801963753603e-06 	 7.577506046093041e-12
13.6 	 5.097222236177834e-06 	 7.0220022196899216e-12
13.8 	 5.062963084124471e-06 	 6.5113669858756086e-12
14.0 	 5.083753428937031e-06 	 6.077592168642015e-12
14.5 	 4.904392682524706e-06 	 5.146997159694376e-12
15.0 	 4.814627109179757e-06 	 4.276974020293647e-12
15.5 	 5.153499807140584e-06 	 3.548286794632738e-12
16.0 	 6.035048918805527e-06 	 3.1573005058276984e-12
16.5 	 6.586450923997111e-06 	 2.931209115418913e-12
17.0 	 7.129782750340765e-06 	 2.76975998888908e-12
17.5 	 7.460621086352209e-06 	 2.679793950450298e-12
18.0 	 7.501928382428409e-06 	 2.584029023516176e-12
18.5 	 7.330155197382882e-06 	 2.4728503016064547e-12
19.0 	 6.9445416766819676e-06 	 2.309354563786562e-12
19.5 	 6.694669475455494e-06 	 2.1415439066461927e-12
20.0 	 6.447057004861682e-06 	 1.996299500463555e-12
20.5 	 6.1890655786752e-06 	 1.867427599370281e-12
21.0 	 5.828891860369077e-06 	 1.7373033262002661e-12
21.5 	 5.492392804767962e-06 	 1.6057756379136363e-12
22.0 	 5.170654103415102e-06 	 1.4833185834178027e-12
22.5 	 4.860224542818475e-06 	 1.3678074089279887e-12
23.0 	 4.564236934906824e-06 	 1.2598890780709067e-12
23.5 	 4.2806267479272214e-06 	 1.1568123220371094e-12
24.0 	 4.047734459674882e-06 	 1.0612679175770589e-12
27.0 	 3.21751555211615e-06 	 6.556918739668024e-13
30.0 	 2.8922735199832435e-06 	 4.4258856387311135e-13
36.0 	 1.9819691584041596e-06 	 2.28477979312269e-13
51.999 	 9.169630802930629e-07 	 5.277679007645539e-14
67.999 	 5.262474560290507e-07 	 1.8315232723768787e-14
84.998 	 3.3442607489748536e-07 	 7.506704897386819e-15
100.0 	 2.406907982553434e-07 	 3.926350765380968e-15
130.0 	 1.419380156829091e-07 	 1.3760579286592998e-15
180.0 	 7.384857857679597e-08 	 3.7480918033519895e-16
240.0 	 4.148899843213454e-08 	 1.1863868292030707e-16
310.0 	 2.4869467616883427e-08 	 4.263120950967028e-17
419.99 	 1.3537434865860198e-08 	 1.2655899543841577e-17
549.99 	 7.8937351772066e-09 	 4.303178383213451e-18
699.99 	 5.002746282409382e-09 	 1.640471792699372e-18
849.98 	 3.302777635669536e-09 	 7.54765885405743e-19
1000.0 	 2.3866159017381514e-09 	 3.9386451006460494e-19
1300.0 	 1.4129147813943805e-09 	 1.3791391964897868e-19
1800.0 	 7.373488611657156e-10 	 3.7519369107803923e-20
2400.0 	 4.147915952558058e-10 	 1.1871679626090593e-20
3100.0 	 2.4875234136606053e-10 	 4.2648749781876e-21
4199.9 	 1.3559411791822553e-10 	 1.2659425062985507e-21
5499.9 	 7.908942689994483e-11 	 4.304569853071602e-22
6999.9 	 4.9819625307611344e-11 	 1.6405911535364294e-22
8499.8 	 3.255532336560254e-11 	 7.546271392989508e-23
10000.0 	 2.324916996209639e-11 	 3.938828006837646e-23
