3.5233633633633636 	 1.6693417043583123e-05 	 5.093748593095943e-09
4.023843843843844 	 1.2892151934239545e-05 	 3.0573115447421933e-09
4.524324324324325 	 9.638059744090522e-06 	 1.9146479958291014e-09
5.0248048048048055 	 7.04809990403399e-06 	 1.2586484935537477e-09
5.525285285285285 	 5.130244723751983e-06 	 8.34374759568946e-10
6.025765765765766 	 3.5569431298891854e-06 	 5.713048273104257e-10
6.526246246246247 	 2.9496050884501564e-06 	 3.966295963189799e-10
7.026726726726727 	 2.4339694531437986e-06 	 2.813359298470551e-10
7.527207207207208 	 2.1843531529811696e-06 	 1.9969170257273512e-10
8.027687687687688 	 1.975598019449326e-06 	 1.4355399417032575e-10
8.528168168168168 	 1.994581395786553e-06 	 1.0006841693512682e-10
9.02864864864865 	 2.0741420062876938e-06 	 6.961740212724607e-11
9.52912912912913 	 3.0573007097419164e-06 	 4.205687465628879e-11
10.029609609609611 	 4.891657709815116e-06 	 2.1542823619924434e-11
10.530090090090091 	 1.7970116574611085e-05 	 1.5705192580746063e-11
11.030570570570571 	 3.236471230787929e-05 	 2.645294454401749e-11
11.531051051051053 	 4.496617285069557e-05 	 7.532660226612147e-11
12.031531531531533 	 5.005091830003238e-05 	 1.3219114683031037e-10
12.532012012012013 	 3.779633024816765e-05 	 1.2953773280814037e-10
13.032492492492494 	 2.94952180331476e-05 	 1.4366838979886658e-10
13.532972972972974 	 1.9761391041916485e-05 	 9.563149768034563e-11
14.033453453453454 	 1.0665378204554755e-05 	 6.98927706424449e-11
14.533933933933936 	 8.09875955145788e-06 	 5.3083928953951384e-11
15.034414414414416 	 5.649537666520997e-06 	 4.0625101665379175e-11
15.534894894894897 	 4.908066599606624e-06 	 3.300186283127718e-11
16.035375375375377 	 4.200890920865713e-06 	 2.6914702341108228e-11
16.535855855855857 	 3.7129884405648874e-06 	 2.2723406898008342e-11
17.036336336336337 	 3.267879613690156e-06 	 1.927434865236836e-11
17.53681681681682 	 3.143661932459172e-06 	 1.679258626994842e-11
18.0372972972973 	 3.0299616399341084e-06 	 1.4685150423387325e-11
18.53777777777778 	 2.9712664005568584e-06 	 1.2998909561924244e-11
19.03825825825826 	 2.909850262201536e-06 	 1.1540167245887144e-11
19.53873873873874 	 2.7810957492655576e-06 	 1.0285832033377927e-11
20.039219219219223 	 2.6604800324061364e-06 	 9.195607952577941e-12
20.539699699699703 	 2.569228350772031e-06 	 8.285841808984322e-12
21.040180180180183 	 2.4822334736497263e-06 	 7.48373631183499e-12
21.540660660660663 	 2.399198330180875e-06 	 6.774502794596136e-12
22.041141141141143 	 2.319852829646716e-06 	 6.1456566142278e-12
22.541621621621623 	 2.2439508663253075e-06 	 5.586617239489786e-12
23.042102102102106 	 2.171267714680439e-06 	 5.088384593465356e-12
23.542582582582586 	 2.1015977567970824e-06 	 4.643275855737499e-12
24.043063063063066 	 2.034752493651046e-06 	 4.2447104510987025e-12
24.543543543543546 	 1.970558799698199e-06 	 3.887033634407279e-12
25.044024024024026 	 1.909777110629091e-06 	 3.5668054088566208e-12
25.54450450450451 	 1.8606897028223707e-06 	 3.291870081497896e-12
26.04498498498499 	 1.8134821183297682e-06 	 3.0427974202061265e-12
26.54546546546547 	 1.768048029313502e-06 	 2.8167291202086187e-12
27.04594594594595 	 1.7242889782497932e-06 	 2.6111682239719295e-12
27.54642642642643 	 1.6821136629652577e-06 	 2.423927888184129e-12
28.04690690690691 	 1.6414372982219231e-06 	 2.2530881752091408e-12
28.547387387387392 	 1.6021810444567226e-06 	 2.096959497048752e-12
29.047867867867872 	 1.5642714955762425e-06 	 1.9540515934448992e-12
29.548348348348352 	 1.5276402188048564e-06 	 1.823047129074032e-12
30.04882882882883 	 1.4925565337099147e-06 	 1.702988641758441e-12
30.54930930930931 	 1.4616517685307111e-06 	 1.5944169306918036e-12
31.049789789789795 	 1.4317442448398094e-06 	 1.4943713156082489e-12
31.550270270270275 	 1.4027865054313774e-06 	 1.4020603700787301e-12
32.05075075075076 	 1.3747340573236737e-06 	 1.3167770898878544e-12
32.55123123123124 	 1.3475451438819176e-06 	 1.237888754331244e-12
33.05171171171172 	 1.3211805376447053e-06 	 1.1648281371532677e-12
33.5521921921922 	 1.2956033516922401e-06 	 1.097085870405516e-12
34.05267267267268 	 1.2707788676487663e-06 	 1.0342037955941181e-12
34.55315315315316 	 1.246674378632645e-06 	 9.757691622882126e-13
35.053633633633645 	 1.2232590456601876e-06 	 9.21409555841871e-13
35.55411411411412 	 1.2005037661775342e-06 	 8.707884538115282e-13
36.054594594594604 	 1.1783810535421456e-06 	 8.23601325657846e-13
36.55507507507508 	 1.1568649264044982e-06 	 7.795722029138645e-13
37.055555555555564 	 1.1359308070539889e-06 	 7.384506575956284e-13
37.55603603603605 	 1.1155554278928442e-06 	 7.000091355662204e-13
38.056516516516524 	 1.0957167452897827e-06 	 6.640405991173011e-13
38.55699699699701 	 1.0763938601428938e-06 	 6.303564394323902e-13
39.057477477477484 	 1.0575669445499455e-06 	 5.987846250314954e-13
39.55795795795797 	 1.0392171740452074e-06 	 5.691680569228248e-13
40.05843843843845 	 1.0213266649159889e-06 	 5.413631051332915e-13
40.55891891891893 	 1.0038784161600885e-06 	 5.152383046621657e-13
41.05939939939941 	 9.86856255688213e-07 	 4.906731917908746e-13
41.55987987987989 	 9.702447904134866e-07 	 4.675572641608512e-13
42.06036036036037 	 9.540293599043123e-07 	 4.4578905016276537e-13
42.56084084084085 	 9.381959933072542e-07 	 4.2527527501657383e-13
43.06132132132133 	 9.227313692739015e-07 	 4.059301125064239e-13
43.56180180180181 	 9.076227786501357e-07 	 3.87674512704457e-13
44.06228228228229 	 8.928580897081534e-07 	 3.704355972040706e-13
44.56276276276277 	 8.784257157213384e-07 	 3.541461144126119e-13
45.06324324324325 	 8.643145846998617e-07 	 3.387439483480004e-13
45.56372372372373 	 8.505141111208524e-07 	 3.2417167516242616e-13
46.064204204204216 	 8.370141695014562e-07 	 3.1037616229507084e-13
46.56468468468469 	 8.238050696761232e-07 	 2.9730820574853346e-13
47.065165165165176 	 8.108775336512734e-07 	 2.8492220150194903e-13
47.56564564564565 	 7.982226739211548e-07 	 2.7317584752774176e-13
48.066126126126136 	 7.858319731383984e-07 	 2.620298732770898e-13
48.56660660660662 	 7.736972650415474e-07 	 2.5144779384885444e-13
49.067087087087096 	 7.618107165498138e-07 	 2.4139568636429823e-13
49.56756756756758 	 7.501648109425562e-07 	 2.3184198634077926e-13
50.068048048048055 	 7.390260683654025e-07 	 2.227642770079713e-13
50.56852852852854 	 7.298306864263575e-07 	 2.1417021780367474e-13
51.06900900900902 	 7.208160502369647e-07 	 2.0598840498132297e-13
51.5694894894895 	 7.119768972401766e-07 	 1.9819528461740336e-13
52.06996996996998 	 7.033081672072845e-07 	 1.9076885987871235e-13
52.57045045045046 	 6.948049926068973e-07 	 1.8368857439794326e-13
53.07093093093094 	 6.864626895188725e-07 	 1.7693520538967197e-13
53.571411411411425 	 6.782767490575526e-07 	 1.7049076561085703e-13
54.0718918918919 	 6.702428292713168e-07 	 1.6433841335980838e-13
54.572372372372385 	 6.623567474878603e-07 	 1.5846236978766944e-13
55.07285285285286 	 6.546144730768557e-07 	 1.528478428679489e-13
55.573333333333345 	 6.4701212060368e-07 	 1.4748095743351147e-13
56.07381381381382 	 6.395459433497756e-07 	 1.423486907475714e-13
56.574294294294305 	 6.322123271769408e-07 	 1.3743881312638594e-13
57.07477477477479 	 6.250077847144392e-07 	 1.3273983317719711e-13
57.575255255255264 	 6.179289498492861e-07 	 1.2824094725610386e-13
58.07573573573575 	 6.109725725014219e-07 	 1.2393199278748284e-13
58.576216216216224 	 6.041355136667306e-07 	 1.198034051197893e-13
59.07669669669671 	 5.97414740712028e-07 	 1.1584617762243762e-13
59.57717717717719 	 5.908073229071944e-07 	 1.1205182475537423e-13
60.07765765765767 	 5.843104271806255e-07 	 1.0841234786720362e-13
60.57813813813815 	 5.779213140850922e-07 	 1.0492020349961444e-13
61.07861861861863 	 5.71637333961929e-07 	 1.0156827399560595e-13
61.57909909909911 	 5.654559232922801e-07 	 9.834984022687758e-14
62.079579579579594 	 5.593746012248378e-07 	 9.525855627189445e-14
62.58006006006007 	 5.533909662701988e-07 	 9.228842589076576e-14
63.080540540540554 	 5.475026931525786e-07 	 8.943378065632074e-14
63.58102102102103 	 5.417075298102212e-07 	 8.668925961278416e-14
64.0815015015015 	 5.360032945363676e-07 	 8.404979034435108e-14
64.58198198198198 	 5.303878732531626e-07 	 8.151057134586787e-14
65.08246246246247 	 5.24859216911343e-07 	 7.906705559682096e-14
65.58294294294295 	 5.194153390089863e-07 	 7.671493524802405e-14
66.08342342342343 	 5.140543132230114e-07 	 7.445012733784572e-14
66.5839039039039 	 5.087742711474939e-07 	 7.226876046160564e-14
67.08438438438439 	 5.035734001332242e-07 	 7.01671623239569e-14
67.58486486486487 	 4.984499412232554e-07 	 6.814184810971528e-14
68.08534534534535 	 4.934021871795007e-07 	 6.618950961374994e-14
68.58582582582584 	 4.884284805957361e-07 	 6.430700507525755e-14
69.08630630630631 	 4.835272120926194e-07 	 6.249134966604386e-14
69.58678678678679 	 4.786968185906032e-07 	 6.073970658637368e-14
70.08726726726728 	 4.7400779589258896e-07 	 5.904863417950452e-14
70.58774774774776 	 4.697241132697979e-07 	 5.74129244392444e-14
71.08822822822823 	 4.6550095706951537e-07 	 5.583375043253965e-14
71.58870870870871 	 4.613370578031777e-07 	 5.430877752834528e-14
72.0891891891892 	 4.572311812360246e-07 	 5.2835782961623054e-14
72.58966966966968 	 4.53182127171787e-07 	 5.1412649743733885e-14
73.09015015015015 	 4.491887282873023e-07 	 5.003736094345932e-14
73.59063063063064 	 4.4524984901468837e-07 	 4.870799431374775e-14
74.09111111111112 	 4.413643844688164e-07 	 4.742271724110745e-14
74.5915915915916 	 4.375312594179675e-07 	 4.617978199625546e-14
75.09207207207209 	 4.3374942729564596e-07 	 4.497752126617845e-14
75.59255255255256 	 4.3001786925165305e-07 	 4.3814343949192895e-14
76.09303303303304 	 4.263355932406051e-07 	 4.2688731195907605e-14
76.59351351351351 	 4.2270163314618914e-07 	 4.159923268020709e-14
77.093993993994 	 4.1911504793952655e-07 	 4.054446308549525e-14
77.59447447447448 	 4.155749208701106e-07 	 3.952309879247577e-14
78.09495495495496 	 4.1208035868785343e-07 	 3.85338747556999e-14
78.59543543543545 	 4.086304908948541e-07 	 3.757558155699919e-14
79.09591591591592 	 4.0522446902557646e-07 	 3.664706262473747e-14
79.5963963963964 	 4.0186146595417896e-07 	 3.5747211608573475e-14
80.09687687687689 	 3.9854067522781854e-07 	 3.487496990012647e-14
80.59735735735737 	 3.952613104247901e-07 	 3.402932429058651e-14
81.09783783783784 	 3.920226045364332e-07 	 3.320930475691192e-14
81.59831831831832 	 3.8882380937178733e-07 	 3.241398236881539e-14
82.09879879879881 	 3.856641949840203e-07 	 3.1642467309256215e-14
82.59927927927929 	 3.8254304911771024e-07 	 3.089390700163744e-14
83.09975975975976 	 3.7945967667609977e-07 	 3.0167484337351643e-14
83.60024024024025 	 3.764133992074861e-07 	 2.94624159977342e-14
84.10072072072073 	 3.7340355440995185e-07 	 2.8777950864866475e-14
84.6012012012012 	 3.7042949565367045e-07 	 2.8113368516030072e-14
85.10168168168168 	 3.674905915200752e-07 	 2.7467977796946288e-14
85.60216216216217 	 3.6458622535718546e-07 	 2.6841115469243304e-14
86.10264264264265 	 3.617157948504471e-07 	 2.6232144927883978e-14
86.60312312312313 	 3.588787116084512e-07 	 2.5640454984553244e-14
87.10360360360362 	 3.5607440076293566e-07 	 2.5065458713256812e-14
87.60408408408409 	 3.533023005824981e-07 	 2.450659235461402e-14
88.10456456456457 	 3.505618620994741e-07 	 2.3963314275546258e-14
88.60504504504506 	 3.4785254874945937e-07 	 2.3435103981264828e-14
89.10552552552554 	 3.451738360229854e-07 	 2.2921461176652334e-14
89.60600600600601 	 3.4252521112886153e-07 	 2.242190487430653e-14
90.10648648648649 	 3.3990617266874015e-07 	 2.1935972546682897e-14
90.60696696696698 	 3.373162303224675e-07 	 2.1463219319925215e-14
91.10744744744746 	 3.347549045438033e-07 	 2.1003217207117498e-14
91.60792792792793 	 3.322217262661178e-07 	 2.0555554378826435e-14
92.10840840840842 	 3.2971623661767895e-07 	 2.0119834468928525e-14
92.6088888888889 	 3.272379866461763e-07 	 1.9695675913834967e-14
93.10936936936938 	 3.247865370521257e-07 	 1.9282711323337373e-14
93.60984984984987 	 3.223614579308286e-07 	 1.8880586881401073e-14
94.11033033033034 	 3.1996232852256315e-07 	 1.8488961775329542e-14
94.61081081081082 	 3.175887369707051e-07 	 1.8107507651814402e-14
95.1112912912913 	 3.152402800874847e-07 	 1.7735908098470705e-14
95.61177177177179 	 3.129165631271006e-07 	 1.7373858149536747e-14
96.11225225225226 	 3.1061719956592327e-07 	 1.702106381449307e-14
96.61273273273274 	 3.083418108895296e-07 	 1.6677241628425012e-14
97.11321321321323 	 3.06090026386322e-07 	 1.6342118223019605e-14
97.6136936936937 	 3.0386148294749645e-07 	 1.601542991714935e-14
98.11417417417418 	 3.016558248731348e-07 	 1.5696922326053905e-14
98.61465465465466 	 2.994727036841985e-07 	 1.5386349988184857e-14
99.11513513513515 	 2.973117779402208e-07 	 1.5083476008830802e-14
99.61561561561562 	 2.9517271306249405e-07 	 1.4788071719688002e-14
100.1160960960961 	 2.930903765554352e-07 	 1.4499561790276985e-14
100.61657657657659 	 2.9114481011870725e-07 	 1.4216950435276697e-14
101.11705705705707 	 2.8921858215697366e-07 	 1.3941226991041558e-14
101.61753753753754 	 2.873114069207899e-07 	 1.3672190468173607e-14
102.11801801801803 	 2.854230042625482e-07 	 1.3409646696472326e-14
102.61849849849851 	 2.8355309949987235e-07 	 1.3153408061556275e-14
103.11897897897899 	 2.817014232829935e-07 	 1.2903293252880851e-14
103.61945945945946 	 2.7986771146596684e-07 	 1.2659127022606326e-14
104.11993993993995 	 2.7805170498160485e-07 	 1.2420739954799515e-14
104.62042042042043 	 2.7625314971999875e-07 	 1.2187968244479098e-14
105.1209009009009 	 2.7447179641050954e-07 	 1.1960653486039938e-14
105.6213813813814 	 2.7270740050711667e-07 	 1.1738642470616308e-14
106.12186186186187 	 2.7095972207700835e-07 	 1.1521786991965811e-14
106.62234234234235 	 2.692285256923111e-07 	 1.1309943660477747e-14
107.12282282282284 	 2.6751358032485313e-07 	 1.1102973724929673e-14
107.62330330330332 	 2.658146592438655e-07 	 1.0900742901635067e-14
108.1237837837838 	 2.6413153991652337e-07 	 1.070312121064282e-14
108.62426426426427 	 2.624640039112366e-07 	 1.0509982818666643e-14
109.12474474474476 	 2.6081183680360235e-07 	 1.0321205888438322e-14
109.62522522522524 	 2.5917482808493284e-07 	 1.0136672434194198e-14
110.12570570570571 	 2.5755277107327975e-07 	 9.956268183018457e-15
110.6261861861862 	 2.559454628268699e-07 	 9.779882441780518e-15
111.12666666666668 	 2.543527040598834e-07 	 9.607407969417004e-15
111.62714714714716 	 2.52774299060496e-07 	 9.438740854320384e-15
112.12762762762763 	 2.5121005561111693e-07 	 9.273780396608569e-15
112.62810810810812 	 2.4965978491075236e-07 	 9.112428995060304e-15
113.1285885885886 	 2.481233014994311e-07 	 8.954592038511783e-15
113.62906906906908 	 2.466004231846263e-07 	 8.800177801519549e-15
114.12954954954957 	 2.4509097096961376e-07 	 8.649097344104295e-15
114.63003003003004 	 2.4359476898370665e-07 	 8.501264415398863e-15
115.13051051051052 	 2.4211164441431015e-07 	 8.35659536103218e-15
115.63099099099101 	 2.406414274407399e-07 	 8.215009034088672e-15
116.13147147147149 	 2.391839511697527e-07 	 8.076426709490601e-15
116.63195195195196 	 2.377390515727366e-07 	 7.940772001657471e-15
117.13243243243244 	 2.363065674245118e-07 	 7.807970785303717e-15
117.63291291291293 	 2.3488634024369193e-07 	 7.677951119242294e-15
118.1333933933934 	 2.3347821423456391e-07 	 7.550643173067903e-15
118.63387387387388 	 2.3208203623043748e-07 	 7.425979156599291e-15
119.13435435435437 	 2.3069765563842283e-07 	 7.303893251965806e-15
119.63483483483485 	 2.293249243855939e-07 	 7.184321548228347e-15
120.13531531531532 	 2.2796369686649837e-07 	 7.0672019784301705e-15
120.63579579579581 	 2.2661382989197414e-07 	 6.9524742589774856e-15
121.13627627627629 	 2.252751826392332e-07 	 6.840079831254344e-15
121.63675675675677 	 2.2394761660317994e-07 	 6.729961805380729e-15
122.13723723723724 	 2.2263099554892442e-07 	 6.622064906026694e-15
122.63771771771773 	 2.2132518546545873e-07 	 6.516335420199328e-15
123.13819819819821 	 2.200300545204654e-07 	 6.4127211469231155e-15
123.63867867867869 	 2.1874547301621963e-07 	 6.3111713487374724e-15
124.13915915915918 	 2.1747131334656094e-07 	 6.2116367049389744e-15
124.63963963963965 	 2.1620744995489977e-07 	 6.114069266498762e-15
125.14012012012013 	 2.149537592932341e-07 	 6.018422412588583e-15
125.64060060060062 	 2.13710119782143e-07 	 5.924650808651983e-15
126.1410810810811 	 2.124764117717338e-07 	 5.832710365959824e-15
126.64156156156157 	 2.1125251750351526e-07 	 5.742558202591939e-15
127.14204204204205 	 2.100383210731715e-07 	 5.654152605789212e-15
127.64252252252254 	 2.0883370839421022e-07 	 5.567452995622821e-15
128.14300300300303 	 2.076385671624656e-07 	 5.482419889929629e-15
128.64348348348352 	 2.0645278682142634e-07 	 5.3990148704647385e-15
129.14396396396398 	 2.052762585283725e-07 	 5.317200550224589e-15
129.64444444444447 	 2.0410887512129614e-07 	 5.236940541895651e-15
130.14492492492496 	 2.0295053108658397e-07 	 5.1581994273857996e-15
130.64540540540543 	 2.018011225274445e-07 	 5.0809427283972535e-15
131.14588588588592 	 2.0066054713305707e-07 	 5.0051368780016186e-15
131.6463663663664 	 1.995287041484247e-07 	 4.930749193179239e-15
132.14684684684687 	 1.9840549434491306e-07 	 4.857747848286647e-15
132.64732732732736 	 1.9729081999145404e-07 	 4.78610184941734e-15
133.14780780780782 	 1.9618458482640185e-07 	 4.71578100962262e-15
133.6482882882883 	 1.9508669403001846e-07 	 4.6467559249604415e-15
134.1487687687688 	 1.9399705419757747e-07 	 4.5789979513417885e-15
134.64924924924927 	 1.9291557331306594e-07 	 4.512479182144972e-15
135.14972972972976 	 1.918421607234717e-07 	 4.447172426569777e-15
135.65021021021025 	 1.9077672711363895e-07 	 4.38305118870433e-15
136.1506906906907 	 1.897191844816799e-07 	 4.320089647278695e-15
136.6511711711712 	 1.8866944611492438e-07 	 4.258262636080195e-15
137.1516516516517 	 1.8762742656639862e-07 	 4.197545625006612e-15
137.65213213213215 	 1.8659304163181532e-07 	 4.137914701734146e-15
138.15261261261264 	 1.855662083270644e-07 	 4.079346553978067e-15
138.65309309309313 	 1.845468448661919e-07 	 4.0218184523248826e-15
139.1535735735736 	 1.835348706398527e-07 	 3.965308233615546e-15
139.6540540540541 	 1.825302061942282e-07 	 3.909794284860169e-15
140.15453453453458 	 1.8153277321039408e-07 	 3.855255527665373e-15
140.65501501501504 	 1.8054249448413033e-07 	 3.8016714031561945e-15
141.15549549549553 	 1.7955929390615815e-07 	 3.74902185737515e-15
141.65597597597602 	 1.7858309644279932e-07 	 3.697287327141711e-15
142.15645645645648 	 1.7761382811704098e-07 	 3.646448726356128e-15
142.65693693693697 	 1.766514159900002e-07 	 3.596487432732089e-15
143.15741741741743 	 1.7569578814277893e-07 	 3.5473852749434555e-15
143.65789789789793 	 1.747468736586942e-07 	 3.4991245201705307e-15
144.15837837837842 	 1.7380460260588333e-07 	 3.4516878620324116e-15
144.65885885885888 	 1.728689060202665e-07 	 3.405058408891842e-15
145.15933933933937 	 1.719397158888635e-07 	 3.3592196725200633e-15
145.65981981981986 	 1.7101696513345423e-07 	 3.314155557109287e-15
146.16030030030032 	 1.7010058759457423e-07 	 3.2698503486209698e-15
146.6607807807808 	 1.691905180158391e-07 	 3.226288704458552e-15
147.1612612612613 	 1.6828669202858755e-07 	 3.1834556434537106e-15
147.66174174174176 	 1.6738904613683762e-07 	 3.141336536155526e-15
148.16222222222225 	 1.6649751770254682e-07 	 3.0999170954124814e-15
148.66270270270275 	 1.6561204493117166e-07 	 3.0591833672374796e-15
149.1631831831832 	 1.6473256685751578e-07 	 3.0191217219464253e-15
149.6636636636637 	 1.6385902333186432e-07 	 2.979718845561344e-15
150.1641441441442 	 1.6299451330843452e-07 	 2.940876534018055e-15
150.66462462462465 	 1.6214223681142263e-07 	 2.9024972288662596e-15
151.16510510510514 	 1.61295637622807e-07 	 2.864745245560601e-15
151.6655855855856 	 1.604546595354483e-07 	 2.8276082881207137e-15
152.1660660660661 	 1.5961924708167787e-07 	 2.7910743412370457e-15
152.66654654654658 	 1.5878934552117655e-07 	 2.755131662966201e-15
153.16702702702705 	 1.5796490082909168e-07 	 2.7197687776395584e-15
153.66750750750754 	 1.571458596843857e-07 	 2.6849744689782894e-15
154.16798798798803 	 1.5633216945841246e-07 	 2.6507377734081723e-15
154.6684684684685 	 1.5552377820371478e-07 	 2.6170479735676816e-15
155.16894894894898 	 1.5472063464303887e-07 	 2.583894592003241e-15
155.66942942942947 	 1.5392268815856068e-07 	 2.5512673850456342e-15
156.16990990990993 	 1.5312988878131993e-07 	 2.519156336861795e-15
156.67039039039042 	 1.523421871808553e-07 	 2.4875516536763995e-15
157.1708708708709 	 1.5155953465503958e-07 	 2.456443758157974e-15
157.67135135135138 	 1.507818831201066e-07 	 2.425823283964193e-15
158.17183183183187 	 1.5000918510086877e-07 	 2.3956810704414755e-15
158.67231231231236 	 1.4924139372111875e-07 	 2.366008157474001e-15
159.17279279279282 	 1.4847846269421354e-07 	 2.336795780477478e-15
159.6732732732733 	 1.4772034631383371e-07 	 2.3080353655331485e-15
160.1737537537538 	 1.4696699944491773e-07 	 2.2797185246577114e-15
160.67423423423426 	 1.4621837751476517e-07 	 2.2518370512049192e-15
161.17471471471475 	 1.4547443650430443e-07 	 2.224382915394784e-15
161.67519519519522 	 1.4473513293952485e-07 	 2.1973482599665255e-15
162.1756756756757 	 1.4400042388306583e-07 	 2.17072539595139e-15
162.6761561561562 	 1.4327026692596146e-07 	 2.1445067985617263e-15
163.17663663663666 	 1.4254462017953764e-07 	 2.118685103192757e-15
163.67711711711715 	 1.4182344226745732e-07 	 2.0932531015336238e-15
164.17759759759764 	 1.411066923179117e-07 	 2.0682037377844093e-15
164.6780780780781 	 1.4039432995595305e-07 	 2.043530104975913e-15
165.1785585585586 	 1.3968631529596824e-07 	 2.0192254413891e-15
165.67903903903908 	 1.3898260893428703e-07 	 1.9952831270712377e-15
166.17951951951954 	 1.3828317194192531e-07 	 1.971696680445814e-15
166.68000000000004 	 1.3758796585745808e-07 	 1.948459755013432e-15
167.18048048048053 	 1.3689695268002147e-07 	 1.925566136141021e-15
167.680960960961 	 1.36210094862439e-07 	 1.9030097379366718e-15
168.18144144144148 	 1.3552735530447148e-07 	 1.8807846002076327e-15
168.68192192192197 	 1.348486973461864e-07 	 1.8588848854989603e-15
169.18240240240243 	 1.3417408476144544e-07 	 1.837304876210506e-15
169.68288288288292 	 1.3350348175150677e-07 	 1.8160389717898864e-15
170.18336336336338 	 1.3283685293874124e-07 	 1.7950816859992746e-15
170.68384384384387 	 1.3217416336045742e-07 	 1.7744276442538008e-15
171.18432432432436 	 1.3151537846283714e-07 	 1.7540715810295529e-15
171.68480480480483 	 1.308604640949751e-07 	 1.7340083373390778e-15
172.18528528528532 	 1.3020938650302314e-07 	 1.7142328582725083e-15
172.6857657657658 	 1.2956211232443743e-07 	 1.6947401906023915e-15
173.18624624624627 	 1.2891860858232326e-07 	 1.6755254804503795e-15
173.68672672672676 	 1.282788426798798e-07 	 1.656583971014027e-15
174.18720720720725 	 1.2764278239493843e-07 	 1.6379110003519912e-15
174.6876876876877 	 1.270103958745978e-07 	 1.6195019992259413e-15
175.1881681681682 	 1.2638165162994746e-07 	 1.6013524889975854e-15
175.6886486486487 	 1.257565185308845e-07 	 1.5834580795792567e-15
176.18912912912916 	 1.2513496580101698e-07 	 1.565814467436539e-15
176.68960960960965 	 1.2451696301265446e-07 	 1.5484174336414698e-15
177.19009009009014 	 1.239024800818836e-07 	 1.5312628419749042e-15
177.6905705705706 	 1.2329148726372665e-07 	 1.5143466370766575e-15
178.1910510510511 	 1.2268395514738165e-07 	 1.4976648426420978e-15
178.69153153153155 	 1.2207985465154253e-07 	 1.4812135596638898e-15
179.19201201201204 	 1.2147915701979782e-07 	 1.464988964717649e-15
179.69249249249253 	 1.208818338161061e-07 	 1.448987308290271e-15
180.192972972973 	 1.2028785692034715e-07 	 1.4332049131497847e-15
180.6934534534535 	 1.196971985239464e-07 	 1.4176381727555555e-15
181.19393393393398 	 1.1910983112557276e-07 	 1.4022835497077538e-15
181.69441441441444 	 1.185257275269064e-07 	 1.3871375742350072e-15
182.19489489489493 	 1.1794486082847777e-07 	 1.3721968427191908e-15
182.69537537537542 	 1.1736720442557363e-07 	 1.3574580162563497e-15
183.19585585585588 	 1.1679273200421113e-07 	 1.3429178192527654e-15
183.69633633633637 	 1.1622141753717682e-07 	 1.328573038055221e-15
184.19681681681686 	 1.1565323528013132e-07 	 1.3144205196145415e-15
184.69729729729733 	 1.150881597677767e-07 	 1.300457170181513e-15
185.19777777777782 	 1.1452616581008544e-07 	 1.2866799540342925e-15
185.6982582582583 	 1.1396722848859182e-07 	 1.2730858922365158e-15
186.19873873873877 	 1.1341132315274163e-07 	 1.2596720614252047e-15
186.69921921921926 	 1.1285842541630167e-07 	 1.2464355926277665e-15
187.19969969969975 	 1.1230851115382614e-07 	 1.2333736701072408e-15
187.7001801801802 	 1.1176155649718026e-07 	 1.220483530235086e-15
188.2006606606607 	 1.1121753783211822e-07 	 1.207762460390764e-15
188.70114114114116 	 1.1067643179491699e-07 	 1.1952077978874226e-15
189.20162162162165 	 1.1013821526906274e-07 	 1.1828169289229776e-15
189.70210210210215 	 1.0960286538198944e-07 	 1.1705872875559443e-15
190.2025825825826 	 1.0907035950187011e-07 	 1.1585163547053577e-15
190.7030630630631 	 1.0854067523445684e-07 	 1.1466016571741593e-15
191.2035435435436 	 1.0801379041997233e-07 	 1.1348407666954425e-15
191.70402402402405 	 1.0748968313004899e-07 	 1.1232312990009628e-15
192.20450450450454 	 1.0696833166471561e-07 	 1.1117709129113164e-15
192.70498498498503 	 1.0644971454943233e-07 	 1.100457309447273e-15
193.2054654654655 	 1.0593381053217031e-07 	 1.0892882309616699e-15
193.70594594594598 	 1.054205985805371e-07 	 1.0782614602913603e-15
194.20642642642648 	 1.0491005787894695e-07 	 1.0673748199287167e-15
194.70690690690694 	 1.0440216782583404e-07 	 1.056626171212159e-15
195.20738738738743 	 1.0389690803090935e-07 	 1.046013413535253e-15
195.70786786786792 	 1.0339425831245858e-07 	 1.0355344835738709e-15
196.20834834834838 	 1.0289419869468269e-07 	 1.025187354531006e-15
196.70882882882887 	 1.0239670940507776e-07 	 1.0149700353987402e-15
197.20930930930933 	 1.0190177087185584e-07 	 1.0048805702369773e-15
197.70978978978982 	 1.0140936372140418e-07 	 9.949170374684873e-16
198.2102702702703 	 1.0091946877578351e-07 	 9.85077549189876e-16
198.71075075075078 	 1.0043206705026395e-07 	 9.753602504980681e-16
199.21123123123127 	 9.994713975089728e-08 	 9.657633188319101e-16
199.71171171171176 	 9.946466827212752e-08 	 9.562849633285443e-16
200.21219219219222 	 9.904417747260312e-08 	 9.4686542067035e-16
200.7126726726727 	 9.870648707556136e-08 	 9.374840747175587e-16
201.2131531531532 	 9.837047830117696e-08 	 9.282187649399736e-16
201.71363363363366 	 9.803613863243404e-08 	 9.190677723157475e-16
202.21411411411415 	 9.770345567623519e-08 	 9.100294074704473e-16
202.71459459459464 	 9.737241716187196e-08 	 9.011020100940123e-16
203.2150750750751 	 9.704301093951771e-08 	 8.92283948370576e-16
203.7155555555556 	 9.671522497874275e-08 	 8.835736184208427e-16
204.2160360360361 	 9.638904736705108e-08 	 8.749694437567151e-16
204.71651651651655 	 9.606446630843891e-08 	 8.664698747478661e-16
205.21699699699704 	 9.574147012197431e-08 	 8.580733880999819e-16
205.71747747747753 	 9.542004724039735e-08 	 8.497784863443686e-16
206.217957957958 	 9.51001862087406e-08 	 8.4158369733866945e-16
206.71843843843848 	 9.47818756829699e-08 	 8.33487573778415e-16
207.21891891891894 	 9.44651044286447e-08 	 8.254886927191468e-16
207.71939939939944 	 9.414986131959787e-08 	 8.175856551088596e-16
208.21987987987993 	 9.383613533663433e-08 	 8.0977708533051985e-16
208.7203603603604 	 9.352391556624844e-08 	 8.02061630754414e-16
209.22084084084088 	 9.321319119936028e-08 	 7.944379613000958e-16
209.72132132132137 	 9.29039515300692e-08 	 7.869047690077046e-16
210.22180180180183 	 9.259618595442591e-08 	 7.794607676184305e-16
210.72228228228232 	 9.228988396922153e-08 	 7.721046921639088e-16
211.2227627627628 	 9.198503517079434e-08 	 7.648352985643428e-16
211.72324324324327 	 9.168162925385314e-08 	 7.576513632351334e-16
212.22372372372377 	 9.137965601031728e-08 	 7.505516827018261e-16
212.72420420420426 	 9.10791053281729e-08 	 7.435350732231814e-16
213.22468468468472 	 9.077996719034603e-08 	 7.366003704221769e-16
213.7251651651652 	 9.048223167359046e-08 	 7.297464289247466e-16
214.2256456456457 	 9.018588894739199e-08 	 7.229721220060938e-16
214.72612612612616 	 8.989092927288782e-08 	 7.162763412443955e-16
215.22660660660665 	 8.959734300180061e-08 	 7.096579961817122e-16
215.7270870870871 	 8.930512057538792e-08 	 7.03116013991965e-16
216.2275675675676 	 8.901425252340604e-08 	 6.966493391557934e-16
216.7280480480481 	 8.872472946308818e-08 	 6.902569331421451e-16
217.22852852852856 	 8.84365420981366e-08 	 6.839377740964414e-16
217.72900900900905 	 8.814968121772883e-08 	 6.776908565351707e-16
218.22948948948954 	 8.78641376955378e-08 	 6.715151910467594e-16
218.72996996997 	 8.757990248876483e-08 	 6.654098039985769e-16
219.2304504504505 	 8.729696663718633e-08 	 6.593737372499388e-16
219.73093093093098 	 8.70153212622136e-08 	 6.534060478709737e-16
220.23141141141144 	 8.673495756596466e-08 	 6.475058078672039e-16
220.73189189189193 	 8.645586683035015e-08 	 6.416721039097458e-16
221.23237237237242 	 8.617804041616983e-08 	 6.359040370709601e-16
221.7328528528529 	 8.590146976222323e-08 	 6.302007225654687e-16
222.23333333333338 	 8.562614638443052e-08 	 6.245612894963859e-16
222.73381381381387 	 8.535206187496651e-08 	 6.189848806066735e-16
223.23429429429433 	 8.507920790140562e-08 	 6.134706520354868e-16
223.73477477477482 	 8.480757620587905e-08 	 6.080177730794082e-16
224.23525525525528 	 8.453715860424199e-08 	 6.026254259584584e-16
224.73573573573577 	 8.426794698525337e-08 	 5.97292805586781e-16
225.23621621621626 	 8.399993330976547e-08 	 5.9201911934789145e-16
225.73669669669673 	 8.373310960992512e-08 	 5.868035868744011e-16
226.23717717717722 	 8.346746798838459e-08 	 5.816454398320959e-16
226.7376576576577 	 8.320300061752391e-08 	 5.765439217083076e-16
227.23813813813817 	 8.293969973868292e-08 	 5.714982876044448e-16
227.73861861861866 	 8.267755766140327e-08 	 5.665078040326236e-16
228.23909909909915 	 8.24165667626811e-08 	 5.61571748716293e-16
228.7395795795796 	 8.215671948622857e-08 	 5.566894103947703e-16
229.2400600600601 	 8.189800834174615e-08 	 5.518600886316044e-16
229.7405405405406 	 8.164042590420323e-08 	 5.470830936266794e-16
230.24102102102106 	 8.138396481312939e-08 	 5.42357746031986e-16
230.74150150150155 	 8.112861777191372e-08 	 5.376833767709658e-16
231.24198198198204 	 8.087437754711411e-08 	 5.330593268613726e-16
231.7424624624625 	 8.062123696777483e-08 	 5.284849472415543e-16
232.242942942943 	 8.036918892475353e-08 	 5.239595986000964e-16
232.74342342342348 	 8.011822637005638e-08 	 5.194826512087493e-16
233.24390390390394 	 7.986834231618232e-08 	 5.150534847585691e-16
233.74438438438443 	 7.96195298354752e-08 	 5.106714881992024e-16
234.2448648648649 	 7.937178205948452e-08 	 5.063360595812561e-16
234.74534534534538 	 7.91250921783344e-08 	 5.020466059016719e-16
235.24582582582588 	 7.887945344010035e-08 	 4.978025429520576e-16
235.74630630630634 	 7.86348591501942e-08 	 4.936032951699019e-16
236.24678678678683 	 7.839130267075668e-08 	 4.894482954926146e-16
236.74726726726732 	 7.814877742005822e-08 	 4.853369852143395e-16
237.24774774774778 	 7.790727687190616e-08 	 4.81268813845465e-16
237.74822822822827 	 7.766679455506095e-08 	 4.772432389747983e-16
238.24870870870876 	 7.74273240526584e-08 	 4.732597261343268e-16
238.74918918918922 	 7.71888590016402e-08 	 4.693177486665262e-16
239.24966966966971 	 7.695139309219073e-08 	 4.654167875941555e-16
239.7501501501502 	 7.671492006718173e-08 	 4.615563314924899e-16
240.25063063063067 	 7.647943372162309e-08 	 4.577358763639408e-16
240.75111111111116 	 7.624492790212147e-08 	 4.539549255150125e-16
241.25159159159165 	 7.601139650634456e-08 	 4.502129894355469e-16
241.7520720720721 	 7.577883348249291e-08 	 4.465095856802115e-16
242.2525525525526 	 7.554723282877767e-08 	 4.4284423875218065e-16
242.75303303303306 	 7.531658859290533e-08 	 4.392164799889711e-16
243.25351351351355 	 7.508689487156826e-08 	 4.356258474503773e-16
243.75399399399404 	 7.485814580994229e-08 	 4.320718858084803e-16
244.2544744744745 	 7.463033560118924e-08 	 4.285541462396635e-16
244.754954954955 	 7.440345848596704e-08 	 4.2507218631862244e-16
245.2554354354355 	 7.41775087519448e-08 	 4.2162556991430473e-16
245.75591591591595 	 7.3952480733324e-08 	 4.182138670877557e-16
246.25639639639644 	 7.372836881036589e-08 	 4.1483665399182e-16
246.75687687687693 	 7.350516740892436e-08 	 4.114935127726765e-16
247.2573573573574 	 7.328287099998414e-08 	 4.0818403147314925e-16
247.75783783783788 	 7.306147409920554e-08 	 4.0490780393778006e-16
248.25831831831837 	 7.28409712664737e-08 	 4.0166442971961e-16
248.75879879879884 	 7.26213571054539e-08 	 3.9845351398864754e-16
249.25927927927933 	 7.240262626315209e-08 	 3.952746674419819e-16
249.75975975975982 	 7.218477342948032e-08 	 3.9212750621551325e-16
250.26024024024028 	 7.196779333682817e-08 	 3.890116517972637e-16
250.76072072072077 	 7.175168075963844e-08 	 3.859267309422429e-16
251.26120120120126 	 7.153643051398875e-08 	 3.82872375588834e-16
251.76168168168172 	 7.132203745717724e-08 	 3.7984822277666656e-16
252.2621621621622 	 7.110849648731406e-08 	 3.7685391456595476e-16
252.76264264264267 	 7.089580254291711e-08 	 3.7388909795826696e-16
253.26312312312317 	 7.068395060251279e-08 	 3.7095342481869735e-16
253.76360360360366 	 7.047293568424161e-08 	 3.68046551799417e-16
254.26408408408412 	 7.026275284546819e-08 	 3.651681402645728e-16
254.7645645645646 	 7.005339718239605e-08 	 3.623178562165094e-16
255.2650450450451 	 6.984486382968677e-08 	 3.594953702232885e-16
255.76552552552556 	 6.963714796008393e-08 	 3.567003573474824e-16
256.266006006006 	 6.94302447840409e-08 	 3.539324970762094e-16
256.7664864864865 	 6.92241495493537e-08 	 3.511914732523986e-16
257.266966966967 	 6.901885754079753e-08 	 3.4847697400724833e-16
257.76744744744747 	 6.881436407976789e-08 	 3.4578869169386667e-16
258.26792792792793 	 6.861066452392571e-08 	 3.431263228220572e-16
258.76840840840845 	 6.840775426684653e-08 	 3.404895679942434e-16
259.2688888888889 	 6.820562873767417e-08 	 3.378781318425004e-16
259.7693693693694 	 6.800428340077782e-08 	 3.3529172296667054e-16
260.2698498498499 	 6.780371375541349e-08 	 3.3273005387355206e-16
260.77033033033035 	 6.76039153353892e-08 	 3.301928409171318e-16
261.2708108108108 	 6.74048837087339e-08 	 3.2767980423984226e-16
261.77129129129133 	 6.720661447737071e-08 	 3.2519066771483255e-16
262.2717717717718 	 6.700910327679306e-08 	 3.2272515888921956e-16
262.77225225225226 	 6.681234577574546e-08 	 3.2028300892831525e-16
263.2727327327328 	 6.661633767590689e-08 	 3.178639525607986e-16
263.77321321321324 	 6.642107471157906e-08 	 3.154677280248278e-16
264.2736936936937 	 6.622655264937691e-08 	 3.1309407701506095e-16
264.7741741741742 	 6.60327672879234e-08 	 3.107427446305774e-16
265.2746546546547 	 6.583971445754772e-08 	 3.0841347932368384e-16
265.77513513513514 	 6.564739001998653e-08 	 3.061060328495781e-16
266.2756156156156 	 6.545578986808912e-08 	 3.038201602168682e-16
266.7760960960961 	 6.526490992552503e-08 	 3.0155561963891885e-16
267.2765765765766 	 6.507474614649603e-08 	 2.9931217248601954e-16
267.77705705705705 	 6.488529451545067e-08 	 2.970895832383502e-16
268.27753753753757 	 6.469655104680183e-08 	 2.9488761943973612e-16
268.77801801801803 	 6.450851178464818e-08 	 2.927060516521774e-16
269.2784984984985 	 6.432117280249798e-08 	 2.9054465341112994e-16
269.778978978979 	 6.413453020299638e-08 	 2.884032011815369e-16
270.2794594594595 	 6.394858011765594e-08 	 2.8628147431458984e-16
270.77993993993994 	 6.376331870658925e-08 	 2.8417925500520027e-16
271.28042042042046 	 6.35787421582457e-08 	 2.8209632825018346e-16
271.7809009009009 	 6.339484668915018e-08 	 2.800324818071274e-16
272.2813813813814 	 6.321162854364541e-08 	 2.7798750615394175e-16
272.7818618618619 	 6.302908399363632e-08 	 2.7596119444907264e-16
273.28234234234236 	 6.284720933833798e-08 	 2.739533424923698e-16
273.7828228228228 	 6.266600090402588e-08 	 2.7196374868659614e-16
274.28330330330334 	 6.24854550437891e-08 	 2.6999221399956854e-16
274.7837837837838 	 6.2305568137286e-08 	 2.680385419269147e-16
275.28426426426427 	 6.212633659050288e-08 	 2.661025384554386e-16
275.7847447447448 	 6.194775683551494e-08 	 2.641840120270822e-16
276.28522522522525 	 6.176982533025e-08 	 2.6228277350347376e-16
276.7857057057057 	 6.159253855825479e-08 	 2.6039863613104766e-16
277.2861861861862 	 6.141589302846389e-08 	 2.5853141550673454e-16
277.7866666666667 	 6.123988527497072e-08 	 2.566809295441998e-16
278.28714714714715 	 6.106451185680162e-08 	 2.5484699844063167e-16
278.78762762762767 	 6.088976935769178e-08 	 2.5302944464406013e-16
279.28810810810813 	 6.071565438586415e-08 	 2.512280928212061e-16
279.7885885885886 	 6.054216357381017e-08 	 2.4944276982583984e-16
280.2890690690691 	 6.036929357807314e-08 	 2.476733046676516e-16
280.7895495495496 	 6.019704107903406e-08 	 2.459195284816194e-16
281.29003003003004 	 6.002540278069922e-08 	 2.4418127449786116e-16
281.79051051051056 	 5.985437541049092e-08 	 2.424583780119743e-16
282.290990990991 	 5.968395571903924e-08 	 2.4075067635583974e-16
282.7914714714715 	 5.9514140479977206e-08 	 2.3905800886889435e-16
283.291951951952 	 5.934492648973741e-08 	 2.3738021686985745e-16
283.79243243243246 	 5.917631056735098e-08 	 2.3571714362890377e-16
284.2929129129129 	 5.900828955424844e-08 	 2.340686343402758e-16
284.7933933933934 	 5.8840860314063464e-08 	 2.324345360953295e-16
285.2938738738739 	 5.867401973243748e-08 	 2.308146978560016e-16
285.79435435435437 	 5.850776471682745e-08 	 2.29208970428697e-16
286.29483483483483 	 5.8342092196314745e-08 	 2.2761720643858134e-16
286.79531531531535 	 5.8176999121416987e-08 	 2.260392603042811e-16
287.2957957957958 	 5.801248246390087e-08 	 2.244749882129746e-16
287.7962762762763 	 5.784853921659779e-08 	 2.2292424809587447e-16
288.2967567567568 	 5.7685166393220616e-08 	 2.213868996040893e-16
288.79723723723725 	 5.752236102818301e-08 	 2.1986280408486423e-16
289.2977177177177 	 5.736012017642027e-08 	 2.1835182455818569e-16
289.79819819819824 	 5.719844091321222e-08 	 2.1685382569375311e-16
290.2986786786787 	 5.703732033400777e-08 	 2.15368673788304e-16
290.79915915915916 	 5.6876755554251296e-08 	 2.1389623674328904e-16
291.2996396396397 	 5.671674370921096e-08 	 2.12436384042892e-16
291.80012012012014 	 5.6557281953808744e-08 	 2.1098898673238996e-16
292.3006006006006 	 5.6398367462452045e-08 	 2.0955391739684012e-16
292.8010810810811 	 5.623999742886721e-08 	 2.0813105014010017e-16
293.3015615615616 	 5.6082169065934834e-08 	 2.0672026056416565e-16
293.80204204204205 	 5.592487960552638e-08 	 2.0532142574882362e-16
294.30252252252257 	 5.5768126298342964e-08 	 2.03934424231618e-16
294.803003003003 	 5.5611906413755383e-08 	 2.0255913598811898e-16
295.3034834834835 	 5.545621723964575e-08 	 2.0119544241249188e-16
295.803963963964 	 5.530105608225125e-08 	 1.9984322629836338e-16
296.30444444444447 	 5.514642026600883e-08 	 1.9850237181997504e-16
296.80492492492493 	 5.499230713340193e-08 	 1.9717276451362246e-16
297.30540540540545 	 5.483871404480838e-08 	 1.958542912593756e-16
297.8058858858859 	 5.468563837835039e-08 	 1.9454684026307557e-16
298.3063663663664 	 5.453307752974535e-08 	 1.9325030103859896e-16
298.8068468468469 	 5.438102891215854e-08 	 1.919645643903918e-16
299.30732732732736 	 5.422948995605747e-08 	 1.9068952239626463e-16
299.8078078078078 	 5.407845810906719e-08 	 1.8942506839044524e-16
300.30828828828834 	 5.3965137717448806e-08 	 1.8816763189789937e-16
300.8087687687688 	 5.3875351445045325e-08 	 1.869184733764916e-16
301.30924924924926 	 5.3785863446105865e-08 	 1.8567966341056972e-16
301.8097297297298 	 5.369667223678113e-08 	 1.8445109929222632e-16
302.31021021021024 	 5.360777634304805e-08 	 1.8323267950084455e-16
302.8106906906907 	 5.351917430062855e-08 	 1.8202430368743725e-16
303.31117117117117 	 5.343086465490904e-08 	 1.808258726592195e-16
303.8116516516517 	 5.334284596086093e-08 	 1.796372883644088e-16
304.31213213213215 	 5.3255116782961794e-08 	 1.7845845387725108e-16
304.8126126126126 	 5.316767569511726e-08 	 1.7728927338326436e-16
305.31309309309313 	 5.308052128058381e-08 	 1.7612965216470269e-16
305.8135735735736 	 5.2993652131892254e-08 	 1.749794965862327e-16
306.31405405405405 	 5.2907066850771896e-08 	 1.738387140808189e-16
306.8145345345346 	 5.282076404807561e-08 	 1.7270721313581783e-16
307.31501501501504 	 5.273474234370547e-08 	 1.715849032792741e-16
307.8154954954955 	 5.264900036653922e-08 	 1.7047169506641667e-16
308.315975975976 	 5.256353675435743e-08 	 1.6936750006635253e-16
308.8164564564565 	 5.2478350153771315e-08 	 1.6827223084895348e-16
309.31693693693694 	 5.2393439220151356e-08 	 1.6718580097193334e-16
309.81741741741746 	 5.230880261755648e-08 	 1.6610812496811278e-16
310.3178978978979 	 5.2224439018664076e-08 	 1.6503911833286914e-16
310.8183783783784 	 5.2140347104700535e-08 	 1.6397869751176615e-16
311.3188588588589 	 5.205652556537254e-08 	 1.6292677988836352e-16
311.81933933933936 	 5.197297309879911e-08 	 1.6188328377220262e-16
312.3198198198198 	 5.188968841144404e-08 	 1.6084812838696274e-16
312.82030030030035 	 5.180667021804926e-08 	 1.5982123385878994e-16
313.3207807807808 	 5.1723917241568705e-08 	 1.5880252120479233e-16
313.82126126126127 	 5.164142821310277e-08 	 1.577919123216993e-16
314.3217417417418 	 5.1559201871833556e-08 	 1.5678932997468447e-16
314.82222222222225 	 5.147723696496052e-08 	 1.5579469778634688e-16
315.3227027027027 	 5.1395532247636947e-08 	 1.5480794022584976e-16
315.82318318318323 	 5.131408648290685e-08 	 1.5382898259821357e-16
316.3236636636637 	 5.12328984416426e-08 	 1.5285775103376176e-16
316.82414414414416 	 5.1151966902483095e-08 	 1.5189417247771527e-16
317.3246246246247 	 5.107129065177245e-08 	 1.5093817467993507e-16
317.82510510510514 	 5.0990868483499424e-08 	 1.499896861848098e-16
318.3255855855856 	 5.0910699199237235e-08 	 1.4904863632128524e-16
318.8260660660661 	 5.083078160808409e-08 	 1.481149551930358e-16
319.3265465465466 	 5.0751114526604214e-08 	 1.4718857366877303e-16
319.82702702702704 	 5.067169677876939e-08 	 1.4626942337269083e-16
320.32750750750756 	 5.059252719590111e-08 	 1.4535743667504435e-16
320.827987987988 	 5.051360461661333e-08 	 1.4445254668286222e-16
321.3284684684685 	 5.04349278867555e-08 	 1.4355468723078599e-16
321.82894894894895 	 5.0356495859356476e-08 	 1.4266379287204023e-16
322.32942942942947 	 5.027830739456871e-08 	 1.417797988695271e-16
322.82990990990993 	 5.0200361359613025e-08 	 1.4090264118704528e-16
323.3303903903904 	 5.0122656628723924e-08 	 1.4003225648063028e-16
323.8308708708709 	 5.004519208309539e-08 	 1.391685820900161e-16
324.3313513513514 	 4.996796661082721e-08 	 1.3831155603021444e-16
324.83183183183183 	 4.989097910687174e-08 	 1.374611169832101e-16
325.33231231231235 	 4.981422847298117e-08 	 1.3661720428977181e-16
325.8327927927928 	 4.973771361765544e-08 	 1.3577975794137626e-16
326.3332732732733 	 4.966143345609031e-08 	 1.3494871857224184e-16
326.8337537537538 	 4.958538691012621e-08 	 1.3412402745147326e-16
327.33423423423426 	 4.950957290819743e-08 	 1.3330562647531415e-16
327.8347147147147 	 4.9433990385281765e-08 	 1.324934581595047e-16
328.33519519519524 	 4.935863828285062e-08 	 1.316874656317445e-16
328.8356756756757 	 4.92835155488197e-08 	 1.308875926242594e-16
329.33615615615616 	 4.92086211374999e-08 	 1.3009378346646746e-16
329.8366366366367 	 4.913395400954889e-08 	 1.2930598307774741e-16
330.33711711711715 	 4.9059513131923003e-08 	 1.285241369603037e-16
330.8375975975976 	 4.8985297477829586e-08 	 1.2774819119212908e-16
331.3380780780781 	 4.891130602667977e-08 	 1.269780924200625e-16
331.8385585585586 	 4.883753776404178e-08 	 1.2621378785294208e-16
332.33903903903905 	 4.8763991681594455e-08 	 1.254552252548482e-16
332.83951951951957 	 4.8690666777081355e-08 	 1.2470235293844056e-16
333.34000000000003 	 4.86175620542653e-08 	 1.2395511975838375e-16
333.8404804804805 	 4.8544676522883105e-08 	 1.2321347510486057e-16
334.340960960961 	 4.847200919860099e-08 	 1.2247736889717443e-16
334.8414414414415 	 4.839955910297024e-08 	 1.2174675157743627e-16
335.34192192192194 	 4.832732526338326e-08 	 1.2102157410433626e-16
335.84240240240246 	 4.825530671303006e-08 	 1.2030178794699886e-16
336.3428828828829 	 4.8183502490855166e-08 	 1.1958734507892114e-16
336.8433633633634 	 4.811191164151478e-08 	 1.1887819797198963e-16
337.3438438438439 	 4.804053321533449e-08 	 1.1817429959057884e-16
337.84432432432436 	 4.796936626826728e-08 	 1.1747560338572836e-16
338.3448048048048 	 4.7898409861851826e-08 	 1.1678206328939523e-16
338.8452852852853 	 4.7827663063171345e-08 	 1.1609363370878511e-16
339.3457657657658 	 4.775712494481262e-08 	 1.1541026952075678e-16
339.84624624624627 	 4.768679458482557e-08 	 1.1473192606630153e-16
340.34672672672673 	 4.7616671066683006e-08 	 1.1405855914509483e-16
340.84720720720725 	 4.754675347924081e-08 	 1.1339012501012023e-16
341.3476876876877 	 4.747704091669858e-08 	 1.1272658036236447e-16
341.8481681681682 	 4.7407532478560354e-08 	 1.120678823455809e-16
342.3486486486487 	 4.733822726959598e-08 	 1.1141398854112348e-16
342.84912912912915 	 4.7269124399802606e-08 	 1.10764856962847e-16
343.3496096096096 	 4.7200222984366605e-08 	 1.101204460520751e-16
343.85009009009013 	 4.713152214362576e-08 	 1.0948071467263308e-16
344.3505705705706 	 4.706302100303194e-08 	 1.0884562210594674e-16
344.85105105105106 	 4.699471869311387e-08 	 1.0821512804620393e-16
345.3515315315316 	 4.692661434944042e-08 	 1.0758919259557973e-16
345.85201201201204 	 4.685870711258412e-08 	 1.0696777625952387e-16
346.3524924924925 	 4.679099612808497e-08 	 1.0635083994210825e-16
346.852972972973 	 4.672348054641466e-08 	 1.0573834494143608e-16
347.3534534534535 	 4.665615952294103e-08 	 1.0513025294510985e-16
347.85393393393394 	 4.658903221789279e-08 	 1.0452652602575722e-16
348.35441441441446 	 4.652209779632465e-08 	 1.0392712663661553e-16
348.8548948948949 	 4.645535542808276e-08 	 1.0333201760717361e-16
349.3553753753754 	 4.638880428777024e-08 	 1.0274116213886761e-16
349.8558558558559 	 4.632244355471328e-08 	 1.0215452380083444e-16
350.35633633633637 	 4.625627241292741e-08 	 1.0157206652571866e-16
350.85681681681683 	 4.619029005108395e-08 	 1.0099375460553273e-16
351.35729729729735 	 4.61244956624769e-08 	 1.0041955268757069e-16
351.8577777777778 	 4.605888844499013e-08 	 9.98494257703744e-17
352.3582582582583 	 4.599346760106472e-08 	 9.92833391997506e-17
352.8587387387388 	 4.592823233766661e-08 	 9.872125866483857e-17
353.35921921921926 	 4.586318186625464e-08 	 9.816315019422874e-17
353.8596996996997 	 4.5798315402748723e-08 	 9.760898015212969e-17
354.36018018018024 	 4.573363216749832e-08 	 9.705871523458398e-17
354.8606606606607 	 4.5669131385251306e-08 	 9.651232246573255e-17
355.36114114114116 	 4.560481228512287e-08 	 9.596976919412528e-17
355.8616216216217 	 4.554067410056485e-08 	 9.5431023089079e-17
356.36210210210214 	 4.547671606933536e-08 	 9.489605213708115e-17
356.8625825825826 	 4.541293743346846e-08 	 9.43648246382388e-17
357.36306306306307 	 4.534933743924432e-08 	 9.383730920277206e-17
357.8635435435436 	 4.528591533715946e-08 	 9.331347474755191e-17
358.36402402402405 	 4.522267038189739e-08 	 9.279329049268166e-17
358.8645045045045 	 4.515960183229928e-08 	 9.22767259581199e-17
359.364984984985 	 4.5096708951335145e-08 	 9.176375096034773e-17
359.8654654654655 	 4.5033991006075084e-08 	 9.125433560907603e-17
360.36594594594595 	 4.4971447267660757e-08 	 9.074845030399411e-17
360.8664264264265 	 4.4909077011277235e-08 	 9.02460657315596e-17
361.36690690690693 	 4.484687951612495e-08 	 8.974715286182741e-17
361.8673873873874 	 4.4784854065391936e-08 	 8.925168294531833e-17
362.3678678678679 	 4.4722999946226295e-08 	 8.875962750992686e-17
362.8683483483484 	 4.4661316449708916e-08 	 8.827095835786687e-17
363.36882882882884 	 4.459980287082631e-08 	 8.778564756265499e-17
363.86930930930936 	 4.453845850844385e-08 	 8.730366746613191e-17
364.3697897897898 	 4.447728266527907e-08 	 8.682499067551979e-17
364.8702702702703 	 4.441627464787525e-08 	 8.634959006051586e-17
365.3707507507508 	 4.435543376657523e-08 	 8.587743875042254e-17
365.87123123123126 	 4.429475933549545e-08 	 8.54085101313122e-17
366.3717117117117 	 4.423425067250009e-08 	 8.494277784322653e-17
366.87219219219224 	 4.4173907099175596e-08 	 8.448021577741075e-17
367.3726726726727 	 4.411372794080528e-08 	 8.402079807358161e-17
367.87315315315317 	 4.405371252634418e-08 	 8.356449911722822e-17
368.3736336336337 	 4.3993860188394115e-08 	 8.31112935369464e-17
368.87411411411415 	 4.393417026317896e-08 	 8.266115620180559e-17
369.3745945945946 	 4.3874642090520094e-08 	 8.221406221874686e-17
369.87507507507513 	 4.381527501381205e-08 	 8.176998693001383e-17
370.3755555555556 	 4.375606837999843e-08 	 8.132890591061409e-17
370.87603603603606 	 4.369702153954786e-08 	 8.08907949658108e-17
371.3765165165166 	 4.363813384643034e-08 	 8.045563012864628e-17
371.87699699699704 	 4.357940465809361e-08 	 8.002338765749382e-17
372.3774774774775 	 4.352083333543983e-08 	 7.959404403364009e-17
372.877957957958 	 4.346241924280234e-08 	 7.916757595889622e-17
373.3784384384385 	 4.340416174792273e-08 	 7.87439603532381e-17
373.87891891891894 	 4.3346060221927995e-08 	 7.832317435247448e-17
374.37939939939946 	 4.328811403930788e-08 	 7.790519530594332e-17
374.8798798798799 	 4.3230322577892484e-08 	 7.749000077423614e-17
375.3803603603604 	 4.317268521882997e-08 	 7.707756852694899e-17
375.88084084084085 	 4.3115201346564444e-08 	 7.666787654046043e-17
376.38132132132137 	 4.3057870348814096e-08 	 7.626090299573663e-17
376.8818018018018 	 4.300069161654946e-08 	 7.585662627616221e-17
377.3822822822823 	 4.294366454397178e-08 	 7.545502496539662e-17
377.8827627627628 	 4.288678852849167e-08 	 7.505607784525648e-17
378.38324324324327 	 4.283006297070791e-08 	 7.465976389362317e-17
378.88372372372373 	 4.2773487274386306e-08 	 7.426606228237469e-17
379.38420420420425 	 4.27170608464389e-08 	 7.387495237534261e-17
379.8846846846847 	 4.2660783096903184e-08 	 7.348641372629297e-17
380.3851651651652 	 4.260465343892155e-08 	 7.31004260769308e-17
380.8856456456457 	 4.254867128872087e-08 	 7.27169693549285e-17
381.38612612612616 	 4.249283606559233e-08 	 7.233602367197747e-17
381.8866066066066 	 4.2437147191871255e-08 	 7.195756932186254e-17
382.38708708708714 	 4.238160409291724e-08 	 7.158158677855884e-17
382.8875675675676 	 4.232620619709444e-08 	 7.120805669435186e-17
383.38804804804806 	 4.227095293575182e-08 	 7.083695989797819e-17
383.8885285285286 	 4.22158437432038e-08 	 7.046827739278914e-17
384.38900900900904 	 4.216087805671095e-08 	 7.010199035493577e-17
384.8894894894895 	 4.210605531646078e-08 	 6.973808013157421e-17
385.38996996997 	 4.205137496554879e-08 	 6.93765282390931e-17
385.8904504504505 	 4.199683644995957e-08 	 6.901731636136077e-17
386.39093093093095 	 4.194243921854812e-08 	 6.866042634799337e-17
386.89141141141147 	 4.188818272302126e-08 	 6.830584021264261e-17
387.39189189189193 	 4.183406641791924e-08 	 6.795354013130426e-17
387.8923723723724 	 4.178008976059742e-08 	 6.760350844064493e-17
388.3928528528529 	 4.1726252211208155e-08 	 6.72557276363495e-17
388.8933333333334 	 4.1672553232682814e-08 	 6.6910180371487e-17
389.39381381381384 	 4.161899229071389e-08 	 6.656684945489524e-17
389.89429429429435 	 4.156556885373727e-08 	 6.622571784958443e-17
390.3947747747748 	 4.151228239291473e-08 	 6.588676867115935e-17
390.8952552552553 	 4.1459132382116365e-08 	 6.554998518625885e-17
391.3957357357358 	 4.140611829790335e-08 	 6.521535081101402e-17
391.89621621621626 	 4.1353239619510765e-08 	 6.488284910952385e-17
392.3966966966967 	 4.1300495828830515e-08 	 6.455246379234848e-17
392.89717717717724 	 4.124788641039436e-08 	 6.422417871501891e-17
393.3976576576577 	 4.119541085135724e-08 	 6.389797787656526e-17
393.89813813813817 	 4.114306864148052e-08 	 6.35738454180601e-17
394.3986186186186 	 4.109085927311547e-08 	 6.325176562117978e-17
394.89909909909915 	 4.103878224118685e-08 	 6.293172290678115e-17
395.3995795795796 	 4.098683704317667e-08 	 6.261370183349529e-17
395.90006006006007 	 4.093502317910796e-08 	 6.22976870963365e-17
396.4005405405406 	 4.0883340151528787e-08 	 6.198366352532759e-17
396.90102102102105 	 4.083178746549626e-08 	 6.167161608414021e-17
397.4015015015015 	 4.078036462856083e-08 	 6.136152986875133e-17
397.90198198198203 	 4.072907115075051e-08 	 6.105339010611387e-17
398.4024624624625 	 4.0677906544555416e-08 	 6.07471821528436e-17
398.90294294294296 	 4.062687032491221e-08 	 6.044289149391949e-17
399.4034234234235 	 4.0575962009188845e-08 	 6.014050374139958e-17
399.90390390390394 	 4.0525181117169355e-08 	 5.984000463315136e-17
400.4043843843844 	 4.047452717103872e-08 	 5.954138003159564e-17
400.9048648648649 	 4.042399969536786e-08 	 5.924461592246511e-17
401.4053453453454 	 4.037359821709888e-08 	 5.894969841357692e-17
401.90582582582584 	 4.0323322265530125e-08 	 5.865661373361836e-17
402.40630630630636 	 4.0273171372301676e-08 	 5.836534823094656e-17
402.9067867867868 	 4.022314507138075e-08 	 5.807588837240167e-17
403.4072672672673 	 4.017324289904724e-08 	 5.778822074213299e-17
403.9077477477478 	 4.012346439387943e-08 	 5.75023320404382e-17
404.40822822822827 	 4.007380909673979e-08 	 5.721820908261578e-17
404.90870870870873 	 4.002427655076078e-08 	 5.693583879782963e-17
405.40918918918925 	 3.997486630133088e-08 	 5.665520822798693e-17
405.9096696696697 	 3.992557789608073e-08 	 5.637630452662802e-17
406.4101501501502 	 3.987641088486925e-08 	 5.609911495782847e-17
406.9106306306307 	 3.9827364819769974e-08 	 5.582362689511371e-17
407.41111111111115 	 3.977843925505745e-08 	 5.554982782038532e-17
407.9115915915916 	 3.972963374719371e-08 	 5.527770532285908e-17
408.41207207207214 	 3.968094785481489e-08 	 5.5007247098015035e-17
408.9125525525526 	 3.9632381138717943e-08 	 5.473844094655889e-17
409.41303303303306 	 3.9583933161847384e-08 	 5.447127477339473e-17
409.9135135135136 	 3.95356034892822e-08 	 5.4205736586609266e-17
410.41399399399404 	 3.948739168822288e-08 	 5.394181449646704e-17
410.9144744744745 	 3.9439297327978415e-08 	 5.367949671441649e-17
411.414954954955 	 3.939131997995352e-08 	 5.341877155210723e-17
411.9154354354355 	 3.934345921763591e-08 	 5.3159627420417866e-17
412.41591591591595 	 3.9295714616583656e-08 	 5.290205282849428e-17
412.9163963963964 	 3.924808575441261e-08 	 5.26460363827985e-17
413.4168768768769 	 3.920057221078396e-08 	 5.239156678616808e-17
413.9173573573574 	 3.915317356739191e-08 	 5.213863283688551e-17
414.41783783783785 	 3.910588940795133e-08 	 5.1887223427757584e-17
414.91831831831837 	 3.905871931818562e-08 	 5.163732754520511e-17
415.41879879879883 	 3.9011662885814626e-08 	 5.138893426836229e-17
415.9192792792793 	 3.896471970054256e-08 	 5.114203276818563e-17
416.4197597597598 	 3.891788935404611e-08 	 5.08966123065728e-17
416.9202402402403 	 3.887117143996266e-08 	 5.065266223549099e-17
417.42072072072074 	 3.882456555387842e-08 	 5.041017199611422e-17
417.92120120120126 	 3.877807129331684e-08 	 5.016913111797047e-17
418.4216816816817 	 3.873168825772705e-08 	 4.9929529218097775e-17
418.9221621621622 	 3.868541604847223e-08 	 4.9691356000209144e-17
419.4226426426427 	 3.863925426881833e-08 	 4.945460125386677e-17
419.92312312312316 	 3.8593202523922646e-08 	 4.921925485366505e-17
420.4236036036036 	 3.854726042082259e-08 	 4.89853067584219e-17
420.92408408408414 	 3.8501427568424517e-08 	 4.875274701037943e-17
421.4245645645646 	 3.8455703577492616e-08 	 4.852156573441253e-17
421.92504504504507 	 3.8410088060637904e-08 	 4.829175313724624e-17
422.4255255255256 	 3.836458063230726e-08 	 4.806329950668119e-17
422.92600600600605 	 3.831918090877261e-08 	 4.783619521082765e-17
423.4264864864865 	 3.827388850812007e-08 	 4.761043069734722e-17
423.92696696696703 	 3.8228703050239316e-08 	 4.7385996492703e-17
424.4274474474475 	 3.81836241568129e-08 	 4.716288320141753e-17
424.92792792792795 	 3.813865145130571e-08 	 4.69410815053385e-17
425.4284084084085 	 3.809378455895444e-08 	 4.672058216291225e-17
425.92888888888893 	 3.8049023106757296e-08 	 4.6501376008465245e-17
426.4293693693694 	 3.800436672346352e-08 	 4.62834539514926e-17
426.9298498498499 	 3.795981503956321e-08 	 4.606680697595448e-17
427.4303303303304 	 3.791536768727713e-08 	 4.585142613957986e-17
427.93081081081084 	 3.787102430054652e-08 	 4.563730257317734e-17
428.43129129129136 	 3.782678451502316e-08 	 4.542442747995363e-17
428.9317717717718 	 3.778264796805926e-08 	 4.521279213483879e-17
429.4322522522523 	 3.773861429869768e-08 	 4.500238788381866e-17
429.9327327327328 	 3.769468314766196e-08 	 4.479320614327437e-17
430.43321321321326 	 3.765085415734667e-08 	 4.4585238399328686e-17
430.9336936936937 	 3.7607126971807625e-08 	 4.4378476207199035e-17
431.4341741741742 	 3.756350123675229e-08 	 4.417291119055755e-17
431.9346546546547 	 3.751997659953018e-08 	 4.39685350408975e-17
432.43513513513517 	 3.7476552709123405e-08 	 4.376533951690663e-17
432.93561561561563 	 3.743322921613717e-08 	 4.3563316443846544e-17
433.43609609609615 	 3.739000577279046e-08 	 4.336245771293897e-17
433.9365765765766 	 3.7346882032906706e-08 	 4.316275528075826e-17
434.4370570570571 	 3.730385765190456e-08 	 4.296420116862997e-17
434.9375375375376 	 3.726093228678868e-08 	 4.2766787462035904e-17
435.43801801801806 	 3.7218105596140657e-08 	 4.2570506310025236e-17
435.9384984984985 	 3.717537724010997e-08 	 4.2375349924631696e-17
436.43897897897904 	 3.7132746880404925e-08 	 4.218131058029659e-17
436.9394594594595 	 3.709021418028383e-08 	 4.198838061329824e-17
437.43993993993996 	 3.704777880454603e-08 	 4.179655242118656e-17
437.9404204204205 	 3.7005440419523164e-08 	 4.160581846222417e-17
438.44090090090094 	 3.696319869307041e-08 	 4.141617125483282e-17
438.9413813813814 	 3.692105329455778e-08 	 4.122760337704551e-17
439.4418618618619 	 3.68790038948615e-08 	 4.10401074659643e-17
439.9423423423424 	 3.683705016635546e-08 	 4.0853676217223795e-17
440.44282282282285 	 3.6795191782902684e-08 	 4.066830238445981e-17
440.94330330330337 	 3.6753428419846884e-08 	 4.0483978778783604e-17
441.44378378378383 	 3.6711759754004084e-08 	 4.0300698268261597e-17
441.9442642642643 	 3.667018546365425e-08 	 4.0118453777400153e-17
442.4447447447448 	 3.662870522853303e-08 	 3.9937238286635664e-17
442.9452252252253 	 3.658731872982355e-08 	 3.975704483183e-17
443.44570570570573 	 3.6546025650148205e-08 	 3.9577866503770775e-17
443.94618618618625 	 3.6504825673560575e-08 	 3.939969644767688e-17
444.4466666666667 	 3.6463718485537355e-08 	 3.9222527862708994e-17
444.9471471471472 	 3.642270377297036e-08 	 3.9046354001484953e-17
445.4476276276277 	 3.638178122415855e-08 	 3.8871168169600054e-17
445.94810810810816 	 3.6340950528800186e-08 	 3.8696963725152345e-17
446.4485885885886 	 3.6300211377984924e-08 	 3.852373407827236e-17
446.94906906906914 	 3.625956346418607e-08 	 3.8351472690657946e-17
447.4495495495496 	 3.6219006481252824e-08 	 3.81801730751135e-17
447.95003003003006 	 3.6178540124402606e-08 	 3.8009828795094057e-17
448.4505105105105 	 3.613816409021339e-08 	 3.784043346425369e-17
448.95099099099104 	 3.609787807661616e-08 	 3.7671980745998664e-17
449.4514714714715 	 3.605768178288736e-08 	 3.7504464353044944e-17
449.95195195195197 	 3.6017574909641396e-08 	 3.733787804698017e-17
450.4524324324325 	 3.5977557158823224e-08 	 3.717221563782991e-17
450.95291291291295 	 3.593762823370097e-08 	 3.700747098362843e-17
451.4533933933934 	 3.589778783885858e-08 	 3.684363798999356e-17
451.95387387387393 	 3.5858035680188524e-08 	 3.6680710609705775e-17
452.4543543543544 	 3.581837146488461e-08 	 3.651868284229176e-17
452.95483483483486 	 3.5778794901434716e-08 	 3.63575487336116e-17
453.4553153153154 	 3.573930569961374e-08 	 3.61973023754506e-17
453.95579579579584 	 3.569990357047642e-08 	 3.603793790511474e-17
454.4562762762763 	 3.5660588226350337e-08 	 3.587944950503036e-17
454.9567567567568 	 3.562135938082891e-08 	 3.5721831402347734e-17
455.4572372372373 	 3.558221674876442e-08 	 3.5565077868548545e-17
455.95771771771774 	 3.554316004626113e-08 	 3.540918321905721e-17
456.45819819819826 	 3.550418899066838e-08 	 3.525414181285612e-17
456.9586786786787 	 3.546530330057382e-08 	 3.509994805210463e-17
457.4591591591592 	 3.5426502695796595e-08 	 3.4946596381761695e-17
457.9596396396397 	 3.538778689738062e-08 	 3.4794081289212364e-17
458.46012012012017 	 3.5349155627587953e-08 	 3.464239730389789e-17
458.9606006006006 	 3.531060860989205e-08 	 3.4491538996949345e-17
459.46108108108115 	 3.527214556897125e-08 	 3.434150098082501e-17
459.9615615615616 	 3.523376623070219e-08 	 3.419227790895118e-17
460.46204204204207 	 3.5195470322153294e-08 	 3.404386447536655e-17
460.9625225225226 	 3.515725757157832e-08 	 3.389625541436997e-17
461.46300300300305 	 3.511912770840988e-08 	 3.37494455001718e-17
461.9634834834835 	 3.508108046325313e-08 	 3.360342954654842e-17
462.46396396396403 	 3.5043115567879374e-08 	 3.3458202406500405e-17
462.9644444444445 	 3.500523275521978e-08 	 3.3313758971913734e-17
463.46492492492496 	 3.496743175935909e-08 	 3.317009417322442e-17
463.9654054054055 	 3.492971231552943e-08 	 3.30272029790864e-17
464.46588588588594 	 3.489207416010413e-08 	 3.288508039604264e-17
464.9663663663664 	 3.4854517030591566e-08 	 3.274372146819934e-17
465.4668468468469 	 3.481704066562905e-08 	 3.26031212769034e-17
465.9673273273274 	 3.477964480497678e-08 	 3.2463274940422886e-17
466.46780780780784 	 3.4742329189511826e-08 	 3.23241776136307e-17
466.9682882882883 	 3.470509356122213e-08 	 3.218582448769117e-17
467.4687687687688 	 3.466793766320056e-08 	 3.204821078974973e-17
467.9692492492493 	 3.4630861239639014e-08 	 3.191133178262566e-17
468.46972972972975 	 3.459386403582252e-08 	 3.1775182764507465e-17
468.97021021021027 	 3.455694579812345e-08 	 3.1639759068651625e-17
469.47069069069073 	 3.452010627399567e-08 	 3.1505056063083903e-17
469.9711711711712 	 3.448334521196884e-08 	 3.1371069150303575e-17
470.4716516516517 	 3.444666236164264e-08 	 3.123779376699055e-17
470.9721321321322 	 3.44100574736811e-08 	 3.1105225383715255e-17
471.47261261261264 	 3.437353029980697e-08 	 3.097335950465131e-17
471.97309309309315 	 3.43370805927961e-08 	 3.0842191667290877e-17
472.4735735735736 	 3.430070810647184e-08 	 3.071171744216281e-17
472.9740540540541 	 3.426441259569952e-08 	 3.058193243255338e-17
473.4745345345346 	 3.422819381638093e-08 	 3.04528322742297e-17
473.97501501501506 	 3.419205152544887e-08 	 3.032441263516588e-17
474.4754954954955 	 3.415598548086168e-08 	 3.019666921527161e-17
474.97597597597604 	 3.411999544159785e-08 	 3.006959774612332e-17
475.4764564564565 	 3.40840811676507e-08 	 2.994319399069811e-17
475.97693693693697 	 3.4048242420022925e-08 	 2.9817453743109823e-17
476.4774174174175 	 3.401247896072143e-08 	 2.969237282834801e-17
476.97789789789795 	 3.3976790552751976e-08 	 2.956794710201904e-17
477.4783783783784 	 3.3941176960113966e-08 	 2.9444172450089786e-17
477.9788588588589 	 3.390563794779525e-08 	 2.9321044788633753e-17
478.4793393393394 	 3.387017328176695e-08 	 2.9198560063579495e-17
478.97981981981985 	 3.3834782728978334e-08 	 2.9076714250461514e-17
479.48030030030037 	 3.379946605735169e-08 	 2.895550335417328e-17
479.98078078078083 	 3.376422303577726e-08 	 2.8834923408722914e-17
480.4812612612613 	 3.372905343410823e-08 	 2.8714970476990805e-17
480.9817417417418 	 3.3693957023155644e-08 	 2.8595640650489644e-17
481.4822222222223 	 3.365893357468353e-08 	 2.847693004912682e-17
481.98270270270274 	 3.362398286140387e-08 	 2.835883482096883e-17
482.48318318318326 	 3.358910465697171e-08 	 2.824135114200791e-17
482.9836636636637 	 3.355429873598028e-08 	 2.812447521593098e-17
483.4841441441442 	 3.3519564873956126e-08 	 2.8008203273890675e-17
483.9846246246247 	 3.34849028473543e-08 	 2.789253157427839e-17
484.48510510510516 	 3.345031243355355e-08 	 2.7777456402499583e-17
484.9855855855856 	 3.341579341085156e-08 	 2.7662974070751137e-17
485.4860660660661 	 3.338134555846021e-08 	 2.754908091780063e-17
485.9865465465466 	 3.334696865650088e-08 	 2.7435773308767877e-17
486.48702702702707 	 3.331266248599976e-08 	 2.7323047634908415e-17
486.98750750750753 	 3.32784268288832e-08 	 2.7210900313398797e-17
487.48798798798805 	 3.324426146797308e-08 	 2.7099327787124144e-17
487.9884684684685 	 3.321016618698226e-08 	 2.6988326524467556e-17
488.488948948949 	 3.317614077050998e-08 	 2.6877893019101394e-17
488.9894294294295 	 3.31421850040373e-08 	 2.6768023789780422e-17
489.48990990990995 	 3.3108298673922663e-08 	 2.6658715380137235e-17
489.9903903903904 	 3.307448156739735e-08 	 2.6549964358478992e-17
490.49087087087094 	 3.304073347256103e-08 	 2.6441767317586458e-17
490.9913513513514 	 3.300705417837741e-08 	 2.6334120874514802e-17
491.49183183183186 	 3.2973443474669745e-08 	 2.622702167039595e-17
491.9923123123124 	 3.293990115211649e-08 	 2.6120466370243105e-17
492.49279279279284 	 3.2906427002247e-08 	 2.601445166275687e-17
492.9932732732733 	 3.287302081743715e-08 	 2.5908974260133133e-17
493.4937537537538 	 3.2839682390905076e-08 	 2.5804030897872706e-17
493.9942342342343 	 3.280641151670692e-08 	 2.569961833459282e-17
494.49471471471475 	 3.277320798973253e-08 	 2.5595733351840158e-17
494.99519519519527 	 3.274007160570132e-08 	 2.5492372753905643e-17
495.4956756756757 	 3.2707002161158054e-08 	 2.5389533367641084e-17
495.9961561561562 	 3.2673999453468646e-08 	 2.528721204227715e-17
496.4966366366367 	 3.2641063280816057e-08 	 2.5185405649243277e-17
496.99711711711717 	 3.260819344219619e-08 	 2.5084111081989084e-17
497.49759759759763 	 3.257538973741379e-08 	 2.498332525580744e-17
497.99807807807815 	 3.254265196707833e-08 	 2.4883045107659028e-17
498.4985585585586 	 3.2509979932600065e-08 	 2.478326759599873e-17
498.9990390390391 	 3.247737343618593e-08 	 2.468398970060324e-17
499.4995195195196 	 3.244483228083563e-08 	 2.458520842240058e-17
500.0 	 3.241235627033759e-08 	 2.448692078330088e-17
