3.5233633633633636 	 7.821412764941915e-06 	 2.386588088192523e-09
4.023843843843844 	 5.9698555243356125e-06 	 1.4157223951511567e-09
4.524324324324325 	 4.455398611507928e-06 	 8.8508685862565e-10
5.0248048048048055 	 3.2545393618319874e-06 	 5.811950909828437e-10
5.525285285285285 	 2.4048599713793727e-06 	 3.911225620732497e-10
6.025765765765766 	 1.6930110968922865e-06 	 2.7192602665390817e-10
6.526246246246247 	 1.435351722953739e-06 	 1.9300989704693958e-10
7.026726726726727 	 1.2115926914981117e-06 	 1.4004471420881845e-10
7.527207207207208 	 1.1218578514429628e-06 	 1.0255928813227346e-10
8.027687687687688 	 1.0481043630442139e-06 	 7.615899901756373e-11
8.528168168168168 	 1.1133100847997816e-06 	 5.585491671544098e-11
9.02864864864865 	 1.2217879542462344e-06 	 4.100862094646161e-11
9.52912912912913 	 1.9970341814615613e-06 	 2.7471624229316697e-11
10.029609609609611 	 3.6591289223451104e-06 	 1.6114776146024382e-11
10.530090090090091 	 1.5490101754746345e-05 	 1.353775475765988e-11
11.030570570570571 	 3.140608676208676e-05 	 2.566942241163769e-11
11.531051051051053 	 2.548322538528959e-05 	 4.2689085180304505e-11
12.031531531531533 	 1.5046045755293425e-05 	 3.973861242126849e-11
12.532012012012013 	 8.286713529419997e-06 	 2.8400695940147513e-11
13.032492492492494 	 4.831882303046181e-06 	 2.353563718010608e-11
13.532972972972974 	 3.849135007681197e-06 	 1.8627157611405827e-11
14.033453453453454 	 2.2991588774102064e-06 	 1.5066937243795674e-11
14.533933933933936 	 1.9211565315978396e-06 	 1.2592365063412855e-11
15.034414414414416 	 1.4674393523301503e-06 	 1.055216840653468e-11
15.534894894894897 	 1.3441560028298198e-06 	 9.038111266212833e-12
16.035375375375377 	 1.2118120632781527e-06 	 7.763962833334964e-12
16.535855855855857 	 1.104357213484957e-06 	 6.758641650646095e-12
17.036336336336337 	 1.0011358325767888e-06 	 5.9048200565976175e-12
17.53681681681682 	 9.771031975776826e-07 	 5.219419292687824e-12
18.0372972972973 	 9.550884052750476e-07 	 4.628975071579521e-12
18.53777777777778 	 9.442825603437843e-07 	 4.131115136801829e-12
19.03825825825826 	 9.32308409034556e-07 	 3.697439385374315e-12
19.53873873873874 	 8.974611917355633e-07 	 3.319243890507898e-12
20.039219219219223 	 8.644689876794813e-07 	 2.9879261640889235e-12
20.539699699699703 	 8.37723344129339e-07 	 2.7016839928079006e-12
21.040180180180183 	 8.121760169030315e-07 	 2.448646033429659e-12
21.540660660660663 	 7.877427636344397e-07 	 2.2243119655981393e-12
22.041141141141143 	 7.643469870600387e-07 	 2.024875913057801e-12
22.541621621621623 	 7.419188862679728e-07 	 1.847106771600248e-12
23.042102102102106 	 7.203947185574425e-07 	 1.6882512286887666e-12
23.542582582582586 	 6.997161554485463e-07 	 1.5459547955624331e-12
24.043063063063066 	 6.798297191236955e-07 	 1.4181972120618673e-12
24.543543543543546 	 6.606862878197755e-07 	 1.3032393770439502e-12
25.044024024024026 	 6.423887199984903e-07 	 1.1997607198906776e-12
25.54450450450451 	 6.262789675833268e-07 	 1.1079918338515984e-12
26.04498498498499 	 6.107812308877717e-07 	 1.024814931931787e-12
26.54546546546547 	 5.958608863580742e-07 	 9.492834370850136e-13
27.04594594594595 	 5.814858732577174e-07 	 8.805701678150841e-13
27.54642642642643 	 5.676264608532336e-07 	 8.179504386808058e-13
28.04690690690691 	 5.542550405266094e-07 	 7.607878042087297e-13
28.547387387387392 	 5.41345939755269e-07 	 7.085219947434324e-13
29.047867867867872 	 5.288752553222507e-07 	 6.606586761432499e-13
29.548348348348352 	 5.168207034765832e-07 	 6.167607320892116e-13
30.04882882882883 	 5.052357374361671e-07 	 5.764677604040876e-13
30.54930930930931 	 4.94703641051541e-07 	 5.396387005095905e-13
31.049789789789795 	 4.845119409215753e-07 	 5.057053654606378e-13
31.550270270270275 	 4.7464443891138064e-07 	 4.74398744997377e-13
32.05075075075076 	 4.650859486363057e-07 	 4.454785409079722e-13
32.55123123123124 	 4.558222176828122e-07 	 4.187297173721448e-13
33.05171171171172 	 4.468398568959032e-07 	 3.9395951066746586e-13
33.5521921921922 	 4.3812627599524715e-07 	 3.7099483126526395e-13
34.05267267267268 	 4.296696248688914e-07 	 3.496800019291222e-13
34.55315315315316 	 4.214587399689185e-07 	 3.298747842155649e-13
35.053633633633645 	 4.134830952991381e-07 	 3.114526530904038e-13
35.55411411411412 	 4.0573275754233573e-07 	 2.942992854790678e-13
36.054594594594604 	 3.9819834492484005e-07 	 2.7831123367864717e-13
36.55507507507508 	 3.908709894602377e-07 	 2.633947588468048e-13
37.055555555555564 	 3.8374230225275316e-07 	 2.4946480338950577e-13
37.55603603603605 	 3.768043415748853e-07 	 2.364440841112295e-13
38.056516516516524 	 3.700495834638985e-07 	 2.24262290562592e-13
38.55699699699701 	 3.6347089460831744e-07 	 2.1285537519898972e-13
39.057477477477484 	 3.570615073189976e-07 	 2.0216492381403973e-13
39.55795795795797 	 3.508149964001735e-07 	 1.9213759628628737e-13
40.05843843843845 	 3.4472525775431046e-07 	 1.8272462902072445e-13
40.55891891891893 	 3.387864885709991e-07 	 1.7388139161459302e-13
41.05939939939941 	 3.329931689647387e-07 	 1.6556699126008071e-13
41.55987987987989 	 3.273400449394693e-07 	 1.5774391924017785e-13
42.06036036036037 	 3.21822112569346e-07 	 1.5037773459933413e-13
42.56084084084085 	 3.1643460329563795e-07 	 1.434367806953971e-13
43.06132132132133 	 3.1117297024895143e-07 	 1.3689193087855242e-13
43.56180180180181 	 3.0603287551430945e-07 	 1.3071636000916924e-13
44.06228228228229 	 3.0101017826413577e-07 	 1.2488533893020585e-13
44.56276276276277 	 2.9610092369089383e-07 	 1.1937604936008142e-13
45.06324324324325 	 2.913013326772293e-07 	 1.1416741697629117e-13
45.56372372372373 	 2.866077921469003e-07 	 1.0923996072495875e-13
46.064204204204216 	 2.8201684604472215e-07 	 1.0457565662246344e-13
46.56468468468469 	 2.7752518689820134e-07 	 1.0015781451693352e-13
47.065165165165176 	 2.7312964791755797e-07 	 9.597096645372156e-14
47.56564564564565 	 2.6882719559448843e-07 	 9.200076544340833e-14
48.066126126126136 	 2.646149227633079e-07 	 8.823389356630956e-14
48.56660660660662 	 2.6049004209112774e-07 	 8.465797846641216e-14
49.067087087087096 	 2.5644987996642873e-07 	 8.126151739227996e-14
49.56756756756758 	 2.524918707578765e-07 	 7.803380803460263e-14
50.068048048048055 	 2.4870104481599403e-07 	 7.496583789270241e-14
50.56852852852854 	 2.455363114797066e-07 	 7.205310257069583e-14
51.06900900900902 	 2.424341564628862e-07 	 6.928067873400621e-14
51.5694894894895 	 2.393927574707217e-07 	 6.664052708194717e-14
52.06996996996998 	 2.364103622698713e-07 	 6.412514083665482e-14
52.57045045045046 	 2.334852853534724e-07 	 6.172750579779092e-14
53.07093093093094 	 2.306159047948511e-07 	 5.944106373734712e-14
53.571411411411425 	 2.2780065927759564e-07 	 5.725967882705621e-14
54.0718918918919 	 2.250380452905628e-07 	 5.517760682177053e-14
54.572372372372385 	 2.2232661447723306e-07 	 5.318946674968029e-14
55.07285285285286 	 2.1966497112959072e-07 	 5.1290214884794136e-14
55.573333333333345 	 2.1705176981742521e-07 	 4.9475120799042956e-14
56.07381381381382 	 2.144857131445858e-07 	 4.773974531098348e-14
56.574294294294305 	 2.1196554962433264e-07 	 4.607992016564543e-14
57.07477477477479 	 2.094900716664708e-07 	 4.4491729295806285e-14
57.575255255255264 	 2.070581136694688e-07 	 4.297149152910073e-14
58.07573573573575 	 2.0466855021122572e-07 	 4.15157446180502e-14
58.576216216216224 	 2.0232029433258654e-07 	 4.012123048149931e-14
59.07669669669671 	 2.0001229590810957e-07 	 3.878488155619745e-14
59.57717717717719 	 1.9774354009895065e-07 	 3.750380816650016e-14
60.07765765765767 	 1.9551304588307715e-07 	 3.6275286828486563e-14
60.57813813813815 	 1.9331986465834066e-07 	 3.509674941229899e-14
61.07861861861863 	 1.911630789142289e-07 	 3.3965773093289873e-14
61.57909909909911 	 1.8904180096838772e-07 	 3.28800710286873e-14
62.079579579579594 	 1.869551717642608e-07 	 3.1837483702033975e-14
62.58006006006007 	 1.8490235972642377e-07 	 3.0835970882668745e-14
63.080540540540554 	 1.8288255967040874e-07 	 2.987360415206534e-14
63.58102102102103 	 1.808949917640168e-07 	 2.894855995296415e-14
64.0815015015015 	 1.7893890053730462e-07 	 2.8059113120971127e-14
64.58198198198198 	 1.7701355393860308e-07 	 2.72036308616943e-14
65.08246246246247 	 1.7511824243409144e-07 	 2.638056713957393e-14
65.58294294294295 	 1.7325227814859988e-07 	 2.5588457447369584e-14
66.08342342342343 	 1.7141499404545338e-07 	 2.4825913927821878e-14
66.5839039039039 	 1.696057431433057e-07 	 2.4091620821334355e-14
67.08438438438439 	 1.6782389776802982e-07 	 2.3384330215641134e-14
67.58486486486487 	 1.6606884883784646e-07 	 2.27028580753614e-14
68.08534534534535 	 1.6434000517998272e-07 	 2.2046080531108175e-14
68.58582582582584 	 1.626367928772504e-07 	 2.141293040943169e-14
69.08630630630631 	 1.6095865464302323e-07 	 2.080239398635222e-14
69.58678678678679 	 1.5930504922318826e-07 	 2.0213507948586593e-14
70.08726726726728 	 1.5770072440562258e-07 	 1.9645272643111942e-14
70.58774774774776 	 1.562382650570465e-07 	 1.909651953738779e-14
71.08822822822823 	 1.5479662224376177e-07 	 1.8566827506796362e-14
71.58870870870871 	 1.533753592543086e-07 	 1.8055406829307837e-14
72.0891891891892 	 1.5197405150479107e-07 	 1.7561505712272754e-14
72.58966966966968 	 1.505922861208007e-07 	 1.7084408224029552e-14
73.09015015015015 	 1.4922966153651555e-07 	 1.6623432351572602e-14
73.59063063063064 	 1.4788578711015907e-07 	 1.6177928175800708e-14
74.09111111111112 	 1.4656028275504438e-07 	 1.574727615648898e-14
74.5915915915916 	 1.4525277858547187e-07 	 1.5330885519700988e-14
75.09207207207209 	 1.4396291457678614e-07 	 1.492819274088625e-14
75.59255255255256 	 1.426903402389381e-07 	 1.4538660117395016e-14
76.09303303303304 	 1.4143471430292925e-07 	 1.416177442459124e-14
76.59351351351351 	 1.4019570441954816e-07 	 1.3797045650158023e-14
77.093993993994 	 1.3897298686984292e-07 	 1.3444005801572576e-14
77.59447447447448 	 1.3776624628679658e-07 	 1.310220778207992e-14
78.09495495495496 	 1.3657517538770648e-07 	 1.2771224330820684e-14
78.59543543543545 	 1.3539947471678647e-07 	 1.2450647023069538e-14
79.09591591591592 	 1.3423885239754338e-07 	 1.2140085326819595e-14
79.5963963963964 	 1.330930238944928e-07 	 1.1839165712205516e-14
80.09687687687689 	 1.319617117838115e-07 	 1.1547530810497195e-14
80.59735735735737 	 1.308446455325321e-07 	 1.1264838619616436e-14
81.09783783783784 	 1.297415612859155e-07 	 1.0990761753334315e-14
81.59831831831832 	 1.2865220166264657e-07 	 1.0724986731496408e-14
82.09879879879881 	 1.2757631555752255e-07 	 1.0467213308799707e-14
82.59927927927929 	 1.2651365795131357e-07 	 1.021715383980794e-14
83.09975975975976 	 1.2546398972749402e-07 	 9.974532678044147e-15
83.60024024024025 	 1.244270774955575e-07 	 9.739085607140413e-15
84.10072072072073 	 1.2340269342064022e-07 	 9.510559302155154e-15
84.6012012012012 	 1.2239061505919133e-07 	 9.288710819290645e-15
85.10168168168168 	 1.2139062520044224e-07 	 9.073307112356446e-15
85.60216216216217 	 1.2040251171343732e-07 	 8.86412457442997e-15
86.10264264264265 	 1.1942606739939864e-07 	 8.66094860326333e-15
86.60312312312313 	 1.1846108984921133e-07 	 8.4635731890771e-15
87.10360360360362 	 1.1750738130582016e-07 	 8.27180052346675e-15
87.60408408408409 	 1.1656474853134431e-07 	 8.08544062822686e-15
88.10456456456457 	 1.1563300267872094e-07 	 7.904311002972131e-15
88.60504504504506 	 1.147119591676989e-07 	 7.728236290503269e-15
89.10552552552554 	 1.1380143756501078e-07 	 7.557047958930228e-15
89.60600600600601 	 1.1290126146856194e-07 	 7.390583999625485e-15
90.10648648648649 	 1.120112583954777e-07 	 7.228688640135928e-15
90.60696696696698 	 1.1113125967386196e-07 	 7.071212071234829e-15
91.10744744744746 	 1.1026110033812268e-07 	 6.9180101873439035e-15
91.60792792792793 	 1.0940061902772908e-07 	 6.768944339601747e-15
92.10840840840842 	 1.0854965788926869e-07 	 6.6238811008975475e-15
92.6088888888889 	 1.0770806248168186e-07 	 6.4826920422292626e-15
93.10936936936938 	 1.0687568168455041e-07 	 6.345253519782841e-15
93.60984984984987 	 1.060523676093302e-07 	 6.211446472164479e-15
94.11033033033034 	 1.0523797551341508e-07 	 6.081156227250632e-15
94.61081081081082 	 1.0443236371692813e-07 	 5.9542723181514165e-15
95.1112912912913 	 1.0363539352214127e-07 	 5.8306883078122114e-15
95.61177177177179 	 1.0284692913542405e-07 	 5.7103016218049566e-15
96.11225225225226 	 1.0206683759163262e-07 	 5.593013388886629e-15
96.61273273273274 	 1.0129498868084726e-07 	 5.47872828892577e-15
97.11321321321323 	 1.0053125487737663e-07 	 5.3673544078207835e-15
97.6136936936937 	 9.977551127094529e-08 	 5.258803099054431e-15
98.11417417417418 	 9.902763549998742e-08 	 5.152988851548998e-15
98.61465465465466 	 9.828750768697211e-08 	 5.0498291635050175e-15
99.11513513513515 	 9.755501037568754e-08 	 4.949244421923926e-15
99.61561561561562 	 9.6830028470416e-08 	 4.851157787531581e-15
100.1160960960961 	 9.612551102135069e-08 	 4.755453942420406e-15
100.61657657657659 	 9.547114413920643e-08 	 4.661970528249654e-15
101.11705705705707 	 9.482333781191326e-08 	 4.570777114751932e-15
101.61753753753754 	 9.418199507249658e-08 	 4.4818066539862995e-15
102.11801801801803 	 9.354702085493278e-08 	 4.394994378302736e-15
102.61849849849851 	 9.291832194779269e-08 	 4.3102777121113e-15
103.11897897897899 	 9.229580694923642e-08 	 4.22759618747433e-15
103.61945945945946 	 9.167938622331181e-08 	 4.1468913633383556e-15
104.11993993993995 	 9.106897185751348e-08 	 4.068106748232181e-15
104.62042042042043 	 9.046447762155962e-08 	 3.991187726266637e-15
105.1209009009009 	 8.986581892734692e-08 	 3.916081486279985e-15
105.6213813813814 	 8.927291279004356e-08 	 3.842736953981136e-15
106.12186186186187 	 8.86856777902836e-08 	 3.771104726950355e-15
106.62234234234235 	 8.810403403742566e-08 	 3.701137012364346e-15
107.12282282282284 	 8.752790313384152e-08 	 3.632787567319422e-15
107.62330330330332 	 8.695720814020185e-08 	 3.566011641632907e-15
108.1237837837838 	 8.639187354172521e-08 	 3.5007659230088293e-15
108.62426426426427 	 8.583182521536035e-08 	 3.437008484459896e-15
109.12474474474476 	 8.527699039787172e-08 	 3.3746987338829824e-15
109.62522522522524 	 8.47272976547993e-08 	 3.313797365690624e-15
110.12570570570571 	 8.418267685026423e-08 	 3.254266314405673e-15
110.6261861861862 	 8.364305911759487e-08 	 3.196068710131078e-15
111.12666666666668 	 8.310837683074602e-08 	 3.1391688358109087e-15
111.62714714714716 	 8.25785635764872e-08 	 3.083532086202884e-15
112.12762762762763 	 8.20535541273355e-08 	 3.0291249284866186e-15
112.62810810810812 	 8.153328441521079e-08 	 2.9759148644354503e-15
113.1285885885886 	 8.101769150578907e-08 	 2.923870394083104e-15
113.62906906906908 	 8.050671357353497e-08 	 2.872960980819935e-15
114.12954954954957 	 8.000028987739019e-08 	 2.8231570178564196e-15
114.63003003003004 	 7.949836073709884e-08 	 2.774429795994697e-15
115.13051051051052 	 7.900086751015085e-08 	 2.726751472651698e-15
115.63099099099101 	 7.850775256932371e-08 	 2.680095042080047e-15
116.13147147147149 	 7.80189592808051e-08 	 2.6344343067355367e-15
116.63195195195196 	 7.753443198287856e-08 	 2.589743849742281e-15
117.13243243243244 	 7.705411596515582e-08 	 2.545999008408999e-15
117.63291291291293 	 7.657795744833949e-08 	 2.503175848752053e-15
118.1333933933934 	 7.61059035644994e-08 	 2.4612511409828194e-15
118.63387387387388 	 7.563790233784929e-08 	 2.420202335919081e-15
119.13435435435437 	 7.517390266600681e-08 	 2.3800075422818246e-15
119.63483483483485 	 7.471385430172472e-08 	 2.3406455048407013e-15
120.13531531531532 	 7.425770783507918e-08 	 2.302095583373061e-15
120.63579579579581 	 7.380541467609962e-08 	 2.264337732402955e-15
121.13627627627629 	 7.335692703783136e-08 	 2.2273524816882366e-15
121.63675675675677 	 7.291219791981478e-08 	 2.1911209174250533e-15
122.13723723723724 	 7.247118109197139e-08 	 2.1556246641406513e-15
122.63771771771773 	 7.203383107888462e-08 	 2.120845867246535e-15
123.13819819819821 	 7.160010314446321e-08 	 2.086767176225323e-15
123.63867867867869 	 7.116995327697781e-08 	 2.0533717284258586e-15
124.13915915915918 	 7.07433381744593e-08 	 2.0206431334421838e-15
124.63963963963965 	 7.032021523044845e-08 	 1.9885654580531235e-15
125.14012012012013 	 6.990054252008858e-08 	 1.957123211700183e-15
125.64060060060062 	 6.948427878654947e-08 	 1.926301332482469e-15
126.1410810810811 	 6.907138342777513e-08 	 1.8960851736482715e-15
126.64156156156157 	 6.86618164835457e-08 	 1.8664604905637952e-15
127.14204204204205 	 6.825553862284486e-08 	 1.8374134281403734e-15
127.64252252252254 	 6.785251113152429e-08 	 1.8089305087023442e-15
128.14300300300303 	 6.745269590025758e-08 	 1.7809986202784567e-15
128.64348348348352 	 6.705605541277485e-08 	 1.753605005300445e-15
129.14396396396398 	 6.666255273437142e-08 	 1.726737249693118e-15
129.64444444444447 	 6.627215150068219e-08 	 1.7003832723409176e-15
130.14492492492496 	 6.588481590671542e-08 	 1.674531314916593e-15
130.64540540540543 	 6.550051069613835e-08 	 1.649169932058183e-15
131.14588588588592 	 6.511920115080826e-08 	 1.6242879818811262e-15
131.6463663663664 	 6.4740853080542e-08 	 1.5998746168128129e-15
132.14684684684687 	 6.436543281311882e-08 	 1.5759192747374806e-15
132.64732732732736 	 6.399290718450832e-08 	 1.5524116704397817e-15
133.14780780780782 	 6.362324352931992e-08 	 1.5293417873359063e-15
133.6482882882883 	 6.325640967146624e-08 	 1.5066998694815236e-15
134.1487687687688 	 6.289237391503562e-08 	 1.4844764138463192e-15
134.64924924924927 	 6.253110503536842e-08 	 1.462662162845251e-15
135.14972972972976 	 6.21725722703312e-08 	 1.4412480971170856e-15
135.65021021021025 	 6.181674531178436e-08 	 1.4202254285411675e-15
136.1506906906907 	 6.146359429723828e-08 	 1.3995855934837075e-15
136.6511711711712 	 6.111308980169156e-08 	 1.379320246265202e-15
137.1516516516517 	 6.076520282964963e-08 	 1.3594212528410471e-15
137.65213213213215 	 6.041990480731633e-08 	 1.339880684687564e-15
138.15261261261264 	 6.00771675749557e-08 	 1.3206908128860802e-15
138.65309309309313 	 5.973696337941875e-08 	 1.3018441023979543e-15
139.1535735735736 	 5.939926486683219e-08 	 1.2833332065237309e-15
139.6540540540541 	 5.90640450754434e-08 	 1.2651509615398343e-15
140.15453453453458 	 5.8731277428619983e-08 	 1.247290381506557e-15
140.65501501501504 	 5.840093572799789e-08 	 1.2297446532412242e-15
141.15549549549553 	 5.807299414677475e-08 	 1.2125071314507483e-15
141.65597597597602 	 5.774742722314719e-08 	 1.1955713340179869e-15
142.15645645645648 	 5.7424209853884923e-08 	 1.1789309374364841e-15
142.65693693693697 	 5.710331728804113e-08 	 1.1625797723884561e-15
143.15741741741743 	 5.6784725120794744e-08 	 1.1465118194610408e-15
143.65789789789793 	 5.646840928742082e-08 	 1.130721204995983e-15
144.15837837837842 	 5.615434605738696e-08 	 1.1152021970682212e-15
144.65885885885888 	 5.584251202857259e-08 	 1.099949201588878e-15
145.15933933933937 	 5.553288412160722e-08 	 1.084956758528427e-15
145.65981981981986 	 5.522543957432557e-08 	 1.0702195382559204e-15
146.16030030030032 	 5.492015593633689e-08 	 1.0557323379903325e-15
146.6607807807808 	 5.461701106370526e-08 	 1.0414900783602058e-15
147.1612612612613 	 5.431598311373848e-08 	 1.0274878000679569e-15
147.66174174174176 	 5.401705053988284e-08 	 1.0137206606552881e-15
148.16222222222225 	 5.3720192086721485e-08 	 1.0001839313663411e-15
148.66270270270275 	 5.342538678507407e-08 	 9.868729941053048e-16
149.1631831831832 	 5.3132613947194344e-08 	 9.737833384853208e-16
149.6636636636637 	 5.284185316206475e-08 	 9.609105589656647e-16
150.1641441441442 	 5.255508219028921e-08 	 9.482405561979968e-16
150.66462462462465 	 5.2274337249064374e-08 	 9.357593800971963e-16
151.16510510510514 	 5.199548532067059e-08 	 9.234832482657624e-16
151.6655855855856 	 5.171850765779635e-08 	 9.11408128164154e-16
152.1660660660661 	 5.144338575977277e-08 	 8.995300795209822e-16
152.66654654654658 	 5.1170101368531e-08 	 8.878452519273618e-16
153.16702702702705 	 5.089863646463889e-08 	 8.763498825015986e-16
153.66750750750754 	 5.062897326341451e-08 	 8.650402936219349e-16
154.16798798798803 	 5.0361094211116074e-08 	 8.539128907251886e-16
154.6684684684685 	 5.009498198120542e-08 	 8.429641601691216e-16
155.16894894894898 	 4.983061947068374e-08 	 8.321906671565228e-16
155.66942942942947 	 4.9567989796498456e-08 	 8.215890537190306e-16
156.16990990990993 	 4.930707629201887e-08 	 8.111560367587738e-16
156.67039039039042 	 4.9047862503579006e-08 	 8.008884061459989e-16
157.1708708708709 	 4.879033218708739e-08 	 7.907830228709383e-16
157.67135135135138 	 4.85344693047006e-08 	 7.808368172481603e-16
158.17183183183187 	 4.8280258021560214e-08 	 7.710467871717819e-16
158.67231231231236 	 4.8027682702591836e-08 	 7.614099964199493e-16
159.17279279279282 	 4.777672790936395e-08 	 7.519235730070178e-16
159.6732732732733 	 4.752737839700633e-08 	 7.425847075819782e-16
160.1737537537538 	 4.7279619111185705e-08 	 7.333906518716647e-16
160.67423423423426 	 4.703343518513889e-08 	 7.243387171673811e-16
161.17471471471475 	 4.678881193675982e-08 	 7.1542627285357165e-16
161.67519519519522 	 4.6545734865741966e-08 	 7.066507449772832e-16
162.1756756756757 	 4.63041896507729e-08 	 6.980096148571301e-16
162.6761561561562 	 4.606416214678095e-08 	 6.8950041773057545e-16
163.17663663663666 	 4.5825638382232505e-08 	 6.811207414383469e-16
163.67711711711715 	 4.5588604556478615e-08 	 6.728682251448615e-16
164.17759759759764 	 4.535304703715066e-08 	 6.647405580935759e-16
164.6780780780781 	 4.511895235760318e-08 	 6.567354783961948e-16
165.1785585585586 	 4.488630721440287e-08 	 6.488507718547099e-16
165.67903903903908 	 4.4655098464863834e-08 	 6.410842708153154e-16
166.17951951951954 	 4.4425313124626875e-08 	 6.334338530532054e-16
166.68000000000004 	 4.4196938365282464e-08 	 6.258974406873538e-16
167.18048048048053 	 4.396996151203625e-08 	 6.184729991243789e-16
167.680960960961 	 4.37443700414171e-08 	 6.111585360306337e-16
168.18144144144148 	 4.352015157902497e-08 	 6.0395210033167e-16
168.68192192192197 	 4.3297293897319677e-08 	 5.968517812382862e-16
169.18240240240243 	 4.3075784913448746e-08 	 5.898557072983735e-16
169.68288288288292 	 4.285561268711349e-08 	 5.829620454737901e-16
170.18336336336338 	 4.263676541847293e-08 	 5.761690002415471e-16
170.68384384384387 	 4.241923144608454e-08 	 5.69474812718588e-16
171.18432432432436 	 4.220299924488109e-08 	 5.628777598094792e-16
171.68480480480483 	 4.198805742418304e-08 	 5.563761533763435e-16
172.18528528528532 	 4.177439472574512e-08 	 5.499683394303945e-16
172.6857657657658 	 4.1562000021837646e-08 	 5.436526973444555e-16
173.18624624624627 	 4.135086231336034e-08 	 5.374276390858483e-16
173.68672672672676 	 4.114097072798921e-08 	 5.312916084690707e-16
174.18720720720725 	 4.093231451835537e-08 	 5.2524308042771345e-16
174.6876876876877 	 4.0724883060254974e-08 	 5.192805603050361e-16
175.1881681681682 	 4.051866585088968e-08 	 5.134025831627014e-16
175.6886486486487 	 4.031365250713788e-08 	 5.076077131071406e-16
176.18912912912916 	 4.010983276385465e-08 	 5.018945426330495e-16
176.68960960960965 	 3.990719647220086e-08 	 4.962616919835352e-16
177.19009009009014 	 3.970573359800082e-08 	 4.907078085264497e-16
177.6905705705706 	 3.95054342201272e-08 	 4.852315661464463e-16
178.1910510510511 	 3.930628852891378e-08 	 4.79831664652335e-16
178.69153153153155 	 3.9108286824594357e-08 	 4.745068291992915e-16
179.19201201201204 	 3.8911419515767826e-08 	 4.692558097255202e-16
179.69249249249253 	 3.8715677117889576e-08 	 4.640773804029731e-16
180.192972972973 	 3.85210502517871e-08 	 4.58970339101721e-16
180.6934534534535 	 3.83275296422008e-08 	 4.539335068676136e-16
181.19393393393398 	 3.813510611634907e-08 	 4.489657274128614e-16
181.69441441441444 	 3.7943770602516636e-08 	 4.440658666191801e-16
182.19489489489493 	 3.7753514128666765e-08 	 4.3923281205316e-16
182.69537537537542 	 3.7564327821075576e-08 	 4.3446547249352046e-16
183.19585585585588 	 3.737620290298948e-08 	 4.2976277746993473e-16
183.69633633633637 	 3.718913069330389e-08 	 4.251236768131027e-16
184.19681681681686 	 3.700310260526393e-08 	 4.205471402157734e-16
184.69729729729733 	 3.6818110145186306e-08 	 4.1603215680442366e-16
185.19777777777782 	 3.663414491120135e-08 	 4.1157773472129306e-16
185.6982582582583 	 3.6451198592015934e-08 	 4.071829007165183e-16
186.19873873873877 	 3.626926296569644e-08 	 4.028466997500788e-16
186.69921921921926 	 3.6088329898470394e-08 	 3.985681946032978e-16
187.19969969969975 	 3.590839134354875e-08 	 3.9434646549965393e-16
187.7001801801802 	 3.5729439339965706e-08 	 3.901806097346355e-16
188.2006606606607 	 3.555146601143766e-08 	 3.8606974131441974e-16
188.70114114114116 	 3.5374463565240314e-08 	 3.8201299060313137e-16
189.20162162162165 	 3.519842429110352e-08 	 3.7800950397845766e-16
189.70210210210215 	 3.502334056012339e-08 	 3.7405844349540085e-16
190.2025825825826 	 3.484920482369224e-08 	 3.7015898655795726e-16
190.7030630630631 	 3.467600961244447e-08 	 3.6631032559850894e-16
191.2035435435436 	 3.450374753521967e-08 	 3.625116677647345e-16
191.70402402402405 	 3.433241127804191e-08 	 3.5876223461384335e-16
192.20450450450454 	 3.416199360311453e-08 	 3.5506126181393286e-16
192.70498498498503 	 3.3992487347831265e-08 	 3.514079988523027e-16
193.2054654654655 	 3.3823885423802095e-08 	 3.478017087505287e-16
193.70594594594598 	 3.3656180815894545e-08 	 3.442416677861328e-16
194.20642642642648 	 3.348936658128981e-08 	 3.4072716522067934e-16
194.70690690690694 	 3.3323435848553394e-08 	 3.3725750303413e-16
195.20738738738743 	 3.3158381816719786e-08 	 3.338319956652973e-16
195.70786786786792 	 3.299419775439181e-08 	 3.304499697582468e-16
196.20834834834838 	 3.2830876998852954e-08 	 3.271107639144894e-16
196.70882882882887 	 3.2668412955193957e-08 	 3.238137284508249e-16
197.20930930930933 	 3.250679909545224e-08 	 3.205582251626871e-16
197.70978978978982 	 3.234602895776465e-08 	 3.173436270928562e-16
198.2102702702703 	 3.2186096145532826e-08 	 3.1416931830540185e-16
198.71075075075078 	 3.202699432660154e-08 	 3.110346936647281e-16
199.21123123123127 	 3.186871723244894e-08 	 3.079391586195869e-16
199.71171171171176 	 3.1711258657389445e-08 	 3.048821289919435e-16
200.21219219219222 	 3.157485850299376e-08 	 3.0185663046486395e-16
200.7126726726727 	 3.146658506147132e-08 	 2.9886001675140693e-16
201.2131531531532 	 3.1358851900133064e-08 	 2.9590051083780074e-16
201.71363363363366 	 3.125165499750161e-08 	 2.9297756256417524e-16
202.21411411411415 	 3.114499037191239e-08 	 2.9009063126431633e-16
202.71459459459464 	 3.1038854081021895e-08 	 2.872391855788852e-16
203.2150750750751 	 3.093324222132369e-08 	 2.8442270327276474e-16
203.7155555555556 	 3.082815092767117e-08 	 2.816406710564255e-16
204.2160360360361 	 3.072357637280765e-08 	 2.788925844112209e-16
204.71651651651655 	 3.061951476690317e-08 	 2.7617794741850747e-16
205.21699699699704 	 3.051596235709802e-08 	 2.734962725925045e-16
205.71747747747753 	 3.0412915427053166e-08 	 2.7084708071679756e-16
206.217957957958 	 3.031037029650697e-08 	 2.682299006844008e-16
206.71843843843848 	 3.0208323320838566e-08 	 2.6564426934129137e-16
207.21891891891894 	 3.010677089063734e-08 	 2.6308973133332984e-16
207.71939939939944 	 3.000570943127886e-08 	 2.6056583895649013e-16
208.21987987987993 	 2.9905135402506684e-08 	 2.580721520103152e-16
208.7203603603604 	 2.9805045298020475e-08 	 2.5560823765452626e-16
209.22084084084088 	 2.9705435645069737e-08 	 2.5317367026870295e-16
209.72132132132137 	 2.9606303004053553e-08 	 2.507680313149703e-16
210.22180180180183 	 2.9507643968126e-08 	 2.4839090920361485e-16
210.72228228228232 	 2.940945516280703e-08 	 2.4604189916156136e-16
211.2227627627628 	 2.931173324559933e-08 	 2.437206031036487e-16
211.72324324324327 	 2.9214474905609966e-08 	 2.414266295066275e-16
212.22372372372377 	 2.9117676863177944e-08 	 2.3915959328582675e-16
212.72420420420426 	 2.9021335869506776e-08 	 2.36919115674422e-16
213.22468468468472 	 2.8925448706302125e-08 	 2.347048241052422e-16
213.7251651651652 	 2.8830012185414845e-08 	 2.325163520950607e-16
214.2256456456457 	 2.8735023148488773e-08 	 2.3035333913130896e-16
214.72612612612616 	 2.8640478466613537e-08 	 2.282154305611596e-16
215.22660660660665 	 2.854637503998209e-08 	 2.2610227748291835e-16
215.7270870870871 	 2.8452709797553336e-08 	 2.2401353663968143e-16
216.2275675675676 	 2.835947969671908e-08 	 2.219488703151952e-16
216.7280480480481 	 2.8266681722975607e-08 	 2.1990794623187295e-16
217.22852852852856 	 2.817431288960024e-08 	 2.1789043745092205e-16
217.72900900900905 	 2.8082370237331814e-08 	 2.1589602227452636e-16
218.22948948948954 	 2.7990850834055788e-08 	 2.139243841500409e-16
218.72996996997 	 2.7899751774493825e-08 	 2.1197521157615426e-16
219.2304504504505 	 2.780907017989729e-08 	 2.100481980109694e-16
219.73093093093098 	 2.771880319774527e-08 	 2.0814304178196513e-16
220.23141141141144 	 2.762894800144639e-08 	 2.062594459977879e-16
220.73189189189193 	 2.753950179004501e-08 	 2.0439711846184285e-16
221.23237237237242 	 2.745046178793124e-08 	 2.0255577158763412e-16
221.7328528528529 	 2.7361825244554778e-08 	 2.0073512231581892e-16
222.23333333333338 	 2.7273589434142808e-08 	 1.9893489203293808e-16
222.73381381381387 	 2.7185751655421686e-08 	 1.9715480649178486e-16
223.23429429429433 	 2.7098309231342163e-08 	 1.9539459573337282e-16
223.73477477477482 	 2.7011259508808614e-08 	 1.9365399401047028e-16
224.23525525525528 	 2.6924599858411567e-08 	 1.9193273971266574e-16
224.73573573573577 	 2.683832767416408e-08 	 1.9023057529292926e-16
225.23621621621626 	 2.675244037324148e-08 	 1.8854724719563728e-16
225.73669669669673 	 2.666693539572442e-08 	 1.8688250578602885e-16
226.23717717717722 	 2.658181020434597e-08 	 1.852361052810623e-16
226.7376576576577 	 2.6497062284241042e-08 	 1.8360780368163898e-16
227.23813813813817 	 2.6412689142700236e-08 	 1.8199736270616745e-16
227.73861861861866 	 2.6328688308925883e-08 	 1.8040454772543478e-16
228.23909909909915 	 2.624505733379226e-08 	 1.788291276987626e-16
228.7395795795796 	 2.6161793789608256e-08 	 1.772708751114126e-16
229.2400600600601 	 2.6078895269883353e-08 	 1.7572956591321798e-16
229.7405405405406 	 2.5996359389096855e-08 	 1.742049794584163e-16
230.24102102102106 	 2.5914183782469904e-08 	 1.7269689844665342e-16
230.74150150150155 	 2.583236610574055e-08 	 1.7120510886513508e-16
231.24198198198204 	 2.575090403494165e-08 	 1.697293999319024e-16
231.7424624624625 	 2.5669795266181796e-08 	 1.682695640402057e-16
232.242942942943 	 2.5589037515429015e-08 	 1.6682539670395352e-16
232.74342342342348 	 2.5508628518297195e-08 	 1.6539669650421411e-16
233.24390390390394 	 2.542856602983537e-08 	 1.6398326503674599e-16
233.74438438438443 	 2.5348847824319532e-08 	 1.625849068605356e-16
234.2448648648649 	 2.526947169504741e-08 	 1.6120142944732425e-16
234.74534534534538 	 2.51904354541355e-08 	 1.598326431320953e-16
235.24582582582588 	 2.5111736932319085e-08 	 1.5847836106451145e-16
235.74630630630634 	 2.5033373978754405e-08 	 1.5713839916127243e-16
236.24678678678683 	 2.4955344460823704e-08 	 1.5581257605938085e-16
236.74726726726732 	 2.4877646263942473e-08 	 1.5450071307029313e-16
237.24774774774778 	 2.480027729136924e-08 	 1.5320263413493725e-16
237.74822822822827 	 2.4723235464017878e-08 	 1.5191816577958207e-16
238.24870870870876 	 2.4646518720272036e-08 	 1.506471370725361e-16
238.74918918918922 	 2.4570125015802122e-08 	 1.4938937958166116e-16
239.24966966966971 	 2.4494052323384402e-08 	 1.4814472733268336e-16
239.7501501501502 	 2.4418298632722527e-08 	 1.4691301676828472e-16
240.25063063063067 	 2.4342861950271285e-08 	 1.456940867079603e-16
240.75111111111116 	 2.426774029906229e-08 	 1.444877783086206e-16
241.25159159159165 	 2.419293171853224e-08 	 1.4329393502593162e-16
241.7520720720721 	 2.411843426435299e-08 	 1.4211240257636907e-16
242.2525525525526 	 2.4044246008263914e-08 	 1.4094302889997816e-16
242.75303303303306 	 2.3970365037906157e-08 	 1.397856641238206e-16
243.25351351351355 	 2.389678945665922e-08 	 1.3864016052609727e-16
243.75399399399404 	 2.382351738347925e-08 	 1.3750637250093182e-16
244.2544744744745 	 2.3750546952739522e-08 	 1.3638415652380014e-16
244.754954954955 	 2.3677876314072788e-08 	 1.3527337111759572e-16
245.2554354354355 	 2.3605503632215615e-08 	 1.3417387681931496e-16
245.75591591591595 	 2.3533427086854537e-08 	 1.330855361473524e-16
246.25639639639644 	 2.346164487247419e-08 	 1.3200821356939003e-16
246.75687687687693 	 2.339015519820724e-08 	 1.3094177547087397e-16
247.2573573573574 	 2.3318956287686017e-08 	 1.2988609012406025e-16
247.75783783783788 	 2.3248046378896262e-08 	 1.2884102765762435e-16
248.25831831831837 	 2.3177423724032314e-08 	 1.2780646002681838e-16
248.75879879879884 	 2.3107086589354216e-08 	 1.2678226098416827e-16
249.25927927927933 	 2.3037033255046475e-08 	 1.257683060506974e-16
249.75975975975982 	 2.2967262015078593e-08 	 1.247644724876695e-16
250.26024024024028 	 2.2897771177067206e-08 	 1.2377063926883586e-16
250.76072072072077 	 2.282855906213993e-08 	 1.2278668705318245e-16
251.26120120120126 	 2.2759624004800674e-08 	 1.2181249815816127e-16
251.76168168168172 	 2.2690964352796935e-08 	 1.2084795653340179e-16
252.2621621621622 	 2.2622578466988095e-08 	 1.1989294773488698e-16
252.76264264264267 	 2.2554464721215918e-08 	 1.1894735889959209e-16
253.26312312312317 	 2.248662150217606e-08 	 1.1801107872056932e-16
253.76360360360366 	 2.2419047209291484e-08 	 1.1708399742247617e-16
254.26408408408412 	 2.2351740254587012e-08 	 1.161660067375338e-16
254.7645645645646 	 2.2284699062565706e-08 	 1.1525699988191067e-16
255.2650450450451 	 2.22179220700865e-08 	 1.1435687153252109e-16
255.76552552552556 	 2.2151407726243215e-08 	 1.134655178042305e-16
256.266006006006 	 2.2085154492245278e-08 	 1.125828362274614e-16
256.7664864864865 	 2.201916084129942e-08 	 1.1170872572618938e-16
257.266966966967 	 2.1953425258493198e-08 	 1.1084308659632447e-16
257.76744744744747 	 2.1887946240679402e-08 	 1.0998582048446863e-16
258.26792792792793 	 2.182272229636238e-08 	 1.0913683036704252e-16
258.76840840840845 	 2.1757751945585104e-08 	 1.0829602052977451e-16
259.2688888888889 	 2.169303371981787e-08 	 1.0746329654754488e-16
259.7693693693694 	 2.1628566161848265e-08 	 1.0663856526457843e-16
260.2698498498499 	 2.156434782567235e-08 	 1.0582173477497921e-16
260.77033033033035 	 2.150037727638703e-08 	 1.0501271440359996e-16
261.2708108108108 	 2.1436653090083774e-08 	 1.0421141468724007e-16
261.77129129129133 	 2.137317385374355e-08 	 1.034177473561674e-16
262.2717717717718 	 2.1309938165132908e-08 	 1.0263162531595506e-16
262.77225225225226 	 2.1246944632701183e-08 	 1.01852962629629e-16
263.2727327327328 	 2.11841918754791e-08 	 1.0108167450012065e-16
263.77321321321324 	 2.1121678522978307e-08 	 1.0031767725301775e-16
264.2736936936937 	 2.1059403215092042e-08 	 9.956088831960793e-17
264.7741741741742 	 2.0997364601997257e-08 	 9.881122622021118e-17
265.2746546546547 	 2.0935561344057344e-08 	 9.8068610547793e-17
265.77513513513514 	 2.087399211172644e-08 	 9.733296195185552e-17
266.2756156156156 	 2.081265558545441e-08 	 9.660420212259911e-17
266.7760960960961 	 2.0751550455593236e-08 	 9.58822537753524e-17
267.2765765765766 	 2.0690675422304196e-08 	 9.51670406352622e-17
267.77705705705705 	 2.0630029195466345e-08 	 9.44584874222409e-17
268.27753753753757 	 2.0569610494585687e-08 	 9.375651983616577e-17
268.77801801801803 	 2.0509418048705678e-08 	 9.306106454232603e-17
269.2784984984985 	 2.0449450596318472e-08 	 9.237204915711101e-17
269.778978978979 	 2.0389706885277436e-08 	 9.168940223393886e-17
270.2794594594595 	 2.033018567271039e-08 	 9.101305324941781e-17
270.77993993993994 	 2.0270885724933866e-08 	 9.034293258973615e-17
271.28042042042046 	 2.021180581736836e-08 	 8.967897153727893e-17
271.7809009009009 	 2.0152944734454662e-08 	 8.902110225746601e-17
272.2813813813814 	 2.0094301269570655e-08 	 8.83692577858047e-17
272.7818618618619 	 2.0035874224949605e-08 	 8.772337201515928e-17
273.28234234234236 	 1.997766241159896e-08 	 8.708337968322661e-17
273.7828228228228 	 1.9919664649220136e-08 	 8.644921636021846e-17
274.28330330330334 	 1.9861879766129234e-08 	 8.582081843674577e-17
274.7837837837838 	 1.9804306599178588e-08 	 8.51981231119006e-17
275.28426426426427 	 1.974694399367912e-08 	 8.458106838153187e-17
275.7847447447448 	 1.9689790803323707e-08 	 8.396959302671356e-17
276.28522522522525 	 1.9632845890111102e-08 	 8.336363660239891e-17
276.7857057057057 	 1.9576108124270937e-08 	 8.276313942625899e-17
277.2861861861862 	 1.95195763841895e-08 	 8.216804256770339e-17
277.7866666666667 	 1.946324955633606e-08 	 8.157828783707601e-17
278.28714714714715 	 1.9407126535190416e-08 	 8.099381777502778e-17
278.78762762762767 	 1.9351206223170863e-08 	 8.041457564205854e-17
279.28810810810813 	 1.9295487530563013e-08 	 7.984050540822835e-17
279.7885885885886 	 1.9239969375449616e-08 	 7.927155174303343e-17
280.2890690690691 	 1.9184650683640765e-08 	 7.870766000544425e-17
280.7895495495496 	 1.9129530388605133e-08 	 7.814877623410376e-17
281.29003003003004 	 1.9074607431401785e-08 	 7.759484713768057e-17
281.79051051051056 	 1.9019880760612785e-08 	 7.70458200853776e-17
282.290990990991 	 1.8965349332276576e-08 	 7.650164309759089e-17
282.7914714714715 	 1.8911012109821898e-08 	 7.596226483671639e-17
283.291951951952 	 1.8856868064002556e-08 	 7.542763459810332e-17
283.79243243243246 	 1.8802916172832857e-08 	 7.48977023011505e-17
284.2929129129129 	 1.8749155421523605e-08 	 7.437241848054281e-17
284.7933933933934 	 1.8695584802418968e-08 	 7.385173427762637e-17
285.2938738738739 	 1.86422033149339e-08 	 7.333560143191957e-17
285.79435435435437 	 1.8589009965492187e-08 	 7.282397227275736e-17
286.29483483483483 	 1.8536003767465166e-08 	 7.2316799711066e-17
286.79531531531535 	 1.848318374111115e-08 	 7.18140372312679e-17
287.2957957957958 	 1.8430548913515494e-08 	 7.131563888331232e-17
287.7962762762763 	 1.8378098318531103e-08 	 7.082155927482986e-17
288.2967567567568 	 1.8325830996719763e-08 	 7.033175356341023e-17
288.79723723723725 	 1.827374599529401e-08 	 6.984617744899976e-17
289.2977177177177 	 1.822184236805962e-08 	 6.936478716641657e-17
289.79819819819824 	 1.8170119175358642e-08 	 6.888753947798229e-17
290.2986786786787 	 1.8118575484013034e-08 	 6.84143916662674e-17
290.79915915915916 	 1.806721036726899e-08 	 6.794530152694897e-17
291.2996396396397 	 1.801602290474161e-08 	 6.748022736177765e-17
291.80012012012014 	 1.7965012182360456e-08 	 6.701912797165486e-17
292.3006006006006 	 1.791417729231531e-08 	 6.656196264981353e-17
292.8010810810811 	 1.7863517333002876e-08 	 6.610869117510657e-17
293.3015615615616 	 1.781303140897364e-08 	 6.565927380539552e-17
293.80204204204205 	 1.776271863087953e-08 	 6.521367127104163e-17
294.30252252252257 	 1.7712578115422042e-08 	 6.477184476849604e-17
294.803003003003 	 1.7662608985300936e-08 	 6.433375595398774e-17
295.3034834834835 	 1.761281036916329e-08 	 6.389936693730697e-17
295.803963963964 	 1.7563181401553248e-08 	 6.346864027568366e-17
296.30444444444447 	 1.751372122286226e-08 	 6.304153896775867e-17
296.80492492492493 	 1.746442897927975e-08 	 6.261802644764557e-17
297.30540540540545 	 1.7415303822744206e-08 	 6.219806657908255e-17
297.8058858858859 	 1.736634491089515e-08 	 6.178162364967367e-17
298.3063663663664 	 1.731755140702497e-08 	 6.136866236521415e-17
298.8068468468469 	 1.726892248003184e-08 	 6.095914784410382e-17
299.30732732732736 	 1.7220457304372745e-08 	 6.055304561184254e-17
299.8078078078078 	 1.7172155060017072e-08 	 6.015032159560906e-17
300.30828828828834 	 1.713603991361656e-08 	 5.975057577978785e-17
300.8087687687688 	 1.7107529263728915e-08 	 5.935391913835847e-17
301.30924924924926 	 1.7079113327321132e-08 	 5.896054856766576e-17
301.8097297297298 	 1.705079163321308e-08 	 5.857043145393582e-17
302.31021021021024 	 1.7022563713344843e-08 	 5.818353556040588e-17
302.8106906906907 	 1.6994429102750904e-08 	 5.779982902235138e-17
303.31117117117117 	 1.696638733953462e-08 	 5.741928034218716e-17
303.8116516516517 	 1.6938437964842944e-08 	 5.704185838464088e-17
304.31213213213215 	 1.6910580522841417e-08 	 5.666753237199826e-17
304.8126126126126 	 1.6882814560689347e-08 	 5.629627187941733e-17
305.31309309309313 	 1.6855139628515307e-08 	 5.592804683031262e-17
305.8135735735736 	 1.6827555279392836e-08 	 5.556282749180702e-17
306.31405405405405 	 1.6800061069316347e-08 	 5.520058447024968e-17
306.8145345345346 	 1.6772656557177346e-08 	 5.484128870680046e-17
307.31501501501504 	 1.674534130474082e-08 	 5.448491147307832e-17
307.8154954954955 	 1.6718114876621874e-08 	 5.4131424366873414e-17
308.315975975976 	 1.6690976840262606e-08 	 5.378079930792175e-17
308.8164564564565 	 1.6663926765909196e-08 	 5.34330085337413e-17
309.31693693693694 	 1.663696422658923e-08 	 5.308802459552849e-17
309.81741741741746 	 1.6610088798089216e-08 	 5.2745820354114213e-17
310.3178978978979 	 1.658330005893236e-08 	 5.24063689759788e-17
310.8183783783784 	 1.6556597590356508e-08 	 5.20696439293238e-17
311.3188588588589 	 1.6529980976292336e-08 	 5.1735618980201214e-17
311.81933933933936 	 1.6503449803341757e-08 	 5.140426818869837e-17
312.3198198198198 	 1.6477003660756486e-08 	 5.10755659051771e-17
312.82030030030035 	 1.6450642140416858e-08 	 5.074948676656769e-17
313.3207807807808 	 1.6424364836810853e-08 	 5.042600569271573e-17
313.82126126126127 	 1.639817134701326e-08 	 5.0105097882780903e-17
314.3217417417418 	 1.637206127066513e-08 	 4.978673881168789e-17
314.82222222222225 	 1.634603420995334e-08 	 4.947090422662744e-17
315.3227027027027 	 1.632008976959041e-08 	 4.9157570143607506e-17
315.82318318318323 	 1.6294227556794487e-08 	 4.8846712844053365e-17
316.3236636636637 	 1.6268447181269518e-08 	 4.8538308871456265e-17
316.82414414414416 	 1.6242748255185627e-08 	 4.8232335028069257e-17
317.3246246246247 	 1.6217130393159647e-08 	 4.7928768371649987e-17
317.82510510510514 	 1.6191593212235887e-08 	 4.7627586212249746e-17
318.3255855855856 	 1.616613633186701e-08 	 4.732876610904733e-17
318.8260660660661 	 1.614075937389517e-08 	 4.7032285867228177e-17
319.3265465465466 	 1.611546196253326e-08 	 4.6738123534906907e-17
319.82702702702704 	 1.6090243724346368e-08 	 4.644625740009328e-17
320.32750750750756 	 1.60651042882334e-08 	 4.6156665987700665e-17
320.827987987988 	 1.604004328540891e-08 	 4.586932805659684e-17
321.3284684684685 	 1.6015060349384998e-08 	 4.5584222596695054e-17
321.82894894894895 	 1.599015511595351e-08 	 4.53013288260868e-17
322.32942942942947 	 1.5965327223168306e-08 	 4.502062618821389e-17
322.82990990990993 	 1.5940576311327735e-08 	 4.4742094349080193e-17
323.3303903903904 	 1.5915902022957267e-08 	 4.446571319450184e-17
323.8308708708709 	 1.5891304002792268e-08 	 4.41914628273959e-17
324.3313513513514 	 1.5866781897760975e-08 	 4.391932356510652e-17
324.83183183183183 	 1.5842335356967585e-08 	 4.3649275936767905e-17
325.33231231231235 	 1.5817964031675497e-08 	 4.3381300680703825e-17
325.8327927927928 	 1.5793667575290797e-08 	 4.3115378741863324e-17
326.3332732732733 	 1.5769445643345747e-08 	 4.2851491269291007e-17
326.8337537537538 	 1.5745297893482558e-08 	 4.258961961363272e-17
327.33423423423426 	 1.5721223985437245e-08 	 4.232974532467542e-17
327.8347147147147 	 1.569722358102364e-08 	 4.20718501489204e-17
328.33519519519524 	 1.5673296344117553e-08 	 4.1815916027189993e-17
328.8356756756757 	 1.564944194064111e-08 	 4.156192509226726e-17
329.33615615615616 	 1.562566003854716e-08 	 4.1309859666567096e-17
329.8366366366367 	 1.5601950307803902e-08 	 4.105970225983997e-17
330.33711711711715 	 1.5578312420379602e-08 	 4.081143556690628e-17
330.8375975975976 	 1.5554746050227473e-08 	 4.056504246542175e-17
331.3380780780781 	 1.5531250873270672e-08 	 4.0320506013672954e-17
331.8385585585586 	 1.5507826567387468e-08 	 4.007780944840318e-17
332.33903903903905 	 1.5484472812396493e-08 	 3.983693618266684e-17
332.83951951951957 	 1.5461189290042166e-08 	 3.9597869803713695e-17
333.34000000000003 	 1.5437975683980254e-08 	 3.9360594070901256e-17
333.8404804804805 	 1.5414831679763493e-08 	 3.9125092913634966e-17
334.340960960961 	 1.5391756964827458e-08 	 3.889135042933677e-17
334.8414414414415 	 1.5368751228476444e-08 	 3.8659350881440415e-17
335.34192192192194 	 1.5345814161869532e-08 	 3.842907869741373e-17
335.84240240240246 	 1.532294545800678e-08 	 3.820051846680742e-17
336.3428828828829 	 1.5300144811715506e-08 	 3.797365493933012e-17
336.8433633633634 	 1.527741191963674e-08 	 3.7748473022948665e-17
337.3438438438439 	 1.525474648021174e-08 	 3.752495778201405e-17
337.84432432432436 	 1.523214819366869e-08 	 3.7303094435412423e-17
338.3448048048048 	 1.5209616762009456e-08 	 3.708286835474007e-17
338.8452852852853 	 1.5187151888996495e-08 	 3.6864265062503223e-17
339.3457657657658 	 1.516475328013988e-08 	 3.664727023034135e-17
339.84624624624627 	 1.5142420642684435e-08 	 3.6431869677274166e-17
340.34672672672673 	 1.5120153685596956e-08 	 3.621804936797147e-17
340.84720720720725 	 1.509795211955359e-08 	 3.6005795411046154e-17
341.3476876876877 	 1.5075815656927314e-08 	 3.579509405736957e-17
341.8481681681682 	 1.5053744011775473e-08 	 3.558593169840883e-17
342.3486486486487 	 1.5031736899827515e-08 	 3.5378294864586276e-17
342.84912912912915 	 1.500979403847275e-08 	 3.5172170223660214e-17
343.3496096096096 	 1.498791514674828e-08 	 3.496754457912698e-17
343.85009009009013 	 1.4966099945326986e-08 	 3.476440486864373e-17
344.3505705705706 	 1.4944348156505655e-08 	 3.4562738162472065e-17
344.85105105105106 	 1.4922659504193187e-08 	 3.436253166194167e-17
345.3515315315316 	 1.4901033713898917e-08 	 3.4163772697934145e-17
345.85201201201204 	 1.4879470512721042e-08 	 3.39664487293865e-17
346.3524924924925 	 1.4857969629335128e-08 	 3.3770547341813924e-17
346.852972972973 	 1.483653079398274e-08 	 3.3576056245851895e-17
347.3534534534535 	 1.4815153738460158e-08 	 3.3382963275817136e-17
347.85393393393394 	 1.4793838196107187e-08 	 3.319125638828692e-17
348.35441441441446 	 1.4772583901796073e-08 	 3.300092366069697e-17
348.8548948948949 	 1.4751390591920528e-08 	 3.281195328995754e-17
349.3553753753754 	 1.4730258004384792e-08 	 3.2624333591086716e-17
349.8558558558559 	 1.4709185878592864e-08 	 3.243805299586194e-17
350.35633633633637 	 1.4688173955437783e-08 	 3.225310005148849e-17
350.85681681681683 	 1.4667221977290997e-08 	 3.2069463419285067e-17
351.35729729729735 	 1.464632968799183e-08 	 3.1887131873386105e-17
351.8577777777778 	 1.4625496832837063e-08 	 3.170609429946097e-17
352.3582582582583 	 1.4604723158570578e-08 	 3.1526339693449186e-17
352.8587387387388 	 1.4584008413373073e-08 	 3.134785716031178e-17
353.35921921921926 	 1.4563352346851914e-08 	 3.117063591279877e-17
353.8596996996997 	 1.454275471003104e-08 	 3.0994665270232066e-17
354.36018018018024 	 1.4522215255340936e-08 	 3.0819934657303835e-17
354.8606606606607 	 1.450173373660876e-08 	 3.064643360289029e-17
355.36114114114116 	 1.4481309909048463e-08 	 3.047415173888016e-17
355.8616216216217 	 1.4460943529251053e-08 	 3.0303078799018215e-17
356.36210210210214 	 1.4440634355174943e-08 	 3.01332046177633e-17
356.8625825825826 	 1.4420382146136333e-08 	 2.996451912916072e-17
357.36306306306307 	 1.4400186662799724e-08 	 2.979701236572882e-17
357.8635435435436 	 1.4380047667168471e-08 	 2.963067445735955e-17
358.36402402402405 	 1.4359964922575469e-08 	 2.946549563023299e-17
358.8645045045045 	 1.4339938193673827e-08 	 2.930146620574498e-17
359.364984984985 	 1.4319967246427725e-08 	 2.913857659944886e-17
359.8654654654655 	 1.4300051848103281e-08 	 2.897681732000986e-17
360.36594594594595 	 1.4280191767259493e-08 	 2.8816178968172706e-17
360.8664264264265 	 1.4260386773739298e-08 	 2.865665223574227e-17
361.36690690690693 	 1.4240636638660666e-08 	 2.8498227904576646e-17
361.8673873873874 	 1.4220941134407792e-08 	 2.834089684559279e-17
362.3678678678679 	 1.4201300034622342e-08 	 2.8184650017784663e-17
362.8683483483484 	 1.4181713114194794e-08 	 2.8029478467253335e-17
363.36882882882884 	 1.4162180149255824e-08 	 2.7875373326249113e-17
363.86930930930936 	 1.4142700917167783e-08 	 2.772232581222567e-17
364.3697897897898 	 1.4123275196516248e-08 	 2.7570327226905667e-17
364.8702702702703 	 1.4103902767101611e-08 	 2.741936895535787e-17
365.3707507507508 	 1.4084583409930774e-08 	 2.7269442465085807e-17
365.87123123123126 	 1.4065316907208908e-08 	 2.7120539305127526e-17
366.3717117117117 	 1.4046103042331236e-08 	 2.6972651105166245e-17
366.87219219219224 	 1.4026941599874944e-08 	 2.6825769574652132e-17
367.3726726726727 	 1.400783236559112e-08 	 2.6679886501934747e-17
367.87315315315317 	 1.3988775126396766e-08 	 2.6534993753406003e-17
368.3736336336337 	 1.3969769670366881e-08 	 2.6391083272653685e-17
368.87411411411415 	 1.3950815786726613e-08 	 2.624814707962535e-17
369.3745945945946 	 1.3931913265843445e-08 	 2.6106177269802088e-17
369.87507507507513 	 1.3913061899219492e-08 	 2.5965166013382756e-17
370.3755555555556 	 1.3894261479483824e-08 	 2.582510555447784e-17
370.87603603603606 	 1.3875511800384854e-08 	 2.5685988210313e-17
371.3765165165166 	 1.3856812656782812e-08 	 2.5547806370442658e-17
371.87699699699704 	 1.3838163844642245e-08 	 2.541055249597262e-17
372.3774774774775 	 1.3819565161024619e-08 	 2.5274219118792424e-17
372.877957957958 	 1.3801016404080928e-08 	 2.5138798840816716e-17
373.3784384384385 	 1.3782517373044426e-08 	 2.5004284333235998e-17
373.87891891891894 	 1.3764067868223354e-08 	 2.487066833577612e-17
374.37939939939946 	 1.374566769099377e-08 	 2.4737943655966815e-17
374.8798798798799 	 1.3727316643792415e-08 	 2.4606103168419074e-17
375.3803603603604 	 1.3709014530109652e-08 	 2.4475139814110982e-17
375.88084084084085 	 1.3690761154482433e-08 	 2.4345046599682166e-17
376.38132132132137 	 1.3672556322487354e-08 	 2.4215816596736798e-17
376.8818018018018 	 1.3654399840733764e-08 	 2.4087442941154828e-17
377.3822822822823 	 1.3636291516856888e-08 	 2.3959918832411295e-17
377.8827627627628 	 1.3618231159511048e-08 	 2.383323753290387e-17
378.38324324324327 	 1.3600218578362932e-08 	 2.3707392367288437e-17
378.88372372372373 	 1.3582253584084891e-08 	 2.3582376721822425e-17
379.38420420420425 	 1.3564335988348323e-08 	 2.3458184043715993e-17
379.8846846846847 	 1.3546465603817075e-08 	 2.3334807840490913e-17
380.3851651651652 	 1.3528642244140927e-08 	 2.3212241679346945e-17
380.8856456456457 	 1.3510865723949102e-08 	 2.3090479186535755e-17
381.38612612612616 	 1.3493135858843853e-08 	 2.2969514046742212e-17
381.8866066066066 	 1.3475452465394084e-08 	 2.284934000247299e-17
382.38708708708714 	 1.3457815361129006e-08 	 2.2729950853452215e-17
382.8875675675676 	 1.3440224364531902e-08 	 2.261134045602451e-17
383.38804804804806 	 1.342267929503385e-08 	 2.249350272256463e-17
383.8885285285286 	 1.3405179973007572e-08 	 2.2376431620894323e-17
384.38900900900904 	 1.3387726219761313e-08 	 2.2260121173706005e-17
384.8894894894895 	 1.3370317857532728e-08 	 2.2144565457992882e-17
385.38996996997 	 1.335295470948288e-08 	 2.2029758604486114e-17
385.8904504504505 	 1.333563659969023e-08 	 2.1915694797098176e-17
386.39093093093095 	 1.3318363353144706e-08 	 2.1802368272372988e-17
386.89141141141147 	 1.330113479574179e-08 	 2.1689773318942133e-17
387.39189189189193 	 1.3283950754276704e-08 	 2.1577904276987806e-17
387.8923723723724 	 1.3266811056438571e-08 	 2.1466755537711458e-17
388.3928528528529 	 1.3249715530804667e-08 	 2.1356321542809055e-17
388.8933333333334 	 1.323266400683472e-08 	 2.1246596783952185e-17
389.39381381381384 	 1.3215656314865213e-08 	 2.1137575802275108e-17
389.89429429429435 	 1.3198692286103772e-08 	 2.1029253187867843e-17
390.3947747747748 	 1.3181771752623595e-08 	 2.0921623579275154e-17
390.8952552552553 	 1.316489454735788e-08 	 2.0814681663001013e-17
391.3957357357358 	 1.314806050409435e-08 	 2.0708422173019033e-17
391.89621621621626 	 1.3131269457469786e-08 	 2.0602839890288404e-17
392.3966966966967 	 1.3114521242964626e-08 	 2.0497929642275458e-17
392.89717717717724 	 1.3097815696897567e-08 	 2.039368630248046e-17
393.3976576576577 	 1.3081152656420258e-08 	 2.0290104789970217e-17
393.89813813813817 	 1.3064531959511995e-08 	 2.018718006891559e-17
394.3986186186186 	 1.304795344497447e-08 	 2.0084907148134613e-17
394.89909909909915 	 1.3031416952426563e-08 	 1.9983281080640606e-17
395.3995795795796 	 1.3014922322299169e-08 	 1.9882296963195547e-17
395.90006006006007 	 1.2998469395830066e-08 	 1.9781949935868435e-17
396.4005405405406 	 1.298205801505883e-08 	 1.968223518159875e-17
396.90102102102105 	 1.2965688022821751e-08 	 1.9583147925764697e-17
397.4015015015015 	 1.2949359262746855e-08 	 1.9484683435756583e-17
397.90198198198203 	 1.2933071579248891e-08 	 1.938683702055471e-17
398.4024624624625 	 1.2916824817524421e-08 	 1.928960403031239e-17
398.90294294294296 	 1.2900618823546882e-08 	 1.919297985594327e-17
399.4034234234235 	 1.288445344406174e-08 	 1.9096959928713574e-17
399.90390390390394 	 1.2868328526581658e-08 	 1.900153971983893e-17
400.4043843843844 	 1.28522439193817e-08 	 1.890671474008553e-17
400.9048648648649 	 1.2836199471494558e-08 	 1.8812480539375886e-17
401.4053453453454 	 1.2820195032705859e-08 	 1.871883270639911e-17
401.90582582582584 	 1.2804230453549442e-08 	 1.8625766868225304e-17
402.40630630630636 	 1.2788305585302728e-08 	 1.8533278689924412e-17
402.9067867867868 	 1.2772420279982094e-08 	 1.8441363874189375e-17
403.4072672672673 	 1.2756574390338294e-08 	 1.8350018160963378e-17
403.9077477477478 	 1.27407677698519e-08 	 1.8259237327071245e-17
404.40822822822827 	 1.2725000272728805e-08 	 1.816901718585505e-17
404.90870870870873 	 1.270927175389571e-08 	 1.807935358681358e-17
405.40918918918925 	 1.2693582068995698e-08 	 1.7990242415246042e-17
405.9096696696697 	 1.267793107438382e-08 	 1.7901679591899508e-17
406.4101501501502 	 1.2662318627122693e-08 	 1.7813661072620327e-17
406.9106306306307 	 1.264674458497816e-08 	 1.7726182848009425e-17
407.41111111111115 	 1.2631208806414975e-08 	 1.7639240943081425e-17
407.9115915915916 	 1.2615711150592501e-08 	 1.7552831416927376e-17
408.41207207207214 	 1.2600251477360468e-08 	 1.7466950362381395e-17
408.9125525525526 	 1.2584829647254742e-08 	 1.7381593905690862e-17
409.41303303303306 	 1.2569445521493131e-08 	 1.7296758206190202e-17
409.9135135135136 	 1.2554098961971221e-08 	 1.7212439455978364e-17
410.41399399399404 	 1.2538789831258252e-08 	 1.7128633879599746e-17
410.9144744744745 	 1.2523517992592997e-08 	 1.7045337733728586e-17
411.414954954955 	 1.250828330987971e-08 	 1.696254730685693e-17
411.9154354354355 	 1.249308564768408e-08 	 1.688025891898587e-17
412.41591591591595 	 1.2477924871229198e-08 	 1.679846892132023e-17
412.9163963963964 	 1.2462800846391596e-08 	 1.67171736959665e-17
413.4168768768769 	 1.2447713439697282e-08 	 1.6636369655634165e-17
413.9173573573574 	 1.2432662518317813e-08 	 1.6556053243340208e-17
414.41783783783785 	 1.24176479500664e-08 	 1.647622093211677e-17
414.91831831831837 	 1.2402669603394032e-08 	 1.639686922472211e-17
415.41879879879883 	 1.2387727347385649e-08 	 1.63179946533546e-17
415.9192792792793 	 1.2372821051756306e-08 	 1.6239593779369777e-17
416.4197597597598 	 1.23579505868474e-08 	 1.6161663193000574e-17
416.9202402402403 	 1.2343115823622917e-08 	 1.6084199513080493e-17
417.42072072072074 	 1.232831663366568e-08 	 1.6007199386769702e-17
417.92120120120126 	 1.2313552889173657e-08 	 1.59306594892842e-17
418.4216816816817 	 1.2298824462956291e-08 	 1.5854576523627853e-17
418.9221621621622 	 1.2284131228430821e-08 	 1.577894722032721e-17
419.4226426426427 	 1.2269473059618678e-08 	 1.5703768337169287e-17
419.92312312312316 	 1.2254849831141882e-08 	 1.5629036658942167e-17
420.4236036036036 	 1.2240261418219448e-08 	 1.555474899717817e-17
420.92408408408414 	 1.222570769666387e-08 	 1.5480902189900077e-17
421.4245645645646 	 1.2211188542877562e-08 	 1.5407493101369784e-17
421.92504504504507 	 1.2196703833849389e-08 	 1.5334518621839825e-17
422.4255255255256 	 1.2182253447151167e-08 	 1.5261975667307392e-17
422.92600600600605 	 1.2167837260934236e-08 	 1.5189861179271132e-17
423.4264864864865 	 1.2153455153926023e-08 	 1.5118172124490347e-17
423.92696696696703 	 1.2139107005426639e-08 	 1.5046905494746888e-17
424.4274474474475 	 1.2124792695305516e-08 	 1.497605830660954e-17
424.92792792792795 	 1.2110512103998039e-08 	 1.4905627601200827e-17
425.4284084084085 	 1.209626511250222e-08 	 1.483561044396636e-17
425.92888888888893 	 1.2082051602375406e-08 	 1.4766003924446632e-17
426.4293693693694 	 1.2067871455730982e-08 	 1.469680515605114e-17
426.9298498498499 	 1.2053724555235118e-08 	 1.462801127583493e-17
427.4303303303304 	 1.2039610784103525e-08 	 1.4559619444277528e-17
427.93081081081084 	 1.2025530026098253e-08 	 1.4491626845064108e-17
428.43129129129136 	 1.2011482165524497e-08 	 1.442403068486906e-17
428.9317717717718 	 1.1997467087227423e-08 	 1.4356828193141754e-17
429.4322522522523 	 1.1983484676589023e-08 	 1.429001662189453e-17
429.9327327327328 	 1.196953481952499e-08 	 1.4223593245492997e-17
430.43321321321326 	 1.1955617402481628e-08 	 1.415755536044845e-17
430.9336936936937 	 1.1941732312432744e-08 	 1.4091900285212443e-17
431.4341741741742 	 1.1927879436876617e-08 	 1.4026625359973576e-17
431.9346546546547 	 1.1914058663832938e-08 	 1.3961727946456304e-17
432.43513513513517 	 1.190026988183981e-08 	 1.3897205427721954e-17
432.93561561561563 	 1.1886512979950735e-08 	 1.3833055207971662e-17
433.43609609609615 	 1.1872787847731647e-08 	 1.3769274712351472e-17
433.9365765765766 	 1.1859094375257965e-08 	 1.370586138675945e-17
434.4370570570571 	 1.184543245311164e-08 	 1.3642812697654687e-17
434.9375375375376 	 1.1831801972378252e-08 	 1.3580126131868399e-17
435.43801801801806 	 1.1818202824644116e-08 	 1.3517799196416925e-17
435.9384984984985 	 1.180463490199341e-08 	 1.3455829418316654e-17
436.43897897897904 	 1.1791098097005303e-08 	 1.339421434440083e-17
436.9394594594595 	 1.1777592302751147e-08 	 1.3332951541138353e-17
437.43993993993996 	 1.176411741279164e-08 	 1.327203859445426e-17
437.9404204204205 	 1.1750673321174038e-08 	 1.3211473109552239e-17
438.44090090090094 	 1.1737259922429382e-08 	 1.3151252710738855e-17
438.9413813813814 	 1.1723877111569729e-08 	 1.3091375041249564e-17
439.4418618618619 	 1.1710524784085423e-08 	 1.3031837763076573e-17
439.9423423423424 	 1.1697202835942371e-08 	 1.297263855679845e-17
440.44282282282285 	 1.1683911163579339e-08 	 1.2913775121411409e-17
440.94330330330337 	 1.1670649663905269e-08 	 1.2855245174162375e-17
441.44378378378383 	 1.1657418234296621e-08 	 1.2797046450383752e-17
441.9442642642643 	 1.1644216772594715e-08 	 1.2739176703329839e-17
442.4447447447448 	 1.1631045177103103e-08 	 1.2681633704014896e-17
442.9452252252253 	 1.1617903346584968e-08 	 1.2624415241052946e-17
443.44570570570573 	 1.1604791180260522e-08 	 1.2567519120499081e-17
443.94618618618625 	 1.1591708577804427e-08 	 1.2510943165692441e-17
444.4466666666667 	 1.157865543934325e-08 	 1.245468521710081e-17
444.9471471471472 	 1.1565631665452902e-08 	 1.2398743132166689e-17
445.4476276276277 	 1.1552637157156125e-08 	 1.2343114785155003e-17
445.94810810810816 	 1.1539671815919992e-08 	 1.2287798067002346e-17
446.4485885885886 	 1.1526735543653398e-08 	 1.223279088516767e-17
446.94906906906914 	 1.15138282427046e-08 	 1.217809116348455e-17
447.4495495495496 	 1.1500949815858758e-08 	 1.2123696842014903e-17
447.95003003003006 	 1.1488100166335492e-08 	 1.2069605876904186e-17
448.4505105105105 	 1.1475279197786453e-08 	 1.2015816240238026e-17
448.95099099099104 	 1.1462486814292927e-08 	 1.1962325919900311e-17
449.4514714714715 	 1.1449722920363429e-08 	 1.1909132919432679e-17
449.95195195195197 	 1.143698742093134e-08 	 1.1856235257895444e-17
450.4524324324325 	 1.1424280221352533e-08 	 1.1803630969729846e-17
450.95291291291295 	 1.1411601227403048e-08 	 1.1751318104621774e-17
451.4533933933934 	 1.1398950345276739e-08 	 1.1699294727366747e-17
451.95387387387393 	 1.1386327481582976e-08 	 1.1647558917736269e-17
452.4543543543544 	 1.137373254334435e-08 	 1.1596108770345594e-17
452.95483483483486 	 1.1361165437994376e-08 	 1.1544942394522643e-17
453.4553153153154 	 1.1348626073375236e-08 	 1.1494057914178386e-17
453.95579579579584 	 1.1336114357735526e-08 	 1.144345346767839e-17
454.4562762762763 	 1.1323630199728007e-08 	 1.1393127207715693e-17
454.9567567567568 	 1.13111735084074e-08 	 1.1343077301184929e-17
455.4572372372373 	 1.1298744193228165e-08 	 1.1293301929057699e-17
455.95771771771774 	 1.1286342164042306e-08 	 1.1243799286259122e-17
456.45819819819826 	 1.1273967331097198e-08 	 1.1194567581545692e-17
456.9586786786787 	 1.1261619605033424e-08 	 1.1145605037384262e-17
457.4591591591592 	 1.1249298896882612e-08 	 1.109690988983224e-17
457.9596396396397 	 1.123700511806531e-08 	 1.1048480388418975e-17
458.46012012012017 	 1.1224738180388862e-08 	 1.1000314796028299e-17
458.9606006006006 	 1.1212497996045289e-08 	 1.0952411388782199e-17
459.46108108108115 	 1.1200284477609204e-08 	 1.0904768455925657e-17
459.9615615615616 	 1.118809753803573e-08 	 1.0857384299712607e-17
460.46204204204207 	 1.1175937090658424e-08 	 1.0810257235293001e-17
460.9625225225226 	 1.1163803049187235e-08 	 1.0763385590600966e-17
461.46300300300305 	 1.1151695327706451e-08 	 1.07167677062441e-17
461.9634834834835 	 1.1139613840672678e-08 	 1.0670401935393748e-17
462.46396396396403 	 1.1127558502912823e-08 	 1.062428664367647e-17
462.9644444444445 	 1.1115529229622094e-08 	 1.0578420209066469e-17
463.46492492492496 	 1.1103525936362012e-08 	 1.0532801021779082e-17
463.9654054054055 	 1.1091548539058429e-08 	 1.0487427484165341e-17
464.46588588588594 	 1.1079596953999577e-08 	 1.0442298010607513e-17
464.9663663663664 	 1.1067671097834105e-08 	 1.0397411027415667e-17
465.4668468468469 	 1.1055770887569148e-08 	 1.0352764972725245e-17
465.9673273273274 	 1.1043896240568403e-08 	 1.0308358296395608e-17
466.46780780780784 	 1.1032047074550211e-08 	 1.0264189459909574e-17
466.9682882882883 	 1.1020223307585665e-08 	 1.0220256936273915e-17
467.4687687687688 	 1.1008424858096708e-08 	 1.0176559209920805e-17
467.9692492492493 	 1.0996651644854275e-08 	 1.0133094776610265e-17
468.46972972972975 	 1.0984903586976408e-08 	 1.0089862143333416e-17
468.97021021021027 	 1.0973180603926424e-08 	 1.004685982821684e-17
469.47069069069073 	 1.096148261551106e-08 	 1.0004086360427723e-17
469.9711711711712 	 1.0949809541878655e-08 	 9.961540280079936e-18
470.4716516516517 	 1.0938161303517321e-08 	 9.919220138141038e-18
470.9721321321322 	 1.0926537821253148e-08 	 9.877124496340155e-18
471.47261261261264 	 1.0914939016248409e-08 	 9.835251927076737e-18
471.97309309309315 	 1.0903364809999769e-08 	 9.793601013330165e-18
472.4735735735736 	 1.089181512433653e-08 	 9.752170348570279e-18
472.9740540540541 	 1.088028988141885e-08 	 9.710958536668661e-18
473.4745345345346 	 1.0868789003736014e-08 	 9.669964191810844e-18
473.97501501501506 	 1.0857312414104683e-08 	 9.629185938409326e-18
474.4754954954955 	 1.0845860035667178e-08 	 9.588622411017413e-18
474.97597597597604 	 1.0834431791889749e-08 	 9.548272254243832e-18
475.4764564564565 	 1.0823027606560895e-08 	 9.508134122668251e-18
475.97693693693697 	 1.0811647403789633e-08 	 9.468206680757466e-18
476.4774174174175 	 1.0800291108003858e-08 	 9.428488602782524e-18
476.97789789789795 	 1.0788958643948639e-08 	 9.388978572736504e-18
477.4783783783784 	 1.0777649936684562e-08 	 9.349675284253135e-18
477.9788588588589 	 1.0766364911586086e-08 	 9.31057744052617e-18
478.4793393393394 	 1.0755103494339902e-08 	 9.271683754229517e-18
478.97981981981985 	 1.0743865610943292e-08 	 9.232992947438124e-18
479.48030030030037 	 1.0732651187702516e-08 	 9.19450375154956e-18
479.98078078078083 	 1.0721460151231195e-08 	 9.156214907206424e-18
480.4812612612613 	 1.0710292428448718e-08 	 9.118125164219402e-18
480.9817417417418 	 1.0699147946578646e-08 	 9.080233281491053e-18
481.4822222222223 	 1.068802663314713e-08 	 9.042538026940354e-18
481.98270270270274 	 1.0676928415981347e-08 	 9.005038177427904e-18
482.48318318318326 	 1.0665853223207929e-08 	 8.967732518681814e-18
482.9836636636637 	 1.0654800983251419e-08 	 8.930619845224344e-18
483.4841441441442 	 1.0643771624832724e-08 	 8.893698960299182e-18
483.9846246246247 	 1.0632765076967589e-08 	 8.856968675799398e-18
484.48510510510516 	 1.0621781268965066e-08 	 8.820427812196072e-18
484.9855855855856 	 1.0610820130426008e-08 	 8.784075198467618e-18
485.4860660660661 	 1.059988159124156e-08 	 8.747909672029679e-18
485.9865465465466 	 1.0588965581591663e-08 	 8.71193007866576e-18
486.48702702702707 	 1.0578072031943583e-08 	 8.676135272458481e-18
486.98750750750753 	 1.0567200873050412e-08 	 8.640524115721405e-18
487.48798798798805 	 1.0556352035949612e-08 	 8.605095478931561e-18
487.9884684684685 	 1.0545525451961562e-08 	 8.569848240662584e-18
488.488948948949 	 1.0534721052688105e-08 	 8.534781287518436e-18
488.9894294294295 	 1.0523938770011094e-08 	 8.499893514067732e-18
489.48990990990995 	 1.0513178536090989e-08 	 8.465183822778757e-18
489.9903903903904 	 1.0502440283365406e-08 	 8.430651123954944e-18
490.49087087087094 	 1.0491723944547713e-08 	 8.39629433567105e-18
490.9913513513514 	 1.0481029452625637e-08 	 8.362112383709896e-18
491.49183183183186 	 1.047035674085985e-08 	 8.32810420149963e-18
491.9923123123124 	 1.0459705742782585e-08 	 8.294268730051621e-18
492.49279279279284 	 1.0449076392196262e-08 	 8.260604917898927e-18
492.9932732732733 	 1.0438468623172111e-08 	 8.227111721035268e-18
493.4937537537538 	 1.0427882370048807e-08 	 8.193788102854592e-18
493.9942342342343 	 1.041731756743113e-08 	 8.160633034091215e-18
494.49471471471475 	 1.0406774150188596e-08 	 8.127645492760448e-18
494.99519519519527 	 1.039625205345413e-08 	 8.09482446409978e-18
495.4956756756757 	 1.0385751212622748e-08 	 8.062168940510679e-18
495.9961561561562 	 1.0375271563350209e-08 	 8.029677921500759e-18
496.4966366366367 	 1.036481304155172e-08 	 7.997350413626623e-18
496.99711711711717 	 1.0354375583400621e-08 	 7.965185430437131e-18
497.49759759759763 	 1.0343959125327096e-08 	 7.933181992417235e-18
497.99807807807815 	 1.0333563604016865e-08 	 7.901339126932266e-18
498.4985585585586 	 1.0323188956409923e-08 	 7.869655868172797e-18
498.9990390390391 	 1.0312835119699245e-08 	 7.838131257099918e-18
499.4995195195196 	 1.0302502031329535e-08 	 7.806764341391084e-18
500.0 	 1.0292189628995956e-08 	 7.775554175386394e-18
