3.5233633633633636 	 3.6025165110463307e-06 	 8.976320995681721e-10
4.023843843843844 	 3.2967010241665144e-06 	 5.105905935939372e-10
4.524324324324325 	 3.0565927992305356e-06 	 3.0203664764878956e-10
5.0248048048048055 	 2.872046485230429e-06 	 1.8704891177021828e-10
5.525285285285285 	 2.83377283981313e-06 	 1.1637831268368558e-10
6.025765765765766 	 2.8065630728672404e-06 	 7.418496112606095e-11
6.526246246246247 	 2.7983382194289343e-06 	 4.4865924442230435e-11
7.026726726726727 	 2.9441338011918708e-06 	 2.684586897545542e-11
7.527207207207208 	 5.620395027372797e-06 	 1.2112194091139399e-11
8.027687687687688 	 8.552397692251154e-06 	 5.990624402648812e-12
8.528168168168168 	 1.7072851987665112e-05 	 1.0738948765272277e-11
9.02864864864865 	 2.492922656443159e-05 	 1.86713568886018e-11
9.52912912912913 	 3.180396467981321e-05 	 3.180460436127247e-11
10.029609609609611 	 3.1812153212276606e-05 	 3.4873510845243415e-11
10.530090090090091 	 2.967404318897477e-05 	 3.407144233416553e-11
11.030570570570571 	 2.7636595772718835e-05 	 3.356000674314353e-11
11.531051051051053 	 2.3929204033117357e-05 	 2.850211154894217e-11
12.031531531531533 	 2.064522445250402e-05 	 2.4800170879236655e-11
12.532012012012013 	 1.7200196633093036e-05 	 1.9701358128786625e-11
13.032492492492494 	 1.410492785685339e-05 	 1.592641014251949e-11
13.532972972972974 	 1.1869998930392583e-05 	 1.184323381893316e-11
14.033453453453454 	 9.870897833151037e-06 	 8.827900706492557e-12
14.533933933933936 	 9.900863759012046e-06 	 6.768235016984469e-12
15.034414414414416 	 9.995698825659636e-06 	 5.226006942573688e-12
15.534894894894897 	 1.0754733615269106e-05 	 4.506125676087845e-12
16.035375375375377 	 1.1511174287377464e-05 	 3.962506283120186e-12
16.535855855855857 	 1.245720502393579e-05 	 3.760996387944532e-12
17.036336336336337 	 1.3351665788370377e-05 	 3.6209379449933845e-12
17.53681681681682 	 1.415197783118911e-05 	 3.648882987453589e-12
18.0372972972973 	 1.4866385980879953e-05 	 3.6797700670649915e-12
18.53777777777778 	 1.525707291317584e-05 	 3.730455244126308e-12
19.03825825825826 	 1.556855606054237e-05 	 3.763029603267351e-12
19.53873873873874 	 1.5468986955104077e-05 	 3.73067117779542e-12
20.039219219219223 	 1.5334144065662485e-05 	 3.676941596094122e-12
20.539699699699703 	 1.4893091625189326e-05 	 3.4509786522944515e-12
21.040180180180183 	 1.4474106888868256e-05 	 3.246012856593063e-12
21.540660660660663 	 1.407563313860663e-05 	 3.0594813020666277e-12
22.041141141141143 	 1.3696254971889399e-05 	 2.889200078064595e-12
22.541621621621623 	 1.3334682670439456e-05 	 2.7332995979695627e-12
23.042102102102106 	 1.2989738598901633e-05 	 2.5901722786945967e-12
23.542582582582586 	 1.2660345332232713e-05 	 2.458429984134814e-12
24.043063063063066 	 1.2345515260574907e-05 	 2.3368692312450334e-12
24.543543543543546 	 1.204434146130155e-05 	 2.2244426015743267e-12
25.044024024024026 	 1.175154456276641e-05 	 2.1170090833746035e-12
25.54450450450451 	 1.142600993666881e-05 	 1.986172258962722e-12
26.04498498498499 	 1.1114105594210632e-05 	 1.8664542801752475e-12
26.54546546546547 	 1.0815042738159088e-05 	 1.7566861868177292e-12
27.04594594594595 	 1.0528091314864178e-05 	 1.6558431406557786e-12
27.54642642642643 	 1.025257466859129e-05 	 1.5630242389726696e-12
28.04690690690691 	 9.987864768534297e-06 	 1.4774354734120685e-12
28.547387387387392 	 9.733377938211066e-06 	 1.3983752970615213e-12
29.047867867867872 	 9.488571026634238e-06 	 1.3252223620875162e-12
29.548348348348352 	 9.252937968863723e-06 	 1.2574250698485605e-12
30.04882882882883 	 9.02646057049927e-06 	 1.1933123547337487e-12
30.54930930930931 	 8.812123144609903e-06 	 1.1234579882605251e-12
31.049789789789795 	 8.605079390238585e-06 	 1.0589008377101535e-12
31.550270270270275 	 8.404979489507477e-06 	 9.991570282238987e-13
32.05075075075076 	 8.21149549576502e-06 	 9.43793901027542e-13
32.55123123123124 	 8.0243196520291e-06 	 8.924238856640477e-13
33.05171171171172 	 7.843162862208763e-06 	 8.446991865704094e-13
33.5521921921922 	 7.6677532990498e-06 	 8.003071653585813e-13
34.05267267267268 	 7.497835135442869e-06 	 7.58966318993811e-13
34.55315315315316 	 7.33316738450229e-06 	 7.204227693254638e-13
35.053633633633645 	 7.173522840968382e-06 	 6.844471929747398e-13
35.55411411411412 	 7.018687110573764e-06 	 6.508321306476489e-13
36.054594594594604 	 6.868457720823457e-06 	 6.193896245867832e-13
36.55507507507508 	 6.7226433047296615e-06 	 5.89949140168966e-13
37.055555555555564 	 6.5810628506962815e-06 	 5.623557341282504e-13
37.55603603603605 	 6.443545012382531e-06 	 5.364684372595534e-13
38.056516516516524 	 6.309927473024028e-06 	 5.121588240117604e-13
38.55699699699701 	 6.180056359262816e-06 	 4.893097452375464e-13
39.057477477477484 	 6.053785700048999e-06 	 4.678142036443585e-13
39.55795795795797 	 5.930976926611288e-06 	 4.475743542789311e-13
40.05843843843845 	 5.811498409924497e-06 	 4.2850061475930176e-13
40.55891891891893 	 5.695225032411298e-06 	 4.105108719983042e-13
41.05939939939941 	 5.582037790977852e-06 	 3.9352977390794253e-13
41.55987987987989 	 5.471823428728932e-06 	 3.774880960661839e-13
42.06036036036037 	 5.3644740929782965e-06 	 3.623221746145727e-13
42.56084084084085 	 5.259887017391247e-06 	 3.4797339776219137e-13
43.06132132132133 	 5.157964226292243e-06 	 3.343877492269699e-13
43.56180180180181 	 5.058612259358526e-06 	 3.215153977723555e-13
44.06228228228229 	 4.961741915076378e-06 	 3.093103277127977e-13
44.56276276276277 	 4.867268011486216e-06 	 2.9773000588294844e-13
45.06324324324325 	 4.7751091628721435e-06 	 2.867350811052185e-13
45.56372372372373 	 4.685187571169712e-06 	 2.762891126603402e-13
46.064204204204216 	 4.597428830972866e-06 	 2.663583246754232e-13
46.56468468468469 	 4.511761747116583e-06 	 2.5691138370184134e-13
47.065165165165176 	 4.42811816389934e-06 	 2.479191970683546e-13
47.56564564564565 	 4.346432805087901e-06 	 2.3935472986904826e-13
48.066126126126136 	 4.266643123918647e-06 	 2.311928386862274e-13
48.56660660660662 	 4.188689162374242e-06 	 2.234101203597137e-13
49.067087087087096 	 4.112513419073435e-06 	 2.1598477429990072e-13
49.56756756756758 	 4.038060725165087e-06 	 2.0889647700568123e-13
50.068048048048055 	 3.9659391523735925e-06 	 2.0197051584212506e-13
50.56852852852854 	 3.899513388790947e-06 	 1.9440140164985524e-13
51.06900900900902 	 3.834444907850586e-06 	 1.8719359740072812e-13
51.5694894894895 	 3.770694140043545e-06 	 1.803264252683045e-13
52.06996996996998 	 3.708223036590281e-06 	 1.7378057917403586e-13
52.57045045045046 	 3.6469949970586866e-06 	 1.6753802164917818e-13
53.07093093093094 	 3.586974801077614e-06 	 1.6158188934255318e-13
53.571411411411425 	 3.528128543878085e-06 	 1.5589640637626277e-13
54.0718918918919 	 3.470423575414154e-06 	 1.504668048317065e-13
54.572372372372385 	 3.4138284428336688e-06 	 1.4527925171978365e-13
55.07285285285286 	 3.358312836085815e-06 	 1.403207818529842e-13
55.573333333333345 	 3.303847536467666e-06 	 1.3557923609407213e-13
56.07381381381382 	 3.2504043679261912e-06 	 1.3104320450704528e-13
56.574294294294305 	 3.1979561509450034e-06 	 1.267019739816736e-13
57.07477477477479 	 3.146476658857255e-06 	 1.2254547994380044e-13
57.575255255255264 	 3.0959405764370327e-06 	 1.185642618002532e-13
58.07573573573575 	 3.0463234606318005e-06 	 1.147494218001237e-13
58.576216216216224 	 2.997601703307832e-06 	 1.110925870237587e-13
59.07669669669671 	 2.9497524958892773e-06 	 1.0758587423740285e-13
59.57717717717719 	 2.9027537957795055e-06 	 1.0422185737538981e-13
60.07765765765767 	 2.856584294460772e-06 	 1.0099353743335976e-13
60.57813813813815 	 2.811223387175172e-06 	 9.789431457544844e-14
61.07861861861863 	 2.766651144096187e-06 	 9.491796227596719e-14
61.57909909909911 	 2.722848282905986e-06 	 9.205860333196763e-14
62.079579579579594 	 2.6797961426991888e-06 	 8.931068759744568e-14
62.58006006006007 	 2.637476659138812e-06 	 8.666897130293098e-14
63.080540540540554 	 2.59587234079486e-06 	 8.412849783597755e-14
63.58102102102103 	 2.5549662466003908e-06 	 8.168457986874142e-14
64.0815015015015 	 2.5147419643639845e-06 	 7.933278272850967e-14
64.58198198198198 	 2.4751835902812687e-06 	 7.706890891583285e-14
65.08246246246247 	 2.436275709391776e-06 	 7.488898368290013e-14
65.58294294294295 	 2.3980033769305844e-06 	 7.278924159205448e-14
66.08342342342343 	 2.3603521005273278e-06 	 7.076611398095602e-14
66.5839039039039 	 2.3233078232080008e-06 	 6.881621726691763e-14
67.08438438438439 	 2.286856907152343e-06 	 6.693634202826772e-14
67.58486486486487 	 2.250986118204282e-06 	 6.51234428068286e-14
68.08534534534535 	 2.2156826109875765e-06 	 6.337462857584481e-14
68.58582582582584 	 2.1809339147762677e-06 	 6.168715383050598e-14
69.08630630630631 	 2.1467279199024567e-06 	 6.005841025121392e-14
69.58678678678679 	 2.1130528647810955e-06 	 5.848591890187058e-14
70.08726726726728 	 2.0811498119780505e-06 	 5.694671829063548e-14
70.58774774774776 	 2.055607319841662e-06 	 5.536500321102296e-14
71.08822822822823 	 2.0304309804743006e-06 	 5.3838392962358694e-14
71.58870870870871 	 2.00561312325284e-06 	 5.2364594745122566e-14
72.0891891891892 	 1.9811462905348665e-06 	 5.0941426327564997e-14
72.58966966966968 	 1.9570232302938445e-06 	 4.95668099940994e-14
73.09015015015015 	 1.93323688910203e-06 	 4.8238766864810135e-14
73.59063063063064 	 1.9097804053660714e-06 	 4.695541155902012e-14
74.09111111111112 	 1.8866471028501497e-06 	 4.5714947181070886e-14
74.5915915915916 	 1.8638304844570083e-06 	 4.4515660606457875e-14
75.09207207207209 	 1.8413242262609527e-06 	 4.335591804861302e-14
75.59255255255256 	 1.8191221717709886e-06 	 4.223416088765981e-14
76.09303303303304 	 1.7972183264276419e-06 	 4.114890174438219e-14
76.59351351351351 	 1.775606852311864e-06 	 4.009872078325043e-14
77.093993993994 	 1.7542820630600721e-06 	 3.908226222983758e-14
77.59447447447448 	 1.7332384189774347e-06 	 3.8098231088936266e-14
78.09495495495496 	 1.7124705223373433e-06 	 3.7145390050539417e-14
78.59543543543545 	 1.6919731128624779e-06 	 3.6222556571895735e-14
79.09591591591592 	 1.6717410633749523e-06 	 3.532860012448353e-14
79.5963963963964 	 1.651769375612024e-06 	 3.446243959569644e-14
80.09687687687689 	 1.6320531762002712e-06 	 3.3623040835645356e-14
80.59735735735737 	 1.6125877127754385e-06 	 3.2809414340009115e-14
81.09783783783784 	 1.5933683502510854e-06 	 3.202061306079344e-14
81.59831831831832 	 1.5743905672198094e-06 	 3.125573033700738e-14
82.09879879879881 	 1.5556499524902296e-06 	 3.051389793817844e-14
82.59927927927929 	 1.5371422017463213e-06 	 2.9794284213763645e-14
83.09975975975976 	 1.5188631143303647e-06 	 2.9096092342251393e-14
83.60024024024025 	 1.5008085901395857e-06 	 2.8418558673933563e-14
84.10072072072073 	 1.4829746266339928e-06 	 2.7760951161856328e-14
84.6012012012012 	 1.4653573159512983e-06 	 2.7122567875777137e-14
85.10168168168168 	 1.4479528421222304e-06 	 2.6502735594236933e-14
85.60216216216217 	 1.4307574783850407e-06 	 2.5900808470265092e-14
86.10264264264265 	 1.413767584592314e-06 	 2.53161667664131e-14
86.60312312312313 	 1.3969796047083892e-06 	 2.4748215655173946e-14
87.10360360360362 	 1.380390064393192e-06 	 2.419638408104525e-14
87.60408408408409 	 1.3639955686684536e-06 	 2.3660123680726582e-14
88.10456456456457 	 1.3477927996637393e-06 	 2.3138907758182778e-14
88.60504504504506 	 1.3317785144387204e-06 	 2.2632230311486423e-14
89.10552552552554 	 1.3159495428790102e-06 	 2.2139605108555597e-14
89.60600600600601 	 1.300302785662367e-06 	 2.1660564809067106e-14
90.10648648648649 	 1.2848352122926937e-06 	 2.1194660129999657e-14
90.60696696696698 	 1.2695438591992845e-06 	 2.0741459052412983e-14
91.10744744744746 	 1.2544258278986276e-06 	 2.0300546067208828e-14
91.60792792792793 	 1.2394782832164907e-06 	 1.9871521457758545e-14
92.10840840840842 	 1.2246984515679946e-06 	 1.9454000617406924e-14
92.6088888888889 	 1.2100836192934237e-06 	 1.9047613399977292e-14
93.10936936936938 	 1.195631131047725e-06 	 1.865200350151567e-14
93.60984984984987 	 1.1813383882417791e-06 	 1.826682787161493e-14
94.11033033033034 	 1.1672028475328588e-06 	 1.7891756152745272e-14
94.61081081081082 	 1.1532220193640823e-06 	 1.7526470146142914e-14
95.1112912912913 	 1.1393934665489022e-06 	 1.717066330283465e-14
95.61177177177179 	 1.1257148029005961e-06 	 1.6824040238514884e-14
96.11225225225226 	 1.1121836919044617e-06 	 1.6486316271030205e-14
96.61273273273274 	 1.0987978454312764e-06 	 1.615721697930834e-14
97.11321321321323 	 1.0855550224905504e-06 	 1.583647778263335e-14
97.6136936936937 	 1.0724530280221389e-06 	 1.552384353922898e-14
98.11417417417418 	 1.0594897117248123e-06 	 1.5219068163170938e-14
98.61465465465466 	 1.0466629669205319e-06 	 1.4921914258703242e-14
99.11513513513515 	 1.0339707294530965e-06 	 1.4632152771084187e-14
99.61561561561562 	 1.0214109766200271e-06 	 1.4349562653136525e-14
100.1160960960961 	 1.0098691112775877e-06 	 1.407188170172891e-14
100.61657657657659 	 1.0013677162364086e-06 	 1.3794343714533236e-14
101.11705705705707 	 9.929509957370828e-07 	 1.352363548768593e-14
101.61753753753754 	 9.846176995773828e-07 	 1.325955626846543e-14
102.11801801801803 	 9.763666020632175e-07 	 1.3001912153536195e-14
102.61849849849851 	 9.68196501410993e-07 	 1.275051582324099e-14
103.11897897897899 	 9.601062191673637e-07 	 1.250518628743032e-14
103.61945945945946 	 9.520945996458125e-07 	 1.2265748642275433e-14
104.11993993993995 	 9.441605093794782e-07 	 1.2032033837539931e-14
104.62042042042043 	 9.363028365896796e-07 	 1.1803878453812735e-14
105.1209009009009 	 9.285204906696341e-07 	 1.1581124489231068e-14
105.6213813813814 	 9.208124016828432e-07 	 1.1363619155246398e-14
106.12186186186187 	 9.131775198756802e-07 	 1.1151214681009456e-14
106.62234234234235 	 9.056148152037015e-07 	 1.0943768125972048e-14
107.12282282282284 	 8.981232768712353e-07 	 1.0741141200324125e-14
107.62330330330332 	 8.90701912883821e-07 	 1.054320009290387e-14
108.1237837837838 	 8.833497496130733e-07 	 1.0349815306236731e-14
108.62426426426427 	 8.760658313735798e-07 	 1.0160861498377113e-14
109.12474474474476 	 8.688492200114393e-07 	 9.976217331242235e-15
109.62522522522524 	 8.616989945040705e-07 	 9.795765325143668e-15
110.12570570570571 	 8.546142505709335e-07 	 9.619391719236323e-15
110.6261861861862 	 8.475941002948222e-07 	 9.446986337618798e-15
111.12666666666668 	 8.406376717533827e-07 	 9.278442460831982e-15
111.62714714714716 	 8.337441086605488e-07 	 9.113656702515068e-15
112.12762762762763 	 8.269125700175784e-07 	 8.95252889099027e-15
112.62810810810812 	 8.201422297733991e-07 	 8.794961955558315e-15
113.1285885885886 	 8.134322764939607e-07 	 8.640861817297458e-15
113.62906906906908 	 8.067819130403317e-07 	 8.490137284168645e-15
114.12954954954957 	 8.001903562552661e-07 	 8.34269995023925e-15
114.63003003003004 	 7.936568366579782e-07 	 8.198464098846259e-15
115.13051051051052 	 7.871805981468763e-07 	 8.057346609528705e-15
115.63099099099101 	 7.807608977100252e-07 	 7.919266868567134e-15
116.13147147147149 	 7.743970051430829e-07 	 7.78414668297525e-15
116.63195195195196 	 7.680882027745132e-07 	 7.651910197796665e-15
117.13243243243244 	 7.618337851978282e-07 	 7.522483816565975e-15
117.63291291291293 	 7.556330590106799e-07 	 7.3957961248005e-15
118.1333933933934 	 7.494853425605765e-07 	 7.271777816394788e-15
118.63387387387388 	 7.43389965697033e-07 	 7.150361622796025e-15
119.13435435435437 	 7.373462695299748e-07 	 7.031482244844265e-15
119.63483483483485 	 7.313536061942049e-07 	 6.915076287166464e-15
120.13531531531532 	 7.254113386197536e-07 	 6.801082195018454e-15
120.63579579579581 	 7.195188403079484e-07 	 6.689440193473846e-15
121.13627627627629 	 7.136754951130358e-07 	 6.580092228863384e-15
121.63675675675677 	 7.078806970291922e-07 	 6.4729819123725806e-15
122.13723723723724 	 7.0213384998277e-07 	 6.3680544657095975e-15
122.63771771771773 	 6.964343676296352e-07 	 6.265256668759433e-15
123.13819819819821 	 6.907816731574441e-07 	 6.16453680914392e-15
123.63867867867869 	 6.85175199092723e-07 	 6.0658446336108395e-15
124.13915915915918 	 6.796143871126111e-07 	 5.969131301178738e-15
124.63963963963965 	 6.74098687861148e-07 	 5.874349337967356e-15
125.14012012012013 	 6.686275607699592e-07 	 5.781452593646408e-15
125.64060060060062 	 6.632004738832349e-07 	 5.6903961994387825e-15
126.1410810810811 	 6.578169036868688e-07 	 5.60113652761655e-15
126.64156156156157 	 6.52476334941656e-07 	 5.513631152431225e-15
127.14204204204205 	 6.471782605204244e-07 	 5.427838812422022e-15
127.64252252252254 	 6.419221812489995e-07 	 5.343719374048288e-15
128.14300300300303 	 6.367076057508963e-07 	 5.261233796594715e-15
128.64348348348352 	 6.315340502956371e-07 	 5.180344098299983e-15
129.14396396396398 	 6.264010386505951e-07 	 5.101013323661646e-15
129.64444444444447 	 6.213081019362693e-07 	 5.0232055118720536e-15
130.14492492492496 	 6.16254778484901e-07 	 4.946885666342059e-15
130.64540540540543 	 6.112406137023381e-07 	 4.872019725270958e-15
131.14588588588592 	 6.062651599330618e-07 	 4.7985745332229206e-15
131.6463663663664 	 6.013279763282938e-07 	 4.726517813671888e-15
132.14684684684687 	 5.964286287171003e-07 	 4.655818142478343e-15
132.64732732732736 	 5.915666894804127e-07 	 4.586444922262979e-15
133.14780780780782 	 5.86741737427889e-07 	 4.518368357643679e-15
133.6482882882883 	 5.819533576775478e-07 	 4.451559431303675e-15
134.1487687687688 	 5.772011415380862e-07 	 4.3859898808599224e-15
134.64924924924927 	 5.72484686393832e-07 	 4.321632176502146e-15
135.14972972972976 	 5.678035955922486e-07 	 4.258459499374136e-15
135.65021021021025 	 5.63157478333926e-07 	 4.196445720669935e-15
136.1506906906907 	 5.585459495650065e-07 	 4.1355653814189015e-15
136.6511711711712 	 5.539686298719659e-07 	 4.075793672934356e-15
137.1516516516517 	 5.494251453787062e-07 	 4.017106417901865e-15
137.65213213213215 	 5.449151276458855e-07 	 3.959480052083843e-15
138.15261261261264 	 5.404382135724428e-07 	 3.902891606618355e-15
138.65309309309313 	 5.359940452992501e-07 	 3.847318690890693e-15
139.1535735735736 	 5.315822701148502e-07 	 3.7927394759572814e-15
139.6540540540541 	 5.27202540363212e-07 	 3.739132678502063e-15
140.15453453453458 	 5.228545133534708e-07 	 3.6864775453066045e-15
140.65501501501504 	 5.185378512715936e-07 	 3.634753838215579e-15
141.15549549549553 	 5.142522210939182e-07 	 3.583941819580177e-15
141.65597597597602 	 5.099972945025337e-07 	 3.5340222381626556e-15
142.15645645645648 	 5.057727478024399e-07 	 3.484976315485799e-15
142.65693693693697 	 5.015782618404571e-07 	 3.436785732611783e-15
143.15741741741743 	 4.974135219258349e-07 	 3.3894326173355137e-15
143.65789789789793 	 4.932782177525173e-07 	 3.3428995317779442e-15
144.15837837837842 	 4.891720433230333e-07 	 3.297169460365716e-15
144.65885885885888 	 4.850946968739604e-07 	 3.252225798183612e-15
145.15933933933937 	 4.81045880802935e-07 	 3.2080523396871895e-15
145.65981981981986 	 4.770253015971666e-07 	 3.164633267763159e-15
146.16030030030032 	 4.7303266976341924e-07 	 3.121953143125671e-15
146.6607807807808 	 4.6906769975942673e-07 	 3.0799968940371165e-15
147.1612612612613 	 4.651301099267105e-07 	 3.038749806342425e-15
147.66174174174176 	 4.612196224247591e-07 	 2.998197513806268e-15
148.16222222222225 	 4.573359631665433e-07 	 2.958325988742972e-15
148.66270270270275 	 4.5347886175533687e-07 	 2.9191215329293767e-15
149.1631831831832 	 4.4964805142280563e-07 	 2.880570768791103e-15
149.6636636636637 	 4.458432689683371e-07 	 2.8426606308531387e-15
150.1641441441442 	 4.424447083574325e-07 	 2.805243135032986e-15
150.66462462462465 	 4.398458685118498e-07 	 2.7681694473402642e-15
151.16510510510514 	 4.3726428870156026e-07 	 2.731707112521027e-15
151.6655855855856 	 4.3469979813275675e-07 	 2.6958440716884066e-15
152.1660660660661 	 4.321522282586053e-07 	 2.660568542510641e-15
152.66654654654658 	 4.296214127424109e-07 	 2.6258690119874065e-15
153.16702702702705 	 4.271071874215109e-07 	 2.5917342294377213e-15
153.66750750750754 	 4.2460939027187116e-07 	 2.5581531996925215e-15
154.16798798798803 	 4.22127861373373e-07 	 2.5251151764853217e-15
154.6684684684685 	 4.196624428757735e-07 	 2.4926096560345415e-15
155.16894894894898 	 4.172129789653241e-07 	 2.4606263708113886e-15
155.66942942942947 	 4.1477931583203423e-07 	 2.429155283487321e-15
156.16990990990993 	 4.123613016375644e-07 	 2.398186581055364e-15
156.67039039039042 	 4.0995878648373294e-07 	 2.3677106691197656e-15
157.1708708708709 	 4.075716223816269e-07 	 2.3377181663486516e-15
157.67135135135138 	 4.0519966322129937e-07 	 2.3081998990844973e-15
158.17183183183187 	 4.028427647420421e-07 	 2.2791468961074764e-15
158.67231231231236 	 4.005007845032238e-07 	 2.250550383546894e-15
159.17279279279282 	 3.981735818556728e-07 	 2.2224017799360073e-15
159.6732732732733 	 3.958610179136034e-07 	 2.1946926914058275e-15
160.1737537537538 	 3.9356295552706684e-07 	 2.167414907013537e-15
160.67423423423426 	 3.9127925925491473e-07 	 2.140560394201356e-15
161.17471471471475 	 3.890097953382691e-07 	 2.1141212943818165e-15
161.67519519519522 	 3.8675443167448495e-07 	 2.0880899186455755e-15
162.1756756756757 	 3.845130377915932e-07 	 2.06245874358796e-15
162.6761561561562 	 3.8228548482321745e-07 	 2.0372204072506284e-15
163.17663663663666 	 3.8007164548395024e-07 	 2.012367705174838e-15
163.67711711711715 	 3.778713940451826e-07 	 1.9878935865628883e-15
164.17759759759764 	 3.7568460631137494e-07 	 1.9637911505445027e-15
164.6780780780781 	 3.735111595967628e-07 	 1.9400536425449376e-15
165.1785585585586 	 3.7135093270248094e-07 	 1.9166744507517293e-15
165.67903903903908 	 3.6920380589410784e-07 	 1.893647102677191e-15
166.17951951951954 	 3.6706966087961354e-07 	 1.8709652618136876e-15
166.68000000000004 	 3.649483807877016e-07 	 1.8486227243789657e-15
167.18048048048053 	 3.628398501465476e-07 	 1.8266134161488928e-15
167.680960960961 	 3.6074395486291104e-07 	 1.804931389374901e-15
168.18144144144148 	 3.5866058220162376e-07 	 1.7835708197837174e-15
168.68192192192197 	 3.565896207654428e-07 	 1.7625260036569113e-15
169.18240240240243 	 3.545309604752615e-07 	 1.741791354987919e-15
169.68288288288292 	 3.524844925506695e-07 	 1.7213614027142388e-15
170.18336336336338 	 3.504501094908572e-07 	 1.7012307880226411e-15
170.68384384384387 	 3.4842770505585493e-07 	 1.6813942617252247e-15
171.18432432432436 	 3.464171742481021e-07 	 1.6618466817042618e-15
171.68480480480483 	 3.444184132943378e-07 	 1.6425830104238528e-15
172.18528528528532 	 3.424313196278077e-07 	 1.6235983125064317e-15
172.6857657657658 	 3.404557918707827e-07 	 1.6048877523722715e-15
173.18624624624627 	 3.384917298173754e-07 	 1.5864465919401533e-15
173.68672672672676 	 3.365390344166578e-07 	 1.5682701883874503e-15
174.18720720720725 	 3.3459760775606997e-07 	 1.5503539919679598e-15
174.6876876876877 	 3.3266735304511166e-07 	 1.5326935438857628e-15
175.1881681681682 	 3.3074817459931495e-07 	 1.5152844742235877e-15
175.6886486486487 	 3.288399778244913e-07 	 1.4981224999241044e-15
176.18912912912916 	 3.2694266920124516e-07 	 1.4812034228226168e-15
176.68960960960965 	 3.2505615626975295e-07 	 1.4645231277297664e-15
177.19009009009014 	 3.2318034761479854e-07 	 1.4480775805628009e-15
177.6905705705706 	 3.213151528510628e-07 	 1.4318628265240343e-15
178.1910510510511 	 3.1946048260865895e-07 	 1.415874988325211e-15
178.69153153153155 	 3.176162485189142e-07 	 1.4001102644564793e-15
179.19201201201204 	 3.15782363200386e-07 	 1.384564927498708e-15
179.69249249249253 	 3.139587402451157e-07 	 1.369235322477992e-15
180.192972972973 	 3.12145294205108e-07 	 1.3541178652611352e-15
180.6934534534535 	 3.103419405790368e-07 	 1.339209040990999e-15
181.19393393393398 	 3.0854859579917175e-07 	 1.3245054025606215e-15
181.69441441441444 	 3.0676517721851927e-07 	 1.3100035691250317e-15
182.19489489489493 	 3.049916030981773e-07 	 1.295700224649744e-15
182.69537537537542 	 3.0322779259489684e-07 	 1.281592116494912e-15
183.19585585585588 	 3.014736657488468e-07 	 1.2676760540341748e-15
183.69633633633637 	 2.9972914347158047e-07 	 1.253948907307276e-15
184.19681681681686 	 2.979941475341972e-07 	 1.2404076057055099e-15
184.69729729729733 	 2.962686005556965e-07 	 1.2270491366891254e-15
185.19777777777782 	 2.9455242599152074e-07 	 1.2138705445358228e-15
185.6982582582583 	 2.928455481222846e-07 	 1.2008689291195152e-15
186.19873873873877 	 2.911478920426849e-07 	 1.1880414447185325e-15
186.69921921921926 	 2.8945938365058736e-07 	 1.175385298852476e-15
187.19969969969975 	 2.877799496362935e-07 	 1.1628977511470044e-15
187.7001801801802 	 2.861095174719728e-07 	 1.150576112225727e-15
188.2006606606607 	 2.8444801540126834e-07 	 1.1384177426285765e-15
188.70114114114116 	 2.8279537242906614e-07 	 1.1264200517558972e-15
189.20162162162165 	 2.811515183114252e-07 	 1.1145804968375917e-15
189.70210210210215 	 2.795163835456713e-07 	 1.1028965819266784e-15
190.2025825825826 	 2.7788989936064197e-07 	 1.0913658569166014e-15
190.7030630630631 	 2.7627199770708867e-07 	 1.0799859165816752e-15
191.2035435435436 	 2.7466261124822967e-07 	 1.068754399640077e-15
191.70402402402405 	 2.730616733504472e-07 	 1.0576689878387709e-15
192.20450450450454 	 2.7146911807413504e-07 	 1.0467274050598213e-15
192.70498498498503 	 2.6988488016468533e-07 	 1.035927416447534e-15
193.2054654654655 	 2.6830889504361697e-07 	 1.025266827555872e-15
193.70594594594598 	 2.667410987998401e-07 	 1.01474348351565e-15
194.20642642642648 	 2.651814281810572e-07 	 1.0043552682209714e-15
194.70690690690694 	 2.636298205852963e-07 	 9.941001035344454e-16
195.20738738738743 	 2.6208621405257355e-07 	 9.839759485106778e-16
195.70786786786792 	 2.605505472566854e-07 	 9.739807986375754e-16
196.20834834834838 	 2.590227594971249e-07 	 9.641126850950318e-16
196.70882882882887 	 2.575027906911227e-07 	 9.543696740305223e-16
197.20930930930933 	 2.5599058136580716e-07 	 9.447498658511987e-16
197.70978978978982 	 2.5448607265048604e-07 	 9.35251394532069e-16
198.2102702702703 	 2.529892062690439e-07 	 9.258724269398464e-16
198.71075075075078 	 2.51499924532454e-07 	 9.166111621720896e-16
199.21123123123127 	 2.5001817033140364e-07 	 9.074658309112214e-16
199.71171171171176 	 2.485438871290304e-07 	 8.984346947930998e-16
200.21219219219222 	 2.4725855318049303e-07 	 8.895024731486787e-16
200.7126726726727 	 2.4622566724283805e-07 	 8.806629316497461e-16
201.2131531531532 	 2.45197925765076e-07 	 8.71932982380942e-16
201.71363363363366 	 2.4417529046165553e-07 	 8.633109989363927e-16
202.21411411411415 	 2.431577234260517e-07 	 8.547953829976842e-16
202.71459459459464 	 2.421451871260876e-07 	 8.463845637809214e-16
203.2150750750751 	 2.411376443993248e-07 	 8.38076997496005e-16
203.7155555555556 	 2.4013505844852104e-07 	 8.298711668178133e-16
204.2160360360361 	 2.391373928371551e-07 	 8.21765580369022e-16
204.71651651651655 	 2.3814461148501828e-07 	 8.137587722142597e-16
205.21699699699704 	 2.3715667866386888e-07 	 8.058493013653298e-16
205.71747747747753 	 2.361735589931502e-07 	 7.980357512972266e-16
206.217957957958 	 2.351952174357731e-07 	 7.903167294747008e-16
206.71843843843848 	 2.3422161929395697e-07 	 7.8269086688909e-16
207.21891891891894 	 2.3325273020513243e-07 	 7.751568176051997e-16
207.71939939939944 	 2.3228851613790283e-07 	 7.677132583179638e-16
208.21987987987993 	 2.3132894338806507e-07 	 7.603588879186792e-16
208.7203603603604 	 2.3037397857468596e-07 	 7.53092427070561e-16
209.22084084084088 	 2.2942358863623555e-07 	 7.459126177934049e-16
209.72132132132137 	 2.284777408267769e-07 	 7.388182230571507e-16
210.22180180180183 	 2.2753640271220884e-07 	 7.318080263841217e-16
210.72228228228232 	 2.2659954216656247e-07 	 7.248808314597305e-16
211.2227627627628 	 2.2566712736835117e-07 	 7.180354617514777e-16
211.72324324324327 	 2.2473912679697215e-07 	 7.112707601360163e-16
212.22372372372377 	 2.2381550922915774e-07 	 7.045855885341093e-16
212.72420420420426 	 2.2289624373547775e-07 	 6.979788275532962e-16
213.22468468468472 	 2.2198129967689244e-07 	 6.91449376138083e-16
213.7251651651652 	 2.2107064670135034e-07 	 6.849961512274777e-16
214.2256456456457 	 2.201642547404375e-07 	 6.786180874197079e-16
214.72612612612616 	 2.1926209400607115e-07 	 6.723141366439487e-16
215.22660660660665 	 2.183641349872412e-07 	 6.66083267838898e-16
215.7270870870871 	 2.1747034844679478e-07 	 6.599244666380431e-16
216.2275675675676 	 2.1658070541826835e-07 	 6.538367350614635e-16
216.7280480480481 	 2.1569517720276185e-07 	 6.478190912140209e-16
217.22852852852856 	 2.1481373536585605e-07 	 6.418705689897831e-16
217.72900900900905 	 2.1393635173457256e-07 	 6.359902177825458e-16
218.22948948948954 	 2.1306299839437724e-07 	 6.301771022023188e-16
218.72996996997 	 2.1219364768622233e-07 	 6.244303017976189e-16
219.2304504504505 	 2.1132827220363017e-07 	 6.187489107834612e-16
219.73093093093098 	 2.1046684478981756e-07 	 6.131320377749072e-16
220.23141141141144 	 2.0960933853485802e-07 	 6.075788055260435e-16
220.73189189189193 	 2.08755726772883e-07 	 6.02088350674274e-16
221.23237237237242 	 2.0790598307932244e-07 	 5.966598234898012e-16
221.7328528528529 	 2.0706008126818006e-07 	 5.912923876301808e-16
222.23333333333338 	 2.0621799538934773e-07 	 5.859852198998365e-16
222.73381381381387 	 2.0537969972595551e-07 	 5.80737510014424e-16
223.23429429429433 	 2.0454516879175675e-07 	 5.755484603699364e-16
223.73477477477482 	 2.0371437732854834e-07 	 5.704172858164398e-16
224.23525525525528 	 2.028873003036265e-07 	 5.653432134363468e-16
224.73573573573577 	 2.0206391290727562e-07 	 5.603254823271162e-16
225.23621621621626 	 2.012441905502904e-07 	 5.553633433882861e-16
225.73669669669673 	 2.0042810886153203e-07 	 5.504560591127461e-16
226.23717717717722 	 1.9961564368551558e-07 	 5.456029033821504e-16
226.7376576576577 	 1.988067710800304e-07 	 5.408031612663866e-16
227.23813813813817 	 1.9800146731379138e-07 	 5.360561288270035e-16
227.73861861861866 	 1.9719970886412111e-07 	 5.313611129245189e-16
228.23909909909915 	 1.964014724146627e-07 	 5.26717431029517e-16
228.7395795795796 	 1.9560673485312322e-07 	 5.221244110374579e-16
229.2400600600601 	 1.9481547326904486e-07 	 5.175813910871094e-16
229.7405405405406 	 1.940276649516079e-07 	 5.130877193825361e-16
230.24102102102106 	 1.932432873874604e-07 	 5.086427540185571e-16
230.74150150150155 	 1.924623182585758e-07 	 5.042458628095953e-16
231.24198198198204 	 1.9168473544014088e-07 	 4.998964231218665e-16
231.7424624624625 	 1.9091051699846756e-07 	 4.955938217088019e-16
232.242942942943 	 1.901396411889352e-07 	 4.913374545496695e-16
232.74342342342348 	 1.8937208645395678e-07 	 4.871267266912998e-16
233.24390390390394 	 1.8860783142097226e-07 	 4.829610520928629e-16
233.74438438438443 	 1.8784685490046837e-07 	 4.788398534736294e-16
234.2448648648649 	 1.870891358840225e-07 	 4.747625621636481e-16
234.74534534534538 	 1.863346535423727e-07 	 4.707286179572826e-16
235.24582582582588 	 1.855833872235117e-07 	 4.667374689695433e-16
235.74630630630634 	 1.8483531645080553e-07 	 4.627885714951586e-16
236.24678678678683 	 1.840904209211353e-07 	 4.588813898703207e-16
236.74726726726732 	 1.8334868050306418e-07 	 4.55015396337063e-16
237.24774774774778 	 1.826100752350258e-07 	 4.511900709101962e-16
237.74822822822827 	 1.8187458532353653e-07 	 4.474049012467637e-16
238.24870870870876 	 1.8114219114142967e-07 	 4.4365938251795705e-16
238.74918918918922 	 1.8041287322611357e-07 	 4.3995301728344287e-16
239.24966966966971 	 1.7968661227784812e-07 	 4.3628531536804295e-16
239.7501501501502 	 1.7896338915804687e-07 	 4.3265579374073456e-16
240.25063063063067 	 1.7824318488759746e-07 	 4.29063976395906e-16
240.75111111111116 	 1.7752598064520488e-07 	 4.255093942368294e-16
241.25159159159165 	 1.7681175776575294e-07 	 4.2199158496130395e-16
241.7520720720721 	 1.761004977386898e-07 	 4.1851009294942496e-16
242.2525525525526 	 1.7539218220642935e-07 	 4.150644691534298e-16
242.75303303303306 	 1.7468679296277584e-07 	 4.1165427098958993e-16
243.25351351351355 	 1.7398431195136533e-07 	 4.0827906223208925e-16
243.75399399399404 	 1.7328472126412843e-07 	 4.049384129088686e-16
244.2544744744745 	 1.7258800313977083e-07 	 4.0163189919937854e-16
244.754954954955 	 1.71894139962272e-07 	 3.9835910333421034e-16
245.2554354354355 	 1.7120311425940357e-07 	 3.951196134965681e-16
245.75591591591595 	 1.7051490870126535e-07 	 3.919130237255399e-16
246.25639639639644 	 1.698295060988383e-07 	 3.887389338211322e-16
246.75687687687693 	 1.6914688940255598e-07 	 3.855969492510368e-16
247.2573573573574 	 1.68467041700894e-07 	 3.824866810590875e-16
247.75783783783788 	 1.677899462189748e-07 	 3.794077457753801e-16
248.25831831831837 	 1.6711558631719105e-07 	 3.7635976532801907e-16
248.75879879879884 	 1.664439454898438e-07 	 3.7334236695645204e-16
249.25927927927933 	 1.657750073637995e-07 	 3.70355183126376e-16
249.75975975975982 	 1.6510875569716107e-07 	 3.673978514461664e-16
250.26024024024028 	 1.6444517437795524e-07 	 3.6447001458480814e-16
250.76072072072077 	 1.637842474228369e-07 	 3.615713201913e-16
251.26120120120126 	 1.6312595897580743e-07 	 3.587014208154973e-16
251.76168168168172 	 1.6247029330694913e-07 	 3.558599738303673e-16
252.2621621621622 	 1.618172348111744e-07 	 3.5304664135563015e-16
252.76264264264267 	 1.611667680069902e-07 	 3.5026109018275634e-16
253.26312312312317 	 1.605188775352765e-07 	 3.4750299170129547e-16
253.76360360360366 	 1.5987354815807974e-07 	 3.44772021826509e-16
254.26408408408412 	 1.592307647574203e-07 	 3.420678609282809e-16
254.7645645645646 	 1.5859051233411386e-07 	 3.3939019376128287e-16
255.2650450450451 	 1.5795277600660749e-07 	 3.367387093963696e-16
255.76552552552556 	 1.5731754100982776e-07 	 3.3411310115317684e-16
256.266006006006 	 1.5668479269404423e-07 	 3.3151306653390234e-16
256.7664864864865 	 1.560545165237446e-07 	 3.2893830715824685e-16
257.266966966967 	 1.5542669807652437e-07 	 3.263885286994886e-16
257.76744744744747 	 1.5480132304198869e-07 	 3.238634408216761e-16
258.26792792792793 	 1.5417837722066615e-07 	 3.213627571179071e-16
258.76840840840845 	 1.5355784652293781e-07 	 3.188861950496873e-16
259.2688888888889 	 1.5293971696797532e-07 	 3.1643347588733285e-16
259.7693693693694 	 1.5232397468269378e-07 	 3.1400432465140817e-16
260.2698498498499 	 1.5171060590071548e-07 	 3.1159847005517234e-16
260.77033033033035 	 1.510995969613463e-07 	 3.0921564444801974e-16
261.2708108108108 	 1.5049093430856293e-07 	 3.0685558375988874e-16
261.77129129129133 	 1.4988460449001276e-07 	 3.0451802744663097e-16
262.2717717717718 	 1.4928059415602483e-07 	 3.022027184363119e-16
262.77225225225226 	 1.4867889005863107e-07 	 2.9990940307642864e-16
263.2727327327328 	 1.4807947905060088e-07 	 2.976378310820343e-16
263.77321321321324 	 1.474823480844843e-07 	 2.953877554847404e-16
264.2736936936937 	 1.4688748421166794e-07 	 2.9315893258258975e-16
264.7741741741742 	 1.4629487458144086e-07 	 2.909511218907778e-16
265.2746546546547 	 1.4570450644007033e-07 	 2.887640860932107e-16
265.77513513513514 	 1.4511636712988945e-07 	 2.8659759099488017e-16
266.2756156156156 	 1.445304440883942e-07 	 2.8445140547504465e-16
266.7760960960961 	 1.4394672484735034e-07 	 2.823253014411972e-16
267.2765765765766 	 1.433651970319116e-07 	 2.8021905378380764e-16
267.77705705705705 	 1.4278584835974606e-07 	 2.7813244033182384e-16
268.27753753753757 	 1.4220866664017403e-07 	 2.7606524180891967e-16
268.77801801801803 	 1.4163363977331426e-07 	 2.7401724179047426e-16
269.2784984984985 	 1.4106075574923996e-07 	 2.719882266612657e-16
269.778978978979 	 1.404900026471452e-07 	 2.6997798557387523e-16
270.2794594594595 	 1.39921368634519e-07 	 2.6798631040777913e-16
270.77993993993994 	 1.3935484196632957e-07 	 2.6601299572911925e-16
271.28042042042046 	 1.3879041098421758e-07 	 2.6405783875114157e-16
271.7809009009009 	 1.3822806411569798e-07 	 2.621206392952902e-16
272.2813813813814 	 1.376677898733706e-07 	 2.6020119975293833e-16
272.7818618618619 	 1.3710957685414002e-07 	 2.582993250477557e-16
273.28234234234236 	 1.3655341373844325e-07 	 2.5641482259869116e-16
273.7828228228228 	 1.3599928928948628e-07 	 2.5454750228356346e-16
274.28330330330334 	 1.3544719235248907e-07 	 2.526971764032493e-16
274.7837837837838 	 1.348971118539388e-07 	 2.5086365964645717e-16
275.28426426426427 	 1.343490368008507e-07 	 2.490467690550747e-16
275.7847447447448 	 1.338029562800377e-07 	 2.4724632399008266e-16
276.28522522522525 	 1.3325885945738748e-07 	 2.4546214609802196e-16
276.7857057057057 	 1.3271673557714776e-07 	 2.4369405927800524e-16
277.2861861861862 	 1.3217657396121902e-07 	 2.4194188964926485e-16
277.7866666666667 	 1.31638364008455e-07 	 2.4020546551922336e-16
278.28714714714715 	 1.3110209519397052e-07 	 2.3848461735208024e-16
278.78762762762767 	 1.3056775706845755e-07 	 2.3677917773790736e-16
279.28810810810813 	 1.3003533925750717e-07 	 2.350889813622386e-16
279.7885885885886 	 1.2950483146094044e-07 	 2.334138649761485e-16
280.2890690690691 	 1.2897622345214515e-07 	 2.3175366736681375e-16
280.7895495495496 	 1.2844950507742074e-07 	 2.301082293285416e-16
281.29003003003004 	 1.2792466625532925e-07 	 2.2847739363426315e-16
281.79051051051056 	 1.274016969760534e-07 	 2.268610050074821e-16
282.290990990991 	 1.2688058730076257e-07 	 2.252589100946694e-16
282.7914714714715 	 1.2636132736098365e-07 	 2.236709574380946e-16
283.291951951952 	 1.258439073579798e-07 	 2.220969974490913e-16
283.79243243243246 	 1.253283175621365e-07 	 2.2053688238174632e-16
284.2929129129129 	 1.2481454831235144e-07 	 2.189904663069992e-16
284.7933933933934 	 1.24302590015434e-07 	 2.174576050871583e-16
285.2938738738739 	 1.2379243314550884e-07 	 2.1593815635081263e-16
285.79435435435437 	 1.232840682434265e-07 	 2.1443197946814015e-16
286.29483483483483 	 1.227774859161804e-07 	 2.1293893552660416e-16
286.79531531531535 	 1.2227267683632977e-07 	 2.1145888730702972e-16
287.2957957957958 	 1.2176963174142832e-07 	 2.0999169926005498e-16
287.7962762762763 	 1.2126834143345904e-07 	 2.0853723748294908e-16
288.2967567567568 	 1.2076879677827535e-07 	 2.070953696967934e-16
288.79723723723725 	 1.2027098870504742e-07 	 2.056659652240165e-16
289.2977177177177 	 1.1977490820571456e-07 	 2.0424889496627772e-16
289.79819819819824 	 1.1928054633444272e-07 	 2.0284403138269498e-16
290.2986786786787 	 1.187878942070891e-07 	 2.014512484684101e-16
290.79915915915916 	 1.1829694300067054e-07 	 2.0007042173348312e-16
291.2996396396397 	 1.1780768395283804e-07 	 1.987014281821136e-16
291.80012012012014 	 1.1732010836135723e-07 	 1.9734414629218358e-16
292.3006006006006 	 1.1683420758359378e-07 	 1.9599845599511215e-16
292.8010810810811 	 1.163499730360032e-07 	 1.946642386560206e-16
293.3015615615616 	 1.1586739619362777e-07 	 1.93341377054203e-16
293.80204204204205 	 1.153864685895969e-07 	 1.9202975536389262e-16
294.30252252252257 	 1.1490718181463316e-07 	 1.9072925913532432e-16
294.803003003003 	 1.1442952751656409e-07 	 1.8943977527608529e-16
295.3034834834835 	 1.1395349739983733e-07 	 1.881611920327485e-16
295.803963963964 	 1.1347908322504215e-07 	 1.8689339897278644e-16
296.30444444444447 	 1.1300627680843583e-07 	 1.8563628696675973e-16
296.80492492492493 	 1.1253507002147325e-07 	 1.8438974817077333e-16
297.30540540540545 	 1.1206545479034268e-07 	 1.8315367600919876e-16
297.8058858858859 	 1.115974230955067e-07 	 1.8192796515766098e-16
298.3063663663664 	 1.1113096697124547e-07 	 1.807125115262734e-16
298.8068468468469 	 1.1066607850520719e-07 	 1.7950721224313386e-16
299.30732732732736 	 1.1020274983796133e-07 	 1.7831196563806225e-16
299.8078078078078 	 1.0974097316255715e-07 	 1.7712667122658586e-16
300.30828828828834 	 1.093837086180641e-07 	 1.7594978401293715e-16
300.8087687687688 	 1.0909171938567391e-07 	 1.747817668996896e-16
301.30924924924926 	 1.0880070061145012e-07 	 1.7362342792905213e-16
301.8097297297298 	 1.0851064746785138e-07 	 1.7247467102847962e-16
302.31021021021024 	 1.0822155515930448e-07 	 1.7133540123619674e-16
302.8106906906907 	 1.0793341892194071e-07 	 1.702055246865463e-16
303.31117117117117 	 1.0764623402333344e-07 	 1.6908494859555196e-16
303.8116516516517 	 1.073599957622401e-07 	 1.679735812466981e-16
304.31213213213215 	 1.0707469946834515e-07 	 1.668713319769178e-16
304.8126126126126 	 1.0679034050200631e-07 	 1.6577811116278588e-16
305.31309309309313 	 1.0650691425400325e-07 	 1.646938302069186e-16
305.8135735735736 	 1.0622441614528853e-07 	 1.6361840152457053e-16
306.31405405405405 	 1.059428416267412e-07 	 1.625517385304288e-16
306.8145345345346 	 1.0566218617892259e-07 	 1.6149375562560146e-16
307.31501501501504 	 1.0538244531183488e-07 	 1.6044436818479497e-16
307.8154954954955 	 1.0510361456468145e-07 	 1.5940349254367975e-16
308.315975975976 	 1.0482568950563e-07 	 1.5837104598643933e-16
308.8164564564565 	 1.045486657315781e-07 	 1.5734694673350162e-16
309.31693693693694 	 1.0427253886791993e-07 	 1.5633111392944637e-16
309.81741741741746 	 1.0399730456831742e-07 	 1.553234676310908e-16
310.3178978978979 	 1.0372295851447116e-07 	 1.5432392879574614e-16
310.8183783783784 	 1.0344949641589497e-07 	 1.5333241926964292e-16
311.3188588588589 	 1.0317691400969276e-07 	 1.5234886177652635e-16
311.81933933933936 	 1.0290520706033678e-07 	 1.5137317990641393e-16
312.3198198198198 	 1.0263437135944801e-07 	 1.5040529810451382e-16
312.82030030030035 	 1.0236440272557958e-07 	 1.4944514166030547e-16
313.3207807807808 	 1.0209529700400152e-07 	 1.4849263669677514e-16
313.82126126126127 	 1.0182705006648728e-07 	 1.475477101598041e-16
314.3217417417418 	 1.0155965781110352e-07 	 1.466102898077124e-16
314.82222222222225 	 1.0129311616200024e-07 	 1.4568030420094758e-16
315.3227027027027 	 1.0102742106920447e-07 	 1.4475768269192346e-16
315.82318318318323 	 1.0076256850841474e-07 	 1.4384235541500232e-16
316.3236636636637 	 1.0049855448079851e-07 	 1.429342532766194e-16
316.82414414414416 	 1.0023537501279056e-07 	 1.420333079455477e-16
317.3246246246247 	 9.997302615589381e-08 	 1.4113945184330043e-16
317.82510510510514 	 9.971150398648231e-08 	 1.4025261813466945e-16
318.3255855855856 	 9.945080460560504e-08 	 1.3937274071839707e-16
318.8260660660661 	 9.919092413879301e-08 	 1.3849975421797956e-16
319.3265465465466 	 9.893185873586689e-08 	 1.3763359397259998e-16
319.82702702702704 	 9.867360457074714e-08 	 1.367741960281884e-16
320.32750750750756 	 9.841615784126571e-08 	 1.3592149712860707e-16
320.827987987988 	 9.815951476897945e-08 	 1.3507543470696058e-16
321.3284684684685 	 9.790367159898575e-08 	 1.3423594687702572e-16
321.82894894894895 	 9.764862459973868e-08 	 1.334029724248018e-16
322.32942942942947 	 9.739437006286878e-08 	 1.3257645080017965e-16
322.82990990990993 	 9.714090430300213e-08 	 1.317563221087247e-16
323.3303903903904 	 9.68882236575837e-08 	 1.3094252710357667e-16
323.8308708708709 	 9.663632448669987e-08 	 1.3013500717745888e-16
324.3313513513514 	 9.638520317290455e-08 	 1.2933370435480116e-16
324.83183183183183 	 9.613485612104551e-08 	 1.2853856128396934e-16
325.33231231231235 	 9.588527975809332e-08 	 1.2774952122960357e-16
325.8327927927928 	 9.563647053297139e-08 	 1.2696652806506248e-16
326.3332732732733 	 9.538842491638727e-08 	 1.261895262649695e-16
326.8337537537538 	 9.51411394006664e-08 	 1.2541846089786408e-16
327.33423423423426 	 9.489461049958635e-08 	 1.246532776189522e-16
327.8347147147147 	 9.464883474821357e-08 	 1.2389392266295747e-16
328.33519519519524 	 9.440380870274035e-08 	 1.231403428370676e-16
328.8356756756757 	 9.415952894032513e-08 	 1.2239248551398175e-16
329.33615615615616 	 9.391599205893235e-08 	 1.2165029862504812e-16
329.8366366366367 	 9.367319467717479e-08 	 1.2091373065349755e-16
330.33711711711715 	 9.343113343415762e-08 	 1.2018273062776943e-16
330.8375975975976 	 9.318980498932252e-08 	 1.1945724811492595e-16
331.3380780780781 	 9.294920602229483e-08 	 1.1873723321415867e-16
331.8385585585586 	 9.270933323273128e-08 	 1.1802263655038163e-16
332.33903903903905 	 9.247018334016864e-08 	 1.173134092679098e-16
332.83951951951957 	 9.223175308387482e-08 	 1.1660950302422563e-16
333.34000000000003 	 9.19940392227005e-08 	 1.1591086998382777e-16
333.8404804804805 	 9.175703853493225e-08 	 1.1521746281216226e-16
334.340960960961 	 9.152074781814731e-08 	 1.1452923466963775e-16
334.8414414414415 	 9.128516388906918e-08 	 1.138461392057179e-16
335.34192192192194 	 9.1050283583425e-08 	 1.1316813055309554e-16
335.84240240240246 	 9.081610375580362e-08 	 1.1249516332194288e-16
336.3428828828829 	 9.058262127951563e-08 	 1.1182719259424033e-16
336.8433633633634 	 9.034983304645405e-08 	 1.1116417391817948e-16
337.3438438438439 	 9.011773596695645e-08 	 1.1050606330264114e-16
337.84432432432436 	 8.988632696966858e-08 	 1.0985281721174797e-16
338.3448048048048 	 8.96556030014086e-08 	 1.0920439255948718e-16
338.8452852852853 	 8.942556102703327e-08 	 1.0856074670440684e-16
339.3457657657658 	 8.919619802930456e-08 	 1.0792183744438088e-16
339.84624624624627 	 8.896751100875815e-08 	 1.0728762301144452e-16
340.34672672672673 	 8.873949698357255e-08 	 1.0665806206669672e-16
340.84720720720725 	 8.851215298943952e-08 	 1.060331136952707e-16
341.3476876876877 	 8.82854760794359e-08 	 1.0541273740137075e-16
341.8481681681682 	 8.805946332389596e-08 	 1.0479689310337307e-16
342.3486486486487 	 8.783411181028584e-08 	 1.0418554112899298e-16
342.84912912912915 	 8.7609418643078e-08 	 1.0357864221051378e-16
343.3496096096096 	 8.738538094362745e-08 	 1.0297615748007839e-16
343.85009009009013 	 8.716199585004883e-08 	 1.0237804846504337e-16
344.3505705705706 	 8.693926051709496e-08 	 1.0178427708339277e-16
344.85105105105106 	 8.67171721160355e-08 	 1.0119480563921215e-16
345.3515315315316 	 8.649572783453771e-08 	 1.0060959681822088e-16
345.85201201201204 	 8.627492487654772e-08 	 1.0002861368336382e-16
346.3524924924925 	 8.605476046217277e-08 	 9.945181967045851e-17
346.852972972973 	 8.583523182756493e-08 	 9.887917858390053e-17
347.3534534534535 	 8.561633622480517e-08 	 9.831065459242303e-17
347.85393393393394 	 8.539807092178876e-08 	 9.774621222491132e-17
348.35441441441446 	 8.518043320211213e-08 	 9.718581636627245e-17
348.8548948948949 	 8.496342036495974e-08 	 9.662943225335711e-17
349.3553753753754 	 8.474702972499257e-08 	 9.607702547093367e-17
349.8558558558559 	 8.453125861223761e-08 	 9.552856194771519e-17
350.35633633633637 	 8.43161043719778e-08 	 9.498400795243616e-17
350.85681681681683 	 8.410156436464358e-08 	 9.444333008998042e-17
351.35729729729735 	 8.388763596570462e-08 	 9.390649529755784e-17
351.8577777777778 	 8.36743165655631e-08 	 9.337347084093048e-17
352.3582582582583 	 8.346160356944772e-08 	 9.284422431068696e-17
352.8587387387388 	 8.324949439730824e-08 	 9.231872361856319e-17
353.35921921921926 	 8.30379864837117e-08 	 9.179693699381163e-17
353.8596996996997 	 8.282707727773854e-08 	 9.127883297961501e-17
354.36018018018024 	 8.261676424288039e-08 	 9.076438042954648e-17
354.8606606606607 	 8.240704485693866e-08 	 9.025354850407503e-17
355.36114114114116 	 8.219791661192331e-08 	 8.974630666711357e-17
355.8616216216217 	 8.198937701395304e-08 	 8.924262468261184e-17
356.36210210210214 	 8.17814235831566e-08 	 8.874247261119246e-17
356.8625825825826 	 8.157405385357411e-08 	 8.824582080682838e-17
357.36306306306307 	 8.136726537305991e-08 	 8.775263991356286e-17
357.8635435435436 	 8.116105570318563e-08 	 8.726290086227007e-17
358.36402402402405 	 8.0955422419145e-08 	 8.677657486745765e-17
358.8645045045045 	 8.07503631096581e-08 	 8.6293633424107e-17
359.364984984985 	 8.054587537687795e-08 	 8.581404830455574e-17
359.8654654654655 	 8.034195683629653e-08 	 8.533779155541719e-17
360.36594594594595 	 8.013860511665233e-08 	 8.486483549453869e-17
360.8664264264265 	 7.993581785983848e-08 	 8.439515270799874e-17
361.36690690690693 	 7.973359272081192e-08 	 8.392871604714042e-17
361.8673873873874 	 7.953192736750252e-08 	 8.346549862564171e-17
362.3678678678679 	 7.933081948072393e-08 	 8.300547381662332e-17
362.8683483483484 	 7.913026675408475e-08 	 8.254861524979104e-17
363.36882882882884 	 7.893026689389991e-08 	 8.209489680861345e-17
363.86930930930936 	 7.873081761910403e-08 	 8.164429262753613e-17
364.3697897897898 	 7.853191666116412e-08 	 8.119677708922818e-17
364.8702702702703 	 7.833356176399387e-08 	 8.075232482186369e-17
365.3707507507508 	 7.813575068386847e-08 	 8.03109106964368e-17
365.87123123123126 	 7.793848118934014e-08 	 7.987250982410984e-17
366.3717117117117 	 7.774175106115376e-08 	 7.943709755359252e-17
366.87219219219224 	 7.754555809216449e-08 	 7.900464946855575e-17
367.3726726726727 	 7.734990008725465e-08 	 7.857514138507479e-17
367.87315315315317 	 7.715477486325205e-08 	 7.814854934910482e-17
368.3736336336337 	 7.696018024884907e-08 	 7.772484963398737e-17
368.87411411411415 	 7.676611408452201e-08 	 7.730401873798678e-17
369.3745945945946 	 7.657257422245115e-08 	 7.688603338185628e-17
369.87507507507513 	 7.637955852644177e-08 	 7.647087050643479e-17
370.3755555555556 	 7.618706487184559e-08 	 7.6058507270272e-17
370.87603603603606 	 7.599509114548255e-08 	 7.564892104728181e-17
371.3765165165166 	 7.580363524556396e-08 	 7.524208942442586e-17
371.87699699699704 	 7.561269508161575e-08 	 7.483799019942336e-17
372.3774774774775 	 7.54222685744022e-08 	 7.443660137848936e-17
372.877957957958 	 7.523235365585059e-08 	 7.403790117409997e-17
373.3784384384385 	 7.50429482689766e-08 	 7.364186800278515e-17
373.87891891891894 	 7.48540503678101e-08 	 7.324848048294751e-17
374.37939939939946 	 7.466565791732099e-08 	 7.285771743270647e-17
374.8798798798799 	 7.447776889334687e-08 	 7.246955786777047e-17
375.3803603603604 	 7.429038128252021e-08 	 7.208398099933262e-17
375.88084084084085 	 7.410349308219661e-08 	 7.170096623199214e-17
376.38132132132137 	 7.391710230038336e-08 	 7.132049316170123e-17
376.8818018018018 	 7.373120695566887e-08 	 7.09425415737357e-17
377.3822822822823 	 7.354580507715257e-08 	 7.056709144069022e-17
377.8827627627628 	 7.336089470437492e-08 	 7.019412292049672e-17
378.38324324324327 	 7.317647388724893e-08 	 6.982361635446748e-17
378.88372372372373 	 7.299254068599114e-08 	 6.945555226536035e-17
379.38420420420425 	 7.280909317105389e-08 	 6.908991135546769e-17
379.8846846846847 	 7.262612942305805e-08 	 6.872667450472745e-17
380.3851651651652 	 7.24436475327257e-08 	 6.836582276885668e-17
380.8856456456457 	 7.226164560081417e-08 	 6.800733737750702e-17
381.38612612612616 	 7.208012173805003e-08 	 6.765119973244246e-17
381.8866066066066 	 7.189907406506368e-08 	 6.729739140573755e-17
382.38708708708714 	 7.171850071232469e-08 	 6.694589413799776e-17
382.8875675675676 	 7.153839982007757e-08 	 6.659668983660041e-17
383.38804804804806 	 7.13587695382776e-08 	 6.624976057395575e-17
383.8885285285286 	 7.117960802652783e-08 	 6.590508858578894e-17
384.38900900900904 	 7.100091345401633e-08 	 6.556265626944264e-17
384.8894894894895 	 7.082268399945357e-08 	 6.522244618219773e-17
385.38996996997 	 7.064491785101098e-08 	 6.488444103961562e-17
385.8904504504505 	 7.04676132062592e-08 	 6.454862371389837e-17
386.39093093093095 	 7.029076827210752e-08 	 6.421497723226883e-17
386.89141141141147 	 7.011438126474312e-08 	 6.388348477536869e-17
387.39189189189193 	 6.993845040957172e-08 	 6.355412967567653e-17
387.8923723723724 	 6.976297394115751e-08 	 6.322689541594254e-17
388.3928528528529 	 6.958795010316438e-08 	 6.290176562764247e-17
388.8933333333334 	 6.941337714829757e-08 	 6.257872408944948e-17
389.39381381381384 	 6.923925333824526e-08 	 6.225775472572269e-17
389.89429429429435 	 6.906557694362095e-08 	 6.193884160501406e-17
390.3947747747748 	 6.889234624390642e-08 	 6.162196893859258e-17
390.8952552552553 	 6.871955952739487e-08 	 6.130712107898425e-17
391.3957357357358 	 6.854721509113455e-08 	 6.099428251853027e-17
391.89621621621626 	 6.837531124087295e-08 	 6.068343788796086e-17
392.3966966966967 	 6.820384629100116e-08 	 6.037457195498574e-17
392.89717717717724 	 6.80328185644989e-08 	 6.00676696229005e-17
393.3976576576577 	 6.786222639288009e-08 	 5.976271592920957e-17
393.89813813813817 	 6.769206811613823e-08 	 5.94596960442638e-17
394.3986186186186 	 6.752234208269297e-08 	 5.91585952699147e-17
394.89909909909915 	 6.735304664933652e-08 	 5.885939903818321e-17
395.3995795795796 	 6.718418018118056e-08 	 5.856209290994396e-17
395.90006006006007 	 6.701574105160409e-08 	 5.82666625736246e-17
396.4005405405406 	 6.684772764220065e-08 	 5.797309384391936e-17
396.90102102102105 	 6.668013834272698e-08 	 5.768137266051773e-17
397.4015015015015 	 6.651297155105145e-08 	 5.739148508684743e-17
397.90198198198203 	 6.634622567310314e-08 	 5.710341730883113e-17
398.4024624624625 	 6.617989912282099e-08 	 5.681715563365786e-17
398.90294294294296 	 6.601399032210356e-08 	 5.65326864885676e-17
399.4034234234235 	 6.584849770075969e-08 	 5.62499964196503e-17
399.90390390390394 	 6.568341969645825e-08 	 5.596907209065778e-17
400.4043843843844 	 6.551875475467961e-08 	 5.56899002818293e-17
400.9048648648649 	 6.535450132866637e-08 	 5.541246788872982e-17
401.4053453453454 	 6.519065787937557e-08 	 5.5136761921102466e-17
401.90582582582584 	 6.502722287543005e-08 	 5.4862769501732094e-17
402.40630630630636 	 6.48641947930712e-08 	 5.459047786532308e-17
402.9067867867868 	 6.470157211611153e-08 	 5.4319874357388845e-17
403.4072672672673 	 6.453935333588746e-08 	 5.4050946433153904e-17
403.9077477477478 	 6.437753695121322e-08 	 5.378368165646831e-17
404.40822822822827 	 6.42161214683341e-08 	 5.351806769873401e-17
404.90870870870873 	 6.405510540088069e-08 	 5.3254092337842916e-17
405.40918918918925 	 6.389448726982335e-08 	 5.299174345712736e-17
405.9096696696697 	 6.373426560342697e-08 	 5.2731009044321593e-17
406.4101501501502 	 6.357443893720598e-08 	 5.247187719053497e-17
406.9106306306307 	 6.341500581387966e-08 	 5.2214336089236555e-17
407.41111111111115 	 6.325596478332826e-08 	 5.195837403525108e-17
407.9115915915916 	 6.309731440254858e-08 	 5.1703979423765223e-17
408.41207207207214 	 6.293905323561078e-08 	 5.145114074934599e-17
408.9125525525526 	 6.278117985361487e-08 	 5.119984660496888e-17
409.41303303303306 	 6.262369283464779e-08 	 5.09500856810573e-17
409.9135135135136 	 6.246659076374079e-08 	 5.070184676453226e-17
410.41399399399404 	 6.230987223282702e-08 	 5.045511873787257e-17
410.9144744744745 	 6.215353584069969e-08 	 5.02098905781854e-17
411.414954954955 	 6.199758019296988e-08 	 4.996615135628658e-17
411.9154354354355 	 6.184200390202584e-08 	 4.9723890235791874e-17
412.41591591591595 	 6.16868055869912e-08 	 4.948309647221693e-17
412.9163963963964 	 6.153198387368442e-08 	 4.9243759412087896e-17
413.4168768768769 	 6.137753739457837e-08 	 4.900586849206159e-17
413.9173573573574 	 6.122346478875996e-08 	 4.8769413238055153e-17
414.41783783783785 	 6.106976470189026e-08 	 4.8534383264384674e-17
414.91831831831837 	 6.091643578616475e-08 	 4.830076827291398e-17
415.41879879879883 	 6.076347670027417e-08 	 4.8068558052212246e-17
415.9192792792793 	 6.061088610936512e-08 	 4.7837742476720417e-17
416.4197597597598 	 6.045866268500162e-08 	 4.7608311505927186e-17
416.9202402402403 	 6.030680510512635e-08 	 4.738025518355344e-17
417.42072072072074 	 6.015531205402239e-08 	 4.71535636367456e-17
417.92120120120126 	 6.000418222227552e-08 	 4.692822707527799e-17
418.4216816816817 	 5.985341430673637e-08 	 4.6704235790763195e-17
418.9221621621622 	 5.970300701048272e-08 	 4.648158015587118e-17
419.4226426426427 	 5.9552959042782894e-08 	 4.6260250623556825e-17
419.92312312312316 	 5.940326911905843e-08 	 4.6040237726295874e-17
420.4236036036036 	 5.925393596084765e-08 	 4.582153207532844e-17
420.92408408408414 	 5.910495829576924e-08 	 4.560412435991148e-17
421.4245645645646 	 5.8956334857486197e-08 	 4.538800534657852e-17
421.92504504504507 	 5.880806438567001e-08 	 4.517316587840757e-17
422.4255255255256 	 5.866014562596474e-08 	 4.495959687429671e-17
422.92600600600605 	 5.851257732995227e-08 	 4.4747289328247796e-17
423.4264864864865 	 5.8365358255116624e-08 	 4.453623430865695e-17
423.92696696696703 	 5.8218487164809535e-08 	 4.432642295761356e-17
424.4274474474475 	 5.807196282821566e-08 	 4.411784649020585e-17
424.92792792792795 	 5.7925784020318325e-08 	 4.3910496193834396e-17
425.4284084084085 	 5.777994952186521e-08 	 4.370436342753244e-17
425.92888888888893 	 5.76344581193348e-08 	 4.3499439621293875e-17
426.4293693693694 	 5.74893086049025e-08 	 4.329571627540789e-17
426.9298498498499 	 5.7344499776407384e-08 	 4.309318495980074e-17
427.4303303303304 	 5.720003043731899e-08 	 4.289183731338469e-17
427.93081081081084 	 5.705589939670435e-08 	 4.269166504341329e-17
428.43129129129136 	 5.6912105469195304e-08 	 4.249265992484396e-17
428.9317717717718 	 5.676864747495625e-08 	 4.229481379970707e-17
429.4322522522523 	 5.6625524239651456e-08 	 4.209811857648126e-17
429.9327327327328 	 5.648273459441348e-08 	 4.19025662294759e-17
430.43321321321326 	 5.634027737581125e-08 	 4.17081487982197e-17
430.9336936936937 	 5.6198151425818395e-08 	 4.151485838685552e-17
431.4341741741742 	 5.6056355591781924e-08 	 4.132268716354188e-17
431.9346546546547 	 5.591488872639116e-08 	 4.1131627359860326e-17
432.43513513513517 	 5.577374968764685e-08 	 4.094167127022933e-17
432.93561561561563 	 5.563293733883044e-08 	 4.075281125132399e-17
433.43609609609615 	 5.5492450548473344e-08 	 4.05650397215017e-17
433.9365765765766 	 5.535228819032719e-08 	 4.0378349160234286e-17
434.4370570570571 	 5.5212449143333174e-08 	 4.01927321075452e-17
434.9375375375376 	 5.507293229159268e-08 	 4.0008181163453395e-17
435.43801801801806 	 5.493373652433727e-08 	 3.982468898742218e-17
435.9384984984985 	 5.479486073589948e-08 	 3.9642248297814406e-17
436.43897897897904 	 5.465630382568341e-08 	 3.9460851871352824e-17
436.9394594594595 	 5.451806469813587e-08 	 3.928049254258622e-17
437.43993993993996 	 5.438014226271724e-08 	 3.9101163203360774e-17
437.9404204204205 	 5.4242535433873045e-08 	 3.892285680229728e-17
438.44090090090094 	 5.410524313100553e-08 	 3.874556634427346e-17
438.9413813813814 	 5.396826427844527e-08 	 3.856928488991143e-17
439.4418618618619 	 5.3831597805423125e-08 	 3.839400555507076e-17
439.9423423423424 	 5.369524264604246e-08 	 3.821972151034652e-17
440.44282282282285 	 5.355919773925127e-08 	 3.8046425980572366e-17
440.94330330330337 	 5.342346202881496e-08 	 3.7874112244328916e-17
441.44378378378383 	 5.328803446328886e-08 	 3.77027736334571e-17
441.9442642642643 	 5.3152913995991104e-08 	 3.753240353257623e-17
442.4447447447448 	 5.301809958497571e-08 	 3.736299537860712e-17
442.9452252252253 	 5.28835901930059e-08 	 3.719454266030019e-17
443.44570570570573 	 5.274938478752737e-08 	 3.7027038917768125e-17
443.94618618618625 	 5.261548234064203e-08 	 3.686047774202336e-17
444.4466666666667 	 5.248188182908185e-08 	 3.669485277452037e-17
444.9471471471472 	 5.23485822341826e-08 	 3.653015770670232e-17
445.4476276276277 	 5.22155825418581e-08 	 3.636638627955242e-17
445.94810810810816 	 5.208288174257462e-08 	 3.6203532283149995e-17
446.4485885885886 	 5.195047883132522e-08 	 3.604158955623069e-17
446.94906906906914 	 5.181837280760443e-08 	 3.588055198575131e-17
447.4495495495496 	 5.168656267538323e-08 	 3.572041350645904e-17
447.95003003003006 	 5.1555047443083794e-08 	 3.5561168100464865e-17
448.4505105105105 	 5.1423826123554825e-08 	 3.540280979682137e-17
448.95099099099104 	 5.1292897734046844e-08 	 3.524533267110479e-17
449.4514714714715 	 5.1162261296187734e-08 	 3.5088730845001074e-17
449.95195195195197 	 5.103191583595827e-08 	 3.4932998485896355e-17
450.4524324324325 	 5.090186038366791e-08 	 3.477812980647116e-17
450.95291291291295 	 5.0772093973931075e-08 	 3.462411906429912e-17
451.4533933933934 	 5.064261564564298e-08 	 3.4470960561449256e-17
451.95387387387393 	 5.0513424441955944e-08 	 3.4318648644092304e-17
452.4543543543544 	 5.038451941025606e-08 	 3.41671777021113e-17
452.95483483483486 	 5.025589960213966e-08 	 3.401654216871558e-17
453.4553153153154 	 5.012756407339007e-08 	 3.386673652005883e-17
453.95579579579584 	 4.999951188395454e-08 	 3.371775527486094e-17
454.4562762762763 	 4.987174209792134e-08 	 3.356959299403345e-17
454.9567567567568 	 4.9744253783496996e-08 	 3.342224428030892e-17
455.4572372372373 	 4.961704601298367e-08 	 3.327570377787384e-17
455.95771771771774 	 4.949011786275658e-08 	 3.312996617200496e-17
456.45819819819826 	 4.936346841324186e-08 	 3.298502618870969e-17
456.9586786786787 	 4.9237096748894125e-08 	 3.284087859436946e-17
457.4591591591592 	 4.911100195817473e-08 	 3.269751819538718e-17
457.9596396396397 	 4.898518313352953e-08 	 3.255493983783757e-17
458.46012012012017 	 4.885963937136751e-08 	 3.241313840712146e-17
458.9606006006006 	 4.873436977203887e-08 	 3.2272108827623e-17
459.46108108108115 	 4.860937343981369e-08 	 3.2131846062370695e-17
459.9615615615616 	 4.848464948286067e-08 	 3.199234511270126e-17
460.46204204204207 	 4.836019701322571e-08 	 3.185360101792724e-17
460.9625225225226 	 4.823601514681118e-08 	 3.171560885500745e-17
461.46300300300305 	 4.8112103003354784e-08 	 3.157836373822108e-17
461.9634834834835 	 4.798845970640876e-08 	 3.144186081884427e-17
462.46396396396403 	 4.7865084383319446e-08 	 3.130609528483086e-17
462.9644444444445 	 4.7741976165206633e-08 	 3.1171062360495184e-17
463.46492492492496 	 4.7619134186943064e-08 	 3.103675730619856e-17
463.9654054054055 	 4.749655758713451e-08 	 3.090317541803877e-17
464.46588588588594 	 4.7374245508099423e-08 	 3.077031202754239e-17
464.9663663663664 	 4.7252197095848996e-08 	 3.063816250136005e-17
465.4668468468469 	 4.713041150006733e-08 	 3.0506722240964943e-17
465.9673273273274 	 4.700888787409172e-08 	 3.037598668235386e-17
466.46780780780784 	 4.6887625374893076e-08 	 3.024595129575146e-17
466.9682882882883 	 4.6766623163056364e-08 	 3.011661158531706e-17
467.4687687687688 	 4.6645880402761276e-08 	 2.998796308885449e-17
467.9692492492493 	 4.6525396261763226e-08 	 2.9860001377524794e-17
468.46972972972975 	 4.640516991137391e-08 	 2.973272205556122e-17
468.97021021021027 	 4.628520052644255e-08 	 2.9606120759987583e-17
469.47069069069073 	 4.616548728533696e-08 	 2.948019316033888e-17
469.9711711711712 	 4.6046029369924805e-08 	 2.935493495838471e-17
470.4716516516517 	 4.5926825965555097e-08 	 2.9230341887855397e-17
470.9721321321322 	 4.5807876261039536e-08 	 2.9106409714170635e-17
471.47261261261264 	 4.568917944863426e-08 	 2.8983134234170814e-17
471.97309309309315 	 4.557073472402147e-08 	 2.8860511275850734e-17
472.4735735735736 	 4.545254128629138e-08 	 2.873853669809618e-17
472.9740540540541 	 4.533459833792418e-08 	 2.861720639042258e-17
473.4745345345346 	 4.521690508477199e-08 	 2.8496516272716463e-17
473.97501501501506 	 4.5099460736041284e-08 	 2.8376462294979316e-17
474.4754954954955 	 4.4982264504274974e-08 	 2.825704043707379e-17
474.97597597597604 	 4.486531560533495e-08 	 2.8138246708472247e-17
475.4764564564565 	 4.474861325838464e-08 	 2.80200771480079e-17
475.97693693693697 	 4.4632156685871604e-08 	 2.7902527823628185e-17
476.4774174174175 	 4.451594511351012e-08 	 2.778559483215033e-17
476.97789789789795 	 4.4399977770264475e-08 	 2.7669274299019558e-17
477.4783783783784 	 4.428425388833151e-08 	 2.755356237806918e-17
477.9788588588589 	 4.416877270312384e-08 	 2.74384552512833e-17
478.4793393393394 	 4.405353345325317e-08 	 2.732394912856146e-17
478.97981981981985 	 4.393853538051333e-08 	 2.721004024748568e-17
479.48030030030037 	 4.382377772986391e-08 	 2.7096724873089626e-17
479.98078078078083 	 4.370925974941357e-08 	 2.698399929762993e-17
480.4812612612613 	 4.359498069040371e-08 	 2.6871859840359624e-17
480.9817417417418 	 4.3480939807192284e-08 	 2.6760302847303856e-17
481.4822222222223 	 4.3367136357237374e-08 	 2.6649324691037416e-17
481.98270270270274 	 4.325356960108123e-08 	 2.6538921770464592e-17
482.48318318318326 	 4.314023880233436e-08 	 2.6429090510600978e-17
482.9836636636637 	 4.3027143227659435e-08 	 2.6319827362357268e-17
483.4841441441442 	 4.291428214675558e-08 	 2.621112880232517e-17
483.9846246246247 	 4.280165483234273e-08 	 2.6102991332565217e-17
484.48510510510516 	 4.268926056014603e-08 	 2.5995411480396633e-17
484.9855855855856 	 4.2577098608880174e-08 	 2.5888385798189048e-17
485.4860660660661 	 4.246516826023415e-08 	 2.5781910863156165e-17
485.9865465465466 	 4.235346879885581e-08 	 2.567598327715143e-17
486.48702702702707 	 4.224199951233689e-08 	 2.5570599666465556e-17
486.98750750750753 	 4.213075969119751e-08 	 2.546575668162577e-17
487.48798798798805 	 4.201974862887147e-08 	 2.536145099719713e-17
487.9884684684685 	 4.19089656216911e-08 	 2.5257679311585507e-17
488.488948948949 	 4.17984099688726e-08 	 2.5154438346842572e-17
488.9894294294295 	 4.168808097250097e-08 	 2.5051724848472164e-17
489.48990990990995 	 4.157797793751581e-08 	 2.4949535585239168e-17
489.9903903903904 	 4.146810017169629e-08 	 2.4847867348979268e-17
490.49087087087094 	 4.135844698564683e-08 	 2.47467169544111e-17
490.9913513513514 	 4.124901769278291e-08 	 2.464608123894997e-17
491.49183183183186 	 4.113981160931642e-08 	 2.4545957062523075e-17
491.9923123123124 	 4.10308280542416e-08 	 2.4446341307386526e-17
492.49279279279284 	 4.09220663493209e-08 	 2.4347230877944234e-17
492.9932732732733 	 4.081352581907096e-08 	 2.4248622700568167e-17
493.4937537537538 	 4.070520579074854e-08 	 2.4150513723420363e-17
493.9942342342343 	 4.059710559433678e-08 	 2.4052900916276624e-17
494.49471471471475 	 4.048922456253124e-08 	 2.395578127035168e-17
494.99519519519527 	 4.0381562030726295e-08 	 2.3859151798126016e-17
495.4956756756757 	 4.027411733700148e-08 	 2.376300953317438e-17
495.9961561561562 	 4.0166889822108e-08 	 2.366735152999564e-17
496.4966366366367 	 4.005987882945512e-08 	 2.3572174863844216e-17
496.99711711711717 	 3.9953083705096964e-08 	 2.347747663056325e-17
497.49759759759763 	 3.9846503797719076e-08 	 2.3383253946419038e-17
497.99807807807815 	 3.974013845862515e-08 	 2.328950394793706e-17
498.4985585585586 	 3.96339870417241e-08 	 2.31962237917395e-17
498.9990390390391 	 3.952804890351692e-08 	 2.3103410654384262e-17
499.4995195195196 	 3.9422323403083426e-08 	 2.3011061732205224e-17
500.0 	 3.931680990206985e-08 	 2.2919174241154364e-17
