0.001 	 0.0010234438784593694 	 0.024462034480393337
0.0010115891675999925 	 0.0010235919946434075 	 0.024441999049098672
0.001023312644005647 	 0.0010237633988998455 	 0.024476635741713517
0.0010351719857442199 	 0.0010239226005314553 	 0.024502654034965002
0.0010471687673818267 	 0.0010240873101611309 	 0.024520163118227963
0.0010593045817324934 	 0.0010242625269844866 	 0.02456022602069101
0.0010715810400696313 	 0.0010244301476710696 	 0.024587226207621427
0.0010839997723399726 	 0.0010246260940590195 	 0.024609547320967522
0.0010965624273799755 	 0.0010248329360219319 	 0.024678802947305328
0.0011092706731347366 	 0.0010250273395249721 	 0.024679558903769657
0.0011221261968794517 	 0.0010252295228789093 	 0.024699036392325888
0.0011351307054434311 	 0.0010254461485520098 	 0.024684190970422893
0.001148285925436713 	 0.0010256755248063299 	 0.02476605618515921
0.0011615936034793115 	 0.0010259149374991087 	 0.02480880419202258
0.0011750555064331137 	 0.0010261420694782824 	 0.02478903574912197
0.0011886734216364613 	 0.0010263768009695572 	 0.024785898014321663
0.0012024491571414628 	 0.001026643164064717 	 0.024875208066867074
0.0012163845419540464 	 0.0010268927732131217 	 0.024855683938750716
0.001230481426276792 	 0.001027148904721164 	 0.024871493017579356
0.0012447416817545915 	 0.0010273966451892576 	 0.024851169306421856
0.0012591672017231435 	 0.001027692958984076 	 0.024917814401563345
0.0012737599014603265 	 0.0010279751757109883 	 0.024943598188539185
0.0012885217184405004 	 0.001028294239709344 	 0.024991744904612787
0.001303454612591739 	 0.0010285950130635784 	 0.025000942486281118
0.001318560566556048 	 0.0010289132454282042 	 0.025037983650361313
0.0013338415859526073 	 0.0010292218189276233 	 0.0250021807072643
0.0013492996996440534 	 0.0010295760369028384 	 0.02506198224532462
0.001364936960005848 	 0.001029915207550262 	 0.025046981034886995
0.0013807554431987815 	 0.0010303020276201415 	 0.02512735201647071
0.001396757249444614 	 0.0010306721687476559 	 0.025132140380190446
0.0014129445033049324 	 0.0010310334419925515 	 0.025150184284425392
0.001429319353963223 	 0.0010314461491392757 	 0.025191021683414784
0.0014458839755102158 	 0.0010318760867584582 	 0.025238042501338848
0.0014626405672325473 	 0.0010322863927841564 	 0.0252322793481786
0.001479591353904755 	 0.0010327245369063805 	 0.025250287521053696
0.0014967385860846572 	 0.001033170128137992 	 0.025273469275845426
0.001514084540412168 	 0.0010336138851127637 	 0.02524813146832953
0.001531631519911564 	 0.0010341128323777251 	 0.02530308267807963
0.0015493818542972504 	 0.001034594443244394 	 0.025306070298919056
0.0015673379002830886 	 0.0010350949127258056 	 0.025329076509590473
0.0015855020418952914 	 0.0010356259781581242 	 0.025358869690557992
0.0016038766907889464 	 0.001036174824335817 	 0.025380522268679602
0.0016224642865682209 	 0.0010367246303489923 	 0.025392888124933236
0.001641267297110264 	 0.0010372799340211817 	 0.025397359756852894
0.0016602882188928617 	 0.0010378743211760734 	 0.025420037486922627
0.0016795295773259042 	 0.0010384747220689317 	 0.025424095734594865
0.0016989939270866806 	 0.001039123526945238 	 0.025468442513894952
0.0017186838524590577 	 0.0010397563203541655 	 0.025477592768264494
0.0017386019676766066 	 0.00104042463163637 	 0.02548163667133712
0.0017587509172696894 	 0.0010411080220953052 	 0.025511140963771873
0.0017791333764165685 	 0.0010418247353288568 	 0.025532481484236782
0.0017997520512986007 	 0.001042521163971142 	 0.025521924541579293
0.0018206096794595326 	 0.0010432611790104189 	 0.025526756234637505
0.0018417090301689578 	 0.0010440441798180227 	 0.02554618683222482
0.0018630529047900057 	 0.0010448482817042584 	 0.025567439376286784
0.0018846441371512719 	 0.0010456462712501345 	 0.02555946515651021
0.0019064855939230614 	 0.0010465204118623945 	 0.025595397553308138
0.0019285801749980072 	 0.0010473185549899917 	 0.025558949657439576
0.001950930813876084 	 0.0010482167446953842 	 0.025562687755942375
0.001973540478054084 	 0.0010491617484709413 	 0.02559334522785366
0.001996412169419622 	 0.0010501009594164141 	 0.025580088230602684
0.002019548924649693 	 0.001051082119934295 	 0.02558503453417944
0.002042953815613843 	 0.0010520466698738416 	 0.0255634051684696
0.002066629949782036 	 0.0010530905700397366 	 0.025582298662206796
0.0020905804706372265 	 0.0010541141284897677 	 0.02556594358455447
0.002114808558092713 	 0.0010551868421248703 	 0.025560112572307517
0.0021393174289143476 	 0.0010562691040074425 	 0.025544018227648797
0.0021641103371476235 	 0.0010573998820734064 	 0.025532448263030152
0.0021891905745497035 	 0.0010585872843826758 	 0.025531669356213486
0.0022145614710264864 	 0.0010598188681667608 	 0.025526188931311925
0.0022402263950746988 	 0.0010610326490992422 	 0.025496902275076342
0.0022661887542291463 	 0.0010622674892979125 	 0.025481689805411087
0.0022924519955151265 	 0.0010635572946033909 	 0.02545944314551248
0.0023190196059060908 	 0.0010649206255516786 	 0.025459240563199214
0.0023458951127866053 	 0.0010662879133422419 	 0.025432190962882798
0.002373082084420695 	 0.001067720237623219 	 0.025413497307412238
0.0024005841304255864 	 0.001069147812132825 	 0.025365450844623497
0.002428404902250971 	 0.0010706334324101334 	 0.025337767924590953
0.002456548093663801 	 0.001072169396264137 	 0.0253046466970268
0.0024850174412387157 	 0.001073742061018188 	 0.025280088393439218
0.002513816724854136 	 0.00107527651552393 	 0.02525269625424647
0.0025429497681941373 	 0.0010769112338006605 	 0.025223456645523692
0.0025724204392561013 	 0.001078631844290286 	 0.025191372015348167
0.002602232650864287 	 0.0010803595878850875 	 0.025151525865738326
0.002632390361189326 	 0.0010821666989071627 	 0.02510475934079826
0.002662897574273757 	 0.0010839647013404375 	 0.025042380157045855
0.002693758340563629 	 0.0010858327037507338 	 0.02497915604523745
0.0027249767574463015 	 0.0010877651428354428 	 0.024919288660627516
0.0027565569697944312 	 0.001089773881613759 	 0.024868330540979183
0.0027885031705163063 	 0.0010918411565686613 	 0.024788703807175818
0.0028208196011125335 	 0.00109400835938577 	 0.024721525106219326
0.0028535105522391707 	 0.001096133559043903 	 0.024627421663003066
0.002886580364277418 	 0.0010983056412863076 	 0.024534293288882573
0.0029200334279098792 	 0.0011005721879305903 	 0.02445073285473224
0.0029538741847035077 	 0.001102792064160943 	 0.024346612714267184
0.0029881071276993284 	 0.0011050480973124998 	 0.02424256970029505
0.003022736802008971 	 0.0011073088613913645 	 0.0241331202151522
0.0030577678054181188 	 0.0011095532810632724 	 0.02401475387484589
0.0030932047889969706 	 0.0011119001924207153 	 0.02390492531657427
0.0031290524577177593 	 0.0011143666866530852 	 0.023786853952904086
0.003165315571079419 	 0.001116919321021596 	 0.02366064618452908
0.0032019989437395246 	 0.0011194854101003924 	 0.023536455393273623
0.0032391074461535245 	 0.0011221023721867006 	 0.023407784480052624
0.0032766460052213817 	 0.0011247843093677497 	 0.023283525283703227
0.0033146196049417386 	 0.0011274890618371183 	 0.02313754860146356
0.0033530332870736327 	 0.0011302463802713644 	 0.022976994880876213
0.003391892151805883 	 0.0011332107364307646 	 0.022826220448454997
0.003431201358434261 	 0.0011360219232489216 	 0.022650146412007056
0.0034709661260464812 	 0.0011390437845614347 	 0.022488955002609716
0.003511191734215131 	 0.0011419865845494759 	 0.02230102173580305
0.003551883523698662 	 0.001145115527450688 	 0.02211459736389351
0.0035930468971504584 	 0.0011482529336421328 	 0.021907774245368952
0.003634687319836168 	 0.0011513637490231578 	 0.021687392940669955
0.003676810320359317 	 0.0011545918451254336 	 0.021489261900487878
0.0037194214913953477 	 0.0011579001988893346 	 0.02126927826389094
0.0037625264904341425 	 0.001161238436952101 	 0.021016978306395814
0.0038061310405312 	 0.0011645690434063554 	 0.020743023809337582
0.0038502409310674497 	 0.0011679933189193826 	 0.020471083193000013
0.0038948620185179418 	 0.0011715041762519539 	 0.020350888869244407
0.0039400002272293915 	 0.0011750217841197082 	 0.020300791711461694
0.003985661550206766 	 0.0011785465928103116 	 0.02003901154497967
0.004031852049908959 	 0.0011821291953131722 	 0.01961362510139077
0.004078577859053731 	 0.0011857028427030368 	 0.019078915305976423
0.004125845181431924 	 0.0011893537188567053 	 0.01846522519443049
0.00417366029273116 	 0.001192945870701409 	 0.017599164723309486
0.004222029541369056 	 0.001196647415233186 	 0.016854697438866018
0.004270959349336106 	 0.001200282723921783 	 0.01649626035581341
0.004320456213048317 	 0.0012039438951794259 	 0.01669433696922825
0.004370526704209767 	 0.0012075472637989532 	 0.017517659152177772
0.004421177470685098 	 0.001192269639054601 	 0.01753074993824949
0.004472415237382179 	 0.0010275920818228186 	 0.009682993082052217
0.004524246807144961 	 0.0010278372677208403 	 0.008704007347646632
0.0045766790616567 	 0.0010280998869086461 	 0.008412413909742969
0.004629718962353617 	 0.0010283734536449866 	 0.008568087399365992
0.004683373551349201 	 0.0010286586413934486 	 0.008985674189484396
0.004737649952369159 	 0.001028943910425907 	 0.009505540644823576
0.004792555371697262 	 0.0010292416713458892 	 0.009989740585864377
0.004848097099132106 	 0.0010295282781932092 	 0.010323523524241757
0.004904282508954991 	 0.0010298310732031093 	 0.010619593824506326
0.004961119060908983 	 0.0010301485634872233 	 0.010866441778614736
0.005018614301189379 	 0.0010304706158303942 	 0.011052692253167079
0.005076775863445583 	 0.0010308030296912259 	 0.011185102067316436
0.005135611469794651 	 0.0010311393960212587 	 0.011266084644179379
0.0051951289318465455 	 0.0010314858844075127 	 0.011358450336685212
0.005255336151741291 	 0.001031836543147495 	 0.011511601871951934
0.00531624112319812 	 0.0010322020820760524 	 0.011655379938655506
0.005377851932576842 	 0.0010325850017537854 	 0.0117931980155072
0.005440176759951418 	 0.0010329707133172091 	 0.011917836706292324
0.00550322388019608 	 0.0010333806721332208 	 0.012040577427379231
0.005567001664083959 	 0.0010337898063773026 	 0.012149024852001252
0.005631518579398466 	 0.0010342127702700787 	 0.012252565913815372
0.005696783192057586 	 0.0010346460821183657 	 0.012353820236515317
0.0057628041672511685 	 0.0010351094807650506 	 0.0124579821454883
0.005829590270591378 	 0.0010355717877177802 	 0.012552687865436197
0.005897150369276548 	 0.0010360481898289882 	 0.01264330870101338
0.005965493433268458 	 0.0010365241296038364 	 0.012725219209705253
0.006034628536483261 	 0.0010370138180407565 	 0.012803952883090625
0.006104564857996263 	 0.001037514760494916 	 0.012879162819851936
0.006175311683260613 	 0.0010380109291896168 	 0.012944920656324703
0.006246878405340113 	 0.0010385424731072907 	 0.013014247599739282
0.006319274526156373 	 0.0010390934614635207 	 0.013081312498280944
0.00639250965775037 	 0.0010396624034898704 	 0.01314767587553373
0.00646659352355861 	 0.0010402386079191605 	 0.013209787575887894
0.006541535959704164 	 0.0010408338277472391 	 0.01327145427051063
0.0066173469163025534 	 0.0010414470453510235 	 0.013331030099163801
0.0066940364587828784 	 0.0010420839203035433 	 0.01338985077205273
0.0067716147692241735 	 0.0010427220812032594 	 0.013443101820329052
0.006850092147707304 	 0.0010433813538068056 	 0.013496038313679352
0.006929479013682478 	 0.0010440576303122943 	 0.013546421787665667
0.007009785907352682 	 0.0010447553172507076 	 0.013595406373606594
0.007091023491073058 	 0.0010454677796884687 	 0.013641767834246045
0.007173202550766589 	 0.0010461977281245463 	 0.013686937554413383
0.007256333997356116 	 0.0010469446800823949 	 0.013731064326801034
0.007340428868213008 	 0.0010477004801703776 	 0.013771997676375197
0.007425498328622553 	 0.001048486616440838 	 0.013811630921182465
0.007511553673266431 	 0.001049301867853223 	 0.013852155665301335
0.007598606327722256 	 0.0010501450290038156 	 0.013891642718100342
0.007686667849980593 	 0.0010510170620037053 	 0.013935464235194461
0.007775749931979493 	 0.0010519213254790891 	 0.0139752680914457
0.007865864401156842 	 0.0010528175000598437 	 0.014011525409177583
0.007957023222020665 	 0.0010537390244615464 	 0.014047418593350609
0.008049238497737702 	 0.001054692801697767 	 0.014081559039251415
0.008142522471740297 	 0.0010556818290643837 	 0.014111648362795721
0.008236887529352001 	 0.0010566857876730049 	 0.014148863841775007
0.008332346199431951 	 0.0010576841264250832 	 0.014174196786665533
0.008428911156038338 	 0.0010587430446182397 	 0.01420780004830212
0.008526595220111113 	 0.0010598337211385628 	 0.01423589813433686
0.008625411361174284 	 0.0010609465469280347 	 0.014265213206224408
0.008725372699057814 	 0.0010620808423890517 	 0.014294003558719062
0.008826492505639594 	 0.0010632572583584453 	 0.014324966812272294
0.008928784206607528 	 0.0010644287441267596 	 0.01434787978462279
0.00903226138324208 	 0.0010656665922999296 	 0.014372742324249912
0.009136937774219414 	 0.0010669378603361118 	 0.01440009106264173
0.009242827277435554 	 0.0010682432049252365 	 0.014424232635865099
0.009349943951851538 	 0.0010695782951709138 	 0.014450191363438588
0.009458302019360083 	 0.0010709419615917758 	 0.014471554079773753
0.009567915866673795 	 0.0010723314813310784 	 0.014496216784137013
0.009678800047235314 	 0.0010737458176180202 	 0.014516178180768538
0.00979096928314954 	 0.0010752279201076244 	 0.014539707938873579
0.00990443846713835 	 0.001076737184120997 	 0.014558051020172961
0.010019222664517831 	 0.0010782977827385526 	 0.01457901649314154
0.010135337115198576 	 0.0010798424451874185 	 0.014594514913363115
0.010252797235709038 	 0.001081589868439461 	 0.014629587961657958
0.010371618621242416 	 0.0010832170044725617 	 0.014644647338289449
0.010491817047727203 	 0.0010848921342090513 	 0.014661500528551362
0.010613408473921773 	 0.001086628577635064 	 0.014680750995045028
0.01073640904353324 	 0.001088321368816401 	 0.014685020375168877
0.010860835087360828 	 0.0010902689057755554 	 0.014716482698923688
0.010986703125464133 	 0.0010922635595551726 	 0.014747102533710319
0.011114029869356504 	 0.0010941497190512365 	 0.014756834142674187
0.011242832224223806 	 0.0010961140408232083 	 0.01476935494005396
0.011373127291168933 	 0.0010981795906927216 	 0.014788786955432788
0.011504932369482345 	 0.0011003601758736998 	 0.014813499112777613
0.011638264958938861 	 0.0011025780867031224 	 0.014832953324597472
0.011773142762121123 	 0.001104677849701766 	 0.014837941969911722
0.011909583686769991 	 0.0011068893096524784 	 0.014847894084567296
0.012047605848162113 	 0.001109326418889573 	 0.014875989871394496
0.012187227571515113 	 0.0011116194991305506 	 0.014885874316718267
0.012328467394420659 	 0.0011139393535266901 	 0.01489272176424707
0.01247134406930565 	 0.0011162255009744822 	 0.014892451751494104
0.012615876565922014 	 0.0011188585772500363 	 0.014912360565805922
0.012762084073865303 	 0.0011214070435477668 	 0.014921472631243552
0.01290998600512253 	 0.0011242099280486895 	 0.014943980355255843
0.01305960199664946 	 0.0011268785817264745 	 0.014953222002155847
0.013210951912977827 	 0.0011296362915478894 	 0.014965530698825946
0.013364055848852778 	 0.001132351325478446 	 0.014966607516777515
0.013518934131900799 	 0.0011353640881859078 	 0.014986272937812746
0.013675607325328657 	 0.0011383216937638917 	 0.01499526310319021
0.013834096230653585 	 0.001141553062383606 	 0.01501936983671742
0.013994421890465063 	 0.0011446289587117278 	 0.015026548258247334
0.014156605591218667 	 0.0011476704157942692 	 0.015024461985644113
0.014320668866062298 	 0.0011510983011663257 	 0.015043516874552255
0.014486633497695097 	 0.0011545933963211068 	 0.01506048970592398
0.014654521521259553 	 0.0011579738464565382 	 0.015066184441403776
0.014824355227267135 	 0.0011615257467769255 	 0.015074723001232148
0.014996157164557768 	 0.0011651597128653083 	 0.015083059641183382
0.015169950143293658 	 0.0011687615485593598 	 0.015084234125351014
0.015345757237987827 	 0.0011726546066919326 	 0.015099440348356311
0.015523601790567675 	 0.001176435001277156 	 0.015102526881389236
0.015703507413474108 	 0.0011804135195456395 	 0.015110298728726261
0.015885497992796593 	 0.0011845649281714147 	 0.015121310756738298
0.016069597691444466 	 0.001188842729457593 	 0.015133152647832921
0.01625583095235507 	 0.0011930104501745075 	 0.015134620229648111
0.01644422250173907 	 0.0011973267495820918 	 0.015138827356127663
0.0166347973523633 	 0.0012017855768831375 	 0.015146909517804804
0.01682758080687176 	 0.0012063855052605046 	 0.01515845299190485
0.017022598461145014 	 0.0012111688407007292 	 0.01516989922237206
0.01721987620769861 	 0.0012158943372016198 	 0.015173535418256646
0.017419440239120763 	 0.0012208363044167625 	 0.015180799873777073
0.017621317051549987 	 0.0012258906739943678 	 0.015190056012610701
0.017825533448193015 	 0.001231051428889497 	 0.015197461209657582
0.018032116542883406 	 0.0012361432811543805 	 0.015197455617277542
0.018241093763681483 	 0.0012414200696261033 	 0.015201200036078248
0.018452492856515974 	 0.0012469897309241207 	 0.015208981415450035
0.018666341888867812 	 0.0012527172734271704 	 0.015217502361091073
0.018882669253496662 	 0.0012583790717219546 	 0.015218823746452798
0.019101503672210675 	 0.0012644386216224782 	 0.01523013156850571
0.019322874199679808 	 0.0012703026802737432 	 0.01522692545138876
0.019546810227293467 	 0.0012767263511687854 	 0.015238881762288423
0.01977334148706283 	 0.0012832870166995182 	 0.01524999268737483
0.020002498055568297 	 0.0012897130623718796 	 0.015252675783275427
0.020234310357952805 	 0.0012962179137491773 	 0.01525390117565815
0.020468809171961394 	 0.0013027095409909842 	 0.01525031514812336
0.02070602563202753 	 0.0013096998886510571 	 0.015257232720647395
0.02094599123340684 	 0.0013167372010431941 	 0.015260111995419582
0.02118873783635878 	 0.0013239490389043945 	 0.015262597857743646
0.021434297670376655 	 0.0013310463855908297 	 0.015257575168485698
0.02168270333846678 	 0.0013384313865502432 	 0.015256040731252241
0.0219339878214772 	 0.001346123272791604 	 0.015259301172009172
0.02218818448247651 	 0.0013540131058432964 	 0.01526356969512538
0.022445327071183494 	 0.0013618956796641753 	 0.015260696915970165
0.02270544972844809 	 0.0013701100859302977 	 0.015261095225809285
0.022968586990784294 	 0.001378671847420616 	 0.015264827149546767
0.02323477379495551 	 0.0013873822399369802 	 0.015267686462312078
0.02350404548261317 	 0.0013960802125728418 	 0.01526852437574213
0.02377643780498903 	 0.0014049879704337216 	 0.015270654889771638
0.02405198692764186 	 0.0014138561529578359 	 0.015263301110649587
0.024330729435259133 	 0.001423110694468283 	 0.015260298903629694
0.024612702336514438 	 0.0014327551411120391 	 0.015264023541073627
0.024897943068981045 	 0.0014426714401456417 	 0.01526941997880303
0.025186489504102537 	 0.0014525857439645744 	 0.015265309900542826
0.02547837995222105 	 0.0014628799305896809 	 0.015266838519865059
0.025773653167663644 	 0.0014733863799850139 	 0.015268632040733842
0.026072348353887775 	 0.0014838588408473939 	 0.015263718616396797
0.026374505168686387 	 0.0014946169753539038 	 0.015258114674517102
0.026680163729453175 	 0.0015053782074415047 	 0.015254108670321998
0.02698936461850905 	 0.0015165125304645115 	 0.015245555198184942
0.027302148888490276 	 0.0015280226737511824 	 0.01524377704696175
0.027618558067798955 	 0.0015399075221752276 	 0.015241826024156916
0.027938634166116805 	 0.0015517933798425967 	 0.01523633093829923
0.028262419679982824 	 0.0015640195244480373 	 0.015230133155983951
0.028589957598435488 	 0.0015762964128712242 	 0.015224570521484638
0.028921291408720438 	 0.0015891074572445892 	 0.015220193907838521
0.02925646510206434 	 0.0016022810325602465 	 0.015219587621846208
0.029595523179515512 	 0.0016154827655164039 	 0.015212013908440718
0.0299385106578524 	 0.001629106959998232 	 0.01520557291434316
0.030285473075560412 	 0.0016427595410061669 	 0.015193336498351407
0.03063645649887816 	 0.0016674255150549387 	 0.015158576150132354
0.030991507527913558 	 0.001697618612570971 	 0.015114445163367884
0.03135067330283098 	 0.0017282558194248378 	 0.01506505087449888
0.03171400151011011 	 0.0017597211883489154 	 0.01502013018724385
0.032081540388877214 	 0.001790911289669297 	 0.014965707937469215
0.03245333873730984 	 0.0018228635839693554 	 0.01491516591154954
0.03282944591911588 	 0.0018556170884354022 	 0.014863071941553176
0.03320991187008742 	 0.0018883775138060412 	 0.014803948304892922
0.03359478710473084 	 0.0019214623931377865 	 0.014740254044942606
0.03398412272297366 	 0.0019554369643240395 	 0.01467910781358412
0.034377970416948934 	 0.0019895370085382643 	 0.014609594580159221
0.03477638247785854 	 0.002024363620090128 	 0.014545914136268151
0.03517941180291591 	 0.002059059282993992 	 0.014464078986534725
0.03558711190236907 	 0.002095467594965751 	 0.01436617162569879
0.03599953690660532 	 0.0021313443397985026 	 0.014233861997784848
0.0364167415733381 	 0.002161954582734695 	 0.01407706287078672
0.03683878129487716 	 0.002184079885819793 	 0.01389840542193445
0.037265712105482955 	 0.00220150324362761 	 0.01372790749750802
0.037697590688806494 	 0.0022201354313743883 	 0.013596389254479924
0.03813447438541501 	 0.002244319558858178 	 0.013527320270483367
0.038576421200405206 	 0.0022714519549751054 	 0.013489178341898361
0.03902348981110463 	 0.0023015041002310286 	 0.013471291958609848
0.03947573957486214 	 0.0023332260571975404 	 0.013456201528713962
0.0399332305369289 	 0.0023665831485460164 	 0.013447229399510345
0.04039602343843051 	 0.0024075676934388695 	 0.013512448256312004
0.04086417972443173 	 0.002451329460015644 	 0.013599208970898
0.041337761552094406 	 0.002496673889546826 	 0.013699212118513724
0.04181683179893016 	 0.0025429985583518156 	 0.013813495056054009
0.04230145407114868 	 0.0025923697867210717 	 0.013939640781700912
0.04279169271210263 	 0.0026458650133658994 	 0.014073303711609617
0.04328761281083057 	 0.0027056007489960105 	 0.014210465892490722
0.043789280210698896 	 0.002767226443528091 	 0.014341404055481894
0.04429676151814375 	 0.002828951315572858 	 0.014466301133210015
0.044810124111514416 	 0.0028884274927411854 	 0.014578269241907114
0.04532943615001925 	 0.0029479165921505023 	 0.014684721928505617
0.04585476658277501 	 0.003009700599038209 	 0.014794849905622848
0.04638618515796132 	 0.0030754243464671993 	 0.014915887799848619
0.04692376243208125 	 0.003144040766427436 	 0.015045120016526739
0.047467569779328894 	 0.0032134982728974824 	 0.015170531744904727
0.04801767940106588 	 0.0032839520044261887 	 0.015295905645683143
0.048574164335407566 	 0.003353515103662403 	 0.015407143667643525
0.049137098466920215 	 0.00342464240689126 	 0.015521218776249046
0.04970655653643069 	 0.003496956936203192 	 0.01563474119606293
0.050282614150949916 	 0.003571629238514522 	 0.015755290717332643
0.05086534779371106 	 0.00365598062758532 	 0.01588306036509061
0.05145483483432429 	 0.0037451674729988885 	 0.016027473910589344
0.05205115353904924 	 0.003837547286539807 	 0.016208389441986167
0.05265438308118625 	 0.003934015525918662 	 0.01641652661739239
0.05326460355158833 	 0.004036265477716365 	 0.01663541992479131
0.05388189596929487 	 0.0041484487563258005 	 0.01688018301666336
0.05450634229228843 	 0.004274919313207501 	 0.01715160753974059
0.05513802542837635 	 0.004405035371435839 	 0.017402892050839534
0.055777029246198456 	 0.004534136304664581 	 0.0176236042328827
0.05642343858636236 	 0.004656549364208481 	 0.017776124086950323
0.05707733927270763 	 0.004761429990823437 	 0.017799834167354752
0.05773881812370068 	 0.004856793741585941 	 0.017785702540482447
0.058407962963961765 	 0.004944605053710828 	 0.017749597614037205
0.05908486263592531 	 0.005022413388674454 	 0.017682284293994394
0.059769607011635584 	 0.005087250425451161 	 0.017581650499015906
0.06046228700467915 	 0.005120352282627842 	 0.017437215940311272
0.06116299458225526 	 0.0051423708314069765 	 0.01730280319046661
0.061871822777386454 	 0.005174325469233427 	 0.01724151658307488
0.06258886570127066 	 0.005229355584176038 	 0.0173259854742015
0.06331421855577614 	 0.005309041704414421 	 0.017535658075858815
0.06404797764608158 	 0.0054084429129002244 	 0.017833224265801702
0.06479024039346264 	 0.0055281228669716 	 0.018221995931539083
0.06554110534822633 	 0.005677027967178012 	 0.018741742779126817
0.06630067220279569 	 0.005855659090847273 	 0.019365501911207977
0.06706904180494609 	 0.006041967186287699 	 0.019975192222627607
0.06784631617119455 	 0.006229347403943878 	 0.020541345504501297
0.06863259850034462 	 0.006412938200039382 	 0.021033650399051702
0.06942799318718813 	 0.006570502248345175 	 0.021313971886685445
0.07023260583636563 	 0.006656705430211224 	 0.02123952281883153
0.0710465432763875 	 0.0066477722043626584 	 0.02086256178525972
0.07186991357381771 	 0.006586215133886266 	 0.02029010938364929
0.07270282604762171 	 0.0064732621276232735 	 0.019528914894525455
0.07354539128368073 	 0.006313721939311529 	 0.018599715984333937
0.07439772114947435 	 0.0061265640630308 	 0.017582007562116458
0.07525992880893315 	 0.00592819160555702 	 0.016550188912323464
0.07613212873746343 	 0.005720727619543215 	 0.015514492161338414
0.0770144367371461 	 0.005506940094218559 	 0.014475909376872516
0.07790696995211195 	 0.0052942618818202294 	 0.013469948651605064
0.0788098468840946 	 0.00509396027450573 	 0.012525324837146494
0.07972318740816413 	 0.004907037448279385 	 0.011628293119228778
0.080647112788643 	 0.004762199264589907 	 0.010911425411581696
0.08158174569520613 	 0.004645562996208965 	 0.010313036809820335
0.08252721021916784 	 0.004548326448082198 	 0.00978290573457344
0.08348363188995764 	 0.004474910906273244 	 0.00932896010879752
0.08445113769178648 	 0.004422179502105032 	 0.008951499326179072
0.08542985608050666 	 0.004383107856977997 	 0.008642638395775358
0.08641991700066694 	 0.004355118932229383 	 0.00839718435372748
0.08742145190276515 	 0.004337673662765961 	 0.008219633662524243
0.08843459376070098 	 0.004319648179835949 	 0.008091853122157157
0.08945947708943106 	 0.004279442564622398 	 0.007967353085514783
0.09049623796282821 	 0.00421214324682961 	 0.00782296071047895
0.09154501403174824 	 0.004118268040647406 	 0.007648728125609104
0.09260594454230589 	 0.0039940805280740625 	 0.007432261942245538
0.09367917035436234 	 0.0038618629575788233 	 0.007226041966014487
0.0947648339602273 	 0.003715099241257881 	 0.007029950561966199
0.09586307950357789 	 0.0035211793684861133 	 0.006723007098313276
0.0969740527985963 	 0.003287624585495502 	 0.006292709402641154
0.09809790134932982 	 0.003062306650117747 	 0.005810668489596952
0.09923477436927475 	 0.002864878380248385 	 0.0053312868884094035
0.10038482280118777 	 0.00269855429505434 	 0.004936827692138756
0.10154819933712629 	 0.0025593594259026462 	 0.004638450012519876
0.1027250584387218 	 0.0024141091981723047 	 0.004377203034384889
0.10391555635768718 	 0.002257444405201768 	 0.0041328506127582265
0.10511985115656289 	 0.002084850102011469 	 0.00386519477297066
0.10633810272970268 	 0.0019081122437925719 	 0.0035762317264168416
0.10757047282450242 	 0.0017377099146935577 	 0.0032586553088375077
0.10881712506287604 	 0.001564116041116705 	 0.0029197825343069647
0.11007822496297917 	 0.0014149012238701588 	 0.0026250356340444406
0.11135393996118483 	 0.0013257648149513658 	 0.00241133710390432
0.1126444394343145 	 0.0012639154008506762 	 0.0022100693218183097
0.1139498947221261 	 0.0012083617123547388 	 0.002016713414801706
0.11527047915006233 	 0.001155252078446271 	 0.001841454898784018
0.11660636805226385 	 0.0011042741461773536 	 0.0017032887373706947
0.11795773879484808 	 0.0010571709277099896 	 0.0015787237085261845
0.11932477079945772 	 0.0010097965004049261 	 0.0014594226647651027
0.12070764556708333 	 0.0009647503315197952 	 0.0013518296523967557
0.12210654670216088 	 0.0009250706986350582 	 0.0012587711619041753
0.12352165993694855 	 0.0008882180026442584 	 0.0011710365281551438
0.12495317315618713 	 0.0008536065469598931 	 0.0010882521835566747
0.1264012764220452 	 0.000820585913255853 	 0.001009585174157316
0.12786616199935327 	 0.0007895953674782671 	 0.000935463674985777
0.12934802438113158 	 0.0007602222375148467 	 0.0008646046212963149
0.13084706031441257 	 0.0007414003816384106 	 0.0008070700735923546
0.13236346882636263 	 0.0007307382965372741 	 0.0007599171307378093
0.13389745125070773 	 0.0007210673046789944 	 0.0007155360407455199
0.13544921125446416 	 0.0007121111200701394 	 0.000673230431339013
0.13701895486497895 	 0.0007037103565447184 	 0.0006332268059486106
0.138606890497285 	 0.0006955321121155167 	 0.0005949183638538501
0.14021322898177202 	 0.0006837703848431322 	 0.0005602592404313374
0.1418381835921779 	 0.0006479646849213208 	 0.0005377258956999841
0.14348197007390617 	 0.0006129062450406758 	 0.0005160168119475281
0.14514480667266993 	 0.0005784749570919335 	 0.0004958237654614926
0.14682691416346802 	 0.0005448555364112981 	 0.00047688816372470016
0.14852851587989818 	 0.000512137746559696 	 0.000459016714982803
0.15024983774380862 	 0.0004813967940771588 	 0.0004401447667811007
0.1519911082952933 	 0.00045967598672829656 	 0.00041008505159211044
0.15375255872303625 	 0.0004389980632215704 	 0.00038076721905870353
0.15553442289500521 	 0.0004189550866518575 	 0.0003522777271336722
0.15733693738950355 	 0.00039989330071673435 	 0.0003244824775481555
0.1591603415265802 	 0.00038166662670301155 	 0.00029733364062584
0.1610048773998038 	 0.0003743777534002076 	 0.000276514887856924
0.1628707899084064 	 0.00037621250168056136 	 0.00026117074748320963
0.16475832678979827 	 0.0003787445558599882 	 0.0002464583608653371
0.16666773865245957 	 0.0003819023258035759 	 0.0002323550458593923
0.16859927900921468 	 0.00038572398209136145 	 0.00021878374202732642
0.17055320431089055 	 0.0003907843635284106 	 0.00020698456475894657
0.17252977398036523 	 0.00039843359234072265 	 0.00019891868171646078
0.17452925044701253 	 0.0004074659909081144 	 0.00019127717483373132
0.1765518991815442 	 0.00041809382003843475 	 0.00018409859672655302
0.17859798873125612 	 0.00043014406974881293 	 0.00017737180806597612
0.18066779075568423 	 0.0004439877254586502 	 0.0001718698775865019
0.18276158006267243 	 0.00046117668749862963 	 0.00016867628764816658
0.1848796346448582 	 0.0004812406044934002 	 0.00016631462780508616
0.18702223571658286 	 0.000503870052283364 	 0.00016477130930977357
0.18918966775122784 	 0.0005294893956740171 	 0.00016417268369362672
0.19138221851898374 	 0.0005598763141306361 	 0.00016556826661376717
0.19360017912505864 	 0.0005927397270619696 	 0.00016810869759623825
0.19584384404832772 	 0.0006294361928247822 	 0.00017199673763387696
0.1981135111804306 	 0.0006669268611070988 	 0.00017653742293743247
0.20040948186532362 	 0.0007034616085154265 	 0.0001815519605996432
0.20273206093928872 	 0.0007383248567464784 	 0.00018757407892589718
0.20508155677140605 	 0.0007684500108887211 	 0.00019299267784210955
0.20745828130449728 	 0.0007924183681115827 	 0.00019755525415358558
0.2098625500965417 	 0.0008074050997592634 	 0.0002004471747543235
0.21229468236257237 	 0.0008123717768427747 	 0.00020196820343351246
0.2147550010170594 	 0.0008048702249551791 	 0.00020107734196362707
0.2172438327167829 	 0.0007828091352989578 	 0.0001972634683601139
0.21976150790420246 	 0.0007474397162266569 	 0.0001892710907664855
0.22230836085133135 	 0.0007056919003008408 	 0.00017822851070488387
0.22488472970411727 	 0.0006647069878450676 	 0.00016619159491459583
0.2274909565273373 	 0.0006276482331728717 	 0.00015463291105563768
0.23012738735001526 	 0.0005936819300064306 	 0.00014356602936337626
0.23279437221136323 	 0.0005619849491702504 	 0.00013322879486193324
0.23549226520725577 	 0.0005319435543392991 	 0.0001232382956996412
0.23822142453724454 	 0.0005043182040587061 	 0.0001137188192083601
0.2409822125521159 	 0.00048044159320279295 	 0.00010490120416820683
0.2437749958019994 	 0.0004603793642156125 	 9.701505477926618e-05
0.24660014508503628 	 0.0004435231821836772 	 8.99843410650393e-05
0.2494580354966095 	 0.0004289373438277974 	 8.369569623062983e-05
0.2523490464791446 	 0.00041588821958761713 	 7.833614305099904e-05
0.25527356187248973 	 0.00040406025530778905 	 7.354276384908424e-05
0.25823196996487735 	 0.0003932052538104735 	 6.917907035465743e-05
0.26122466354447654 	 0.0003829678960953055 	 6.517992030108826e-05
0.26425203995154517 	 0.0003731490410174698 	 6.15195429857148e-05
0.2673145011311838 	 0.00036357685770211517 	 5.813122163103413e-05
0.2704124536867015 	 0.00035398640367654535 	 5.494335664679771e-05
0.2735463089336022 	 0.00034422476893808325 	 5.190974250695356e-05
0.27671648295419304 	 0.0003343459391643975 	 4.928157390341176e-05
0.27992339665282967 	 0.0003243656253387127 	 4.679693746393659e-05
0.2831674758117988 	 0.000314267292816259 	 4.4392251130719326e-05
0.2864491511478486 	 0.0003044705294558146 	 4.21041413393863e-05
0.2897688583693766 	 0.0002951396843389851 	 3.995782797450368e-05
0.29312703823427816 	 0.0002858408333302318 	 3.7904510231986105e-05
0.2965241366084646 	 0.0002766592037224293 	 3.593910006301791e-05
0.2999606045250632 	 0.0002677634514833827 	 3.4035615370028746e-05
0.30343689824429954 	 0.00025920348025142956 	 3.245359032267549e-05
0.30695347931407463 	 0.0002508761224426507 	 3.09294576488748e-05
0.3105108146312463 	 0.0002428448841154544 	 2.9456541099707383e-05
0.31410937650361836 	 0.00023508028260786068 	 2.8035580367103908e-05
0.31774964271264794 	 0.0002275783480501347 	 2.6665496239191703e-05
0.3214320965768826 	 0.00022047247932997308 	 2.5341607211611572e-05
0.3251572270161294 	 0.00021363183191072113 	 2.4064039978667016e-05
0.3289255286163682 	 0.00020709711316310942 	 2.283613809164618e-05
0.33273750169541944 	 0.00020096159148217147 	 2.1662428136159704e-05
0.3365936523693708 	 0.00019519154492969137 	 2.0532461221362293e-05
0.34049449261977305 	 0.00018979094893560114 	 1.9442405617798353e-05
0.34444054036161803 	 0.00018481013719505449 	 1.840596599711613e-05
0.3484323195121012 	 0.00018024623271929187 	 1.753713215475318e-05
0.3524703600601811 	 0.00017605955995764699 	 1.6701742333164816e-05
0.35655519813694825 	 0.00017208828966208244 	 1.5899476956992017e-05
0.3606873760868063 	 0.00016835065914509097 	 1.5129349890230437e-05
0.36486744253947784 	 0.00016471663332214248 	 1.4388885783536265e-05
0.3690959524828485 	 0.00016104078983201394 	 1.3748503400225106e-05
0.3733734673366515 	 0.0001573304135017757 	 1.3138051115985788e-05
0.37770055502700633 	 0.00015367149607575017 	 1.2551683784466451e-05
0.3820777900618245 	 0.00015008156962635134 	 1.1987381477486057e-05
0.38650575360708617 	 0.00014655091780249564 	 1.1441061409322981e-05
0.3909850335640001 	 0.0001430607401623206 	 1.0908739715660495e-05
0.39551622464706204 	 0.0001395295505909108 	 1.0390433816148618e-05
0.40009992846301357 	 0.00013594709888086991 	 9.887674183588412e-06
0.4047367535907164 	 0.00013236320127052993 	 9.457400673724575e-06
0.40942731566195617 	 0.0001287816517347017 	 9.040595962383387e-06
0.41417223744317805 	 0.0001251958416485574 	 8.637217806983868e-06
0.418972148918171 	 0.00012159657184571717 	 8.245890017669071e-06
0.42382768737171267 	 0.00011802024991272952 	 7.866009488558255e-06
0.42873949747418116 	 0.00011444517654084483 	 7.497822013915719e-06
0.43370823136714604 	 0.0001109521449299293 	 7.139704204315642e-06
0.43873454874995627 	 0.00010768335074238958 	 6.788107482224826e-06
0.44381911696732707 	 0.00010454526352570996 	 6.475526193909484e-06
0.4489626110979421 	 0.00010149721275189319 	 6.183804621336572e-06
0.45416571404408645 	 9.858345241903438e-05 	 5.902945850553379e-06
0.4594291166223141 	 9.581466795503132e-05 	 5.6313667373633525e-06
0.46475351765516665 	 9.315674280651023e-05 	 5.369137600296942e-06
0.4701396240639585 	 9.059958370985353e-05 	 5.116216944290817e-06
0.4755881509626337 	 8.818614833456437e-05 	 4.870877124587735e-06
0.4810998217527102 	 8.587760581537994e-05 	 4.6331870567561815e-06
0.48667536821932894 	 8.368368034554567e-05 	 4.405916937610919e-06
0.4923155306284113 	 8.163842569614443e-05 	 4.2117289849855524e-06
0.49802105782494327 	 7.968050047231223e-05 	 4.024267806674221e-06
0.5037927073324027 	 7.778319596166417e-05 	 3.843652827852409e-06
0.5096312454533318 	 7.595264308848117e-05 	 3.669565723746965e-06
0.5155374473710834 	 7.41959875378423e-05 	 3.5013162775472124e-06
0.5215120972527398 	 7.249354888636035e-05 	 3.338548701087077e-06
0.5275559883532255 	 7.08342097440911e-05 	 3.1814665515464606e-06
0.5336699231206307 	 6.923345436762429e-05 	 3.029437322244144e-06
0.5398547133027514 	 6.768870461192648e-05 	 2.8824530761569713e-06
0.5461111800548629 	 6.618437062975933e-05 	 2.7393572873948374e-06
0.5524401540487485 	 6.472663763917679e-05 	 2.6097317605950574e-06
0.5588424755829857 	 6.332119013675244e-05 	 2.4994991649101817e-06
0.5653189946945116 	 6.196148989590296e-05 	 2.3934920972210854e-06
0.5718705712714857 	 6.0639952256979196e-05 	 2.291060959640992e-06
0.578498075167455 	 5.935658841970162e-05 	 2.192385427958976e-06
0.5852023863168437 	 5.8107468466917525e-05 	 2.0970892548765165e-06
0.5919843948517852 	 5.6894277675027456e-05 	 2.005013234851731e-06
0.5988450012203034 	 5.571796048255994e-05 	 1.9158001729412032e-06
0.6057851163058632 	 5.4571266792299444e-05 	 1.8295449001441166e-06
0.6128056615483128 	 5.346970224609636e-05 	 1.7456919314628643e-06
0.6199075690662212 	 5.2382310249466947e-05 	 1.664544771622305e-06
0.6270917817806336 	 5.1327399514389566e-05 	 1.5859296219478787e-06
0.6343592535402673 	 5.030722799062096e-05 	 1.5095554866243893e-06
0.6417109492481523 	 4.931195656634694e-05 	 1.4353445004108287e-06
0.6491478449897395 	 4.83485792869721e-05 	 1.362855968469149e-06
0.6566709281624996 	 4.7404611822002006e-05 	 1.293268145238172e-06
0.6642811976070182 	 4.6477698965931835e-05 	 1.2366024996572245e-06
0.6719796637396097 	 4.556016287820833e-05 	 1.1817169644916636e-06
0.6797673486864747 	 4.467550687138569e-05 	 1.1285430628290386e-06
0.6876452864194055 	 4.380605899898059e-05 	 1.0770264438959941e-06
0.6956145228930649 	 4.294918284606473e-05 	 1.0270715648755683e-06
0.7036761161838615 	 4.212383419910604e-05 	 9.811073170861623e-07
0.7118311366304289 	 4.132518877787336e-05 	 9.398622437024958e-07
0.720080666975732 	 4.0540146313139496e-05 	 8.998324811687577e-07
0.7284258025108282 	 3.977237388847928e-05 	 8.610737861221475e-07
0.7368676512202861 	 3.9013745012070245e-05 	 8.236276866423913e-07
0.7454073339292908 	 3.826345457346683e-05 	 7.873331609696363e-07
0.7540459844524611 	 3.7530383850524135e-05 	 7.522247407264496e-07
0.7627847497443828 	 3.681649631587841e-05 	 7.180544933218361e-07
0.7716247900518888 	 3.6113511357811514e-05 	 6.848141511059943e-07
0.7805672790681092 	 3.542237614173864e-05 	 6.526339651950184e-07
0.7896134040883005 	 3.474958250409109e-05 	 6.213362492289906e-07
0.7987643661674805 	 3.408161389833406e-05 	 5.908785323536223e-07
0.8080213802798972 	 3.343928032754696e-05 	 5.653903790734225e-07
0.8173856754803391 	 3.2804331627553306e-05 	 5.413500371370123e-07
0.8268584950673139 	 3.2183579052422365e-05 	 5.180502147429362e-07
0.8364410967481267 	 3.157781737052938e-05 	 4.955013941547299e-07
0.8461347528058631 	 3.097402214774259e-05 	 4.7372163968621077e-07
0.8559407502683086 	 3.0389804837664644e-05 	 4.525995971723452e-07
0.8658603910788314 	 2.982157102816549e-05 	 4.320262780331261e-07
0.87589499226924 	 2.9255982620163226e-05 	 4.120236612150501e-07
0.8860458861346424 	 2.8703970696199127e-05 	 3.926114806776289e-07
0.8963144204103416 	 2.815685726627729e-05 	 3.7378587642101935e-07
0.9067019584507673 	 2.7626155575372195e-05 	 3.5712205228992433e-07
0.9172098794104947 	 2.7114532656890907e-05 	 3.418298663599838e-07
0.9278395784273529 	 2.6606540362265136e-05 	 3.2707233938759623e-07
0.938592466807654 	 2.6114883764592386e-05 	 3.1279283304246223e-07
0.9494699722135783 	 2.5635051330061994e-05 	 2.9890090803589865e-07
0.9604735388527227 	 2.5157525358515266e-05 	 2.854563542496783e-07
0.9716046276698449 	 2.468360024410345e-05 	 2.7239436381978693e-07
0.9828647165408391 	 2.421930128990688e-05 	 2.597075338124634e-07
0.994255300468951 	 2.3769089778832628e-05 	 2.4742554844832505e-07
1.0057778917832667 	 2.33375703694087e-05 	 2.3650168242476963e-07
1.0174340203395102 	 2.2911143349084554e-05 	 2.269528306455189e-07
1.02922523372316 	 2.249136075154781e-05 	 2.1775229444641787e-07
1.0411530974549192 	 2.2089067248753344e-05 	 2.0885330515881925e-07
1.0532191951985757 	 2.1686742417820657e-05 	 2.0027372489198172e-07
1.0654251289712624 	 2.1298177769768346e-05 	 1.9195221807588388e-07
1.077772519356154 	 2.0916170542221215e-05 	 1.838915069096394e-07
1.0902630057176388 	 2.053261580548262e-05 	 1.7612520498676564e-07
1.1028982464189734 	 2.016423063531419e-05 	 1.6859675401053105e-07
1.1156799190424607 	 1.9802473746051677e-05 	 1.6129054522413323e-07
1.12860972061219 	 1.944807015199256e-05 	 1.54185537416327e-07
1.1416893678193465 	 1.9102109540495785e-05 	 1.4728373596061602e-07
1.1549205972501344 	 1.876035825644587e-05 	 1.4060268303503338e-07
1.16830516561635 	 1.8428946470285535e-05 	 1.3411718639245553e-07
1.181844849988616 	 1.810884258119385e-05 	 1.2779785929126825e-07
1.195541448032322 	 1.778903579315668e-05 	 1.2164357712577333e-07
1.2093967782463064 	 1.7470899498388172e-05 	 1.1566138082630909e-07
1.2234126802042953 	 1.7163951929972583e-05 	 1.098204512070625e-07
1.237591014799139 	 1.6864782170120922e-05 	 1.0412549246071283e-07
1.251933664489891 	 1.656847151844929e-05 	 9.874747099530552e-08
1.2664425335517384 	 1.629084494415639e-05 	 9.471217750632666e-08
1.281119548328829 	 1.6014359387370167e-05 	 9.081025156003574e-08
1.2959666574900384 	 1.5742305475796266e-05 	 8.704660380192269e-08
1.310985832287694 	 1.547679286232177e-05 	 8.340174117314508e-08
1.3261790668192919 	 1.5217633429359622e-05 	 7.987000886248749e-08
1.3415483782922624 	 1.4961610968950924e-05 	 7.644494961165658e-08
1.357095807291791 	 1.4706968919304484e-05 	 7.313336038790011e-08
1.3728234180517427 	 1.445779592410738e-05 	 6.991571146742082e-08
1.388733298728739 	 1.4211951453880561e-05 	 6.679568971573381e-08
1.4048275616793984 	 1.3972058605174283e-05 	 6.377837763685232e-08
1.4211083437407899 	 1.3735091463342706e-05 	 6.08425150449412e-08
1.4375778065141498 	 1.350172226406731e-05 	 5.797942509035406e-08
1.4542381366518733 	 1.3273321990918578e-05 	 5.5206725785364496e-08
1.4710915461478329 	 1.305010908506465e-05 	 5.2503955478829214e-08
1.4881402726310722 	 1.2831892184383314e-05 	 4.986167206551517e-08
1.505386579662894 	 1.2621192712929973e-05 	 4.743593821885805e-08
1.5228327570373867 	 1.2418323984851607e-05 	 4.5400119311605803e-08
1.5404811210854519 	 1.2220541036229042e-05 	 4.34318134574136e-08
1.558334014982337 	 1.2026553161049621e-05 	 4.153299390940559e-08
1.5763938090587368 	 1.1833249696548796e-05 	 3.9692989370204395e-08
1.5946629011155107 	 1.1642681363233985e-05 	 3.790194725203606e-08
1.6131437167420288 	 1.1455744559555096e-05 	 3.6171347684942256e-08
1.6318387096382272 	 1.127246613301751e-05 	 3.4488351769585006e-08
1.6507503619403818 	 1.1091519522408428e-05 	 3.286263503064825e-08
1.6698811845506574 	 1.0918293050018066e-05 	 3.1528015488269467e-08
1.689233717470489 	 1.074587816140526e-05 	 3.0233841816154014e-08
1.7088105301378147 	 1.0576566909827167e-05 	 2.8988372215434592e-08
1.728614221768214 	 1.0410803720898483e-05 	 2.7782558794018667e-08
1.7486474217000165 	 1.0247125335090371e-05 	 2.6616893733864553e-08
1.7689127897433947 	 1.0085389264960683e-05 	 2.5487160944018014e-08
1.7894130165335014 	 9.927259796076072e-06 	 2.4388952319585368e-08
1.8101508238877164 	 9.771782582831209e-06 	 2.3328446441202742e-08
1.8311289651670177 	 9.618176086590635e-06 	 2.2299518172750493e-08
1.8523502256415392 	 9.466383231516837e-06 	 2.1301285650689305e-08
1.873817422860383 	 9.317687581197478e-06 	 2.033234544005026e-08
1.8955334070257002 	 9.170315346504155e-06 	 1.939023321117011e-08
1.9175010613711059 	 9.026063622899163e-06 	 1.8474729821956588e-08
1.9397233025444993 	 8.884024549398823e-06 	 1.758287797812953e-08
1.9622030809953006 	 8.742878551075899e-06 	 1.6715012142228546e-08
1.9849433813661768 	 8.604157744703192e-06 	 1.5869756494281197e-08
2.0079472228893254 	 8.470054422397387e-06 	 1.5099022686540763e-08
2.0312176597873317 	 8.34292102094989e-06 	 1.445409580626609e-08
2.0547577816786715 	 8.217105805430487e-06 	 1.3828358285137344e-08
2.0785707139879346 	 8.092820658153614e-06 	 1.3223173990087985e-08
2.102659618360779 	 7.970709572028516e-06 	 1.2636429666581446e-08
2.127027693083699 	 7.84950349562203e-06 	 1.2067809884999604e-08
2.1516781735086714 	 7.730606543775999e-06 	 1.1515034570623726e-08
2.1766143324827114 	 7.612711693550566e-06 	 1.0978478915792714e-08
2.2018394807823993 	 7.495665657608307e-06 	 1.0464141582327054e-08
2.2273569675534675 	 7.388530071138558e-06 	 1.0055521964865466e-08
2.253170180755458 	 7.282767135186591e-06 	 9.662851221145561e-09
2.2792825476115386 	 7.177635597360582e-06 	 9.282735985045846e-09
2.3056975350635467 	 7.074807366393284e-06 	 8.916301806974842e-09
2.3324186502322903 	 6.973708085307033e-06 	 8.562403959551597e-09
2.3594494408831808 	 6.874541129490629e-06 	 8.220827217917012e-09
2.3867934958972845 	 6.776927003715021e-06 	 7.89095051993066e-09
2.414454445747813 	 6.680004151885709e-06 	 7.572092665424914e-09
2.4424359629821315 	 6.584920910159001e-06 	 7.2647222916881675e-09
2.4707417627093804 	 6.490986328039015e-06 	 6.966199373139503e-09
2.499375603093723 	 6.398751791495474e-06 	 6.677413482315871e-09
2.5283412858533088 	 6.307498057806108e-06 	 6.3984639767664614e-09
2.5576426567650437 	 6.217793566139068e-06 	 6.126939741233952e-09
2.5872836061751867 	 6.129247130130126e-06 	 5.863842152252591e-09
2.617268069515864 	 6.040991652895484e-06 	 5.609141333255624e-09
2.6476000278275924 	 5.954517097184839e-06 	 5.3608609795523686e-09
2.678283508287834 	 5.868722794263241e-06 	 5.118671370123518e-09
2.709322584745678 	 5.783622230179686e-06 	 4.884058118083751e-09
2.7407213782627404 	 5.699061654832739e-06 	 4.656388649671027e-09
2.772484057660313 	 5.6154512196872385e-06 	 4.433795236887591e-09
2.804614840072846 	 5.532974266826149e-06 	 4.2169233303243935e-09
2.8371179915078764 	 5.451544801791413e-06 	 4.006010561548481e-09
2.8699978274124183 	 5.371462806773434e-06 	 3.799344843410365e-09
2.9032587132459153 	 5.292144078815858e-06 	 3.597542395360717e-09
2.936905065059864 	 5.213196967365279e-06 	 3.4001858082634768e-09
2.97094135008411 	 5.136269027935757e-06 	 3.207175469495033e-09
3.0053720873199827 	 5.061234031891401e-06 	 3.0268091327490114e-09
3.040201848140277 	 4.993006163343112e-06 	 2.898604237410776e-09
3.0754352568961814 	 4.925889235737561e-06 	 2.7749859464462957e-09
3.1110769915312777 	 4.86010255416734e-06 	 2.6549058776531092e-09
3.1471317842026174 	 4.7944555347796695e-06 	 2.538802552057356e-09
3.1836044219090054 	 4.729857368734008e-06 	 2.426656198014657e-09
3.220499747126586 	 4.66678160606105e-06 	 2.317490355788171e-09
3.257822658451773 	 4.603988128899993e-06 	 2.2112881301833353e-09
3.2955781112516243 	 4.542060007633635e-06 	 2.1086902880814554e-09
3.333771118321786 	 4.481102767185657e-06 	 2.008908754501803e-09
3.3724067505520354 	 4.4198631809724934e-06 	 1.911951056777319e-09
3.4114901375995292 	 4.360076857657282e-06 	 1.82218129593744e-09
3.451026468569892 	 4.302009344120556e-06 	 1.7460023212365345e-09
3.4910209927061624 	 4.244769486767446e-06 	 1.6726721260683129e-09
3.5314790200857265 	 4.188426019426696e-06 	 1.6014184274169415e-09
3.5724059223253577 	 4.132646775372912e-06 	 1.5326369219524086e-09
3.613807133294396 	 4.077916553604846e-06 	 1.4659818971307213e-09
3.6556881498361933 	 4.023966859096509e-06 	 1.4014728725224594e-09
3.698054532497952 	 3.970624804722679e-06 	 1.33890077349738e-09
3.7409119062689866 	 3.917844940845039e-06 	 1.2783399219996614e-09
3.7842659613275456 	 3.866008030970828e-06 	 1.2195098162865264e-09
3.8281224537963174 	 3.814718391915394e-06 	 1.1624560701051682e-09
3.8724872065066616 	 3.7639009111744656e-06 	 1.1070025978281788e-09
3.9173661097716943 	 3.7138778106035007e-06 	 1.0531720179922715e-09
3.9627651221683693 	 3.664260871002957e-06 	 1.0009066841693165e-09
4.008690271328588 	 3.6159471780068476e-06 	 9.51869039289774e-10
4.055147654739475 	 3.571885792884986e-06 	 9.128094783335072e-10
4.102143440552967 	 3.528403674721956e-06 	 8.750621051734189e-10
4.1496838684047495 	 3.485412605375917e-06 	 8.386840271419225e-10
4.197775250242678 	 3.4431006309551157e-06 	 8.034920889132569e-10
4.246423971164841 	 3.40097342238278e-06 	 7.695305471506061e-10
4.2956364902673005 	 3.3594241483153376e-06 	 7.366537890774394e-10
4.345419341501652 	 3.3187397429775074e-06 	 7.048947188753466e-10
4.395779134542565 	 3.2783455370120735e-06 	 6.74110742943501e-10
4.446722555665333 	 3.2385780521015946e-06 	 6.442153976137604e-10
4.498256368633606 	 3.1991482806448146e-06 	 6.15365966254004e-10
4.550387415597434 	 3.160330702618255e-06 	 5.873502023127743e-10
4.603122618001695 	 3.1223261004239294e-06 	 5.601010557101971e-10
4.656468977505034 	 3.0843770922549184e-06 	 5.337404245091086e-10
4.710433576909505 	 3.047079163528347e-06 	 5.081113504713792e-10
4.765023581100947 	 3.0101984979360954e-06 	 4.831157018185796e-10
4.820246238000243 	 2.9738615929807316e-06 	 4.588152076000947e-10
4.876108879525661 	 2.938184170048663e-06 	 4.35155649582086e-10
4.9326189225663 	 2.902606129207498e-06 	 4.121816079899161e-10
4.989783869966816 	 2.8673996167045647e-06 	 3.897571121970441e-10
5.047611311523601 	 2.8405793720401664e-06 	 3.7226052099877205e-10
5.106108924992472 	 2.8154280574563367e-06 	 3.563603111406544e-10
5.1652844771080275 	 2.7906103161877675e-06 	 3.4098150939704086e-10
5.225145824614878 	 2.766638060951605e-06 	 3.260828849940273e-10
5.285700915310741 	 2.7431048756030036e-06 	 3.1168342878828983e-10
5.346957789101711 	 2.7196819251482447e-06 	 2.977553628582511e-10
5.408924579069702 	 2.6965935582685343e-06 	 2.8433805559327714e-10
5.47160951255226 	 2.6740374678553523e-06 	 2.7131857927141976e-10
5.535020912234942 	 2.6523293234997297e-06 	 2.586783346853512e-10
5.599167197256302 	 2.630991716273727e-06 	 2.464211254259966e-10
5.664056884325686 	 2.6101141796263534e-06 	 2.3453553791708444e-10
5.729698588854029 	 2.589713139970566e-06 	 2.2299377450072522e-10
5.796101026097705 	 2.5698796953043325e-06 	 2.1179216834044248e-10
5.86327301231564 	 2.5504895776842605e-06 	 2.0090082284202454e-10
5.931223465939879 	 2.5315629969479735e-06 	 1.9030947752945976e-10
5.999961408759671 	 2.513197039026503e-06 	 1.800010112215688e-10
6.069495967119274 	 2.498560684305573e-06 	 1.7196312993261123e-10
6.1398363731296985 	 2.4846105486413776e-06 	 1.642094843565516e-10
6.2109919658944355 	 2.4714685624576016e-06 	 1.5669276801497825e-10
6.282972192749393 	 2.4485338245395835e-06 	 1.4943581851934372e-10
6.355786610517259 	 2.437783868713844e-06 	 1.4243906054560983e-10
6.429444886776339 	 2.430463782860659e-06 	 1.3567435763222873e-10
6.503956801144105 	 2.418814955520826e-06 	 1.2909311017395618e-10
6.579332246575675 	 2.407273402881468e-06 	 1.2272810040684533e-10
6.655581230677283 	 2.396371402146571e-06 	 1.1654518238196018e-10
6.732713877034968 	 2.385691152984574e-06 	 1.1056202620149886e-10
6.810740426558722 	 2.375340489884443e-06 	 1.0476723624346341e-10
6.889671238842162 	 2.3656684942626958e-06 	 9.911653707619208e-11
6.969516793537952 	 2.3564464298886597e-06 	 9.361398528323365e-11
7.050287691749227 	 2.4878035264963113e-06 	 8.884185367148695e-11
7.1319946574370805 	 2.707298704493956e-06 	 8.455213626656585e-11
7.21464853884437 	 2.92982852139906e-06 	 8.041657373205238e-11
7.298260309936079 	 3.1555627225377698e-06 	 7.641254190653282e-11
7.38284107185631 	 3.3845033985594303e-06 	 7.253073220357828e-11
7.468402054402161 	 3.6164364358463375e-06 	 6.879188600808191e-11
7.554954617514757 	 3.851866632424433e-06 	 6.51662853775141e-11
7.642510252787481 	 4.090655571669862e-06 	 6.16456005978847e-11
7.731080584991696 	 4.332730041395633e-06 	 5.823328690332809e-11
7.820677373620214 	 4.578005157971222e-06 	 5.4926640250853756e-11
7.911312514448577 	 4.826372795857352e-06 	 5.173145020610925e-11
8.00299804111444 	 5.09747962711732e-06 	 4.867281874637192e-11
8.095746126715326 	 5.949865084353342e-06 	 4.723161913380447e-11
8.18956908542483 	 6.812352558621275e-06 	 4.589189233451071e-11
8.284479374127535 	 7.685198495299463e-06 	 4.4649874554955797e-11
8.380489594072982 	 8.568881438533251e-06 	 4.34898283236774e-11
8.477612492548696 	 9.463227263217082e-06 	 4.242483171323265e-11
8.575860964572634 	 1.0368342299608019e-05 	 4.145180065103133e-11
8.6752480546053 	 1.1284276818905218e-05 	 4.056103247914327e-11
8.775786958281639 	 1.2211279082823033e-05 	 3.974909074010805e-11
8.877491024162994 	 1.3149770642130695e-05 	 3.9005628340360155e-11
8.980373755509449 	 1.4099436149633045e-05 	 3.8338982568443875e-11
9.084448812072631 	 1.4870850150171288e-05 	 3.8345594588654124e-11
9.189730011909294 	 1.5607201545856137e-05 	 3.856053461176079e-11
9.296231333215992 	 1.635243986377044e-05 	 3.885258297485577e-11
9.403966916184945 	 1.710688512740774e-05 	 3.921297312668302e-11
9.512951064881397 	 1.7748832486514044e-05 	 3.950069376924755e-11
9.623198249142845 	 1.748629760651358e-05 	 3.8763008540267384e-11
9.734723106500118 	 1.717669063278976e-05 	 3.791364546302857e-11
9.847540444120867 	 1.6763301628688825e-05 	 3.677775574159957e-11
9.961665240775499 	 1.6345471032327922e-05 	 3.568277818674958e-11
10.077112648825867 	 1.5845004696358426e-05 	 3.446028956302699e-11
10.193897996237116 	 1.5299972268022728e-05 	 3.3192389821395156e-11
10.312036788612735 	 1.4748608684169165e-05 	 3.1962015366397506e-11
10.431544711253258 	 1.419041449361205e-05 	 3.076665398030246e-11
10.55243763123881 	 1.3625423045831783e-05 	 2.960636438820433e-11
10.674731599535704 	 1.3054878927250107e-05 	 2.8463881577409477e-11
10.79844285312766 	 1.247977322704473e-05 	 2.7335629773841218e-11
10.9235878171715 	 1.190016340645847e-05 	 2.622656529088405e-11
11.050183107177936 	 1.1368827472982379e-05 	 2.510111906438983e-11
11.178245531217629 	 1.0917906362001222e-05 	 2.3926098409686383e-11
11.3077920921528 	 1.0465864763366215e-05 	 2.2756684943194968e-11
11.43883998989463 	 1.013219533387475e-05 	 2.1329605234686404e-11
11.571406623687016 	 9.551060156850755e-06 	 2.073273044394379e-11
11.705509594416588 	 9.004707077345424e-06 	 1.9836376888431057e-11
11.841166706949604 	 8.525261531257765e-06 	 1.869825212920763e-11
11.978395972495894 	 8.040384180629993e-06 	 1.7615391194588063e-11
12.117215611000251 	 7.693408924948984e-06 	 1.672603568602399e-11
12.257644053561378 	 7.368857919081193e-06 	 1.5888476347136023e-11
12.399699944879155 	 7.040049369516572e-06 	 1.5063939941362272e-11
12.543402145729978 	 6.708401176797475e-06 	 1.4249660722461691e-11
12.688769735470949 	 6.372708675247325e-06 	 1.3448258436997127e-11
12.835822014573061 	 6.033962328708179e-06 	 1.2657459626141467e-11
12.984578507183622 	 5.691012085706928e-06 	 1.1878062389906351e-11
13.135058963718635 	 5.497296611963662e-06 	 1.1237013405026742e-11
13.287283363484955 	 5.319293641136716e-06 	 1.0619999690956476e-11
13.441271917332974 	 5.140009068155637e-06 	 1.0010780968979764e-11
13.59704507034002 	 4.9586864253978936e-06 	 9.411513000468012e-12
13.75462350452487 	 4.776222075457244e-06 	 8.819870738034753e-12
13.914028141593606 	 4.591957335901267e-06 	 8.235896330464122e-12
14.075280145717548 	 4.524405711105984e-06 	 7.737650790583276e-12
14.238400926343116 	 4.59545116558276e-06 	 7.336988544581312e-12
14.403412141034396 	 4.668373552359239e-06 	 6.943737573885244e-12
14.570335698348613 	 4.741876444378806e-06 	 6.558100525663367e-12
14.739193760744959 	 4.81646330597493e-06 	 6.178822830225468e-12
14.910008747526996 	 4.893350274936208e-06 	 5.804903849800282e-12
15.082803337819442 	 5.005645562393053e-06 	 5.4964708484669754e-12
15.25760047357916 	 5.158796419803841e-06 	 5.259195043246724e-12
15.434423362641194 	 5.313640413762311e-06 	 5.028799334887925e-12
15.613295481800083 	 5.470504898979391e-06 	 4.804412892021633e-12
15.794240579926905 	 5.629933128146535e-06 	 4.585918192533319e-12
15.977282681122281 	 5.791695927525301e-06 	 4.372781140022206e-12
16.162446087906265 	 5.957955335502927e-06 	 4.2157969483992025e-12
16.349755384444855 	 6.12664362855741e-06 	 4.071377183186743e-12
16.539235439814068 	 6.2975500121159054e-06 	 3.932174541701201e-12
16.73091141130181 	 6.471247130383065e-06 	 3.798011999840414e-12
16.92480874774805 	 6.647736749046151e-06 	 3.66864048335751e-12
17.120953192923523 	 6.7818869422243e-06 	 3.55749523416737e-12
17.31937078894794 	 6.8904703117659405e-06 	 3.459412811634879e-12
17.520087879747475 	 7.000813623758384e-06 	 3.365631863776553e-12
17.723131114552466 	 7.113229166758289e-06 	 3.2759810599700856e-12
17.928527451435656 	 7.2261649521625866e-06 	 3.190372756216101e-12
18.13630416089145 	 7.264951518435548e-06 	 3.103526549320007e-12
18.34648882945646 	 7.264630949604945e-06 	 3.017615342312787e-12
18.559109363372425 	 7.264901505996328e-06 	 2.935010891289734e-12
18.77419399229114 	 7.264718823493819e-06 	 2.8556741963709394e-12
18.991771273022575 	 7.2656665007310316e-06 	 2.779224654550145e-12
19.211870093326358 	 7.1712688144986305e-06 	 2.689284073739455e-12
19.434519675747243 	 7.072982149747324e-06 	 2.6011991951758893e-12
19.65974958149483 	 6.974285566057223e-06 	 2.5155282230921666e-12
19.88758971436866 	 6.8739577431564126e-06 	 2.4321418639334903e-12
20.118070324728365 	 6.787374613804548e-06 	 2.350708235886824e-12
20.35122201351008 	 6.713657110508021e-06 	 2.271144180087433e-12
20.587075736289304 	 6.6403127535694185e-06 	 2.1934402708934333e-12
20.825662807390945 	 6.565824059361953e-06 	 2.117560757730576e-12
21.06701490404673 	 6.4912781226390136e-06 	 2.0432391872495315e-12
21.31116407060127 	 6.415425679814291e-06 	 1.9703802538077043e-12
21.558142722766405 	 6.338006973850109e-06 	 1.899094438256201e-12
21.807983651925106 	 6.258847942477841e-06 	 1.8293591156798774e-12
22.060720029485164 	 6.178054821531889e-06 	 1.7609943954283994e-12
22.316385411283427 	 6.096385945985767e-06 	 1.6937104893342994e-12
22.57501374204082 	 6.014260452238136e-06 	 1.6274751295992527e-12
22.836639359869466 	 5.93119121057869e-06 	 1.5623165846047782e-12
23.10129700083158 	 5.8472361412581335e-06 	 1.4981225102091406e-12
23.369021803551423 	 5.761207565695939e-06 	 1.434797109776173e-12
23.63984931388071 	 5.6736979215616455e-06 	 1.3722755091092717e-12
23.913815489617843 	 5.583886782585128e-06 	 1.3104987367280886e-12
24.19095670528232 	 5.492863764893094e-06 	 1.2493954788849056e-12
24.471309756944002 	 5.4002122809120555e-06 	 1.1889461553745474e-12
24.75491186710856 	 5.306268386145698e-06 	 1.1290924508263266e-12
25.041800689659528 	 5.218425069659086e-06 	 1.073009735672946e-12
25.332014314857652 	 5.179754064275695e-06 	 1.0371624739788928e-12
25.625591274397948 	 5.140037011613644e-06 	 1.0019943297988955e-12
25.922570546525854 	 5.098350551782025e-06 	 9.674123363366896e-13
26.222991561212172 	 5.05556755537872e-06 	 9.333879048754863e-13
26.52689420538825 	 5.01049223245866e-06 	 8.998618248002819e-13
26.834318828241766 	 4.9638521213614445e-06 	 8.667990482740425e-13
27.145306246573952 	 4.916145828424149e-06 	 8.342217165633669e-13
27.459897750218623 	 4.867296225811455e-06 	 8.020887624370241e-13
27.778135107524566 	 4.815942241495763e-06 	 7.702814266883105e-13
28.100060570900904 	 4.762886790194698e-06 	 7.388085957713538e-13
28.425716882427018 	 4.707306859344993e-06 	 7.075964908803474e-13
28.755147279527403 	 4.649995524462382e-06 	 6.766754912112413e-13
29.088395500712377 	 4.5910753504309514e-06 	 6.460038906431797e-13
29.425505791385003 	 4.529524920250287e-06 	 6.155146607289561e-13
29.766522909715913 	 4.466105928638077e-06 	 5.852237551112863e-13
30.11149213258563 	 4.415703209688106e-06 	 5.602868329472522e-13
30.460459261596025 	 4.396139173233622e-06 	 5.466204082132873e-13
30.813470629151407 	 4.375361761579742e-06 	 5.332886961561312e-13
31.170573104610153 	 4.352421108509617e-06 	 5.202018830266279e-13
31.5318141005073 	 4.327846780569579e-06 	 5.073784140528871e-13
31.89724157884989 	 4.301229106940856e-06 	 4.94788813118825e-13
32.26690405748463 	 4.272889076335796e-06 	 4.824288623960118e-13
32.6408506165397 	 4.242663868151768e-06 	 4.702659277694241e-13
33.0191309049411 	 4.211076704756253e-06 	 4.583478774364616e-13
33.40179514700463 	 4.177605795245821e-06 	 4.465979099584815e-13
33.78889414910388 	 4.141649616622476e-06 	 4.349732033347255e-13
34.18047930641625 	 4.104116960237393e-06 	 4.2352284797547184e-13
34.57660260974639 	 4.065278029256499e-06 	 4.1227073547103374e-13
34.97731665242908 	 4.023549751998363e-06 	 4.0104658973886237e-13
35.38267463731209 	 3.980900481908135e-06 	 3.900266057925605e-13
35.79273038381998 	 3.936870133118898e-06 	 3.7915071012501665e-13
36.20753833509942 	 3.891008633526668e-06 	 3.6836445407066894e-13
36.627153565248044 	 3.842815921206217e-06 	 3.576285681184265e-13
37.051631786626366 	 3.7938358786383523e-06 	 3.470522488206686e-13
37.48102935725479 	 3.743544534016692e-06 	 3.365795441405287e-13
37.91540328829626 	 3.6916649900049945e-06 	 3.2617855105763316e-13
38.35481125162571 	 3.638606808293875e-06 	 3.158667095398012e-13
38.79931158748688 	 3.584205725206485e-06 	 3.0564461471693177e-13
39.2489633122386 	 3.5285728836850273e-06 	 2.954723250385717e-13
39.703826126190094 	 3.4713415662864385e-06 	 2.853396844245191e-13
40.16396042152748 	 3.4133540397404623e-06 	 2.753048212275064e-13
40.629427290332025 	 3.354489792346668e-06 	 2.6533435794225713e-13
41.10028853269148 	 3.2944982636908635e-06 	 2.5542327596803493e-13
41.576606664904894 	 3.233677341416577e-06 	 2.455617632899523e-13
42.05844492778344 	 3.1719621416066294e-06 	 2.35751901500636e-13
42.545867295046584 	 3.10906321129582e-06 	 2.2595069437003693e-13
43.03893848181592 	 3.045616992094115e-06 	 2.1621770389476835e-13
43.537723953207546 	 2.981579252783276e-06 	 2.0652925103451497e-13
44.042289933023476 	 2.9169145215179636e-06 	 1.968693358820788e-13
44.55270341254475 	 2.851477769926803e-06 	 1.872179800161063e-13
45.0690321594255 	 2.7855284859927024e-06 	 1.7760997159634923e-13
45.59134472669053 	 2.719061700350189e-06 	 1.6803542741965985e-13
46.11971046183719 	 2.6520201301327895e-06 	 1.584579611280778e-13
46.654199516042645 	 2.5845785178493764e-06 	 1.4891523713794588e-13
47.19488285347755 	 2.516820944997972e-06 	 1.393856215565178e-13
47.74183226072852 	 2.448441026382585e-06 	 1.2985215742594382e-13
48.29512035632884 	 2.3799646584180955e-06 	 1.2033654382556474e-13
48.854820600400146 	 2.3110678878983223e-06 	 1.1081341300702805e-13
49.42100730440575 	 2.2415312262203277e-06 	 1.0129877269589704e-13
49.99375564101707 	 2.171988654077434e-06 	 9.177538726397326e-14
50.57314165409389 	 2.1324510778560126e-06 	 8.876455365989014e-14
51.15924226878135 	 2.0935672304736795e-06 	 8.588214151351137e-14
51.75213530172288 	 2.0540695886276605e-06 	 8.306930865490169e-14
52.35189947139204 	 2.0154500263108744e-06 	 8.03152350487899e-14
52.95861440854396 	 1.9766136438364826e-06 	 7.762490193409497e-14
53.572360666788065 	 1.937825505012276e-06 	 7.498509974144014e-14
54.193219733282724 	 1.8995429432030624e-06 	 7.239799969728154e-14
54.821274039554964 	 1.8606455800262989e-06 	 6.987053185242717e-14
55.45660697244448 	 1.8227405710201228e-06 	 6.739123723019566e-14
56.099302885175064 	 1.7852851086103983e-06 	 6.496045096203798e-14
56.7494471085541 	 1.7476141833858573e-06 	 6.257961707119237e-14
57.40712596230217 	 1.7099805759329385e-06 	 6.023865643391088e-14
58.07242676651317 	 1.6728287533966949e-06 	 5.79391703259358e-14
58.74543785324859 	 1.636499427657763e-06 	 5.568425391347057e-14
59.42624857826483 	 1.5995894296471e-06 	 5.34680457117825e-14
60.11494933287717 	 1.5632634372597096e-06 	 5.128648901679026e-14
60.811631555960936 	 1.5272924451114329e-06 	 4.9140185223045193e-14
61.51638774609209 	 1.4912733589320722e-06 	 4.702449395766451e-14
62.229311473827686 	 1.45575433369549e-06 	 4.49465491915248e-14
62.95049739413001 	 1.4203914129047874e-06 	 4.2893279103587386e-14
63.68004125893348 	 1.3856136196863812e-06 	 4.086876540512683e-14
64.4180399298577 	 1.350796544562386e-06 	 3.886929935978125e-14
65.16459139106783 	 1.3159585079561296e-06 	 3.689743808469474e-14
65.91979476228408 	 1.2815861410854294e-06 	 3.494632751044771e-14
66.68375031194131 	 1.247063782843782e-06 	 3.301429811690172e-14
67.45655947050246 	 1.2131949524450163e-06 	 3.1103966470192004e-14
68.23832484392497 	 1.1794925601919864e-06 	 2.921519057094534e-14
69.02915022728396 	 1.145750663157269e-06 	 2.734033338620942e-14
69.82914061855301 	 1.11255189706813e-06 	 2.5482002281507086e-14
70.63840223254502 	 1.0877921386071325e-06 	 2.4418230600770293e-14
71.45704251501367 	 1.0656940429305644e-06 	 2.3585814163126574e-14
72.28517015691996 	 1.04397129351403e-06 	 2.2776641430755845e-14
73.1228951088625 	 1.0224766851300615e-06 	 2.1991755173768222e-14
73.97032859567577 	 1.0013899278211307e-06 	 2.1227050149954215e-14
74.82758313119774 	 9.806415223418232e-07 	 2.0482498447632204e-14
75.69477253320757 	 9.598227418830858e-07 	 1.9757880690026964e-14
76.57201193853822 	 9.395886101005978e-07 	 1.9051539617574356e-14
77.45941781836257 	 9.195579602340817e-07 	 1.8363913986804354e-14
78.35710799365742 	 8.99687780895573e-07 	 1.769133609918239e-14
79.26520165084663 	 8.799764777270584e-07 	 1.703532037615391e-14
80.18381935762567 	 8.606131804199583e-07 	 1.6393660172852233e-14
81.11308307896873 	 8.414375397018224e-07 	 1.5767088919831738e-14
82.05311619332302 	 8.22585667388057e-07 	 1.5153403018753597e-14
83.0040435089891 	 8.039558764536368e-07 	 1.4553259143054288e-14
83.96599128069185 	 7.854950364917572e-07 	 1.3965348995191131e-14
84.9390872263433 	 7.673345568228972e-07 	 1.3388179957518406e-14
85.92346054399995 	 7.493683393437808e-07 	 1.2822396782935831e-14
86.91924192901573 	 7.314176554563914e-07 	 1.2266427712585905e-14
87.92656359139538 	 7.13584328059462e-07 	 1.1719932274813901e-14
88.94555927334747 	 6.962850624860162e-07 	 1.1182432328018077e-14
89.97636426704136 	 6.789432896968375e-07 	 1.0653438599426648e-14
91.01911543257009 	 6.61716043716411e-07 	 1.0132427372288714e-14
92.0739512161214 	 6.447006347393545e-07 	 9.61885238322699e-15
93.14101166835857 	 6.278556091404822e-07 	 9.112167043556574e-15
94.22043846301605 	 6.111654253495075e-07 	 8.611908266873141e-15
95.31237491570873 	 5.946207572369128e-07 	 8.117617088731875e-15
96.41696600296021 	 5.780417498248342e-07 	 7.628934568463812e-15
97.5343583814513 	 5.617369293819944e-07 	 7.145248831743184e-15
98.66470040749188 	 5.456614408244375e-07 	 6.666294404114624e-15
99.80814215671735 	 5.295568123515905e-07 	 6.191350585314149e-15
100.96483544401543 	 5.181999429479814e-07 	 5.9397959646885884e-15
102.1349338436818 	 5.076858166210964e-07 	 5.73792327382161e-15
103.31859270981037 	 4.975075265840443e-07 	 5.542794907815436e-15
104.51596919691974 	 4.875650118867257e-07 	 5.3533525702714585e-15
105.72722228081872 	 4.777004562961729e-07 	 5.1697545920617306e-15
106.9525127797128 	 4.682625986830125e-07 	 4.991570396935629e-15
108.19200337555723 	 4.5870367391130473e-07 	 4.818393859924071e-15
109.44585863565553 	 4.491031211095065e-07 	 4.650040746048019e-15
110.71424503450923 	 4.399547210436763e-07 	 4.486574926042376e-15
111.99733097592082 	 4.3087082016038405e-07 	 4.3273289773830536e-15
113.29528681535282 	 4.2197436876015545e-07 	 4.1723326680953585e-15
114.60828488254518 	 4.131131796287385e-07 	 4.021186769125713e-15
115.93649950439669 	 4.0434782665730566e-07 	 3.873756459566792e-15
117.2801070281096 	 3.958814259172565e-07 	 3.73000094671325e-15
118.63928584460344 	 3.8753557668170967e-07 	 3.5895477586392786e-15
120.01421641219996 	 3.79069571264019e-07 	 3.4522436615031433e-15
121.40508128058298 	 3.7080582265608055e-07 	 3.317910025251342e-15
122.81206511503437 	 3.6268687458163017e-07 	 3.186518560434498e-15
124.23535472095371 	 3.547823096707597e-07 	 3.057762869578952e-15
125.67513906865936 	 3.4686403535288695e-07 	 2.931515351908122e-15
127.13160931847844 	 3.3907512375987774e-07 	 2.8077125200457393e-15
128.60495884612706 	 3.3123602773184153e-07 	 2.6860189951504145e-15
130.09538326838523 	 3.2361394352975344e-07 	 2.5664516952675e-15
131.60308046906783 	 3.160345953755699e-07 	 2.448878637983602e-15
133.12825062529916 	 3.086113406819452e-07 	 2.3332100996884397e-15
134.67109623408956 	 3.0108951708097e-07 	 2.219216821136291e-15
136.23182213922115 	 2.936581795781924e-07 	 2.106795575126226e-15
137.81063555844526 	 2.862000957252216e-07 	 1.9958029806502076e-15
139.40774611099357 	 2.787652594585379e-07 	 1.886238490320866e-15
141.0233658454111 	 2.71526856801748e-07 	 1.7779344886533313e-15
142.6577092677086 	 2.641353599423267e-07 	 1.6707062202706585e-15
144.31099336984312 	 2.567377327337304e-07 	 1.5644978727709058e-15
145.98343765852763 	 2.49422333054797e-07 	 1.4592921372836374e-15
147.6752641843757 	 2.4211876947843373e-07 	 1.3549303240153794e-15
149.3866975713816 	 2.3482490588077857e-07 	 1.251329555680435e-15
151.11796504674572 	 2.291177118403981e-07 	 1.1862458811517796e-15
152.8692964710423 	 2.2424185399856513e-07 	 1.1431745984478635e-15
154.64092436873815 	 2.1943640979729637e-07 	 1.1013779675041371e-15
156.43308395906524 	 2.1474844089286624e-07 	 1.06073738317872e-15
158.24601318725087 	 2.1008755594330282e-07 	 1.0211869232782721e-15
160.07995275610855 	 2.054503063764583e-07 	 9.827098732355323e-16
161.935146157998 	 2.009469372707507e-07 	 9.452659961102259e-16
163.81183970715233 	 1.965337259036176e-07 	 9.087495007124113e-16
165.71028257238163 	 1.921224081239268e-07 	 8.731351241006682e-16
167.6307268101551 	 1.8778773716859533e-07 	 8.38391402217369e-16
169.57342739806688 	 1.8347763988133935e-07 	 8.044477610942806e-16
171.53864226868825 	 1.7929268360349356e-07 	 7.71319444602553e-16
173.52663234381527 	 1.7515459804287856e-07 	 7.388878003190472e-16
175.53766156911 	 1.7106173708432155e-07 	 7.071372484446619e-16
177.57199694914522 	 1.6699393838385808e-07 	 6.760447556138535e-16
179.62990858285423 	 1.6302356994335816e-07 	 6.455803823353257e-16
181.71166969939264 	 1.5909354890013144e-07 	 6.156648510530756e-16
183.81755669441338 	 1.5520616892945436e-07 	 5.863027532979253e-16
185.94784916676608 	 1.5133143613614293e-07 	 5.574396594631241e-16
188.10282995561786 	 1.4756112634618646e-07 	 5.290714684905027e-16
190.28278517800643 	 1.437621790178932e-07 	 5.011210722095681e-16
192.48800426682774 	 1.4006237346482003e-07 	 4.736204336974291e-16
194.7187800092645 	 1.3637156417457188e-07 	 4.464793097820938e-16
196.97540858565793 	 1.3268819659787556e-07 	 4.1970396580535216e-16
199.25818960883413 	 1.290684349073252e-07 	 3.9326032803239216e-16
201.567426163882 	 1.2618914363939313e-07 	 3.7583698760036264e-16
203.90342484839437 	 1.2369898915294698e-07 	 3.629712584174927e-16
206.26649581317488 	 1.212256992145694e-07 	 3.5050731994222653e-16
208.65695280341737 	 1.1878766703141521e-07 	 3.3844447794859277e-16
211.0751132003599 	 1.1639589599248062e-07 	 3.2674538147869633e-16
213.5212980634263 	 1.1405640305048762e-07 	 3.1541001452951066e-16
215.9958321728513 	 1.1176013721448958e-07 	 3.0440296517737403e-16
218.49904407280235 	 1.0946550763532659e-07 	 2.9371214916715616e-16
221.03126611500022 	 1.0721006711375299e-07 	 2.8332488020720314e-16
223.59283450284596 	 1.0499753477516514e-07 	 2.7322636721647547e-16
226.18408933605684 	 1.0281177240134228e-07 	 2.633961186075459e-16
228.8053746558241 	 1.00650114555257e-07 	 2.538215024196534e-16
231.45703849048954 	 9.850162834674607e-08 	 2.4449163694757033e-16
234.13943290175376 	 9.64122517852733e-08 	 2.353936217994412e-16
236.8529140314194 	 9.433714313318494e-08 	 2.2651340217536494e-16
239.59784214867665 	 9.229300276072651e-08 	 2.178402748999477e-16
242.37458169793422 	 9.028183509675962e-08 	 2.0936086291905049e-16
245.18350134720967 	 8.827936832069181e-08 	 2.010616717380999e-16
248.02497403707548 	 8.629404475321925e-08 	 1.929337806867538e-16
250.89937703017495 	 8.433870689844183e-08 	 1.849729934083879e-16
253.8070919613119 	 8.239984365611413e-08 	 1.7716040418987252e-16
256.74850488811825 	 8.047949791588864e-08 	 1.6949319975100383e-16
259.72400634231417 	 7.858393317474157e-08 	 1.6196190384742408e-16
262.7339913815568 	 7.671431731968663e-08 	 1.5455659119535537e-16
265.77885964189267 	 7.486725245613308e-08 	 1.47270177798474e-16
268.85901539081743 	 7.303420331810833e-08 	 1.4009256617670297e-16
271.9748675809512 	 7.120664889405782e-08 	 1.3301800038468719e-16
275.1268299043326 	 6.938954161165998e-08 	 1.2603635192091174e-16
278.3153208473486 	 6.76014585615841e-08 	 1.1914682124874944e-16
281.5407637462942 	 6.581765998227406e-08 	 1.1233765721806416e-16
284.8035868435799 	 6.405826152860776e-08 	 1.0560560129931476e-16
288.1042233445892 	 6.23101241346063e-08 	 9.894227569640484e-17
291.4431114751959 	 6.057162148905056e-08 	 9.234217085089018e-17
294.8206945399453 	 5.884859376842591e-08 	 8.58022163189788e-17
298.2374209809149 	 5.7127254213520086e-08 	 7.93136540803646e-17
301.6937444372523 	 5.574096307066269e-08 	 7.478597050407007e-17
305.19012380540494 	 5.468477230668536e-08 	 7.233422732046242e-17
308.72702330004824 	 5.3642164399902516e-08 	 6.996556002645585e-17
312.30491251571993 	 5.262441835893097e-08 	 6.767731631641118e-17
315.92426648916563 	 5.1615468886062425e-08 	 6.546459700628696e-17
319.5855657624133 	 5.062823551751249e-08 	 6.332366930812967e-17
323.28929644657234 	 4.9649192102821844e-08 	 6.125093435969185e-17
327.0359502863754 	 4.868792612401202e-08 	 5.924320122201046e-17
330.826024725467 	 4.7742459643942255e-08 	 5.729744491216466e-17
334.6600229724504 	 4.6807089175157303e-08 	 5.5410752316616325e-17
338.5384540676955 	 4.5884368241590447e-08 	 5.357829367060649e-17
342.4618329509284 	 4.498443702769586e-08 	 5.180039959461745e-17
346.4306805295974 	 4.408279502177549e-08 	 5.0070968700149504e-17
350.44552374803436 	 4.320565469285494e-08 	 4.8390266192715236e-17
354.5068956574175 	 4.233191999050161e-08 	 4.675334851701716e-17
358.6153354865451 	 4.1474312665772454e-08 	 4.515951150136341e-17
362.7713887134263 	 4.062477539417401e-08 	 4.360630072243625e-17
366.9756071377082 	 3.978824254732712e-08 	 4.209108548537966e-17
371.2285489539361 	 3.8956295654781574e-08 	 4.0611479296635415e-17
375.5307788256654 	 3.8138738123332514e-08 	 3.916622482240884e-17
379.8828679604317 	 3.73354104475124e-08 	 3.775334346291444e-17
384.2853941855918 	 3.65327121919956e-08 	 3.637049854168955e-17
388.73894202503783 	 3.574403603344606e-08 	 3.5016006285231296e-17
393.2441027768098 	 3.496666622615541e-08 	 3.3689068446522264e-17
397.80147459159895 	 3.4191071239156296e-08 	 3.238671450582834e-17
402.4116625521652 	 3.342377675717988e-08 	 3.110847804146512e-17
407.0752787536739 	 3.267073978928504e-08 	 2.985253746059098e-17
411.79294238496476 	 3.1917958255541444e-08 	 2.8617241715649876e-17
416.56527981075817 	 3.117823476342728e-08 	 2.7401712536917198e-17
421.3929246548229 	 3.044139232174638e-08 	 2.6204105466189992e-17
426.27651788409867 	 2.9713851920051746e-08 	 2.5023597675869304e-17
431.2167078937987 	 2.898864251256196e-08 	 2.3858611845243425e-17
436.21415059349783 	 2.8272415645609832e-08 	 2.2708549999307583e-17
441.2695094942143 	 2.75620262376655e-08 	 2.1572035334528853e-17
446.3834557965093 	 2.6855946913314098e-08 	 2.0447842302364266e-17
451.5566684795989 	 2.6157544795411244e-08 	 1.9335215590637523e-17
456.78983439150323 	 2.5463155978024238e-08 	 1.8232953086495518e-17
462.0836483402392 	 2.477110573270081e-08 	 1.7140346463517218e-17
467.43881318607123 	 2.4084838442749877e-08 	 1.6056349323234935e-17
472.85603993482624 	 2.3405858999273996e-08 	 1.498035623774786e-17
478.3360478322997 	 2.272699740751542e-08 	 1.391105171502919e-17
483.8795644597463 	 2.205255771809768e-08 	 1.2848172109614283e-17
489.48732583048167 	 2.138481103965314e-08 	 1.179059986505277e-17
495.1600764876033 	 2.0718418500660186e-08 	 1.0737769504115985e-17
500.8985696028443 	 2.0094499272065614e-08 	 9.796964827714551e-18
506.7035670765682 	 1.9693718947674967e-08 	 9.450008405335595e-18
512.5758396389326 	 1.930014638674891e-08 	 9.11375090144843e-18
518.5161669522151 	 1.891154346857137e-08 	 8.787671582674491e-18
524.5253377143301 	 1.8528034844541588e-08 	 8.471279920560149e-18
530.6041497635441 	 1.8151192962746677e-08 	 8.164097822873656e-18
536.7534101844066 	 1.7778681529197903e-08 	 7.865558853498867e-18
542.9739354149012 	 1.7411308589669165e-08 	 7.575398398476258e-18
549.266551354852 	 1.7045944780951554e-08 	 7.292912105716513e-18
555.6320934755734 	 1.6688385246890325e-08 	 7.017951558260619e-18
562.0714069307965 	 1.6334666129179198e-08 	 6.749948508987274e-18
568.5853466688811 	 1.598680685840572e-08 	 6.488696293235453e-18
575.1747775463278 	 1.5639278448940728e-08 	 6.233579148723122e-18
581.8405744426007 	 1.5298476212623906e-08 	 5.984479139508197e-18
588.5836223762919 	 1.496101254050698e-08 	 5.740929313456291e-18
595.4048166226215 	 1.462851989821551e-08 	 5.5027187181889395e-18
602.3050628323039 	 1.4299129795923698e-08 	 5.2694675506684636e-18
609.2852771517915 	 1.3971372751206994e-08 	 5.040854250045819e-18
616.3463863449128 	 1.3649273720599482e-08 	 4.816710074694549e-18
623.4893279159138 	 1.3328806868590977e-08 	 4.596680761898632e-18
630.715050233938 	 1.3013462799542009e-08 	 4.38056724662534e-18
638.0245126589368 	 1.2699574863774593e-08 	 4.168068844476597e-18
645.4186856690449 	 1.2388253901891497e-08 	 3.958995650916647e-18
652.8985509894303 	 1.2080171314262825e-08 	 3.753065207653018e-18
660.4651017226405 	 1.1774667554339861e-08 	 3.550142536640392e-18
668.1193424804503 	 1.147121019339189e-08 	 3.3499506412805983e-18
675.8622895172531 	 1.1171923624547883e-08 	 3.1523561276966227e-18
683.6949708649832 	 1.0874486994112504e-08 	 2.9571057770324734e-18
691.6184264696095 	 1.057805180240245e-08 	 2.7640490984226107e-18
699.633708329209 	 1.0285164686477963e-08 	 2.573015435820662e-18
707.7418806336419 	 1.00786039879598e-08 	 2.4785524211304287e-18
715.9440199058391 	 9.878634631238962e-09 	 2.391401650513028e-18
724.2412151447404 	 9.682048635747794e-09 	 2.306955451483851e-18
732.634567969875 	 9.487882551173402e-09 	 2.225061702246898e-18
741.1251927676261 	 9.296820975715967e-09 	 2.1455955737039106e-18
749.7142168391869 	 9.107339029674094e-09 	 2.0684331254408803e-18
758.402780550235 	 8.922159591570394e-09 	 1.9934553551016333e-18
767.192037482332 	 8.738435343703709e-09 	 1.9205488934012365e-18
776.0831545860946 	 8.555374496420743e-09 	 1.8495904588745904e-18
785.0773123361237 	 8.376997532558028e-09 	 1.7805065959687157e-18
794.1757048877388 	 8.199916979289107e-09 	 1.7131820972942924e-18
803.3795402355266 	 8.02528807575444e-09 	 1.6475221165556258e-18
812.6900403737211 	 7.853036062496236e-09 	 1.5834357452985198e-18
822.1084414584569 	 7.681913810026385e-09 	 1.5208361150828753e-18
831.6359939718876 	 7.513609661021491e-09 	 1.4596505632793385e-18
841.2739628882142 	 7.346857942888459e-09 	 1.399777526272487e-18
851.0236278416357 	 7.1816414979390846e-09 	 1.3411544775893955e-18
860.8862832962479 	 7.018426499454674e-09 	 1.283712737556921e-18
870.8632387179027 	 6.857108866278874e-09 	 1.227374701784309e-18
880.9558187480769 	 6.697118839440059e-09 	 1.1720657241488764e-18
891.1653633797371 	 6.538922340628855e-09 	 1.11774568620011e-18
901.493228135253 	 6.382842559539148e-09 	 1.0643291290761938e-18
911.9407842463709 	 6.226591188693241e-09 	 1.0117655641494448e-18
922.5094188362726 	 6.073221645863198e-09 	 9.600048011260207e-19
933.2005351037379 	 5.9204834184685604e-09 	 9.089857985426956e-19
944.0155525094578 	 5.769163193039089e-09 	 8.586568813551152e-19
954.9559069644896 	 5.618843498264595e-09 	 8.08969575291293e-19
966.023051020904 	 5.4701642000663016e-09 	 7.598778881855173e-19
977.2184540646414 	 5.3220165445353975e-09 	 7.113309129708442e-19
988.5436025106042 	 5.175389160390532e-09 	 6.632938339418745e-19
1000.0 	 5.029882870320764e-09 	 6.157134767308197e-19
