2.0 	 1.6205994857298455e-08 	 3.148173519447671e-09 
 2.022252992090197 	 1.6205994857298455e-08 	 3.148173519447671e-09 
 2.044753582008878 	 1.6205994857298455e-08 	 3.148173519447671e-09 
 2.0675045246523007 	 1.6205994857298455e-08 	 3.148173519447671e-09 
 2.090508605569068 	 1.6205994857298455e-08 	 3.148173519447671e-09 
 2.1137686413011774 	 1.6205994857298455e-08 	 3.148173519447671e-09 
 2.1372874797288683 	 1.6205994857298455e-08 	 3.148173519447671e-09 
 2.16106800041931 	 1.6205994857298455e-08 	 3.148173519447671e-09 
 2.185113114979165 	 1.6205994857298455e-08 	 3.148173519447671e-09 
 2.209425767411074 	 1.6205994857298455e-08 	 3.148173519447671e-09 
 2.234008934474112 	 1.6205994857298455e-08 	 3.148173519447671e-09 
 2.258865626048254 	 1.6205994857298455e-08 	 3.148173519447671e-09 
 2.2839988855028888 	 1.6205994857298455e-08 	 3.148173519447671e-09 
 2.309411790069446 	 1.6205994857298455e-08 	 3.148173519447671e-09 
 2.335107451218158 	 1.6205994857298455e-08 	 3.148173519447671e-09 
 2.3610890150390174 	 1.6205994857298455e-08 	 3.148173519447671e-09 
 2.387359662626975 	 1.6205994857298455e-08 	 3.148173519447671e-09 
 2.4139226104714218 	 1.6205994857298455e-08 	 3.148173519447671e-09 
 2.4407811108500064 	 1.6205994857298455e-08 	 3.148173519447671e-09 
 2.4679384522268304 	 1.6205994857298455e-08 	 3.148173519447671e-09 
 2.495397959655079 	 1.6205994857298455e-08 	 3.148173519447671e-09 
 2.5231629951841286 	 1.6205994857298455e-08 	 3.148173519447671e-09 
 2.5512369582711845 	 1.6205994857298455e-08 	 3.148173519447671e-09 
 2.579623286197498 	 1.6205994857298455e-08 	 3.148173519447671e-09 
 2.608325454489219 	 1.6205994857298455e-08 	 3.148173519447671e-09 
 2.6373469773429234 	 1.6205994857298455e-08 	 3.148173519447671e-09 
 2.666691408055882 	 1.6205994857298455e-08 	 3.148173519447671e-09 
 2.6963623394611145 	 1.6205994857298455e-08 	 3.148173519447671e-09 
 2.7263634043672815 	 1.6205994857298455e-08 	 3.148173519447671e-09 
 2.7566982760034757 	 1.6205994857298455e-08 	 3.148173519447671e-09 
 2.7873706684689585 	 1.6205994857298455e-08 	 3.148173519447671e-09 
 2.8183843371879025 	 1.6205994857298455e-08 	 3.148173519447671e-09 
 2.849743079369192 	 1.6205994857298455e-08 	 3.148173519447671e-09 
 2.8814507344713403 	 1.6205994857298455e-08 	 3.148173519447671e-09 
 2.9135111846725823 	 1.6205994857298455e-08 	 3.148173519447671e-09 
 2.9459283553461924 	 1.6205994857298455e-08 	 3.148173519447671e-09 
 2.978706215541096 	 1.6205994857298455e-08 	 3.148173519447671e-09 
 3.011848778467825 	 1.6205994857298455e-08 	 3.148173519447671e-09 
 3.045360101989882 	 1.6205994857298455e-08 	 3.148173519447671e-09 
 3.079244289120574 	 1.6205994857298455e-08 	 3.148173519447671e-09 
 3.1135054885253663 	 1.6205994857298455e-08 	 3.148173519447671e-09 
 3.1481478950298367 	 1.6205994857298455e-08 	 3.148173519447671e-09 
 3.183175750133272 	 1.6205994857298455e-08 	 3.148173519447671e-09 
 3.218593342527984 	 1.6205994857298455e-08 	 3.148173519447671e-09 
 3.254405008624402 	 1.6205994857298455e-08 	 3.148173519447671e-09 
 3.2906151330820106 	 1.6205994857298455e-08 	 3.148173519447671e-09 
 3.32722814934619 	 1.6205994857298455e-08 	 3.148173519447671e-09 
 3.3642485401910305 	 1.6205994857298455e-08 	 3.148173519447671e-09 
 3.401680838268195 	 1.6205994857298455e-08 	 3.148173519447671e-09 
 3.4395296266618742 	 1.6205994857298455e-08 	 3.148173519447671e-09 
 3.4777995394499266 	 1.6205994857298455e-08 	 3.148173519447671e-09 
 3.5164952622712624 	 1.6205994857298455e-08 	 3.148173519447671e-09 
 3.5556215328995324 	 1.6205994857298455e-08 	 3.148173519447671e-09 
 3.5951831418232056 	 1.6205994857298455e-08 	 3.148173519447671e-09 
 3.6351849328321073 	 1.6205994857298455e-08 	 3.148173519447671e-09 
 3.6756318036104663 	 1.6205980094728168e-08 	 3.124144438193503e-09 
 3.716528706336576 	 1.6205935805401657e-08 	 3.0520545646352464e-09 
 3.757880648289126 	 1.6205891023290132e-08 	 2.97916258338395e-09 
 3.799692692460268 	 1.6205845742910618e-08 	 2.905459569791542e-09 
 3.841969958175517 	 1.620579995871914e-08 	 2.830936499909888e-09 
 3.884717621720545 	 1.6205753665110037e-08 	 2.7555842493859253e-09 
 3.927940916974944 	 1.6205706856415278e-08 	 2.679393592344519e-09 
 3.9716451360530463 	 1.620565952690376e-08 	 2.602355200258869e-09 
 4.0158356299518765 	 1.620561167078062e-08 	 2.524459640808355e-09 
 4.060517809206302 	 1.620556328218651e-08 	 2.4456973767236863e-09 
 4.105697144551488 	 1.6205514355196904e-08 	 2.3660587646191757e-09 
 4.151379167592713 	 1.6205464883821343e-08 	 2.285534053812047e-09 
 4.197569471482639 	 1.6205414862002714e-08 	 2.204113385128589e-09 
 4.244273711606117 	 1.620536428361652e-08 	 2.121786789697038e-09 
 4.2914976062726184 	 1.620531314247011e-08 	 2.03854418772701e-09 
 4.339246937416362 	 1.620526143230194e-08 	 1.9543753872753775e-09 
 4.38752755130423 	 1.6205209146780787e-08 	 1.869270082998402e-09 
 4.436345359251578 	 1.620515627950499e-08 	 1.7832178548899703e-09 
 4.485706338345984 	 1.6205102824001656e-08 	 1.6962081670058159e-09 
 4.535616532179064 	 1.6205048773725876e-08 	 1.6082303661735364e-09 
 4.586082051586437 	 1.6204994122059916e-08 	 1.5192736806882413e-09 
 4.637109075395913 	 1.6204938862312414e-08 	 1.4293272189937028e-09 
 4.688703851183996 	 1.6204882987717547e-08 	 1.3383799683488556e-09 
 4.7408726960408325 	 1.620482649143422e-08 	 1.2464207934793946e-09 
 4.7936219973436485 	 1.6204769366545224e-08 	 1.1534384352144344e-09 
 4.84695821353879 	 1.6204711606056374e-08 	 1.0594215091079783e-09 
 4.9008878749324865 	 1.620530703289413e-08 	 9.872722764577075e-10 
 4.955417584490397 	 1.620724112666816e-08 	 9.610022962344956e-10 
 5.01055401864604 	 1.620919674012892e-08 	 9.344400231802274e-10 
 5.066303928118258 	 1.6211174112715112e-08 	 9.075822050998715e-10 
 5.122674138737735 	 1.6213173486529564e-08 	 8.804255536128637e-10 
 5.179671552282729 	 1.6215195106368858e-08 	 8.529667437504886e-10 
 5.237303147324112 	 1.6217239219753297e-08 	 8.252024135487767e-10 
 5.295575980079798 	 1.6219306076957228e-08 	 7.971291636368793e-10 
 5.3544971852786745 	 1.622139593103966e-08 	 7.687435568208654e-10 
 5.414073977034168 	 1.6223509037875276e-08 	 7.400421176628756e-10 
 5.474313649727511 	 1.622564565618574e-08 	 7.110213320556048e-10 
 5.535223578900834 	 1.6227806047571388e-08 	 6.816776467920495e-10 
 5.596811222160211 	 1.622999047654324e-08 	 6.520074691304607e-10 
 5.659084120088741 	 1.6232199210555414e-08 	 6.220071663544624e-10 
 5.722049897169788 	 1.6234432520037834e-08 	 5.916730653282757e-10 
 5.785716262720505 	 1.623669067842938e-08 	 5.610014520469896e-10 
 5.850091011835728 	 1.6238973962211338e-08 	 5.29988571181832e-10 
 5.915182026342386 	 1.6241282650941267e-08 	 4.986306256203811e-10 
 5.980997275764522 	 1.624361702728722e-08 	 4.669237760016591e-10 
 6.047544818299062 	 1.624597737706235e-08 	 4.348641402460512e-10 
 6.114832801802424 	 1.624786530384548e-08 	 4.0610017795503406e-10 
 6.182869464788117 	 1.6247411111612134e-08 	 3.943237623722226e-10 
 6.251663137435444 	 1.6246951865810696e-08 	 3.824163165480031e-10 
 6.321222242609409 	 1.6246487510212667e-08 	 3.703763825749134e-10 
 6.39155529689199 	 1.624601798796391e-08 	 3.5820248632408907e-10 
 6.462670911624891 	 1.6245543241577716e-08 	 3.4589313726477584e-10 
 6.534577793963859 	 1.624506321292773e-08 	 3.3344682828183706e-10 
 6.607284747944786 	 1.6244577843240865e-08 	 3.208620354912235e-10 
 6.6808006755616365 	 1.6244087073090103e-08 	 3.0813721805339623e-10 
 6.755134577856364 	 1.6243590842387198e-08 	 2.952708179846731e-10 
 6.830295556020991 	 1.624308909037534e-08 	 2.8226125996647054e-10 
 6.906292812511916 	 1.6242581755621705e-08 	 2.6910695115242924e-10 
 6.983135652176622 	 1.6242068776009942e-08 	 2.5580628097339326e-10 
 7.060833483392951 	 1.6241550088732554e-08 	 2.423576209402131e-10 
 7.139395819221021 	 1.624102563028323e-08 	 2.2875932444436193e-10 
 7.21883227856798 	 1.624049533644904e-08 	 2.1500972655632888e-10 
 7.299152587365696 	 1.6239959142302606e-08 	 2.0110714382177357e-10 
 7.380366579761591 	 1.6239517153621082e-08 	 1.9262476937213373e-10 
 7.462484199322689 	 1.6239114895856506e-08 	 1.8653287451026639e-10 
 7.545515500253063 	 1.6238708162372504e-08 	 1.8037319820431159e-10 
 7.629470648624858 	 1.6238296903369997e-08 	 1.7414498628429947e-10 
 7.714359923622982 	 1.6237881068495827e-08 	 1.6784747618899106e-10 
 7.800193718803639 	 1.6237460606836575e-08 	 1.614798968725135e-10 
 7.886982543366909 	 1.6237035466912334e-08 	 1.5504146870995432e-10 
 7.974737023443446 	 1.6236605596670408e-08 	 1.485314034019075e-10 
 8.06346790339549 	 1.6236170943478933e-08 	 1.4194890387795767e-10 
 8.1531860471324 	 1.6235731454120443e-08 	 1.3529316419908758e-10 
 8.243902439440774 	 1.6235287074785345e-08 	 1.2856336945900319e-10 
 8.33562818732939 	 1.6234837751065332e-08 	 1.217586956843592e-10 
 8.42837452138912 	 1.6234383427946725e-08 	 1.1487830973387351e-10 
 8.52215279716797 	 1.6233924049803735e-08 	 1.0792136919632063e-10 
 8.616974496561385 	 1.6235069029244155e-08 	 1.0363526369371191e-10 
 8.712851229218089 	 1.6236743334099466e-08 	 1.0018356265828712e-10 
 8.80979473396152 	 1.6238436268101128e-08 	 9.669345628494265e-11 
 8.907816880227072 	 1.6240148038526267e-08 	 9.316451725683831e-11 
 9.00692966951538 	 1.624187885495827e-08 	 8.959631350259441e-11 
 9.107145236861728 	 1.6243628929312457e-08 	 8.598840814339063e-11 
 9.208475852321808 	 1.6245398475862027e-08 	 8.234035943947672e-11 
 9.310933922474051 	 1.624718771126428e-08 	 7.865172073608641e-11 
 9.414531991938636 	 1.624899685458716e-08 	 7.492204040875087e-11 
 9.519282744913394 	 1.6250826127336066e-08 	 7.115086180800395e-11 
 9.625199006726847 	 1.6252675753480983e-08 	 6.733772320347041e-11 
 9.732293745408484 	 1.6254545959483883e-08 	 6.348215772733396e-11 
 9.84058007327651 	 1.625481736736404e-08 	 6.083953881506196e-11 
 9.950071248543294 	 1.625435167390921e-08 	 5.874140778889219e-11 
 10.060780676938665 	 1.6253880798917998e-08 	 5.661993191615752e-11 
 10.172721913351227 	 1.625340468473806e-08 	 5.447485145051517e-11 
 10.285908663488016 	 1.625292327307558e-08 	 5.230590375555546e-11 
 10.400354785552564 	 1.625243650498814e-08 	 5.0112823272645674e-11 
 10.516074291941635 	 1.6251944320877502e-08 	 4.789534148841629e-11 
 10.633081350960886 	 1.6251446660482303e-08 	 4.565318690188459e-11 
 10.751390288559568 	 1.6250943462870686e-08 	 4.338608499121325e-11 
 10.871015590084536 	 1.6250434666432833e-08 	 4.1093758180099096e-11 
 10.991971902053816 	 1.6250019591661275e-08 	 3.8824955393038143e-11 
 11.114274033949856 	 1.6251534729177967e-08 	 3.748543976572675e-11 
 11.23793696003274 	 1.6253066724866243e-08 	 3.613102002308577e-11 
 11.362975821173611 	 1.6254615766298487e-08 	 3.4761530334534893e-11 
 11.489405926708455 	 1.6256182043134103e-08 	 3.337680302438049e-11 
 11.617242756312507 	 1.6257765747142733e-08 	 3.19766685512862e-11 
 11.746501961895568 	 1.625936707222775e-08 	 3.056095548751439e-11 
 11.877199369518346 	 1.626098621445e-08 	 2.9129490497937484e-11 
 12.009350981330138 	 1.6262623372051775e-08 	 2.7682098318815407e-11 
 12.142972977528107 	 1.6264278745481133e-08 	 2.6218601736336637e-11 
 12.278081718338317 	 1.626468340416692e-08 	 2.504654744414929e-11 
 12.414693746018806 	 1.6263936671042293e-08 	 2.4141721188720467e-11 
 12.552825786884991 	 1.6263181629394508e-08 	 2.3226827387539132e-11 
 12.692494753357584 	 1.6262418186778813e-08 	 2.2301754024097217e-11 
 12.833717746033251 	 1.6261646249721873e-08 	 2.1366387835535577e-11 
 12.9765120557784 	 1.6260865723710323e-08 	 2.0420614298776194e-11 
 13.120895165846198 	 1.6260076513179195e-08 	 1.9464317616500455e-11 
 13.266884754017138 	 1.625927852150021e-08 	 1.8497380702971476e-11 
 13.414498694763486 	 1.6258471650969967e-08 	 1.751968516969826e-11 
 13.563755061437758 	 1.6259809130332162e-08 	 1.6860708202861966e-11 
 13.71467212848553 	 1.6261378029745885e-08 	 1.622754339116591e-11 
 13.867268373682947 	 1.6262964385512732e-08 	 1.558733367369662e-11 
 14.021562480399055 	 1.6264568391860743e-08 	 1.4940000665337852e-11 
 14.177573339883317 	 1.6266190245179043e-08 	 1.4285465108821742e-11 
 14.335320053578622 	 1.6267830144041873e-08 	 1.362364686502468e-11 
 14.494821935459987 	 1.6269488289232914e-08 	 1.295446490315543e-11 
 14.656098514399295 	 1.6271143950465934e-08 	 1.2289449016595127e-11 
 14.819169536556332 	 1.6272417688333138e-08 	 1.1839105668003573e-11 
 14.984054967796471 	 1.6273705598439682e-08 	 1.1383751575924977e-11 
 15.150774996135205 	 1.6275007838472936e-08 	 1.0923330988341728e-11 
 15.31935003420988 	 1.6276324567874767e-08 	 1.0457787532911676e-11 
 15.489800721778995 	 1.627765594786108e-08 	 9.98706421006596e-12 
 15.66214792824924 	 1.627900214144155e-08 	 9.511103386030243e-12 
 15.836412755230652 	 1.6280363313439563e-08 	 9.029846785768292e-12 
 16.012616539120273 	 1.6281558810550326e-08 	 8.67022644235582e-12 
 16.190780853714482 	 1.6282726123977046e-08 	 8.33574021723841e-12 
 16.370927512850393 	 1.6283906425511993e-08 	 7.997532332460109e-12 
 16.553078573076718 	 1.62850998596673e-08 	 7.6555613789894e-12 
 16.737256336354267 	 1.6286306572563014e-08 	 7.309785487057348e-12 
 16.923483352786512 	 1.628752671194499e-08 	 6.960162321031239e-12 
 17.111782423380582 	 1.6289001455510167e-08 	 6.618956523474843e-12 
 17.30217660283892 	 1.6292355659922316e-08 	 6.36908594609683e-12 
 17.494689202382002 	 1.6295747184876595e-08 	 6.1164351847278445e-12 
 17.689343792602532 	 1.629917644561986e-08 	 5.860973305661696e-12 
 17.88616420635132 	 1.6302643862019226e-08 	 5.602669031008432e-12 
 18.08517454165527 	 1.6306149858613448e-08 	 5.34149073486482e-12 
 18.286399164667916 	 1.6309694864664904e-08 	 5.077406439442095e-12 
 18.489862712652695 	 1.631082049286583e-08 	 4.877410301702712e-12 
 18.69559009699944 	 1.631163241926652e-08 	 4.684081701222047e-12 
 18.903606506274485 	 1.63124533795631e-08 	 4.488602030832731e-12 
 19.113937409304654 	 1.6313283474271174e-08 	 4.2909473566639234e-12 
 19.326608558295543 	 1.631412280502473e-08 	 4.091093478544687e-12 
 19.541645991984584 	 1.631507145039523e-08 	 3.891705796994493e-12 
 19.759076038829125 	 1.6317971433867324e-08 	 3.742316801138738e-12 
 19.97892532022996 	 1.6320903683994054e-08 	 3.591265629211419e-12 
 20.201220753790825 	 1.632386855979022e-08 	 3.4385337870170372e-12 
 20.42598955661404 	 1.6326866424265206e-08 	 3.2841025745845243e-12 
 20.653259248632928 	 1.6329897644467418e-08 	 3.1279530838776444e-12 
 20.883057655981247 	 1.6331510881407195e-08 	 2.993045690216302e-12 
 21.115412914400085 	 1.6332036158932172e-08 	 2.8741429700221917e-12 
 21.35035347268278 	 1.6332567280955454e-08 	 2.7539172791820896e-12 
 21.587908096158053 	 1.6333104312505826e-08 	 2.6323538976683297e-12 
 21.828105870211903 	 1.6333647319335622e-08 	 2.5094379416709353e-12 
 22.070976203848808 	 1.6335093366511855e-08 	 2.3973258189557515e-12 
 22.316548833292405 	 1.633789680777726e-08 	 2.3021665686796156e-12 
 22.56485382562628 	 1.6340731441520815e-08 	 2.2059485293816317e-12 
 22.815921582475337 	 1.634359761480551e-08 	 2.1086599204499315e-12 
 23.069782843728035 	 1.634649567855592e-08 	 2.010288830195716e-12 
 23.326468691300057 	 1.635031379390913e-08 	 1.9227986685037277e-12 
 23.58601055293992 	 1.635500312615657e-08 	 1.8455136953635626e-12 
 23.84844020607687 	 1.6359744634240715e-08 	 1.7673688112754046e-12 
 24.113789781711553 	 1.636453889869581e-08 	 1.688354448443498e-12 
 24.3820917683501 	 1.63693865065154e-08 	 1.6084609326160372e-12 
 24.653379015981876 	 1.6371903025454e-08 	 1.543459611794057e-12 
 24.927684740101526 	 1.6374126093101437e-08 	 1.4798620185478598e-12 
 25.205042525775728 	 1.637637389570226e-08 	 1.4155568069319341e-12 
 25.48548633175531 	 1.6378646708469832e-08 	 1.3505361036332844e-12 
 25.76905049463301 	 1.6381930167042333e-08 	 1.2913794958647408e-12 
 26.055769733047487 	 1.6386361408898827e-08 	 1.238993877511437e-12 
 26.345679151934235 	 1.639084195495031e-08 	 1.1860253907827058e-12 
 26.638814246823678 	 1.6395372353779717e-08 	 1.1324675503958695e-12 
 26.935210908187077 	 1.6399793991634863e-08 	 1.0812936302766813e-12 
 27.234905425830913 	 1.6403831060250024e-08 	 1.037670974151302e-12 
 27.537934493340067 	 1.6407913047293164e-08 	 9.935629507150643e-13 
 27.844335212570396 	 1.6412040452548996e-08 	 9.489641595305086e-13 
 28.154145098191456 	 1.6416114229741705e-08 	 9.060924415516926e-13 
 28.467402082279627 	 1.641993492466479e-08 	 8.694081281145697e-13 
 28.78414451896234 	 1.6423798130534825e-08 	 8.323156468090731e-13 
 29.104411189114117 	 1.64277043203497e-08 	 7.948104561570279e-13 
 29.42824130510473 	 1.6432458136269028e-08 	 7.597780478472227e-13 
 29.75567451560018 	 1.6438458038166886e-08 	 7.286440653090876e-13 
 30.086750910417244 	 1.644452469794948e-08 	 6.971636706373734e-13 
 30.42151102543188 	 1.645065885839815e-08 	 6.653330094788451e-13 
 30.759995847542267 	 1.6454786811665178e-08 	 6.373352208059137e-13 
 31.102246819687192 	 1.6458136433682293e-08 	 6.106895825494411e-13 
 31.448305845920135 	 1.6461523325255532e-08 	 5.837474717042873e-13 
 31.798215296539812 	 1.6465652784488436e-08 	 5.573257355212268e-13 
 32.15201801327795 	 1.647325709701141e-08 	 5.345996196792907e-13 
 32.50975731454464 	 1.648094601888759e-08 	 5.116206417993177e-13 
 32.871477000732035 	 1.6488720491522618e-08 	 4.883859884128439e-13 
 33.23722135957723 	 1.649442282701101e-08 	 4.679133377280543e-13 
 33.60703517158464 	 1.6499501988023353e-08 	 4.481736680099027e-13 
 33.980963715508764 	 1.6504637662300615e-08 	 4.2821436493470137e-13 
 34.35905277389801 	 1.6510753404427923e-08 	 4.0959488040231987e-13 
 34.74134863870013 	 1.6517974538951117e-08 	 3.925237580806943e-13 
 35.12789811693001 	 1.6525276019399023e-08 	 3.752626939840728e-13 
 35.51874853640066 	 1.6532444692106583e-08 	 3.586486484713942e-13 
 35.91394775151778 	 1.6539197198366537e-08 	 3.4379380344687415e-13 
 36.31354414913892 	 1.654602483636069e-08 	 3.287736760479387e-13 
 36.71758665449782 	 1.655280650865074e-08 	 3.141434628088812e-13 
 37.12612473719467 	 1.6559271178652252e-08 	 3.0114335819385983e-13 
 37.5392084172529 	 1.6565807777778963e-08 	 2.8799860796625425e-13 
 37.95688827124359 	 1.6572937083106176e-08 	 2.752515595808028e-13 
 38.37921543847785 	 1.6581531375315814e-08 	 2.6381224739095815e-13 
 38.80624162726806 	 1.659022129188373e-08 	 2.522456557392751e-13 
 39.23801912125899 	 1.6598700895345164e-08 	 2.4123914072209285e-13 
 39.6746007858292 	 1.6606823806207826e-08 	 2.311220933569806e-13 
 40.116040074563585 	 1.6615037096606075e-08 	 2.2089247870437277e-13 
 40.56239103579823 	 1.6624384805255255e-08 	 2.1145848566537495e-13 
 41.0137083192378 	 1.6634466757368648e-08 	 2.0246904087760636e-13 
 41.470047182646624 	 1.6644660886282355e-08 	 1.9337957506795948e-13 
 41.931463498614384 	 1.6654498288546463e-08 	 1.8535158635461463e-13 
 42.39801376139693 	 1.66644073876547e-08 	 1.773276462650317e-13 
 42.86975509383315 	 1.6674870434905755e-08 	 1.6954757431383183e-13 
 43.34674525433902 	 1.6686453278541766e-08 	 1.624343211585017e-13 
 43.829042643979335 	 1.669816499864168e-08 	 1.552419224200706e-13 
 44.31670631361803 	 1.6709457444972792e-08 	 1.4868730447523745e-13 
 44.80979597114829 	 1.6720702180982776e-08 	 1.4228617490766695e-13 
 45.30837198880296 	 1.6731877480771882e-08 	 1.3604708039931122e-13 
 45.81249541054623 	 1.6742684955326584e-08 	 1.303286519748423e-13 
 46.32222795954776 	 1.6753612679204183e-08 	 1.2454659747912436e-13 
 46.837632045739845 	 1.676619118113761e-08 	 1.1932914116453592e-13 
 47.358770773458545 	 1.6779131883065173e-08 	 1.141450388669843e-13 
 47.88570794917016 	 1.6791738874873426e-08 	 1.0923612829815711e-13 
 48.41850808928334 	 1.6804055949077366e-08 	 1.0457236803675726e-13 
 48.95723642804835 	 1.681687765117983e-08 	 9.998936220412788e-14 
 49.50195892554398 	 1.6831019674466733e-08 	 9.578033445803502e-14 
 50.05274227575367 	 1.6845314856516666e-08 	 9.152778687572359e-14 
 50.609653914731204 	 1.6859149434971244e-08 	 8.771743846573045e-14 
 51.172762028857264 	 1.687313794380828e-08 	 8.386469422922325e-14 
 51.74213556318811 	 1.6888385006426196e-08 	 8.03314350506409e-14 
 52.3178442298969 	 1.690402854867014e-08 	 7.68333873494599e-14 
 52.89995851680892 	 1.6920848644176995e-08 	 7.356917640193564e-14 
 53.488549696032074 	 1.693828155500775e-08 	 7.038446108472251e-14 
 54.08368983268305 	 1.6955456036739235e-08 	 6.738027773475694e-14 
 54.68545179371073 	 1.6972548580502007e-08 	 6.447300835192038e-14 
 55.29390925681788 	 1.698922074746752e-08 	 6.171718795737914e-14 
 55.90913671948193 	 1.7005660711565887e-08 	 5.905644739540126e-14 
 56.53120950807611 	 1.7023150305237138e-08 	 5.653455272622472e-14 
 57.16020378709236 	 1.7041395754263193e-08 	 5.40936821227973e-14 
 57.79619656846649 	 1.706075320814672e-08 	 5.179083947385564e-14 
 58.43926572100727 	 1.7080788199807397e-08 	 4.954635916343747e-14 
 59.08948997993051 	 1.710216452678168e-08 	 4.744742779274384e-14 
 59.746948956499125 	 1.7124131848457975e-08 	 4.53789867462721e-14 
 60.41172314777032 	 1.714528444615498e-08 	 4.3469217431168695e-14 
 61.08389394645157 	 1.716648260021307e-08 	 4.1571983557922534e-14 
 61.763543650866005 	 1.718701869092034e-08 	 3.98234783186698e-14 
 62.450755475028636 	 1.7208837185049054e-08 	 3.8102125291709913e-14 
 63.14561355883495 	 1.723359299439693e-08 	 3.648078066195841e-14 
 63.84820297836268 	 1.7257961074749432e-08 	 3.492067043713645e-14 
 64.55860975628808 	 1.7282005069045875e-08 	 3.341435252314639e-14 
 65.27692087241847 	 1.7307297579432964e-08 	 3.200151123479452e-14 
 66.00322427434168 	 1.733300236360522e-08 	 3.061402953971035e-14 
 66.73760888819389 	 1.735818807629353e-08 	 2.932124719618291e-14 
 67.4801646295477 	 1.7385153534635823e-08 	 2.8066174561945342e-14 
 68.23098241442099 	 1.741419323875788e-08 	 2.6858774330491202e-14 
 68.99015417040823 	 1.744257743521449e-08 	 2.5724217191333225e-14 
 69.75777284793601 	 1.7471331420425814e-08 	 2.4616596662715374e-14 
 70.53393243164349 	 1.750125974260045e-08 	 2.3570009789304393e-14 
 71.31872795188941 	 1.7532344347462578e-08 	 2.2569133494241366e-14 
 72.11225549638756 	 1.756404258107998e-08 	 2.1596162019381562e-14 
 72.9146122219713 	 1.7594835680577378e-08 	 2.0683371755796232e-14 
 73.72589636648894 	 1.7627946584458054e-08 	 1.980418896584283e-14 
 74.54620726083202 	 1.7662664159294806e-08 	 1.895198189146474e-14 
 75.3756453410968 	 1.7696756310485718e-08 	 1.8151376576219664e-14 
 76.21431216088126 	 1.773315344579093e-08 	 1.7381346618550542e-14 
 77.06231040371921 	 1.7770827531301544e-08 	 1.6636537661802968e-14 
 77.91974389565237 	 1.7807800265103137e-08 	 1.5930549923431842e-14 
 78.78671761794244 	 1.7846026383611863e-08 	 1.5257399844642545e-14 
 79.66333771992477 	 1.788600347040444e-08 	 1.46073526810743e-14 
 80.54971153200489 	 1.7928307778810173e-08 	 1.3981689726685872e-14 
 81.44594757879958 	 1.7969632910231544e-08 	 1.3394089053674004e-14 
 82.35215559242438 	 1.8011901896182048e-08 	 1.282721446136943e-14 
 83.26844652592887 	 1.8055867615159978e-08 	 1.228130223960429e-14 
 84.1949325668811 	 1.810265101956215e-08 	 1.1757700430532365e-14 
 85.13172715110385 	 1.814825511103529e-08 	 1.1263681523279772e-14 
 86.07894497656305 	 1.8196285482099368e-08 	 1.07881454171493e-14 
 87.03670201741103 	 1.82453228350738e-08 	 1.0330987995962339e-14 
 88.00511553818617 	 1.8294352211239728e-08 	 9.892003866613993e-15 
 88.98430410817028 	 1.8346333080436986e-08 	 9.474359544597774e-15 
 89.97438761590567 	 1.8401371991067988e-08 	 9.076250439402877e-15 
 90.9754872838742 	 1.8456410969601915e-08 	 8.693907778553226e-15 
 91.98772568333918 	 1.8512617090175285e-08 	 8.327022439328588e-15 
 93.01122674935246 	 1.8571034833698292e-08 	 7.975186867787952e-15 
 94.04611579592888 	 1.8630482206333355e-08 	 7.637984403011154e-15 
 95.09251953138921 	 1.8691018804087114e-08 	 7.31726199528475e-15 
 96.15056607387366 	 1.875479206573728e-08 	 7.010611774061754e-15 
 97.22038496702861 	 1.8819706382503123e-08 	 6.716597099912052e-15 
 98.30210719586725 	 1.8885573915194745e-08 	 6.434808956741182e-15 
 99.39586520280692 	 1.8953629828090604e-08 	 6.164835966666156e-15 
 100.50179290388509 	 1.902474576425801e-08 	 5.906265332939204e-15 
 101.62002570515547 	 1.909813979792729e-08 	 5.658659562466343e-15 
 102.75070051926669 	 1.9172968640169028e-08 	 5.42160681444884e-15 
 103.8939557822254 	 1.9250775753824253e-08 	 5.1946925521723055e-15 
 105.04993147034597 	 1.932945354940585e-08 	 4.977497547103404e-15 
 106.21876911738875 	 1.9411233927751328e-08 	 4.769624266355175e-15 
 107.40061183188861 	 1.9496164016599825e-08 	 4.570870955950931e-15 
 108.59560431467727 	 1.958223107054025e-08 	 4.3806912945745984e-15 
 109.8038928765996 	 1.967329180657441e-08 	 4.198552960281625e-15 
 111.0256254564275 	 1.9765367218422854e-08 	 4.024130870901653e-15 
 112.26095163897304 	 1.9860681345103248e-08 	 3.857097575137325e-15 
 113.51002267340317 	 1.9958860005318667e-08 	 3.697137595920643e-15 
 114.77299149175784 	 2.0060174361603634e-08 	 3.544114941116402e-15 
 116.050012727675 	 2.0165010422629156e-08 	 3.3977288248141534e-15 
 117.3412427353231 	 2.0274525971207503e-08 	 3.2575696621423564e-15 
 118.64683960854461 	 2.03855483048015e-08 	 3.1233639411215295e-15 
 119.96696320021252 	 2.0501560605998836e-08 	 2.994844653608853e-15 
 121.30177514180228 	 2.0620740317835276e-08 	 2.8717620351896836e-15 
 122.65143886318097 	 2.0743738167186195e-08 	 2.753858477853892e-15 
 124.0161196126178 	 2.0871199346285183e-08 	 2.64090579425845e-15 
 125.39598447701604 	 2.100304116048811e-08 	 2.5326824474539462e-15 
 126.7912024023708 	 2.113855608556849e-08 	 2.4289724062655956e-15 
 128.20194421445404 	 2.1279343031061653e-08 	 2.3296674644434806e-15 
 129.62838263973023 	 2.1425730674661848e-08 	 2.2350021090485863e-15 
 131.07069232650372 	 2.1577557183449387e-08 	 2.1442489158876226e-15 
 132.52904986630287 	 2.1734958401824078e-08 	 2.057230726770249e-15 
 134.00363381550096 	 2.1896292900569824e-08 	 1.9737779747812823e-15 
 135.49462471717794 	 2.2065726569852684e-08 	 1.8937299405038495e-15 
 137.00220512322574 	 2.22403146561623e-08 	 1.8175591495160343e-15 
 138.52655961669922 	 2.242173962013356e-08 	 1.7444695967018542e-15 
 140.06787483441553 	 2.2609935996748758e-08 	 1.6743252776489125e-15 
 141.62633948980599 	 2.2804212771410916e-08 	 1.6070333538214629e-15 
 143.20214439602108 	 2.3007324134066187e-08 	 1.5429812549744433e-15 
 144.79548248929305 	 2.3219081128360184e-08 	 1.4814692129046097e-15 
 146.4065488525583 	 2.343737443240504e-08 	 1.4223832792335972e-15 
 148.03554073934293 	 2.3666310672570214e-08 	 1.366076228897291e-15 
 149.68265759791325 	 2.3904355064377347e-08 	 1.3120738470954305e-15 
 151.34810109569628 	 2.4150962909096315e-08 	 1.2601649901420064e-15 
 153.0320751439707 	 2.4410716502612832e-08 	 1.210773816694491e-15 
 154.7347859228333 	 2.4680040841783308e-08 	 1.1632939566698924e-15 
 156.45644190644288 	 2.4961220693165837e-08 	 1.117832367024863e-15 
 158.19725388854525 	 2.5254500764478287e-08 	 1.0743891388943192e-15 
 159.95743500828158 	 2.5560577772431752e-08 	 1.032620297269408e-15 
 161.73720077628533 	 2.588305577738372e-08 	 9.928476916759983e-16 
 163.53676910106796 	 2.6217762923150257e-08 	 9.545527535370158e-16 
 165.3563603156992 	 2.6570811556685974e-08 	 9.180905455134688e-16 
 167.1961972047837 	 2.693887239035089e-08 	 8.829940840848868e-16 
 169.0565050317384 	 2.7326856631877262e-08 	 8.495696485338287e-16 
 170.9375115663722 	 2.773303525465747e-08 	 8.174102201913955e-16 
 172.83944711277442 	 2.8160754993290114e-08 	 7.867784332972258e-16 
 174.7625445375117 	 2.8610162803423517e-08 	 7.573548403088118e-16 
 176.70703929813968 	 2.9084309525124e-08 	 7.292437847330881e-16 
 178.6731694720315 	 2.958391405143011e-08 	 7.023420169450082e-16 
 180.66117578552743 	 3.011046098746723e-08 	 6.765288036937263e-16 
 182.67130164340796 	 3.0668841220614344e-08 	 6.519536935449925e-16 
 184.70379315869633 	 3.1259252726831875e-08 	 6.283865133692435e-16 
 186.75889918279125 	 3.1883494174081404e-08 	 6.058098158418556e-16 
 188.8368713359355 	 3.254786316575401e-08 	 5.843124126680655e-16 
 190.93796403802358 	 3.325341978454862e-08 	 5.63727424669199e-16 
 193.062434539752 	 3.400302561270928e-08 	 5.440322365727243e-16 
 195.21054295411562 	 3.480353303598175e-08 	 5.252329990240816e-16 
 197.38255228825614 	 3.565973589691911e-08 	 5.073144810984917e-16 
 199.57872847566284 	 3.657511239705015e-08 	 4.901978321287373e-16 
 201.7993404087331 	 3.755662502897784e-08 	 4.738632019162488e-16 
 204.04465997169456 	 3.860956655649757e-08 	 4.582856584198032e-16 
 206.31496207389307 	 3.9743593756634714e-08 	 4.434481802993429e-16 
 208.6105246834529 	 4.0970437846562896e-08 	 4.2935157261588784e-16 
 210.93162886130926 	 4.2297710241477764e-08 	 4.1595175898232423e-16 
 213.2785587956208 	 4.3737961768049655e-08 	 4.032272105296662e-16 
 215.65160183656457 	 4.5305878424115216e-08 	 3.91162301125841e-16 
 218.0510485315185 	 4.701710162970678e-08 	 3.79746022091272e-16 
 220.477192660634 	 4.8891660549035086e-08 	 3.6896679905052006e-16 
 222.93033127280694 	 5.0953763747549386e-08 	 3.5881858398836905e-16 
 225.41076472204634 	 5.322926955946934e-08 	 3.492937171772149e-16 
 227.9187967042488 	 5.575180257444974e-08 	 3.4039089253671953e-16 
 230.45473429438223 	 5.856165569850527e-08 	 3.3211410567957304e-16 
 233.01888798408314 	 6.170516656441404e-08 	 3.2446830528636275e-16 
 235.61157171967128 	 6.524525671034835e-08 	 3.174718946545366e-16 
 238.23310294058965 	 6.926659613330784e-08 	 3.1116332514511343e-16 
 240.88380261826964 	 7.384935010417076e-08 	 3.055506080293518e-16 
 243.56399529543012 	 7.911531304752485e-08 	 3.00680734211799e-16 
 246.2740091258131 	 8.520917736488596e-08 	 2.9660513303584456e-16 
 249.01417591436226 	 9.232136488215795e-08 	 2.9339640527363376e-16 
 251.78483115784687 	 1.0077952708013801e-07 	 2.9121381288475094e-16 
 254.58631408594044 	 1.1087916713025762e-07 	 2.901458905429294e-16 
 257.41896770275383 	 1.2308351105242117e-07 	 2.90374074272872e-16 
 260.28313882883185 	 1.3817812489957666e-07 	 2.922245074084299e-16 
 263.1791781436167 	 1.5711771724122738e-07 	 2.9604323776586677e-16 
 266.1074402283842 	 1.8120936766054488e-07 	 3.0228603943357366e-16 
 269.0682836096566 	 2.132187423296811e-07 	 3.11962715723986e-16 
 272.0620708031009 	 2.6776165425327675e-07 	 3.246916473108465e-16 
 275.08916835791285 	 3.5866490659623043e-07 	 3.413547727018258e-16 
 278.1499469016966 	 4.762825864567418e-07 	 3.686513793267097e-16 
 281.24478118584267 	 6.498308637304261e-07 	 4.101068508012027e-16 
 284.3740501314118 	 9.089413183064202e-07 	 4.755697080944059e-16 
 287.53813687552764 	 1.3311650731343158e-06 	 5.591024228043744e-16 
 290.73742881828815 	 1.8347276861848156e-06 	 6.044833780775413e-16 
 293.97231767019696 	 2.1829301173542328e-06 	 5.369963686692847e-16 
 297.24319950012284 	 2.266113753418385e-06 	 4.095057216712587e-16 
 300.5504747837934 	 2.2386024800906644e-06 	 2.990845302507993e-16 
 303.89454845282773 	 2.033382021884791e-06 	 1.8209068793831584e-16 
 307.27582994431543 	 1.5956560199881165e-06 	 8.489140375300465e-17 
 310.6947332509452 	 1.094819762592396e-06 	 3.474416324678131e-17 
 314.15167697169477 	 7.303358556708606e-07 	 1.954279532346166e-17 
 317.6470843630814 	 5.403568722166934e-07 	 1.8839474029235662e-17 
 321.18138339098425 	 4.386906747576544e-07 	 2.2379936845065137e-17 
 324.7550067830433 	 3.8877330536381995e-07 	 2.7284213312680658e-17 
 328.3683920816411 	 3.676605788779192e-07 	 3.220294091130615e-17 
 332.0219816974728 	 3.7741709582949603e-07 	 3.65665017798624e-17 
 335.7162229637155 	 3.8777254833424033e-07 	 4.013345248779326e-17 
 339.4515681907967 	 4.0887276449295555e-07 	 4.36652322385194e-17 
 343.2284747217741 	 4.3140499324452334e-07 	 4.5676007365438043e-17 
 347.0474049883311 	 4.5643137634527284e-07 	 4.727757723388537e-17 
 350.9088265673958 	 4.759616064677928e-07 	 4.902471858303409e-17 
 354.8132122383881 	 5.122156785693778e-07 	 5.100484757778419e-17 
 358.76104004110715 	 5.676067296574936e-07 	 5.1580139764764233e-17 
 362.75279333426 	 6.068584631823488e-07 	 5.001546050987365e-17 
 366.788960854642 	 5.94176903766118e-07 	 4.577242084570342e-17 
 370.870036776977 	 5.674265598758544e-07 	 4.294724316210921e-17 
 374.9965207744219 	 5.1781268404551e-07 	 4.244695528734192e-17 
 379.16891807974423 	 5.040947947577084e-07 	 4.4579053614479015e-17 
 383.3877395471828 	 4.876075528898007e-07 	 4.8019848322527084e-17 
 387.65350171499375 	 4.981448749893521e-07 	 5.352654004001536e-17 
 391.9667268686942 	 5.381868294544242e-07 	 6.345396677630559e-17 
 396.32794310500896 	 6.242545021168936e-07 	 7.725609574751598e-17 
 400.73768439652923 	 8.167537101246279e-07 	 1.0182123458722892e-16 
 405.19649065708916 	 1.0926903855416088e-06 	 1.1943594360657524e-16 
 409.70490780787304 	 1.2007604743875093e-06 	 1.3162819733538707e-16 
 414.26348784425477 	 1.6499300349195629e-06 	 2.0903375365323581e-16 
 418.87278890338257 	 1.9976425776609495e-06 	 2.390205293067275e-16 
 423.53337533251545 	 2.0606040539170017e-06 	 2.0777502844514969e-16 
 428.2458177581203 	 2.0418439202789747e-06 	 1.7631684423501488e-16 
 433.01069315573596 	 1.9406661189909113e-06 	 1.3353965118346452e-16 
 437.82858492061865 	 1.765773175278146e-06 	 8.995944013468217e-17 
 442.70008293916896 	 1.5005771973914839e-06 	 5.1012215161951934e-17 
 447.6257836611564 	 1.0580655416988624e-06 	 1.8678323274433495e-17 
 452.60629017274636 	 5.491898181906328e-07 	 3.457668028296879e-18 
 457.64221227034056 	 3.941408164695875e-07 	 2.692985752289016e-18 
 462.7341665352366 	 4.232522558058196e-07 	 6.2746768665335824e-18 
 467.88277640912287 	 5.909115963713377e-07 	 1.2460011161972251e-17 
 473.0886722704087 	 9.252374171010376e-07 	 2.0946674794874053e-17 
 478.3524915114063 	 9.647204121810188e-07 	 1.5196826608962087e-17 
 483.67487861637096 	 6.860503600288487e-07 	 8.494110814155332e-18 
 489.05648524041 	 6.822405405448742e-07 	 1.3141786007930793e-17 
 494.4979702892672 	 9.217431767891312e-07 	 2.4582042764883396e-17 
 500.0 	 1.2717437734822429e-06 	 4.0510971547080236e-17 
 