2.0 	 1.953830374143855e-08 	 2.0816230029158156e-08 
 2.022252992090197 	 1.953830374143855e-08 	 2.0816230029158156e-08 
 2.044753582008878 	 1.953830374143855e-08 	 2.0816230029158156e-08 
 2.0675045246523007 	 1.953830374143855e-08 	 2.0816230029158156e-08 
 2.090508605569068 	 1.953830374143855e-08 	 2.0816230029158156e-08 
 2.1137686413011774 	 1.953830374143855e-08 	 2.0816230029158156e-08 
 2.1372874797288683 	 1.953830374143855e-08 	 2.0816230029158156e-08 
 2.16106800041931 	 1.953830374143855e-08 	 2.0816230029158156e-08 
 2.185113114979165 	 1.953830374143855e-08 	 2.0816230029158156e-08 
 2.209425767411074 	 1.953830374143855e-08 	 2.0816230029158156e-08 
 2.234008934474112 	 1.953830374143855e-08 	 2.0816230029158156e-08 
 2.258865626048254 	 1.953830374143855e-08 	 2.0816230029158156e-08 
 2.2839988855028888 	 1.953830374143855e-08 	 2.0816230029158156e-08 
 2.309411790069446 	 1.953830374143855e-08 	 2.0816230029158156e-08 
 2.335107451218158 	 1.953830374143855e-08 	 2.0816230029158156e-08 
 2.3610890150390174 	 1.953830374143855e-08 	 2.0816230029158156e-08 
 2.387359662626975 	 1.953830374143855e-08 	 2.0816230029158156e-08 
 2.4139226104714218 	 1.953830374143855e-08 	 2.0816230029158156e-08 
 2.4407811108500064 	 1.953830374143855e-08 	 2.0816230029158156e-08 
 2.4679384522268304 	 1.953843807262325e-08 	 2.0457196329475225e-08 
 2.495397959655079 	 1.953857865515961e-08 	 2.0081454328453012e-08 
 2.5231629951841286 	 1.9538720801887005e-08 	 1.9701531635542445e-08 
 2.5512369582711845 	 1.95388645302094e-08 	 1.931738173429176e-08 
 2.579623286197498 	 1.9539009857724402e-08 	 1.8928957590684097e-08 
 2.608325454489219 	 1.9539156802225428e-08 	 1.853621164737875e-08 
 2.6373469773429234 	 1.9539305381703862e-08 	 1.8139095817888494e-08 
 2.666691408055882 	 1.9539455614351276e-08 	 1.773756148069197e-08 
 2.6963623394611145 	 1.953960751856165e-08 	 1.7331559473280656e-08 
 2.7263634043672815 	 1.9539761112933614e-08 	 1.6921040086139577e-08 
 2.7566982760034757 	 1.9539916416272755e-08 	 1.650595305666104e-08 
 2.7873706684689585 	 1.9540073447593883e-08 	 1.6086247562990638e-08 
 2.8183843371879025 	 1.9540232226123382e-08 	 1.56618722178048e-08 
 2.849743079369192 	 1.9540392771301565e-08 	 1.5232775062019116e-08 
 2.8814507344713403 	 1.954055510278504e-08 	 1.4798903558426622e-08 
 2.9135111846725823 	 1.9540719240449118e-08 	 1.4360204585265324e-08 
 2.9459283553461924 	 1.954088520439027e-08 	 1.3916624429714161e-08 
 2.978706215541096 	 1.9541053014928555e-08 	 1.3468108781316568e-08 
 3.011848778467825 	 1.9541222692610133e-08 	 1.3014602725330914e-08 
 3.045360101989882 	 1.9541394258209764e-08 	 1.2556050736006917e-08 
 3.079244289120574 	 1.954156773273336e-08 	 1.2092396669787226e-08 
 3.1135054885253663 	 1.9541743137420555e-08 	 1.1623583758433451e-08 
 3.1481478950298367 	 1.954192049374731e-08 	 1.1149554602075607e-08 
 3.183175750133272 	 1.9542099823428534e-08 	 1.0670251162184285e-08 
 3.218593342527984 	 1.9542281148420743e-08 	 1.0185614754464605e-08 
 3.254405008624402 	 1.9542464490924765e-08 	 9.695586041671134e-09 
 3.2906151330820106 	 1.954264987338843e-08 	 9.200105026342773e-09 
 3.32722814934619 	 1.9542837318509345e-08 	 8.69911104345693e-09 
 3.3642485401910305 	 1.9543026849237658e-08 	 8.192542753001911e-09 
 3.401680838268195 	 1.954321848877887e-08 	 7.680338132466558e-09 
 3.4395296266618742 	 1.9543412260596675e-08 	 7.162434469246538e-09 
 3.4777995394499266 	 1.954360818841585e-08 	 6.6387683529659675e-09 
 3.5164952622712624 	 1.9543806296225127e-08 	 6.109275667713637e-09 
 3.5556215328995324 	 1.954400660828016e-08 	 5.573891584192935e-09 
 3.5951831418232056 	 1.9544209149106482e-08 	 5.032550551784352e-09 
 3.6351849328321073 	 1.9544413943502508e-08 	 4.485186290519605e-09 
 3.6756318036104663 	 1.954458273164365e-08 	 4.082316554320414e-09 
 3.716528706336576 	 1.9544673777587815e-08 	 3.98813195086494e-09 
 3.757880648289126 	 1.9544765836554314e-08 	 3.892899402791607e-09 
 3.799692692460268 	 1.9544858919814543e-08 	 3.7966072501487715e-09 
 3.841969958175517 	 1.95449530387653e-08 	 3.6992437032503836e-09 
 3.884717621720545 	 1.9545048204930188e-08 	 3.600796841232492e-09 
 3.927940916974944 	 1.9545144429961035e-08 	 3.5012546105937057e-09 
 3.9716451360530463 	 1.9545241725639303e-08 	 3.400604823719399e-09 
 4.0158356299518765 	 1.9545340103877556e-08 	 3.298835157389492e-09 
 4.060517809206302 	 1.9545439576720886e-08 	 3.1959331512696572e-09 
 4.105697144551488 	 1.9545540156348413e-08 	 3.091886206385697e-09 
 4.151379167592713 	 1.9545641855074767e-08 	 2.9866815835809793e-09 
 4.197569471482639 	 1.95457446853516e-08 	 2.8803064019566983e-09 
 4.244273711606117 	 1.95458486597691e-08 	 2.7727476372947813e-09 
 4.2914976062726184 	 1.9545953791057546e-08 	 2.663992120463236e-09 
 4.339246937416362 	 1.9546060092088854e-08 	 2.5540265358037806e-09 
 4.38752755130423 	 1.9546167575878168e-08 	 2.4428374195015177e-09 
 4.436345359251578 	 1.9546276255585442e-08 	 2.3304111579364584e-09 
 4.485706338345984 	 1.9546386144517045e-08 	 2.216733986016727e-09 
 4.535616532179064 	 1.9546497256127412e-08 	 2.101791985493217e-09 
 4.586082051586437 	 1.9546609604020674e-08 	 1.9855710832554678e-09 
 4.637109075395913 	 1.9546723201952326e-08 	 1.8680570496086043e-09 
 4.688703851183996 	 1.9546838063830915e-08 	 1.749235496531134e-09 
 4.7408726960408325 	 1.954695420371974e-08 	 1.6290918759132727e-09 
 4.7936219973436485 	 1.954707163583858e-08 	 1.5076114777757584e-09 
 4.84695821353879 	 1.9547190374565424e-08 	 1.3847794284688138e-09 
 4.9008878749324865 	 1.9547292271916032e-08 	 1.2903494739431298e-09 
 4.955417584490397 	 1.9547357989423137e-08 	 1.2560266865594957e-09 
 5.01055401864604 	 1.9547424438135825e-08 	 1.2213220068177832e-09 
 5.066303928118258 	 1.9547491626189853e-08 	 1.1862311855941772e-09 
 5.122674138737735 	 1.9547559561811496e-08 	 1.1507499264870068e-09 
 5.179671552282729 	 1.9547628253318568e-08 	 1.1148738852907064e-09 
 5.237303147324112 	 1.954769770912142e-08 	 1.0785986694639217e-09 
 5.295575980079798 	 1.9547767937723987e-08 	 1.0419198375917033e-09 
 5.3544971852786745 	 1.954783894772482e-08 	 1.0048328988417218e-09 
 5.414073977034168 	 1.954791074781815e-08 	 9.67333312414414e-10 
 5.474313649727511 	 1.9547983346794934e-08 	 9.294164869870285e-10 
 5.535223578900834 	 1.9548056753543948e-08 	 8.91077780151483e-10 
 5.596811222160211 	 1.954813097705286e-08 	 8.523124978459578e-10 
 5.659084120088741 	 1.9548206026409356e-08 	 8.131158937801726e-10 
 5.722049897169788 	 1.9548281910802217e-08 	 7.734831688542687e-10 
 5.785716262720505 	 1.9548358639522474e-08 	 7.334094705712202e-10 
 5.850091011835728 	 1.9548436221964535e-08 	 6.928898924427124e-10 
 5.915182026342386 	 1.954851466762733e-08 	 6.519194733884088e-10 
 5.980997275764522 	 1.9548593986115484e-08 	 6.104931971285323e-10 
 6.047544818299062 	 1.954867418714048e-08 	 5.686059915696865e-10 
 6.114832801802424 	 1.954880640963327e-08 	 5.30702472173305e-10 
 6.182869464788117 	 1.9549203706361498e-08 	 5.15318477544858e-10 
 6.251663137435444 	 1.9549605423610203e-08 	 4.997633129610193e-10 
 6.321222242609409 	 1.9550011610564284e-08 	 4.840350738999578e-10 
 6.39155529689199 	 1.9550422316955906e-08 	 4.681318346491875e-10 
 6.462670911624891 	 1.9550837593070568e-08 	 4.520516480697881e-10 
 6.534577793963859 	 1.955125748975328e-08 	 4.357925453580096e-10 
 6.607284747944786 	 1.955168205841477e-08 	 4.1935253580421154e-10 
 6.6808006755616365 	 1.9552111351037794e-08 	 4.027296065491311e-10 
 6.755134577856364 	 1.955254542018349e-08 	 3.859217223374369e-10 
 6.830295556020991 	 1.9552984318997817e-08 	 3.689268252685347e-10 
 6.906292812511916 	 1.955342810121807e-08 	 3.517428345446075e-10 
 6.983135652176622 	 1.9553876821179438e-08 	 3.343676462158525e-10 
 7.060833483392951 	 1.955433053382168e-08 	 3.1679913292287483e-10 
 7.139395819221021 	 1.9554789294695846e-08 	 2.9903514363622465e-10 
 7.21883227856798 	 1.955525315997106e-08 	 2.8107350339303043e-10 
 7.299152587365696 	 1.9555722186441425e-08 	 2.629120130307077e-10 
 7.380366579761591 	 1.95562149636464e-08 	 2.5176496775608593e-10 
 7.462484199322689 	 1.9556721725556678e-08 	 2.43804556526216e-10 
 7.545515500253063 	 1.955723412595135e-08 	 2.3575557381227995e-10 
 7.629470648624858 	 1.9557752227566984e-08 	 2.2761703412401019e-10 
 7.714359923622982 	 1.9558276093838195e-08 	 2.1938794100608564e-10 
 7.800193718803639 	 1.95588057889054e-08 	 2.1106728691613019e-10 
 7.886982543366909 	 1.9559341377622676e-08 	 2.026540531013502e-10 
 7.974737023443446 	 1.95598829255657e-08 	 1.9414720947380325e-10 
 8.06346790339549 	 1.9560430499039767e-08 	 1.8554571448427846e-10 
 8.1531860471324 	 1.9560984165087926e-08 	 1.768485149947706e-10 
 8.243902439440774 	 1.9561543991499184e-08 	 1.6805454614953909e-10 
 8.33562818732939 	 1.956211004681679e-08 	 1.591627312447308e-10 
 8.42837452138912 	 1.956268240034665e-08 	 1.5017198159655044e-10 
 8.52215279716797 	 1.9563261122165797e-08 	 1.410811964079667e-10 
 8.616974496561385 	 1.9563863799804642e-08 	 1.354696137153536e-10 
 8.712851229218089 	 1.9564478870421568e-08 	 1.3095805686657981e-10 
 8.80979473396152 	 1.956510078461928e-08 	 1.263963021983707e-10 
 8.907816880227072 	 1.9565729618542853e-08 	 1.2178379118488719e-10 
 9.00692966951538 	 1.9566365449184588e-08 	 1.1711995908585423e-10 
 9.107145236861728 	 1.9567008354393445e-08 	 1.1240423487741613e-10 
 9.208475852321808 	 1.9567658412884566e-08 	 1.0763604118222327e-10 
 9.310933922474051 	 1.956831570424892e-08 	 1.0281479419873861e-10 
 9.414531991938636 	 1.9568980308963035e-08 	 9.793990362975956e-11 
 9.519282744913394 	 1.9569652308398877e-08 	 9.301077261014473e-11 
 9.625199006726847 	 1.957033178483378e-08 	 8.802679763373433e-11 
 9.732293745408484 	 1.9571018821460556e-08 	 8.298736847945983e-11 
 9.84058007327651 	 1.9571847769945047e-08 	 7.953564013537481e-11 
 9.950071248543294 	 1.9572747034788088e-08 	 7.679343872140043e-11 
 10.060780676938665 	 1.957365630529785e-08 	 7.402072621423841e-11 
 10.172721913351227 	 1.957457569280234e-08 	 7.121716313233138e-11 
 10.285908663488016 	 1.9575505309868264e-08 	 6.838240621688135e-11 
 10.400354785552564 	 1.9576445270314795e-08 	 6.551610838982264e-11 
 10.516074291941635 	 1.9577395689227517e-08 	 6.261791871132721e-11 
 10.633081350960886 	 1.9578356682972515e-08 	 5.968748233683602e-11 
 10.751390288559568 	 1.9579328369210612e-08 	 5.672444047361353e-11 
 10.871015590084536 	 1.9580310866911798e-08 	 5.3728430336818585e-11 
 10.991971902053816 	 1.958097855711377e-08 	 5.07567295552001e-11 
 11.114274033949856 	 1.957456693202502e-08 	 4.900606992750288e-11 
 11.23793696003274 	 1.956808396801508e-08 	 4.723593159238183e-11 
 11.362975821173611 	 1.956152887133172e-08 	 4.544609782007579e-11 
 11.489405926708455 	 1.955490083939104e-08 	 4.3636349469380714e-11 
 11.617242756312507 	 1.9548199060679182e-08 	 4.180646496081911e-11 
 11.746501961895568 	 1.9541422714652995e-08 	 3.9956220249509984e-11 
 11.877199369518346 	 1.9534570971639545e-08 	 3.808538879773795e-11 
 12.009350981330138 	 1.9527642992734555e-08 	 3.6193741547216786e-11 
 12.142972977528107 	 1.9520637929699677e-08 	 3.428104689104401e-11 
 12.278081718338317 	 1.9517193453518216e-08 	 3.274745334727952e-11 
 12.414693746018806 	 1.9517054170181283e-08 	 3.1564716067840805e-11 
 12.552825786884991 	 1.9516913337108853e-08 	 3.036881906674005e-11 
 12.692494753357584 	 1.9516770937057797e-08 	 2.915961592238613e-11 
 12.833717746033251 	 1.9516626952593136e-08 	 2.7936958584028892e-11 
 12.9765120557784 	 1.95164813660859e-08 	 2.6700697353631917e-11 
 13.120895165846198 	 1.951633415971097e-08 	 2.545068086754416e-11 
 13.266884754017138 	 1.9516185315444887e-08 	 2.4186756077967696e-11 
 13.414498694763486 	 1.9516034815063666e-08 	 2.290876823421872e-11 
 13.563755061437758 	 1.9533955740940996e-08 	 2.204738190422885e-11 
 13.71467212848553 	 1.9553893494743044e-08 	 2.1219734721641375e-11 
 13.867268373682947 	 1.957405308588392e-08 	 2.03828787259501e-11 
 14.021562480399055 	 1.9594436982635898e-08 	 1.9536711455332424e-11 
 14.177573339883317 	 1.9615047680734468e-08 	 1.8681129307924755e-11 
 14.335320053578622 	 1.963588770368392e-08 	 1.7816027529137703e-11 
 14.494821935459987 	 1.9656959603066298e-08 	 1.6941300198830356e-11 
 14.656098514399295 	 1.9677203467424448e-08 	 1.6070707789076657e-11 
 14.819169536556332 	 1.9675328462099355e-08 	 1.5482062681229675e-11 
 14.984054967796471 	 1.967343259453493e-08 	 1.4886868015918268e-11 
 15.150774996135205 	 1.9671515632607546e-08 	 1.4285050919517179e-11 
 15.31935003420988 	 1.9669577341610857e-08 	 1.3676537707573144e-11 
 15.489800721778995 	 1.9667617484227062e-08 	 1.3061253875783022e-11 
 15.66214792824924 	 1.9665635820497835e-08 	 1.2439124090871845e-11 
 15.836412755230652 	 1.9663632107794963e-08 	 1.1810072181369345e-11 
 16.012616539120273 	 1.9661803295128147e-08 	 1.1339487084217964e-11 
 16.190780853714482 	 1.9660000059568745e-08 	 1.0902202057449324e-11 
 16.370927512850393 	 1.965817676031602e-08 	 1.0460051580559782e-11 
 16.553078573076718 	 1.9656333174131373e-08 	 1.0012981518137791e-11 
 16.737256336354267 	 1.9654469075292334e-08 	 9.560937132434364e-12 
 16.923483352786512 	 1.9652584235564932e-08 	 9.103863076661217e-12 
 17.111782423380582 	 1.9650701022872364e-08 	 8.657719517429144e-12 
 17.30217660283892 	 1.9648972446489586e-08 	 8.331055847199183e-12 
 17.494689202382002 	 1.964722463710852e-08 	 8.000757554934345e-12 
 17.689343792602532 	 1.9645457380733288e-08 	 7.666784200026918e-12 
 17.88616420635132 	 1.964367046098699e-08 	 7.32909489190693e-12 
 18.08517454165527 	 1.9641863659085198e-08 	 6.98764828503569e-12 
 18.286399164667916 	 1.964003675380919e-08 	 6.642402573843479e-12 
 18.489862712652695 	 1.963834452713418e-08 	 6.380546287461064e-12 
 18.69559009699944 	 1.96366548295117e-08 	 6.127795639282906e-12 
 18.903606506274485 	 1.963494633147531e-08 	 5.872232762017398e-12 
 19.113937409304654 	 1.963321882384227e-08 	 5.613826365408712e-12 
 19.326608558295543 	 1.9631472095102385e-08 	 5.3525448110501395e-12 
 19.541645991984584 	 1.963066625999193e-08 	 5.091706337726595e-12 
 19.759076038829125 	 1.964946042312914e-08 	 4.896374027771004e-12 
 19.97892532022996 	 1.9668463699448163e-08 	 4.69886835364122e-12 
 20.201220753790825 	 1.9687678415646e-08 	 4.499165133409339e-12 
 20.42598955661404 	 1.9707106924307614e-08 	 4.29723991608736e-12 
 20.653259248632928 	 1.9726751604194016e-08 	 4.093067978633448e-12 
 20.883057655981247 	 1.97337101196137e-08 	 3.916606447402739e-12 
 21.115412914400085 	 1.9730880292066256e-08 	 3.761103066548415e-12 
 21.35035347268278 	 1.9728018978453797e-08 	 3.6038694779420146e-12 
 21.587908096158053 	 1.9725125828446745e-08 	 3.4448864304338208e-12 
 21.828105870211903 	 1.972220048781758e-08 	 3.2841344586762985e-12 
 22.070976203848808 	 1.9719333806360632e-08 	 3.1375302978977742e-12 
 22.316548833292405 	 1.9716571381263594e-08 	 3.013084346464623e-12 
 22.56485382562628 	 1.971377822005464e-08 	 2.8872537476450273e-12 
 22.815921582475337 	 1.9710953980748538e-08 	 2.7600230951653126e-12 
 23.069782843728035 	 1.970809831755497e-08 	 2.631376811333963e-12 
 23.326468691300057 	 1.971593586240851e-08 	 2.51688632638468e-12 
 23.58601055293992 	 1.973396616768465e-08 	 2.4158089009266476e-12 
 23.84844020607687 	 1.9752197087081138e-08 	 2.313606837894004e-12 
 24.113789781711553 	 1.977063085273019e-08 	 2.21026762401123e-12 
 24.3820917683501 	 1.978926972159983e-08 	 2.105778606773887e-12 
 24.653379015981876 	 1.9788280983414693e-08 	 2.020728317839895e-12 
 24.927684740101526 	 1.9784579383365646e-08 	 1.9375379653046858e-12 
 25.205042525775728 	 1.9780836597478295e-08 	 1.8534219956410073e-12 
 25.48548633175531 	 1.977705216749857e-08 	 1.768370109973536e-12 
 25.76905049463301 	 1.977334781221884e-08 	 1.6909877748603361e-12 
 26.055769733047487 	 1.9769740032987007e-08 	 1.622461119000971e-12 
 26.345679151934235 	 1.976609211181382e-08 	 1.5531720015762032e-12 
 26.638814246823678 	 1.9762403602060128e-08 	 1.4831119390604367e-12 
 26.935210908187077 	 1.976425899572176e-08 	 1.4161350708205296e-12 
 27.234905425830913 	 1.978153885904874e-08 	 1.3590667401999423e-12 
 27.537934493340067 	 1.979901098670669e-08 	 1.3013634390244014e-12 
 27.844335212570396 	 1.981667751792392e-08 	 1.2430181022965448e-12 
 28.154145098191456 	 1.983414088139578e-08 	 1.1869158297835168e-12 
 28.467402082279627 	 1.985059209022347e-08 	 1.1389185780209726e-12 
 28.78414451896234 	 1.9867226343361118e-08 	 1.090387285026519e-12 
 29.104411189114117 	 1.9884045677450515e-08 	 1.0413160087924991e-12 
 29.42824130510473 	 1.9892089029720287e-08 	 9.954754495987763e-13 
 29.75567451560018 	 1.9886905630684418e-08 	 9.547357896862745e-13 
 30.086750910417244 	 1.988166455857968e-08 	 9.135428401088774e-13 
 30.42151102543188 	 1.9876365171706892e-08 	 8.718915573409195e-13 
 30.759995847542267 	 1.9886091274577088e-08 	 8.352367432566922e-13 
 31.102246819687192 	 1.990198939583354e-08 	 8.003689158962598e-13 
 31.448305845920135 	 1.9918064407473276e-08 	 7.651131317925987e-13 
 31.798215296539812 	 1.993056583906898e-08 	 7.305283619640726e-13 
 32.15201801327795 	 1.9924768013677207e-08 	 7.007834602280807e-13 
 32.50975731454464 	 1.9918905678804145e-08 	 6.707076019605601e-13 
 32.871477000732035 	 1.99129781166853e-08 	 6.402971047749746e-13 
 33.23722135957723 	 1.992306239099867e-08 	 6.134963823652731e-13 
 33.60703517158464 	 1.9938388274670938e-08 	 5.876570628914165e-13 
 33.980963715508764 	 1.9953884681727275e-08 	 5.615302423316273e-13 
 34.35905277389801 	 1.9968980138963867e-08 	 5.371577457240744e-13 
 34.74134863870013 	 1.9983599784870245e-08 	 5.148101873963261e-13 
 35.12789811693001 	 1.999838209620898e-08 	 4.922139790492278e-13 
 35.51874853640066 	 2.0012992067720118e-08 	 4.704583896231219e-13 
 35.91394775151778 	 2.00269785348301e-08 	 4.510093389304971e-13 
 36.31354414913892 	 2.0041120622311066e-08 	 4.3134388845226046e-13 
 36.71758665449782 	 2.005516711615887e-08 	 4.121861080480113e-13 
 37.12612473719467 	 2.0068552426628915e-08 	 3.9516300576171825e-13 
 37.5392084172529 	 2.0082086668702967e-08 	 3.7795049599516226e-13 
 37.95688827124359 	 2.009550150704772e-08 	 3.612581203406593e-13 
 38.37921543847785 	 2.010834611486844e-08 	 3.4627645857041867e-13 
 38.80624162726806 	 2.0121333638167277e-08 	 3.3112810339974315e-13 
 39.23801912125899 	 2.013408205332781e-08 	 3.167093192550587e-13 
 39.6746007858292 	 2.0146404916372074e-08 	 3.034584989770321e-13 
 40.116040074563585 	 2.0158864889703263e-08 	 2.900602434995883e-13 
 40.56239103579823 	 2.017090356983895e-08 	 2.7770117080725704e-13 
 41.0137083192378 	 2.0182736573257924e-08 	 2.6592532326699773e-13 
 41.470047182646624 	 2.0194701236542636e-08 	 2.540184518056546e-13 
 41.931463498614384 	 2.0206028517943053e-08 	 2.4349998786462036e-13 
 42.39801376139693 	 2.0217419754324327e-08 	 2.329870248690641e-13 
 42.86975509383315 	 2.0228690759723533e-08 	 2.2279092482586003e-13 
 43.34674525433902 	 2.023952419616375e-08 	 2.1347029698012842e-13 
 43.829042643979335 	 2.0250478170791673e-08 	 2.0404596320553298e-13 
 44.31670631361803 	 2.027694462795281e-08 	 1.954550464038349e-13 
 44.80979597114829 	 2.0308587731860224e-08 	 1.870661805647702e-13 
 45.30837198880296 	 2.0334093715943884e-08 	 1.788888864598276e-13 
 45.81249541054623 	 2.0343435041640214e-08 	 1.7139347749060897e-13 
 46.32222795954776 	 2.0352880303559967e-08 	 1.6381467088313793e-13 
 46.837632045739845 	 2.0380257944290035e-08 	 1.569747842009514e-13 
 47.358770773458545 	 2.041052656150818e-08 	 1.5017822892147664e-13 
 47.88570794917016 	 2.042915793579519e-08 	 1.4374113154742565e-13 
 48.41850808928334 	 2.0437163987322616e-08 	 1.3762601841423946e-13 
 48.95723642804835 	 2.0450116064235708e-08 	 1.3161631182772053e-13 
 49.50195892554398 	 2.047882058530986e-08 	 1.2609712720762868e-13 
 50.05274227575367 	 2.0507833865929657e-08 	 1.2052086727029757e-13 
 50.609653914731204 	 2.0535600095174006e-08 	 1.1552313130938672e-13 
 51.172762028857264 	 2.056367526525823e-08 	 1.1046978805907258e-13 
 51.74213556318811 	 2.0590808922890462e-08 	 1.0583384389739842e-13 
 52.3178442298969 	 2.0617984369776122e-08 	 1.0124456904852185e-13 
 52.89995851680892 	 2.064441159365541e-08 	 9.696153270728755e-14 
 53.488549696032074 	 2.067068533554001e-08 	 9.278304219203682e-14 
 54.08368983268305 	 2.0696371183496656e-08 	 8.884097611430958e-14 
 54.68545179371073 	 2.072181124694467e-08 	 8.502590441569814e-14 
 55.29390925681788 	 2.074673129143159e-08 	 8.140871336404948e-14 
 55.90913671948193 	 2.0771376221978628e-08 	 7.791658289005522e-14 
 56.53120950807611 	 2.080830100328658e-08 	 7.460594396528734e-14 
 57.16020378709236 	 2.0853436909983597e-08 	 7.140163250302175e-14 
 57.79619656846649 	 2.088366935088323e-08 	 6.837780217845806e-14 
 58.43926572100727 	 2.0906395023836327e-08 	 6.54303627008134e-14 
 59.08948997993051 	 2.0944497992234e-08 	 6.267391513017178e-14 
 59.746948956499125 	 2.098779615196395e-08 	 5.995739490660286e-14 
 60.41172314777032 	 2.101078859948765e-08 	 5.744893352879648e-14 
 61.08389394645157 	 2.1033091485361704e-08 	 5.4956994631196027e-14 
 61.763543650866005 	 2.107426478943937e-08 	 5.2659681976842244e-14 
 62.450755475028636 	 2.111535423955388e-08 	 5.0397987803942015e-14 
 63.14561355883495 	 2.1155515307439243e-08 	 4.8267536738667813e-14 
 63.84820297836268 	 2.119517751128376e-08 	 4.6216979579522615e-14 
 64.55860975628808 	 2.1234428857712882e-08 	 4.423695654822433e-14 
 65.27692087241847 	 2.1289641390609388e-08 	 4.237974374116649e-14 
 66.00322427434168 	 2.1346489026751857e-08 	 4.0555873613653445e-14 
 66.73760888819389 	 2.1383117419749878e-08 	 3.8855908861144504e-14 
 67.4801646295477 	 2.1429037738723203e-08 	 3.720529086796645e-14 
 68.23098241442099 	 2.1486026022660957e-08 	 3.561742019055918e-14 
 68.99015417040823 	 2.15416637533839e-08 	 3.4125089540175865e-14 
 69.75777284793601 	 2.1596987954650525e-08 	 3.266810310700998e-14 
 70.53393243164349 	 2.1651168373511556e-08 	 3.1291070311580514e-14 
 71.31872795188941 	 2.1704473818097354e-08 	 2.997407422090617e-14 
 72.11225549638756 	 2.175735949514776e-08 	 2.8693595374061116e-14 
 72.9146122219713 	 2.180893239896759e-08 	 2.7492066048065666e-14 
 73.72589636648894 	 2.1872322515546745e-08 	 2.6334740384687883e-14 
 74.54620726083202 	 2.1943846755245335e-08 	 2.5212919196372908e-14 
 75.3756453410968 	 2.2013711548603955e-08 	 2.4158664575595716e-14 
 76.21431216088126 	 2.2082659446047954e-08 	 2.314450037878866e-14 
 77.06231040371921 	 2.2150897691505272e-08 	 2.2163485319407235e-14 
 77.91974389565237 	 2.221776424761194e-08 	 2.1233478257899087e-14 
 78.78671761794244 	 2.2299488891950294e-08 	 2.0346563269689847e-14 
 79.66333771992477 	 2.238542186170668e-08 	 1.948992764071125e-14 
 80.54971153200489 	 2.247029891947518e-08 	 1.866537639070606e-14 
 81.44594757879958 	 2.2553078342315176e-08 	 1.7890879808138804e-14 
 82.35215559242438 	 2.264795152883732e-08 	 1.714359936557756e-14 
 83.26844652592887 	 2.2743786257073914e-08 	 1.642386936472265e-14 
 84.1949325668811 	 2.2822993245194154e-08 	 1.5733482835256135e-14 
 85.13172715110385 	 2.2940946378040905e-08 	 1.5081920760894895e-14 
 86.07894497656305 	 2.3045022622100194e-08 	 1.445468929830007e-14 
 87.03670201741103 	 2.3148519227747893e-08 	 1.3851647862548548e-14 
 88.00511553818617 	 2.3263693442048334e-08 	 1.3272482636451201e-14 
 88.98430410817028 	 2.3376744434715287e-08 	 1.2721431565200617e-14 
 89.97438761590567 	 2.3506075329876465e-08 	 1.2196052239611169e-14 
 90.9754872838742 	 2.364976837752954e-08 	 1.1691482098113516e-14 
 91.98772568333918 	 2.3790045512668827e-08 	 1.120729046546368e-14 
 93.01122674935246 	 2.3925824626693815e-08 	 1.0742940546825025e-14 
 94.04611579592888 	 2.4092042765840646e-08 	 1.0297820710298081e-14 
 95.09251953138921 	 2.425513932036923e-08 	 9.874519891210228e-15 
 96.15056607387366 	 2.4434103262101142e-08 	 9.469757806613722e-15 
 97.22038496702861 	 2.461284224135081e-08 	 9.081691880010726e-15 
 98.30210719586725 	 2.481373874393977e-08 	 8.70979461031464e-15 
 99.39586520280692 	 2.502861993792914e-08 	 8.353510620549607e-15 
 100.50179290388509 	 2.5247774147278032e-08 	 8.012302213581852e-15 
 101.62002570515547 	 2.5488024999813422e-08 	 7.685640840646551e-15 
 102.75070051926669 	 2.575518287390941e-08 	 7.372969719510055e-15 
 103.8939557822254 	 2.6022946314676654e-08 	 7.07378276333817e-15 
 105.04993147034597 	 2.6325788979472176e-08 	 6.787576116557935e-15 
 106.21876911738875 	 2.6663668986518144e-08 	 6.5137979879193965e-15 
 107.40061183188861 	 2.7037081224568553e-08 	 6.2521705970770785e-15 
 108.59560431467727 	 2.744531680618267e-08 	 6.0020468876744644e-15 
 109.8038928765996 	 2.788768830572159e-08 	 5.762827076300597e-15 
 111.0256254564275 	 2.8383945188102218e-08 	 5.533984921666462e-15 
 112.26095163897304 	 2.8954406017999615e-08 	 5.315165860298498e-15 
 113.51002267340317 	 2.957963879624906e-08 	 5.1060263266789584e-15 
 114.77299149175784 	 3.0321395209474366e-08 	 4.906509686366462e-15 
 116.050012727675 	 3.116269442971033e-08 	 4.716216457936717e-15 
 117.3412427353231 	 3.214950007229664e-08 	 4.534724140936679e-15 
 118.64683960854461 	 3.3342683260064974e-08 	 4.3617867796448146e-15 
 119.96696320021252 	 3.477415489422471e-08 	 4.1972760477702675e-15 
 121.30177514180228 	 3.652019786199751e-08 	 4.040958218370063e-15 
 122.65143886318097 	 3.8700327190740184e-08 	 3.892853435917423e-15 
 124.0161196126178 	 4.150269577025554e-08 	 3.753005313155351e-15 
 125.39598447701604 	 4.5181820130788004e-08 	 3.6215941947839166e-15 
 126.7912024023708 	 5.013441052399314e-08 	 3.49904181186394e-15 
 128.20194421445404 	 5.7111810904842107e-08 	 3.3862875291448074e-15 
 129.62838263973023 	 6.78772630134532e-08 	 3.2857162320507113e-15 
 131.07069232650372 	 8.490668416965756e-08 	 3.198122857185911e-15 
 132.52904986630287 	 1.137035393012721e-07 	 3.1256578022926826e-15 
 134.00363381550096 	 1.660711699275031e-07 	 3.0679804379207245e-15 
 135.49462471717794 	 2.661046606971432e-07 	 3.007067696649601e-15 
 137.00220512322574 	 4.3653381462915487e-07 	 2.8018364104111157e-15 
 138.52655961669922 	 5.015472006749981e-07 	 2.359774502108765e-15 
 140.06787483441553 	 3.5654474343286765e-07 	 2.0128952993574958e-15 
 141.62633948980599 	 2.046585177080003e-07 	 1.901674929280454e-15 
 143.20214439602108 	 1.30494327093785e-07 	 1.8677188307333998e-15 
 144.79548248929305 	 9.167922930154154e-08 	 1.833585989547927e-15 
 146.4065488525583 	 7.01589628030824e-08 	 1.7927619398949794e-15 
 148.03554073934293 	 5.823366120662677e-08 	 1.7458941346221162e-15 
 149.68265759791325 	 5.069811850400344e-08 	 1.6958427892904528e-15 
 151.34810109569628 	 4.565906976135086e-08 	 1.6441545102676697e-15 
 153.0320751439707 	 4.241329167401173e-08 	 1.5919714830833721e-15 
 154.7347859228333 	 4.01124765405139e-08 	 1.5399969183955996e-15 
 156.45644190644288 	 3.850334234493624e-08 	 1.4887465184003861e-15 
 158.19725388854525 	 3.738854869787706e-08 	 1.4386302150863742e-15 
 159.95743500828158 	 3.6599249818169776e-08 	 1.3896517726486858e-15 
 161.73720077628533 	 3.609440362178354e-08 	 1.3422827461931903e-15 
 163.53676910106796 	 3.576985497089961e-08 	 1.2962057773452026e-15 
 165.3563603156992 	 3.5621751840334164e-08 	 1.2518723021233335e-15 
 167.1961972047837 	 3.558498668182035e-08 	 1.2089050645802555e-15 
 169.0565050317384 	 3.5666291542874434e-08 	 1.1676887398673904e-15 
 170.9375115663722 	 3.5815460504423024e-08 	 1.1278258871738904e-15 
 172.83944711277442 	 3.6065287188957276e-08 	 1.0896753026978617e-15 
 174.7625445375117 	 3.637963762856762e-08 	 1.0528910378491126e-15 
 176.70703929813968 	 3.6756011586313945e-08 	 1.0176334815565548e-15 
 178.6731694720315 	 3.719413251882979e-08 	 9.838061343416504e-16 
 180.66117578552743 	 3.7682297230153395e-08 	 9.512845217065003e-16 
 182.67130164340796 	 3.824558981849957e-08 	 9.202612545404973e-16 
 184.70379315869633 	 3.88571622403426e-08 	 8.904832769686985e-16 
 186.75889918279125 	 3.9528400868904155e-08 	 8.619367839200118e-16 
 188.8368713359355 	 4.0258402732743623e-08 	 8.347503635483847e-16 
 190.93796403802358 	 4.105009436486081e-08 	 8.087240067882209e-16 
 193.062434539752 	 4.191379217547183e-08 	 7.838428596008111e-16 
 195.21054295411562 	 4.2847848353318604e-08 	 7.601255642068377e-16 
 197.38255228825614 	 4.385022684017048e-08 	 7.375648450462117e-16 
 199.57872847566284 	 4.494031030204211e-08 	 7.160694999570369e-16 
 201.7993404087331 	 4.61213882771196e-08 	 6.956208860496055e-16 
 204.04465997169456 	 4.7394859740649156e-08 	 6.762057772306896e-16 
 206.31496207389307 	 4.877905172856099e-08 	 6.578062815781611e-16 
 208.6105246834529 	 5.029007482689338e-08 	 6.404451813278761e-16 
 210.93162886130926 	 5.1926509677208166e-08 	 6.2407646874959425e-16 
 213.2785587956208 	 5.371331738186798e-08 	 6.086819579882677e-16 
 215.65160183656457 	 5.566352025224813e-08 	 5.94260272709307e-16 
 218.0510485315185 	 5.781099857038922e-08 	 5.808199752188349e-16 
 220.477192660634 	 6.017083843023115e-08 	 5.683638185321548e-16 
 222.93033127280694 	 6.277484658001747e-08 	 5.569066031014701e-16 
 225.41076472204634 	 6.566889744567693e-08 	 5.464727662083927e-16 
 227.9187967042488 	 6.889310135874592e-08 	 5.370944976264148e-16 
 230.45473429438223 	 7.251564774927356e-08 	 5.28820276609738e-16 
 233.01888798408314 	 7.65885316046898e-08 	 5.217049083771146e-16 
 235.61157171967128 	 8.121777992760959e-08 	 5.158351034549586e-16 
 238.23310294058965 	 8.65151272462903e-08 	 5.11359134160884e-16 
 240.88380261826964 	 9.262867230381173e-08 	 5.08384432481441e-16 
 243.56399529543012 	 9.973700952490995e-08 	 5.070914579117652e-16 
 246.2740091258131 	 1.0807819327904628e-07 	 5.077265151252154e-16 
 249.01417591436226 	 1.1798597193826485e-07 	 5.106133853447431e-16 
 251.78483115784687 	 1.3002196160203189e-07 	 5.163487058656224e-16 
 254.58631408594044 	 1.4476036146686346e-07 	 5.254505611569691e-16 
 257.41896770275383 	 1.631179889443131e-07 	 5.38791007290748e-16 
 260.28313882883185 	 1.867165406793319e-07 	 5.579147272740367e-16 
 263.1791781436167 	 2.1776764460910256e-07 	 5.847982352247899e-16 
 266.1074402283842 	 2.596616898463852e-07 	 6.223666823698875e-16 
 269.0682836096566 	 3.2000771365592647e-07 	 6.770868537300245e-16 
 272.0620708031009 	 4.0940715969506367e-07 	 7.571831060535817e-16 
 275.08916835791285 	 5.544022025599634e-07 	 8.822664789242863e-16 
 278.1499469016966 	 8.031638536785458e-07 	 1.0826970054893491e-15 
 281.24478118584267 	 1.2575230247434107e-06 	 1.4006572168494653e-15 
 284.3740501314118 	 1.941811734241038e-06 	 1.7463433784037414e-15 
 287.53813687552764 	 2.5380012874607107e-06 	 1.7723670164161262e-15 
 290.73742881828815 	 2.8142873769358544e-06 	 1.4570571794979742e-15 
 293.97231767019696 	 2.8293248219204685e-06 	 1.0162396622387269e-15 
 297.24319950012284 	 2.647592500278318e-06 	 6.061252270421551e-16 
 300.5504747837934 	 2.2669941181662947e-06 	 2.971356860000253e-16 
 303.89454845282773 	 1.6806154818329328e-06 	 1.1875736915917008e-16 
 307.27582994431543 	 1.0771398693100612e-06 	 5.555306300667179e-17 
 310.6947332509452 	 6.966005813349379e-07 	 4.947988435377745e-17 
 314.15167697169477 	 5.037597295386894e-07 	 6.2596598578789e-17 
 317.6470843630814 	 4.093152853408851e-07 	 8.210483025716459e-17 
 321.18138339098425 	 3.682976289476055e-07 	 1.0536049275174405e-16 
 324.7550067830433 	 3.6343794198222033e-07 	 1.3325390561358852e-16 
 328.3683920816411 	 3.922524590687416e-07 	 1.6905742705139097e-16 
 332.0219816974728 	 4.656495419472536e-07 	 2.1982074570913917e-16 
 335.7162229637155 	 6.179872914974094e-07 	 3.0109658880575104e-16 
 339.4515681907967 	 9.396649938891906e-07 	 4.482367324979506e-16 
 343.2284747217741 	 1.563403396921545e-06 	 6.949806910816224e-16 
 347.0474049883311 	 2.227914532829934e-06 	 8.801398798727275e-16 
 350.9088265673958 	 2.54220966482473e-06 	 8.454963812591038e-16 
 354.8132122383881 	 2.6037001514494153e-06 	 6.81143280382239e-16 
 358.76104004110715 	 2.517809670521271e-06 	 4.737453117849874e-16 
 362.75279333426 	 2.2996893441747684e-06 	 2.75639670855855e-16 
 366.788960854642 	 1.911786478321313e-06 	 1.2539324107696273e-16 
 370.870036776977 	 1.3588203590739528e-06 	 4.545624582292112e-17 
 374.9965207744219 	 9.10924769783329e-07 	 2.6387486363100765e-17 
 379.16891807974423 	 7.50233266122686e-07 	 3.6609370762287985e-17 
 383.3877395471828 	 8.169593232849443e-07 	 6.519445830413337e-17 
 387.65350171499375 	 1.1512404939625544e-06 	 1.20745124129306e-16 
 391.9667268686942 	 1.6735044439704586e-06 	 1.8536970703809386e-16 
 396.32794310500896 	 1.9077871933719104e-06 	 1.753489797789874e-16 
 400.73768439652923 	 1.6938384159245186e-06 	 9.504043033415091e-17 
 405.19649065708916 	 1.2198263347237869e-06 	 5.236886596536178e-17 
 409.70490780787304 	 1.5943362296986943e-06 	 1.4590538536925687e-16 
 414.26348784425477 	 2.1850559822210432e-06 	 2.7558958569203546e-16 
 418.87278890338257 	 2.20045322520399e-06 	 2.5477815359113235e-16 
 423.53337533251545 	 2.033214254117094e-06 	 1.720674413923122e-16 
 428.2458177581203 	 1.7525864616803276e-06 	 9.027851152879536e-17 
 433.01069315573596 	 1.351231549961216e-06 	 3.5224097485714676e-17 
 437.82858492061865 	 9.598705351357127e-07 	 1.3017887535691723e-17 
 442.70008293916896 	 8.457601786615265e-07 	 1.2308541513475334e-17 
 447.6257836611564 	 1.0523078218115278e-06 	 2.4931967490222198e-17 
 452.60629017274636 	 1.4308222548810966e-06 	 4.6954288471115664e-17 
 457.64221227034056 	 1.6002129975882586e-06 	 5.85362938447287e-17 
 462.7341665352366 	 1.5328745442703134e-06 	 5.1962819734656036e-17 
 467.88277640912287 	 1.3236754660278264e-06 	 3.5241647732516135e-17 
 473.0886722704087 	 1.0040368295139617e-06 	 1.7597202053058196e-17 
 478.3524915114063 	 6.240151316736745e-07 	 5.7087649247826706e-18 
 483.67487861637096 	 3.6572693986834e-07 	 1.383442967462793e-18 
 489.05648524041 	 2.708979151914866e-07 	 8.730741258081904e-19 
 494.4979702892672 	 2.850947688506048e-07 	 2.375173552409343e-18 
 500.0 	 5.830911144790983e-07 	 8.154826866076868e-18 
 