2.0 	 8.164337397003175e-09 	 6.151695183651009e-08 
 2.022252992090197 	 8.165300069695825e-09 	 5.889686183515254e-08 
 2.044753582008878 	 8.166273453562383e-09 	 5.6247619412756994e-08 
 2.0675045246523007 	 8.167257667780682e-09 	 5.356890020502627e-08 
 2.090508605569068 	 8.168252832854588e-09 	 5.086037623862475e-08 
 2.1137686413011774 	 8.169259070628754e-09 	 4.8121715891022966e-08 
 2.1372874797288683 	 8.170276504303533e-09 	 4.5352583849894786e-08 
 2.16106800041931 	 8.171305258450073e-09 	 4.2552641072062644e-08 
 2.185113114979165 	 8.172345459025555e-09 	 3.9721544741986386e-08 
 2.209425767411074 	 8.173397233388625e-09 	 3.6858948229790254e-08 
 2.234008934474112 	 8.174460710314987e-09 	 3.3964501048822545e-08 
 2.258865626048254 	 8.175536020013164e-09 	 3.103784881274293e-08 
 2.2839988855028888 	 8.176623294140446e-09 	 2.8078633192133266e-08 
 2.309411790069446 	 8.177722665819004e-09 	 2.5086491870624322e-08 
 2.335107451218158 	 8.178834269652196e-09 	 2.2061058500535168e-08 
 2.3610890150390174 	 8.179958241741042e-09 	 1.900196265801905e-08 
 2.387359662626975 	 8.181094719700889e-09 	 1.590882979770956e-08 
 2.4139226104714218 	 8.182243842678261e-09 	 1.2781281206862943e-08 
 2.4407811108500064 	 8.183405751367896e-09 	 9.618933958989339e-09 
 2.4679384522268304 	 8.183020255487793e-09 	 9.423297101639642e-09 
 2.495397959655079 	 8.182617650795851e-09 	 9.250146881121752e-09 
 2.5231629951841286 	 8.182210566524397e-09 	 9.075070105360062e-09 
 2.5512369582711845 	 8.181798952831407e-09 	 8.898045338545267e-09 
 2.579623286197498 	 8.181382759320288e-09 	 8.719050906362628e-09 
 2.608325454489219 	 8.180961935033716e-09 	 8.538064893338213e-09 
 2.6373469773429234 	 8.180536428447382e-09 	 8.355065140155662e-09 
 2.666691408055882 	 8.180106187463698e-09 	 8.170029240943074e-09 
 2.6963623394611145 	 8.17967115940541e-09 	 7.982934540529693e-09 
 2.7263634043672815 	 8.179231291009155e-09 	 7.793758131672105e-09 
 2.7566982760034757 	 8.178786528418926e-09 	 7.602476852249536e-09 
 2.7873706684689585 	 8.178336817179496e-09 	 7.409067282427973e-09 
 2.8183843371879025 	 8.17788210222974e-09 	 7.213505741792703e-09 
 2.849743079369192 	 8.177422327895894e-09 	 7.015768286448982e-09 
 2.8814507344713403 	 8.17695743788474e-09 	 6.815830706090412e-09 
 2.9135111846725823 	 8.176487375276716e-09 	 6.613668521034715e-09 
 2.9459283553461924 	 8.176012082518943e-09 	 6.409256979226529e-09 
 2.978706215541096 	 8.175531501418179e-09 	 6.2025710532068386e-09 
 3.011848778467825 	 8.175045573133698e-09 	 5.993585437048713e-09 
 3.045360101989882 	 8.174554238170083e-09 	 5.782274543258926e-09 
 3.079244289120574 	 8.174057436369938e-09 	 5.568612499645096e-09 
 3.1135054885253663 	 8.17355510690653e-09 	 5.352573146148011e-09 
 3.1481478950298367 	 8.173047188276331e-09 	 5.134130031638656e-09 
 3.183175750133272 	 8.172533618291504e-09 	 4.913256410679632e-09 
 3.218593342527984 	 8.17201433407227e-09 	 4.6899252402505386e-09 
 3.254405008624402 	 8.171489272039227e-09 	 4.464109176436925e-09 
 3.2906151330820106 	 8.170958367905549e-09 	 4.235780571082365e-09 
 3.32722814934619 	 8.170421556669126e-09 	 4.004911468403342e-09 
 3.3642485401910305 	 8.169878772604606e-09 	 3.771473601566433e-09 
 3.401680838268195 	 8.169329949255338e-09 	 3.535438389227381e-09 
 3.4395296266618742 	 8.168775019425244e-09 	 3.2967769320317343e-09 
 3.4777995394499266 	 8.168213915170591e-09 	 3.0554600090764884e-09 
 3.5164952622712624 	 8.167646567791667e-09 	 2.8114580743323597e-09 
 3.5556215328995324 	 8.167072907824376e-09 	 2.564741253026302e-09 
 3.5951831418232056 	 8.166492865031727e-09 	 2.3152793379837335e-09 
 3.6351849328321073 	 8.16590636839524e-09 	 2.0630417859300318e-09 
 3.6756318036104663 	 8.165687426062107e-09 	 1.8794990039125768e-09 
 3.716528706336576 	 8.166210086320677e-09 	 1.8361288806170928e-09 
 3.757880648289126 	 8.166738561956545e-09 	 1.792276199816285e-09 
 3.799692692460268 	 8.167272917674486e-09 	 1.7479355923359802e-09 
 3.841969958175517 	 8.16781321889921e-09 	 1.7031016292619093e-09 
 3.884717621720545 	 8.168359531783374e-09 	 1.6577688212750078e-09 
 3.927940916974944 	 8.168911923215683e-09 	 1.6119316179793268e-09 
 3.9716451360530463 	 8.169470460829078e-09 	 1.565584407222459e-09 
 4.0158356299518765 	 8.170035213009021e-09 	 1.518721514408402e-09 
 4.060517809206302 	 8.17060624890186e-09 	 1.4713372018027888e-09 
 4.105697144551488 	 8.171183638423302e-09 	 1.4234256678303692e-09 
 4.151379167592713 	 8.171767452266971e-09 	 1.3749810463646908e-09 
 4.197569471482639 	 8.172357761913063e-09 	 1.3259974060098677e-09 
 4.244273711606117 	 8.172954639637097e-09 	 1.2764687493743634e-09 
 4.2914976062726184 	 8.173558158518767e-09 	 1.2263890123366844e-09 
 4.339246937416362 	 8.174168392450887e-09 	 1.1757520633029155e-09 
 4.38752755130423 	 8.17478541614844e-09 	 1.124551702455988e-09 
 4.436345359251578 	 8.175409305157723e-09 	 1.0727816609965887e-09 
 4.485706338345984 	 8.1760401358656e-09 	 1.0204356003756354e-09 
 4.535616532179064 	 8.176677985508854e-09 	 9.675071115182086e-10 
 4.586082051586437 	 8.17732293218364e-09 	 9.139897140388372e-10 
 4.637109075395913 	 8.177975054855054e-09 	 8.59876855448064e-10 
 4.688703851183996 	 8.178634433366791e-09 	 8.051619103501952e-10 
 4.7408726960408325 	 8.179301148450931e-09 	 7.498381796320865e-10 
 4.7936219973436485 	 8.179975281737819e-09 	 6.938988896429403e-10 
 4.84695821353879 	 8.180656915766058e-09 	 6.373371913649664e-10 
 4.9008878749324865 	 8.180980143527294e-09 	 5.939314345907265e-10 
 4.955417584490397 	 8.180561338627544e-09 	 5.781273395149162e-10 
 5.01055401864604 	 8.180137873896733e-09 	 5.621474002377498e-10 
 5.066303928118258 	 8.179709697487271e-09 	 5.459896602294145e-10 
 5.122674138737735 	 8.17927675697468e-09 	 5.296521411907784e-10 
 5.179671552282729 	 8.178838999351191e-09 	 5.131328428111729e-10 
 5.237303147324112 	 8.178396371019234e-09 	 4.964297425234787e-10 
 5.295575980079798 	 8.177948817784892e-09 	 4.79540795256492e-10 
 5.3544971852786745 	 8.177496284851258e-09 	 4.62463933184534e-10 
 5.414073977034168 	 8.177038716811726e-09 	 4.451970654742697e-10 
 5.474313649727511 	 8.176576057643214e-09 	 4.277380780287154e-10 
 5.535223578900834 	 8.176108250699294e-09 	 4.100848332283969e-10 
 5.596811222160211 	 8.17563523870326e-09 	 3.9223516966962466e-10 
 5.659084120088741 	 8.175156963741124e-09 	 3.741869018998591e-10 
 5.722049897169788 	 8.174673367254514e-09 	 3.5593782015013263e-10 
 5.785716262720505 	 8.174184390033508e-09 	 3.3748569006449116e-10 
 5.850091011835728 	 8.173689972209386e-09 	 3.188282524264279e-10 
 5.915182026342386 	 8.1731900532473e-09 	 2.9996322288227304e-10 
 5.980997275764522 	 8.172684571938859e-09 	 2.80888291661505e-10 
 6.047544818299062 	 8.172173466394639e-09 	 2.6160112329394816e-10 
 6.114832801802424 	 8.17183381327296e-09 	 2.4429666554307996e-10 
 6.182869464788117 	 8.172329792283237e-09 	 2.3721207862937683e-10 
 6.251663137435444 	 8.17283128980201e-09 	 2.300486650873969e-10 
 6.321222242609409 	 8.173338367230942e-09 	 2.2280554785297285e-10 
 6.39155529689199 	 8.173851086654883e-09 	 2.1548184010328598e-10 
 6.462670911624891 	 8.174369510849466e-09 	 2.080766451482863e-10 
 6.534577793963859 	 8.1748937032888e-09 	 2.0058905632090702e-10 
 6.607284747944786 	 8.175423728153236e-09 	 1.9301815686605259e-10 
 6.6808006755616365 	 8.175959650337231e-09 	 1.8536301982835556e-10 
 6.755134577856364 	 8.176501535457286e-09 	 1.776227079386843e-10 
 6.830295556020991 	 8.177049449859988e-09 	 1.697962734993847e-10 
 6.906292812511916 	 8.177603460630122e-09 	 1.618827582682486e-10 
 6.983135652176622 	 8.1781636355989e-09 	 1.5388119334119086e-10 
 7.060833483392951 	 8.178730043352253e-09 	 1.4579059903361767e-10 
 7.139395819221021 	 8.179302753239234e-09 	 1.3760998476047878e-10 
 7.21883227856798 	 8.179881835380506e-09 	 1.2933834891498288e-10 
 7.299152587365696 	 8.180467360676935e-09 	 1.2097467874596597e-10 
 7.380366579761591 	 8.180929883425438e-09 	 1.1587181243792009e-10 
 7.462484199322689 	 8.18133982355923e-09 	 1.1220706240761928e-10 
 7.545515500253063 	 8.1817543248903e-09 	 1.0850153655060018e-10 
 7.629470648624858 	 8.18217343816879e-09 	 1.0475478117478797e-10 
 7.714359923622982 	 8.182597214709516e-09 	 1.0096633754010465e-10 
 7.800193718803639 	 8.183025706398246e-09 	 9.713574180230313e-11 
 7.886982543366909 	 8.183458965698056e-09 	 9.326252495617461e-11 
 7.974737023443446 	 8.183897045655752e-09 	 8.934621277812567e-11 
 8.06346790339549 	 8.184339999908365e-09 	 8.538632576811645e-11 
 8.1531860471324 	 8.184787882689717e-09 	 8.138237909095124e-11 
 8.243902439440774 	 8.185240748837067e-09 	 7.733388251691767e-11 
 8.33562818732939 	 8.185698653797812e-09 	 7.324034036176471e-11 
 8.42837452138912 	 8.186161653636292e-09 	 6.910125142601202e-11 
 8.52215279716797 	 8.186629805040644e-09 	 6.491610893358514e-11 
 8.616974496561385 	 8.186266781630562e-09 	 6.233772680260278e-11 
 8.712851229218089 	 8.185631267778393e-09 	 6.026131890670669e-11 
 8.80979473396152 	 8.184988682883861e-09 	 5.81618078665688e-11 
 8.907816880227072 	 8.184338948271042e-09 	 5.603893662514625e-11 
 9.00692966951538 	 8.183681984388624e-09 	 5.3892445265251784e-11 
 9.107145236861728 	 8.183017710800165e-09 	 5.172207097773049e-11 
 9.208475852321808 	 8.18234604617425e-09 	 4.9527548029282803e-11 
 9.310933922474051 	 8.181666908274534e-09 	 4.730860772992835e-11 
 9.414531991938636 	 8.18098021394966e-09 	 4.5064978400108725e-11 
 9.519282744913394 	 8.180285879123097e-09 	 4.2796385337424314e-11 
 9.625199006726847 	 8.179583818782834e-09 	 4.050255078299998e-11 
 9.732293745408484 	 8.17887394697097e-09 	 3.818319388747763e-11 
 9.84058007327651 	 8.178967731968988e-09 	 3.659352191173592e-11 
 9.950071248543294 	 8.179433421533392e-09 	 3.533140365290057e-11 
 10.060780676938665 	 8.179904292590892e-09 	 3.405524244024976e-11 
 10.172721913351227 	 8.180380402793352e-09 	 3.276488202491353e-11 
 10.285908663488016 	 8.180861810434096e-09 	 3.146016441951933e-11 
 10.400354785552564 	 8.18134857445505e-09 	 3.0140929878848684e-11 
 10.516074291941635 	 8.18184075445396e-09 	 2.8807016880278763e-11 
 10.633081350960886 	 8.18233841069168e-09 	 2.7458262104005735e-11 
 10.751390288559568 	 8.182841604099562e-09 	 2.609450041304865e-11 
 10.871015590084536 	 8.183350396286906e-09 	 2.4715564833030736e-11 
 10.991971902053816 	 8.183855100000105e-09 	 2.3350781461296065e-11 
 11.114274033949856 	 8.18417561052691e-09 	 2.2545033922441214e-11 
 11.23793696003274 	 8.184499687212825e-09 	 2.173032123678198e-11 
 11.362975821173611 	 8.184827369736704e-09 	 2.0906543653647862e-11 
 11.489405926708455 	 8.185158698218888e-09 	 2.0073600312492927e-11 
 11.617242756312507 	 8.185493713226119e-09 	 1.9231389230546887e-11 
 11.746501961895568 	 8.185832455776503e-09 	 1.8379807290328424e-11 
 11.877199369518346 	 8.186174967344535e-09 	 1.7518750227020013e-11 
 12.009350981330138 	 8.186521289866174e-09 	 1.664811261570213e-11 
 12.142972977528107 	 8.186871465743979e-09 	 1.5767787858445212e-11 
 12.278081718338317 	 8.18717549972393e-09 	 1.506278306273505e-11 
 12.414693746018806 	 8.187437343083715e-09 	 1.4518531962945515e-11 
 12.552825786884991 	 8.187702099842605e-09 	 1.3968225255446644e-11 
 12.692494753357584 	 8.187969802416528e-09 	 1.3411795562543161e-11 
 12.833717746033251 	 8.188240483582079e-09 	 1.2849174756862238e-11 
 12.9765120557784 	 8.188514176480547e-09 	 1.2280293953012018e-11 
 13.120895165846198 	 8.18879091462197e-09 	 1.17050834991476e-11 
 13.266884754017138 	 8.189070731889228e-09 	 1.1123472968443187e-11 
 13.414498694763486 	 8.189353662542203e-09 	 1.0535391150469105e-11 
 13.563755061437758 	 8.18962698505727e-09 	 1.0139030965381712e-11 
 13.71467212848553 	 8.18990206593444e-09 	 9.758198198686889e-12 
 13.867268373682947 	 8.190180207497903e-09 	 9.37312809771959e-12 
 14.021562480399055 	 8.190461443802372e-09 	 8.983773515796778e-12 
 14.177573339883317 	 8.19074580928147e-09 	 8.590086781658076e-12 
 14.335320053578622 	 8.191033338751947e-09 	 8.192019693628973e-12 
 14.494821935459987 	 8.191324067417939e-09 	 7.789523513719226e-12 
 14.656098514399295 	 8.191660921797237e-09 	 7.38953381600436e-12 
 14.819169536556332 	 8.192821804126766e-09 	 7.118677517857563e-12 
 14.984054967796471 	 8.193995603008945e-09 	 6.844807538180645e-12 
 15.150774996135205 	 8.195182462159743e-09 	 6.567890345257968e-12 
 15.31935003420988 	 8.196382526894188e-09 	 6.287892034283432e-12 
 15.489800721778995 	 8.197595944144156e-09 	 6.0047783232092025e-12 
 15.66214792824924 	 8.198822862476355e-09 	 5.718514548548379e-12 
 15.836412755230652 	 8.200063432110527e-09 	 5.4290656611309506e-12 
 16.012616539120273 	 8.200305789408687e-09 	 5.212781817879048e-12 
 16.190780853714482 	 8.200318657388583e-09 	 5.011616578935084e-12 
 16.370927512850393 	 8.200331668544006e-09 	 4.8082130757556084e-12 
 16.553078573076718 	 8.200344824467997e-09 	 4.602546404302446e-12 
 16.737256336354267 	 8.200358126771326e-09 	 4.3945913834427455e-12 
 16.923483352786512 	 8.20037157708268e-09 	 4.1843225518658985e-12 
 17.111782423380582 	 8.20050564937481e-09 	 3.9791169685373756e-12 
 17.30217660283892 	 8.20157241617004e-09 	 3.828848867836806e-12 
 17.494689202382002 	 8.202651052341799e-09 	 3.6769088097080934e-12 
 17.689343792602532 	 8.203741689954656e-09 	 3.5232781911235193e-12 
 17.88616420635132 	 8.2048444625426e-09 	 3.3679382020688503e-12 
 18.08517454165527 	 8.205959505125381e-09 	 3.2108698232403267e-12 
 18.286399164667916 	 8.207086954225049e-09 	 3.052053823715955e-12 
 18.489862712652695 	 8.207083226996224e-09 	 2.9317856931109243e-12 
 18.69559009699944 	 8.206927714208735e-09 	 2.815528215958258e-12 
 18.903606506274485 	 8.20677047110883e-09 	 2.6979772004458396e-12 
 19.113937409304654 	 8.206611478444197e-09 	 2.5791182540242206e-12 
 19.326608558295543 	 8.206450716748309e-09 	 2.4589368240053208e-12 
 19.541645991984584 	 8.206337323631757e-09 	 2.3390359849130466e-12 
 19.759076038829125 	 8.207176936117391e-09 	 2.249206444127785e-12 
 19.97892532022996 	 8.208025890548027e-09 	 2.158377415312247e-12 
 20.201220753790825 	 8.208884290866778e-09 	 2.0665377776668086e-12 
 20.42598955661404 	 8.209752242173282e-09 	 1.9736762866563287e-12 
 20.653259248632928 	 8.210629850736563e-09 	 1.8797815726333805e-12 
 20.883057655981247 	 8.211429036516328e-09 	 1.79866263834703e-12 
 21.115412914400085 	 8.212169933425969e-09 	 1.727169555571173e-12 
 21.35035347268278 	 8.212919073922143e-09 	 1.6548810052925585e-12 
 21.587908096158053 	 8.213676549727087e-09 	 1.5817881367451593e-12 
 21.828105870211903 	 8.21444245358358e-09 	 1.507882000684947e-12 
 22.070976203848808 	 8.215606950153958e-09 	 1.4404736122151396e-12 
 22.316548833292405 	 8.217367686347333e-09 	 1.3832610811573294e-12 
 22.56485382562628 	 8.219148013364999e-09 	 1.3254119750989772e-12 
 22.815921582475337 	 8.220948149184185e-09 	 1.2669192111908538e-12 
 23.069782843728035 	 8.222768314207445e-09 	 1.207775627776438e-12 
 23.326468691300057 	 8.223901823136898e-09 	 1.1551755847258687e-12 
 23.58601055293992 	 8.224388071197777e-09 	 1.108712718283665e-12 
 23.84844020607687 	 8.224879729495782e-09 	 1.0617328829417463e-12 
 24.113789781711553 	 8.225376858227895e-09 	 1.014230326647698e-12 
 24.3820917683501 	 8.22587951826088e-09 	 9.661992333489125e-13 
 24.653379015981876 	 8.227209507214963e-09 	 9.27123930190974e-13 
 24.927684740101526 	 8.228665047032138e-09 	 8.888929363237828e-13 
 25.205042525775728 	 8.230136781907332e-09 	 8.502365654545301e-13 
 25.48548633175531 	 8.231624892034793e-09 	 8.111500846276826e-13 
 25.76905049463301 	 8.233065056273899e-09 	 7.755898621750806e-13 
 26.055769733047487 	 8.234448499993772e-09 	 7.441012231940547e-13 
 26.345679151934235 	 8.235847336594721e-09 	 7.122622259959412e-13 
 26.638814246823678 	 8.237261737345579e-09 	 6.800689723214212e-13 
 26.935210908187077 	 8.238900979541496e-09 	 6.493092758341884e-13 
 27.234905425830913 	 8.241128312289448e-09 	 6.230902316425798e-13 
 27.537934493340067 	 8.24338042744641e-09 	 5.965794613594654e-13 
 27.844335212570396 	 8.245657600753762e-09 	 5.697737190956449e-13 
 28.154145098191456 	 8.247628495011255e-09 	 5.440065070798896e-13 
 28.467402082279627 	 8.248627288932808e-09 	 5.219596493242368e-13 
 28.78414451896234 	 8.249637195930979e-09 	 4.9966748729296e-13 
 29.104411189114117 	 8.25065833965537e-09 	 4.771272916090054e-13 
 29.42824130510473 	 8.252078976802527e-09 	 4.560738965667477e-13 
 29.75567451560018 	 8.254091318018904e-09 	 4.373644374508529e-13 
 30.086750910417244 	 8.256126049541867e-09 	 4.1844680761209896e-13 
 30.42151102543188 	 8.258183420497071e-09 	 3.993186908397607e-13 
 30.759995847542267 	 8.260033176722128e-09 	 3.8249502367837096e-13 
 31.102246819687192 	 8.261811925484802e-09 	 3.66484377929371e-13 
 31.448305845920135 	 8.26361046548855e-09 	 3.5029558979376453e-13 
 31.798215296539812 	 8.265390565688234e-09 	 3.34419694970322e-13 
 32.15201801327795 	 8.267003425969162e-09 	 3.207654431735555e-13 
 32.50975731454464 	 8.268634231733626e-09 	 3.0695926739817283e-13 
 32.871477000732035 	 8.27028318265198e-09 	 2.9299947726262813e-13 
 33.23722135957723 	 8.272590858521451e-09 	 2.8070011620267057e-13 
 33.60703517158464 	 8.275127902540845e-09 	 2.6884146207801756e-13 
 33.980963715508764 	 8.277693174970485e-09 	 2.568508626851469e-13 
 34.35905277389801 	 8.280191597484491e-09 	 2.456656761814796e-13 
 34.74134863870013 	 8.282610599993284e-09 	 2.3541125507580296e-13 
 35.12789811693001 	 8.285056517523923e-09 	 2.2504273819424976e-13 
 35.51874853640066 	 8.287745550748815e-09 	 2.1506316992279722e-13 
 35.91394775151778 	 8.290964726695712e-09 	 2.0614101282531866e-13 
 36.31354414913892 	 8.294219720791051e-09 	 1.9711958338218153e-13 
 36.71758665449782 	 8.297183056837876e-09 	 1.8833255174149097e-13 
 37.12612473719467 	 8.299124056816239e-09 	 1.8052526731048257e-13 
 37.5392084172529 	 8.301086653323183e-09 	 1.7263111516012995e-13 
 37.95688827124359 	 8.303317751064616e-09 	 1.6497602815510962e-13 
 38.37921543847785 	 8.306230998015697e-09 	 1.5810690637294232e-13 
 38.80624162726806 	 8.309176659197459e-09 	 1.5116135533443272e-13 
 39.23801912125899 	 8.31243344897383e-09 	 1.4455245348823463e-13 
 39.6746007858292 	 8.316135427574203e-09 	 1.3847815438567028e-13 
 40.116040074563585 	 8.319878596224832e-09 	 1.3233626961816484e-13 
 40.56239103579823 	 8.323450617968255e-09 	 1.2667243906585706e-13 
 41.0137083192378 	 8.326933805635892e-09 	 1.2127573855225152e-13 
 41.470047182646624 	 8.330455748977336e-09 	 1.15818991671725e-13 
 41.931463498614384 	 8.333784480301967e-09 	 1.1100009211981471e-13 
 42.39801376139693 	 8.33713158424293e-09 	 1.0618367823301167e-13 
 42.86975509383315 	 8.340721387159535e-09 	 1.0151382177020891e-13 
 43.34674525433902 	 8.344815757333927e-09 	 9.72446229047803e-14 
 43.829042643979335 	 8.348955683501871e-09 	 9.292792281505954e-14 
 44.31670631361803 	 8.352866365079431e-09 	 8.899441113816726e-14 
 44.80979597114829 	 8.356733718434934e-09 	 8.515315267296441e-14 
 45.30837198880296 	 8.360848943305937e-09 	 8.140926007259832e-14 
 45.81249541054623 	 8.365528156381337e-09 	 7.797814500222745e-14 
 46.32222795954776 	 8.370259432702514e-09 	 7.450885364359583e-14 
 46.837632045739845 	 8.374771129672685e-09 	 7.137872275960783e-14 
 47.358770773458545 	 8.379293462583424e-09 	 6.82686665577246e-14 
 47.88570794917016 	 8.383626138378342e-09 	 6.53239149396318e-14 
 48.41850808928334 	 8.387790911729113e-09 	 6.252642675994302e-14 
 48.95723642804835 	 8.392170499766508e-09 	 5.977747657412188e-14 
 49.50195892554398 	 8.397138579197028e-09 	 5.725316876016634e-14 
 50.05274227575367 	 8.402166964093881e-09 	 5.470276266873597e-14 
 50.609653914731204 	 8.407994483918542e-09 	 5.241787876875035e-14 
 51.172762028857264 	 8.413886843619484e-09 	 5.0107572117088134e-14 
 51.74213556318811 	 8.419413698312365e-09 	 4.7989116214822135e-14 
 52.3178442298969 	 8.424913391058335e-09 	 4.589183366635351e-14 
 52.89995851680892 	 8.430924389229088e-09 	 4.393498638410036e-14 
 53.488549696032074 	 8.437193389931827e-09 	 4.2025904423967845e-14 
 54.08368983268305 	 8.443302400042772e-09 	 4.022521448112458e-14 
 54.68545179371073 	 8.449340728003567e-09 	 3.84827253952651e-14 
 55.29390925681788 	 8.455763927091342e-09 	 3.6831179830638034e-14 
 55.90913671948193 	 8.462475934983104e-09 	 3.5236740285272655e-14 
 56.53120950807611 	 8.468980343573954e-09 	 3.372562939499775e-14 
 57.16020378709236 	 8.47537432651004e-09 	 3.2263154716863186e-14 
 57.79619656846649 	 8.48223790718363e-09 	 3.088357399744707e-14 
 58.43926572100727 	 8.489380440164227e-09 	 2.9539061983105355e-14 
 59.08948997993051 	 8.497103505386856e-09 	 2.828187319555131e-14 
 59.746948956499125 	 8.505070716260108e-09 	 2.704299316402995e-14 
 60.41172314777032 	 8.513541338207782e-09 	 2.5899355141390924e-14 
 61.08389394645157 	 8.522113804615431e-09 	 2.4763263931207324e-14 
 61.763543650866005 	 8.53027318378667e-09 	 2.371642388851241e-14 
 62.450755475028636 	 8.538696523426654e-09 	 2.2685888633265666e-14 
 63.14561355883495 	 8.54765634613444e-09 	 2.1715353780911685e-14 
 63.84820297836268 	 8.556378380415785e-09 	 2.0781561203792897e-14 
 64.55860975628808 	 8.564894562854638e-09 	 1.9880048086702137e-14 
 65.27692087241847 	 8.573922277938886e-09 	 1.903462485538156e-14 
 66.00322427434168 	 8.583218459939168e-09 	 1.8204432475035135e-14 
 66.73760888819389 	 8.593131137126491e-09 	 1.7431046322204657e-14 
 67.4801646295477 	 8.603329507217596e-09 	 1.6680281425973982e-14 
 68.23098241442099 	 8.613848880565883e-09 	 1.59581098607162e-14 
 68.99015417040823 	 8.624852895248756e-09 	 1.527963553720825e-14 
 69.75777284793601 	 8.635908706301506e-09 	 1.4617324732681467e-14 
 70.53393243164349 	 8.646597616540268e-09 	 1.3991603426531895e-14 
 71.31872795188941 	 8.658447111668543e-09 	 1.3393294135062487e-14 
 72.11225549638756 	 8.67088375600838e-09 	 1.2811724697357229e-14 
 72.9146122219713 	 8.682773979345416e-09 	 1.2266231980570538e-14 
 73.72589636648894 	 8.695030746963476e-09 	 1.1740899342298101e-14 
 74.54620726083202 	 8.707630654504478e-09 	 1.1231748623721603e-14 
 75.3756453410968 	 8.720787423110413e-09 	 1.0753510462352071e-14 
 76.21431216088126 	 8.734253569561514e-09 	 1.0293603797446606e-14 
 77.06231040371921 	 8.748026122238797e-09 	 9.848821368984665e-15 
 77.91974389565237 	 8.76222167822707e-09 	 9.42731101202415e-15 
 78.78671761794244 	 8.776882524542864e-09 	 9.025470489147226e-15 
 79.66333771992477 	 8.791877487306095e-09 	 8.637474803817082e-15 
 80.54971153200489 	 8.807171572677772e-09 	 8.264092940106855e-15 
 81.44594757879958 	 8.823939537264146e-09 	 7.913508238224694e-15 
 82.35215559242438 	 8.840405567823388e-09 	 7.575343430006402e-15 
 83.26844652592887 	 8.856837693867595e-09 	 7.24973472255817e-15 
 84.1949325668811 	 8.87369670345545e-09 	 6.9374808276260666e-15 
 85.13172715110385 	 8.891878323896391e-09 	 6.642952471268932e-15 
 86.07894497656305 	 8.910422426655764e-09 	 6.359494014913861e-15 
 87.03670201741103 	 8.929332199520156e-09 	 6.08703860661703e-15 
 88.00511553818617 	 8.948743122199708e-09 	 5.825460291049913e-15 
 88.98430410817028 	 8.969338089841601e-09 	 5.576656633054782e-15 
 89.97438761590567 	 8.98933691340494e-09 	 5.339544324620177e-15 
 90.9754872838742 	 9.010922400642528e-09 	 5.111868945630995e-15 
 91.98772568333918 	 9.03310947808325e-09 	 4.893444272189415e-15 
 93.01122674935246 	 9.055164720171486e-09 	 4.684024721747056e-15 
 94.04611579592888 	 9.078369798165387e-09 	 4.483359053796552e-15 
 95.09251953138921 	 9.102850460484346e-09 	 4.2925517956511625e-15 
 96.15056607387366 	 9.127670541180222e-09 	 4.1101602118620514e-15 
 97.22038496702861 	 9.153440810872501e-09 	 3.935326630724432e-15 
 98.30210719586725 	 9.179697215902252e-09 	 3.767803414434063e-15 
 99.39586520280692 	 9.20671741552751e-09 	 3.607343660631028e-15 
 100.50179290388509 	 9.234895781849744e-09 	 3.4537007562575736e-15 
 101.62002570515547 	 9.264140016768861e-09 	 3.306611493763339e-15 
 102.75070051926669 	 9.294528243192501e-09 	 3.1658275234105783e-15 
 103.8939557822254 	 9.325989190659465e-09 	 3.0311036745079674e-15 
 105.04993147034597 	 9.357607342172171e-09 	 2.9021834939534497e-15 
 106.21876911738875 	 9.391299709534971e-09 	 2.7788332343205873e-15 
 107.40061183188861 	 9.426094646354748e-09 	 2.6609317771384987e-15 
 108.59560431467727 	 9.462068568024117e-09 	 2.5481440720586273e-15 
 109.8038928765996 	 9.498979257063458e-09 	 2.44016151381976e-15 
 111.0256254564275 	 9.537899226438072e-09 	 2.336782293836183e-15 
 112.26095163897304 	 9.577003785529349e-09 	 2.2378126199119374e-15 
 113.51002267340317 	 9.618935012547497e-09 	 2.1430645184569945e-15 
 114.77299149175784 	 9.661920013381926e-09 	 2.052455700034251e-15 
 116.050012727675 	 9.707024713195356e-09 	 1.965803224304766e-15 
 117.3412427353231 	 9.753997468496322e-09 	 1.882864511969085e-15 
 118.64683960854461 	 9.80292729063094e-09 	 1.8034752048081423e-15 
 119.96696320021252 	 9.853803359997058e-09 	 1.7274766797807716e-15 
 121.30177514180228 	 9.906625311210468e-09 	 1.6547158869244646e-15 
 122.65143886318097 	 9.9616527699516e-09 	 1.5850422850926052e-15 
 124.0161196126178 	 1.0019685257173675e-08 	 1.5183183699472022e-15 
 125.39598447701604 	 1.0080585540698598e-08 	 1.4544106396884628e-15 
 126.7912024023708 	 1.0143512337435362e-08 	 1.3931900355503609e-15 
 128.20194421445404 	 1.0210056943283665e-08 	 1.3345913194308757e-15 
 129.62838263973023 	 1.0279707880820623e-08 	 1.2787543433106091e-15 
 131.07069232650372 	 1.0353202704418832e-08 	 1.2252438250274706e-15 
 132.52904986630287 	 1.0430540807865717e-08 	 1.173955199271924e-15 
 134.00363381550096 	 1.0512213882343873e-08 	 1.1247871370908851e-15 
 135.49462471717794 	 1.0597812896999508e-08 	 1.077643298537512e-15 
 137.00220512322574 	 1.0689656083916647e-08 	 1.0328022978498597e-15 
 138.52655961669922 	 1.0785974238009894e-08 	 9.897936969477743e-16 
 140.06787483441553 	 1.0888654940077913e-08 	 9.48533191791273e-16 
 141.62633948980599 	 1.099774009246485e-08 	 9.089688369263158e-16 
 143.20214439602108 	 1.1114369819722838e-08 	 8.713266925420559e-16 
 144.79548248929305 	 1.1239256134266616e-08 	 8.351916253246472e-16 
 146.4065488525583 	 1.137285089253594e-08 	 8.004973744871601e-16 
 148.03554073934293 	 1.1516689716803129e-08 	 7.674511704564535e-16 
 149.68265759791325 	 1.1672415496285769e-08 	 7.35771931403743e-16 
 151.34810109569628 	 1.1840639624115299e-08 	 7.053354169272821e-16 
 153.0320751439707 	 1.2024695993952257e-08 	 6.763902725703797e-16 
 154.7347859228333 	 1.2224496469457436e-08 	 6.48580011060895e-16 
 156.45644190644288 	 1.2444471994775875e-08 	 6.219668084198213e-16 
 158.19725388854525 	 1.268771729808081e-08 	 5.965494245794937e-16 
 159.95743500828158 	 1.2955432002393845e-08 	 5.72126891712833e-16 
 161.73720077628533 	 1.3258003127489911e-08 	 5.488871521826374e-16 
 163.53676910106796 	 1.3593996475808727e-08 	 5.265270177968987e-16 
 165.3563603156992 	 1.397913672902416e-08 	 5.052543663662838e-16 
 167.1961972047837 	 1.4413383835495827e-08 	 4.847961296641238e-16 
 169.0565050317384 	 1.4920454868318405e-08 	 4.653339987508487e-16 
 170.9375115663722 	 1.550349628401863e-08 	 4.4662795516942375e-16 
 172.83944711277442 	 1.6200278200452695e-08 	 4.2883671233966593e-16 
 174.7625445375117 	 1.7023564328301213e-08 	 4.117722289668291e-16 
 176.70703929813968 	 1.8024266800543926e-08 	 3.955000155172287e-16 
 178.6731694720315 	 1.9257414223261988e-08 	 3.7996211511970193e-16 
 180.66117578552743 	 2.077989075952077e-08 	 3.6508843484980864e-16 
 182.67130164340796 	 2.2763530798079042e-08 	 3.509698848479235e-16 
 184.70379315869633 	 2.532616119655565e-08 	 3.3746540799955867e-16 
 186.75889918279125 	 2.869902765594686e-08 	 3.2455244101057107e-16 
 188.8368713359355 	 3.3383708697143846e-08 	 3.12239589674503e-16 
 190.93796403802358 	 3.9796828814139495e-08 	 3.003322862765499e-16 
 193.062434539752 	 4.851572771557795e-08 	 2.8861415572544656e-16 
 195.21054295411562 	 5.991559357337205e-08 	 2.7666072878232013e-16 
 197.38255228825614 	 7.246816625353831e-08 	 2.6376809194761474e-16 
 199.57872847566284 	 8.097027377859498e-08 	 2.4969621883073807e-16 
 201.7993404087331 	 7.964128105642062e-08 	 2.354877440652442e-16 
 204.04465997169456 	 6.892694101801809e-08 	 2.229412269201907e-16 
 206.31496207389307 	 5.538819753303055e-08 	 2.1271887400320435e-16 
 208.6105246834529 	 4.407659654941149e-08 	 2.042027078361111e-16 
 210.93162886130926 	 3.589180874438411e-08 	 1.9657976750837864e-16 
 213.2785587956208 	 3.024703404752589e-08 	 1.8945044257634916e-16 
 215.65160183656457 	 2.640086243805099e-08 	 1.8264145191221876e-16 
 218.0510485315185 	 2.3778346254762984e-08 	 1.760862771789622e-16 
 220.477192660634 	 2.199166798715199e-08 	 1.6976232563068083e-16 
 222.93033127280694 	 2.0787706182524972e-08 	 1.6366380083262103e-16 
 225.41076472204634 	 2.000454999467447e-08 	 1.577892839999389e-16 
 227.9187967042488 	 1.9537654250690096e-08 	 1.5213876809703628e-16 
 230.45473429438223 	 1.9321030663739422e-08 	 1.4671212334167483e-16 
 233.01888798408314 	 1.9314471531467638e-08 	 1.415078526957039e-16 
 235.61157171967128 	 1.9498514526978854e-08 	 1.3652579132696276e-16 
 238.23310294058965 	 1.987281125960519e-08 	 1.3177089124276862e-16 
 240.88380261826964 	 2.0443161778672294e-08 	 1.2723441195389903e-16 
 243.56399529543012 	 2.123790961292833e-08 	 1.2291664796065308e-16 
 246.2740091258131 	 2.230648085388516e-08 	 1.1881775638501195e-16 
 249.01417591436226 	 2.37297865201716e-08 	 1.1494045762632458e-16 
 251.78483115784687 	 2.567294347263835e-08 	 1.1130493018128298e-16 
 254.58631408594044 	 2.8350075626487673e-08 	 1.0790797069163961e-16 
 257.41896770275383 	 3.215421274938982e-08 	 1.0476322615303636e-16 
 260.28313882883185 	 3.790636505599737e-08 	 1.0189975549009546e-16 
 263.1791781436167 	 4.70612058750437e-08 	 9.931344303440957e-17 
 266.1074402283842 	 6.224671823343686e-08 	 9.691171535278242e-17 
 269.0682836096566 	 8.860214158379485e-08 	 9.418376402038063e-17 
 272.0620708031009 	 1.2348566175456208e-07 	 8.963376716594581e-17 
 275.08916835791285 	 1.33635907224236e-07 	 8.255496105668419e-17 
 278.1499469016966 	 1.0742877780098648e-07 	 7.744418306173618e-17 
 281.24478118584267 	 8.611905313510208e-08 	 7.566379252643059e-17 
 284.3740501314118 	 8.446131201958071e-08 	 7.528399924864939e-17 
 287.53813687552764 	 1.0961358430838048e-07 	 7.552463774841507e-17 
 290.73742881828815 	 1.805279587474053e-07 	 7.473011532654709e-17 
 293.97231767019696 	 2.6563894187993177e-07 	 6.555527560111907e-17 
 297.24319950012284 	 1.9421116650618026e-07 	 5.4511896309845307e-17 
 300.5504747837934 	 1.1492843663459645e-07 	 5.2508944530737494e-17 
 303.89454845282773 	 8.456603236382289e-08 	 5.277784638836273e-17 
 307.27582994431543 	 8.259391242397267e-08 	 5.30339914738733e-17 
 310.6947332509452 	 1.062842118192608e-07 	 5.261400254325384e-17 
 314.15167697169477 	 1.4008954320412826e-07 	 4.926971155743378e-17 
 317.6470843630814 	 1.1182124059477414e-07 	 4.4739584075947294e-17 
 321.18138339098425 	 7.214028519033103e-08 	 4.3424390955102405e-17 
 324.7550067830433 	 5.3454765903871524e-08 	 4.301279133279453e-17 
 328.3683920816411 	 4.518895202512089e-08 	 4.257319966935753e-17 
 332.0219816974728 	 4.146097116036617e-08 	 4.204052504892945e-17 
 335.7162229637155 	 4.0008706725020416e-08 	 4.1457324744302805e-17 
 339.4515681907967 	 3.992662420283789e-08 	 4.0863762113184755e-17 
 343.2284747217741 	 4.0840857258773885e-08 	 4.0291181336659754e-17 
 347.0474049883311 	 4.263636095407082e-08 	 3.976337308348333e-17 
 350.9088265673958 	 4.5364744979116433e-08 	 3.9301591469655295e-17 
 354.8132122383881 	 4.92414800468201e-08 	 3.8927968953789655e-17 
 358.76104004110715 	 5.471289130201596e-08 	 3.86680652867515e-17 
 362.75279333426 	 6.26985205078504e-08 	 3.8557682443122453e-17 
 366.788960854642 	 7.502082139908818e-08 	 3.864113205907339e-17 
 370.870036776977 	 9.555154881995036e-08 	 3.896229709825216e-17 
 374.9965207744219 	 1.337296561827169e-07 	 3.9476690190667786e-17 
 379.16891807974423 	 2.0729534018463756e-07 	 3.939010252196765e-17 
 383.3877395471828 	 2.888839380104284e-07 	 3.549140910936722e-17 
 387.65350171499375 	 2.28098416694069e-07 	 2.987304579298322e-17 
 391.9667268686942 	 1.4141543211137364e-07 	 2.938533026251205e-17 
 396.32794310500896 	 1.0581214033295183e-07 	 3.0732724183182806e-17 
 400.73768439652923 	 9.76867640389518e-08 	 3.2340715773753627e-17 
 405.19649065708916 	 1.045493025423447e-07 	 3.435631322458646e-17 
 409.70490780787304 	 1.2015570667317943e-07 	 3.699531355872253e-17 
 414.26348784425477 	 1.4618831736303363e-07 	 4.0724714339932933e-17 
 418.87278890338257 	 1.9001989954393484e-07 	 4.625178227202393e-17 
 423.53337533251545 	 2.670913130168597e-07 	 5.50021458436517e-17 
 428.2458177581203 	 4.093515729354041e-07 	 6.988854600330256e-17 
 433.01069315573596 	 7.22544801534839e-07 	 9.981356584075343e-17 
 437.82858492061865 	 1.6432750272164802e-06 	 1.7008132413939632e-16 
 442.70008293916896 	 4.32608276364071e-06 	 3.3295771176676696e-16 
 447.6257836611564 	 4.84484855559402e-06 	 2.681356763909927e-16 
 452.60629017274636 	 1.5871243679255845e-06 	 5.255994618018408e-17 
 457.64221227034056 	 7.083819127711652e-07 	 1.0649682816559003e-17 
 462.7341665352366 	 5.19506123129763e-07 	 2.9335372605339217e-18 
 467.88277640912287 	 5.704370235054458e-07 	 3.2468813083532005e-18 
 473.0886722704087 	 5.381453909579644e-07 	 3.238198147387668e-18 
 478.3524915114063 	 4.07345533820559e-07 	 2.7333409493432357e-18 
 483.67487861637096 	 3.9350737932627895e-07 	 4.7751915629296e-18 
 489.05648524041 	 4.5108421178339654e-07 	 7.795192879380547e-18 
 494.4979702892672 	 5.544499517941065e-07 	 1.2399999059611847e-17 
 500.0 	 7.192505956293289e-07 	 2.0047379800000992e-17 
 