0.2 	 1.1144215321425885e-06 	 4.956351915213681e-06
0.20316060369866926 	 1.099152552504976e-06 	 4.65112843967052e-06
0.20637115447603863 	 1.0922487789954547e-06 	 4.258713391260785e-06
0.20963244164671666 	 1.0849483467412006e-06 	 3.996083895216315e-06
0.212945266998865 	 1.0777008965751976e-06 	 3.7494137086573677e-06
0.21631044499131857 	 1.071161610565409e-06 	 3.5690996898705926e-06
0.2197288029538203 	 1.0650016184625036e-06 	 3.2894299619113197e-06
0.22320118129042033 	 1.0587281322215255e-06 	 3.0651114466256985e-06
0.22672843368608947 	 1.0514652525312696e-06 	 2.8647775892164178e-06
0.23031142731659815 	 1.0454469761025703e-06 	 2.7092358101759753e-06
0.23395104306171124 	 1.0391955188174863e-06 	 2.5123672871659527e-06
0.23764817572175306 	 1.0342915152818473e-06 	 2.3317944705312602e-06
0.2414037342375939 	 1.0291984923215765e-06 	 2.1619080774295325e-06
0.24521864191411336 	 1.0243754544774958e-06 	 2.080829088159791e-06
0.2490938366471953 	 1.0211985480962779e-06 	 1.9381534809422498e-06
0.2530302711543095 	 1.0176132511728855e-06 	 1.812211444247222e-06
0.25702891320873733 	 1.0139156167827525e-06 	 1.677685814304409e-06
0.2610907458774997 	 1.0117916803437862e-06 	 1.6014670236467522e-06
0.2652167677630433 	 1.007576812661209e-06 	 1.4898210104926874e-06
0.26940799324874815 	 1.0036760314433159e-06 	 1.408633341816712e-06
0.27366545274831333 	 1.0028634069192342e-06 	 1.327097557555181e-06
0.27799019295908484 	 9.984998907776206e-07 	 1.2690944104479628e-06
0.2823832771193861 	 9.958401573573966e-07 	 1.191902629346501e-06
0.28684578526991544 	 9.92564757683707e-07 	 1.1089852363291378e-06
0.2913788145192743 	 9.888738650712163e-07 	 1.047067823497728e-06
0.29598347931369157 	 9.856955863779262e-07 	 9.871644051915658e-07
0.3006609117110108 	 9.841671231703117e-07 	 9.312735120377561e-07
0.3054122616590061 	 9.81487780398346e-07 	 8.483653827171574e-07
0.31023869727809805 	 9.794575081049884e-07 	 8.001544099485635e-07
0.31514140514853545 	 9.772285771915802e-07 	 7.525083509784172e-07
0.32012159060211676 	 9.752869634109218e-07 	 7.067232780935409e-07
0.3251804780185214 	 9.736274115576874e-07 	 6.633031280066551e-07
0.3303193111263232 	 9.722749040013983e-07 	 6.231708709604973e-07
0.3355393533087618 	 9.711917427677075e-07 	 5.965938018966115e-07
0.3408418879143455 	 9.70370638356449e-07 	 5.682568461556699e-07
0.34622821857236286 	 9.697251017045916e-07 	 5.56108377308913e-07
0.35169966951338016 	 9.692416743270961e-07 	 5.518752507660977e-07
0.3572575858948038 	 9.688739081493094e-07 	 5.699250216129861e-07
0.36290333413158754 	 9.686089780301007e-07 	 5.757618870849294e-07
0.368638302232166 	 9.684067125396385e-07 	 5.822436835926995e-07
0.37446390013969655 	 9.68268335604867e-07 	 5.773768307934701e-07
0.38038156007869467 	 9.681712433062978e-07 	 5.64666134086867e-07
0.3863927369071461 	 9.680993897575804e-07 	 5.482564722208963e-07
0.3924989084741843 	 9.680471851644835e-07 	 5.307705882062986e-07
0.39870157598342 	 9.680069248393063e-07 	 5.09782798083747e-07
0.4050022643620122 	 9.679749875857626e-07 	 4.806509378554669e-07
0.4114025226355721 	 9.679522506571363e-07 	 4.595480525756834e-07
0.4179039243089912 	 9.679423757359774e-07 	 4.390435401945877e-07
0.42450806775328814 	 9.67932323424265e-07 	 4.1188628882014685e-07
0.4312165765985679 	 9.679234978020338e-07 	 3.9406168879205967e-07
0.4380311001331924 	 9.679176166576027e-07 	 3.684896394431431e-07
0.44495331370925795 	 9.679110796149535e-07 	 3.4608850922747397e-07
0.45198491915448097 	 9.679063848329762e-07 	 3.3104447327628516e-07
0.45912764519059274 	 9.679026257391622e-07 	 3.104830466060201e-07
0.46638324785834606 	 9.678986982556841e-07 	 2.906560019811129e-07
0.4737535109492383 	 9.678944938143166e-07 	 2.7214428091775105e-07
0.4812402464440568 	 9.678925367967773e-07 	 2.5935088223487967e-07
0.48884529495835455 	 9.6788993585408e-07 	 2.4299574820056086e-07
0.4965705261949666 	 9.678866878140463e-07 	 2.2734911281776448e-07
0.5044178394036763 	 9.678862912924282e-07 	 2.1401352240068257e-07
0.5123891638481463 	 9.67882791493098e-07 	 2.0208963723010398e-07
0.5204864592802285 	 9.678827776013838e-07 	 1.8906601516860332e-07
0.5287117164217702 	 9.678834074913665e-07 	 1.765714904409989e-07
0.5370669574540322 	 9.67879098884182e-07 	 1.677550970687043e-07
0.5455542365148434 	 9.678793728879205e-07 	 1.5687237568179496e-07
0.5541756402036107 	 9.67879845402141e-07 	 1.4653663450852127e-07
0.5629332880943102 	 9.67879925933904e-07 	 1.370519922927278e-07
0.5718293332565847 	 9.678790655276277e-07 	 1.3056495182999113e-07
0.5808659627850762 	 9.678800072745688e-07 	 1.2169829133005738e-07
0.590045398337124 	 9.67883139914197e-07 	 1.1379124407647503e-07
0.5993698966789593 	 9.678833166022386e-07 	 1.0650166855519867e-07
0.6088417502405318 	 9.678829932959384e-07 	 1.0083100950157117e-07
0.6184632876791041 	 9.678830831126501e-07 	 9.451630335246879e-08
0.6282368744517526 	 9.678868430562086e-07 	 8.822604248606115e-08
0.6381649133969155 	 9.678872368451383e-07 	 8.257119295228326e-08
0.6482498453251315 	 9.678870459198416e-07 	 7.73183869955956e-08
0.6584941496191133 	 9.6788665209219e-07 	 7.341604714848296e-08
0.6689003448433043 	 9.67886730049748e-07 	 6.854536507117799e-08
0.6794709893630686 	 9.678904174439824e-07 	 6.412600567352257e-08
0.6902086819736654 	 9.67890965842649e-07 	 5.987488275470811e-08
0.701116062539163 	 9.678948888314323e-07 	 5.5852544792231124e-08
0.7121958126414515 	 9.678938903251194e-07 	 5.311023713522514e-08
0.723450656239508 	 9.67897432748334e-07 	 4.9656291178907846e-08
0.7348833603390842 	 9.67897986711209e-07 	 4.629782649144258e-08
0.746496735672975 	 9.679008368922577e-07 	 4.385464555044105e-08
0.7582936373920374 	 9.679012502477137e-07 	 4.085930300628842e-08
0.7702769657671305 	 9.679006624724175e-07 	 3.8701651144354004e-08
0.7824496669021469 	 9.679047651020807e-07 	 3.5904292459869555e-08
0.7948147334583139 	 9.679042957642417e-07 	 3.402489662115915e-08
0.8073752053899396 	 9.679084533192179e-07 	 3.163402272798475e-08
0.820134170691786 	 9.67907460449572e-07 	 3.004678601009572e-08
0.8330947661582531 	 9.679123133526276e-07 	 2.771628604495159e-08
0.8462601781545619 	 9.67911735019353e-07 	 2.6264802461563877e-08
0.8596336434001207 	 9.67914864971858e-07 	 2.4740055858433746e-08
0.8732184497642752 	 9.67915497669276e-07 	 2.302472379234592e-08
0.8870179370746311 	 9.679184130257122e-07 	 2.1729113255634545e-08
0.9010354979381512 	 9.679191283007643e-07 	 2.024048111904396e-08
0.9152745785752289 	 9.679211091507857e-07 	 1.906946475945785e-08
0.9297386796669428 	 9.679228559675065e-07 	 1.7746266701745357e-08
0.9444313572156985 	 9.679226372787725e-07 	 1.6673829343570804e-08
0.9593562234194741 	 9.679217534800685e-07 	 1.5906405571477708e-08
0.9745169475598787 	 9.67923997000079e-07 	 1.4861465400614331e-08
0.9899172569042465 	 9.679226217413034e-07 	 1.385418809832705e-08
1.0055609376219867 	 9.679220363803362e-07 	 1.312745813231371e-08
1.0214518357154134 	 9.679200158399528e-07 	 1.2431084342236672e-08
1.0375938579652861 	 9.67918832923652e-07 	 1.1538784409310913e-08
1.053990972891294 	 9.67914419375508e-07 	 1.0892324360905151e-08
1.070647211727715 	 9.679103993745004e-07 	 1.0296851760374975e-08
1.0875666694144972 	 9.679051567122657e-07 	 9.714358567652396e-09
1.1047535056040014 	 9.678992060655406e-07 	 9.18070754799078e-09
1.1222119456836501 	 9.678921450058916e-07 	 8.715663000178268e-09
1.1399462818147428 	 9.678849723601866e-07 	 8.243269344776438e-09
1.1579608739876823 	 9.678776411392679e-07 	 7.796367409506984e-09
1.1762601510938806 	 9.678701360451187e-07 	 7.384681877223909e-09
1.1948486120146034 	 9.678625123478278e-07 	 6.966490470860714e-09
1.213730826727019 	 9.678547681731076e-07 	 6.5416903779690044e-09
1.2329114374277301 	 9.67846901617051e-07 	 6.1101771613533575e-09
1.2523951596740583 	 9.678390486546778e-07 	 5.689663565636003e-09
1.2721867835433647 	 9.678320710697386e-07 	 5.391644293764681e-09
1.2922911748106907 	 9.678249832178954e-07 	 5.088915417828606e-09
1.312713276145012 	 9.678177833565986e-07 	 4.78140251186764e-09
1.3334581083243926 	 9.678104697157607e-07 	 4.4690299737668294e-09
1.354530771470345 	 9.678035064056105e-07 	 4.172893683767263e-09
1.3759364463016972 	 9.677981609714377e-07 	 3.95060080052367e-09
1.3976803954082715 	 9.677927310632696e-07 	 3.7247950187352437e-09
1.4197679645446957 	 9.677872153461624e-07 	 3.495420824001306e-09
1.442204583944656 	 9.677816124640757e-07 	 3.2624218246260905e-09
1.4649957696559215 	 9.677775810936697e-07 	 3.0712656187611058e-09
1.488147124896468 	 9.67774362617099e-07 	 2.901128257494868e-09
1.5116643414320268 	 9.677710932788834e-07 	 2.728302212362132e-09
1.5355532009754085 	 9.677677722752557e-07 	 2.552744994042035e-09
1.5598195766079397 	 9.67764494810464e-07 	 2.3943514892696387e-09
1.5844694342233583 	 9.677613090523037e-07 	 2.2632517828888696e-09
1.6095088339945314 	 9.677580729495479e-07 	 2.1300803054236945e-09
1.6349439318633507 	 9.677547857066005e-07 	 1.99480431663735e-09
1.660780981054171 	 9.677519952327635e-07 	 1.8724076984025697e-09
1.6870263336111675 	 9.67749939076698e-07 	 1.7693802971724721e-09
1.7136864419599867 	 9.677478504271602e-07 	 1.6647247520154134e-09
1.7407678604940764 	 9.677457287706553e-07 	 1.5584153333428082e-09
1.7682772471860868 	 9.677430514505202e-07 	 1.4682863565488875e-09
1.7962213652247319 	 9.67740063913731e-07 	 1.3858972476879407e-09
1.824607084677521 	 9.67737029164843e-07 	 1.302206142216016e-09
1.8534413841797703 	 9.677339753579269e-07 	 1.2195989795082488e-09
1.8827313526502965 	 9.67731089906991e-07 	 1.153723920286235e-09
1.9124841910342312 	 9.677281588572208e-07 	 1.086807836285087e-09
1.9427072140733772 	 9.677251814880168e-07 	 1.0188342761709654e-09
1.9734078521045357 	 9.677213989140544e-07 	 9.617097666270563e-10
2.0045936528862582 	 9.677173166263281e-07 	 9.074559414472956e-10
2.036272283454463 	 9.677131698261336e-07 	 8.523447420648867e-10
2.0684515320073817 	 9.677094583939786e-07 	 8.033187520423333e-10
2.1011393098202844 	 9.677060668627402e-07 	 7.587750669454393e-10
2.134343653190471 	 9.677026217350706e-07 	 7.135274571691976e-10
2.168072725412996 	 9.677008432449986e-07 	 6.726806965232627e-10
2.202334818787617 	 9.677005511784218e-07 	 6.356903577109993e-10
2.2371383566574568 	 9.677002544963115e-07 	 5.981154598904116e-10
2.2724918954798885 	 9.67698453718716e-07 	 5.647904220118129e-10
2.308404126930136 	 9.676957535209276e-07 	 5.337522890407393e-10
2.3448838800381298 	 9.676930106518636e-07 	 5.022236598803247e-10
2.3819401233591213 	 9.676894536475474e-07 	 4.754924556232935e-10
2.4195819671786074 	 9.676857150168217e-07 	 4.4920047528717313e-10
2.457818665752098 	 9.676827597395499e-07 	 4.2350203963704765e-10
2.4966596195802695 	 9.67683086994822e-07 	 4.013851244188325e-10
2.536114377720087 	 9.676834194217148e-07 	 3.7891869518040793e-10
2.5761926401324384 	 9.676832559420406e-07 	 3.5875497876792625e-10
2.6169042600668737 	 9.67682819998151e-07 	 3.3970384576907696e-10
2.6582592464840253 	 9.677092290649935e-07 	 3.210167179496997e-10
2.700267766516321 	 9.678453544745816e-07 	 3.0474140583567387e-10
2.7429401479675644 	 9.679836310765348e-07 	 2.8820889466332526e-10
2.7862868818520377 	 9.68138493013525e-07 	 2.737539638280816e-10
2.830318624973713 	 9.682986481545717e-07 	 2.5953282991898404e-10
2.875046202546233 	 9.683204658281379e-07 	 2.4638947045458277e-10
2.9204806108542956 	 9.682301841963193e-07 	 2.3407809785587857e-10
2.9666330199570847 	 9.681511812772938e-07 	 2.2227527802593153e-10
3.013514776434438 	 9.680938351375068e-07 	 2.1155349880213865e-10
3.061137406176403 	 9.680411063825198e-07 	 2.0104763385259588e-10
3.1095126172168825 	 9.68005925254743e-07 	 1.9165807115232424e-10
3.1586523026120523 	 9.67973369479942e-07 	 1.8236675014318518e-10
3.2085685433642808 	 9.679554210779718e-07 	 1.7410088756532232e-10
3.2592736113922354 	 9.679397638311752e-07 	 1.6564661240959252e-10
3.310779972547942 	 9.67935544276313e-07 	 1.5679648089595636e-10
3.3631002896815168 	 9.679330289821428e-07 	 1.4779673143215015e-10
3.41624742575433 	 9.67935859623478e-07 	 1.386250797893443e-10
3.4702344470013715 	 9.67931447705542e-07 	 1.322492849721754e-10
3.525074626143581 	 9.679146182192773e-07 	 1.3075572373426886e-10
3.580781445650953 	 9.67905652098358e-07 	 1.2585759834644008e-10
3.6373686010572057 	 9.679032310573535e-07 	 1.1810105890614872e-10
3.6948500043268293 	 9.678997712114497e-07 	 1.1280586652039626e-10
3.7532397872753442 	 9.678962808272682e-07 	 1.0825088830013972e-10
3.812552305043619 	 9.678981023079128e-07 	 1.05087959934972e-10
3.8728021396270726 	 9.679076748161317e-07 	 1.0142977300097466e-10
3.93400410346067 	 9.679302811666077e-07 	 9.697094973237421e-11
3.9961732430605585 	 9.679657991523645e-07 	 9.295812710396455e-11
4.059324842723259 	 9.680069289735037e-07 	 8.929643352797253e-11
4.123474428283313 	 9.68052417920162e-07 	 8.694190685570609e-11
4.188637770930313 	 9.681177234147744e-07 	 8.38988259681903e-11
4.254830891086253 	 9.682021913218394e-07 	 8.04530191597861e-11
4.3220700623441495 	 9.683500857323015e-07 	 7.823776817353246e-11
4.390371815468912 	 9.686089265399343e-07 	 7.559261817705463e-11
4.459752942461431 	 9.689913885750382e-07 	 7.278176729452712e-11
4.530230500686903 	 9.696482221790236e-07 	 7.088049249286261e-11
4.6018218170683785 	 9.706243381462617e-07 	 6.880406703113282e-11
4.674544492346594 	 9.717325145586321e-07 	 6.66050879506848e-11
4.7484164054071165 	 9.728520810839204e-07 	 6.430454432461738e-11
4.8234557176758734 	 9.739667479790889e-07 	 6.32631998970032e-11
4.899680877584139 	 9.75099426058546e-07 	 6.250268076583093e-11
4.977110625104095 	 9.763055618616182e-07 	 6.13087535707288e-11
5.055763996356045 	 9.77646293049153e-07 	 5.907909286169291e-11
5.135660328288453 	 9.791584710580663e-07 	 5.7492326234062146e-11
5.2168192634319395 	 9.799020559347064e-07 	 5.6525205038768794e-11
5.299260754728396 	 9.807139127698122e-07 	 5.530762138702363e-11
5.383005070436432 	 9.815827462096927e-07 	 5.4046885931689366e-11
5.4680727991143145 	 9.818656687531665e-07 	 5.3430430515403444e-11
5.554484854681681 	 9.8066887407684e-07 	 5.38371207361904e-11
5.642262481561227 	 9.81510825721424e-07 	 5.244849308137274e-11
5.731427259901652 	 9.818088255991382e-07 	 5.157426098797782e-11
5.822001110883143 	 9.820439746499218e-07 	 5.061573436248152e-11
5.914006302106711 	 9.838017924621534e-07 	 4.9093772115710866e-11
6.007465453068669 	 9.894179934591706e-07 	 4.551785770628323e-11
6.102401540721651 	 9.952207274903395e-07 	 4.225065666627665e-11
6.198837905123499 	 1.0017773767284316e-06 	 3.865250710766118e-11
6.296798255175418 	 1.0079439256802182e-06 	 3.525220361345937e-11
6.396306674450824 	 1.0131141021928893e-06 	 3.281685446103541e-11
6.497387627116283 	 1.018757484885763e-06 	 3.021410546035204e-11
6.60006596394604 	 1.0245954922158342e-06 	 2.7591016839072278e-11
6.704366928431584 	 1.0303581818471853e-06 	 2.5098530674640553e-11
6.810316162987767 	 1.0354200803886472e-06 	 2.320215218198692e-11
6.917939715256993 	 1.0417043927525892e-06 	 2.1406053182502787e-11
7.0272640445130525 	 1.047559147921171e-06 	 1.9381477285248004e-11
7.138316028166119 	 1.0548810698796817e-06 	 1.719809550886621e-11
7.251122968370577 	 1.0644320489760485e-06 	 1.5928381746737546e-11
7.365712598737264 	 1.0752587675819592e-06 	 1.4498482549714412e-11
7.482113091151778 	 1.0867305349736232e-06 	 1.3134388946695405e-11
7.600353062700556 	 1.1005491611063994e-06 	 1.1737076769279892e-11
7.720461582706373 	 1.118141972878989e-06 	 1.0385195173174327e-11
7.84246817987505 	 1.1414499589461565e-06 	 9.580395740877954e-12
7.966402849555094 	 1.1707686765964575e-06 	 8.668554039861719e-12
8.092296061112059 	 1.251767611734456e-06 	 7.537348561464649e-12
8.22017876541944 	 1.378285880904325e-06 	 6.3089243129382185e-12
8.350082402467974 	 1.5438233679752577e-06 	 5.454674947191034e-12
8.48203890909514 	 1.7708119477539738e-06 	 4.873656538656413e-12
8.616080726836852 	 2.040974222464669e-06 	 4.430411738316434e-12
8.752240809903217 	 2.3122113767792223e-06 	 4.291641497028777e-12
8.890552633280336 	 2.511723490420596e-06 	 4.577710109531905e-12
9.031050200960129 	 2.6592097735346765e-06 	 5.038794005266272e-12
9.173768054300238 	 2.7428938324207968e-06 	 5.585859684795833e-12
9.318741280516013 	 2.7776780062578285e-06 	 6.292078993275943e-12
9.466005521306716 	 2.8541219142735e-06 	 6.442617574454043e-12
9.615596981618042 	 2.945719864770287e-06 	 6.388070786286408e-12
9.76755243854311 	 3.082394816948975e-06 	 6.093507801125161e-12
9.921909250364134 	 3.2876121953007394e-06 	 5.706203197090079e-12
10.07870536573694 	 3.5582257056271695e-06 	 5.584974651430794e-12
10.23797933302067 	 3.965956788560333e-06 	 5.672962380835012e-12
10.39977030975489 	 4.451313065060001e-06 	 6.29546407735494e-12
10.5641180722865 	 5.603647845637313e-06 	 7.153944858224201e-12
10.731063025548728 	 7.190483955042086e-06 	 8.391381476940929e-12
10.900646212994738 	 8.967458020771511e-06 	 1.0058028211196568e-11
11.072909326688118 	 1.0692826634811483e-05 	 1.249285160995355e-11
11.247894717552914 	 1.1400431583992808e-05 	 1.6074383760971993e-11
11.425645405785612 	 1.1683419539392037e-05 	 2.050937594371445e-11
11.606205091431653 	 1.3394948001113382e-05 	 2.6786609182515075e-11
11.789618165129115 	 1.592752361514141e-05 	 3.646236139581104e-11
11.975929719022139 	 1.997431413775223e-05 	 5.33857551423997e-11
12.16518555784686 	 2.6726635186309547e-05 	 8.404571575093631e-11
12.357432210192501 	 4.047698498916967e-05 	 1.4872836894163716e-10
12.552716939940444 	 7.558500745160387e-05 	 3.2218808569303984e-10
12.751087757884056 	 0.00015664717177779288 	 7.486550741193389e-10
12.952593433532176 	 0.00021308747731958893 	 1.089383287276707e-09
13.157283507099079 	 0.00011406098320841901 	 6.107925087738718e-10
13.365208301683964 	 5.153479304946732e-05 	 2.782898342385897e-10
13.576418935642899 	 2.9467518270535162e-05 	 1.5342167269601865e-10
13.790967335156271 	 1.9790525145617152e-05 	 9.665967321048083e-11
14.008906246994878 	 1.4859943442513274e-05 	 6.629213848566973e-11
14.23028925148769 	 1.2205622487557163e-05 	 4.9250758171827213e-11
14.455170775694613 	 1.045779633633733e-05 	 3.805857191184851e-11
14.683606106787392 	 9.36854324508643e-06 	 3.006562582747575e-11
14.915651405641963 	 8.833136938673872e-06 	 2.4618594184961844e-11
15.15136372064562 	 8.13611769021614e-06 	 1.981742769673001e-11
15.390801001722396 	 7.601193078361324e-06 	 1.571568674291147e-11
15.634022114580025 	 8.45261038667113e-06 	 1.2456386270544804e-11
15.881086855182115 	 8.981522653526567e-06 	 1.4098898453814134e-11
16.132055964448995 	 7.098843696094325e-06 	 1.1943308070314008e-11
16.386991143190876 	 6.356379964963615e-06 	 1.0085185642110996e-11
16.64595506727701 	 6.007928960567479e-06 	 8.781821294092996e-12
16.9090114030446 	 6.246025166335196e-06 	 7.533790365322126e-12
17.176224822951113 	 5.766316199257715e-06 	 6.625271524031175e-12
17.447661021474083 	 5.481124084941255e-06 	 6.008260919007442e-12
17.72338673126207 	 5.0068121187801955e-06 	 5.4102223012430825e-12
18.003469739540922 	 4.6193298003055515e-06 	 4.825564280842941e-12
18.287978904779283 	 4.51484005885893e-06 	 4.284363673609337e-12
18.576984173617433 	 4.430924298425094e-06 	 3.777827693101064e-12
18.870556598063708 	 4.462590476697504e-06 	 3.231373500810475e-12
19.168768352962644 	 4.701336639455271e-06 	 2.6425188264269836e-12
19.47169275373918 	 5.745247873701626e-06 	 2.1814542891181242e-12
19.779404274423264 	 7.781139329395356e-06 	 2.0278410308550345e-12
20.091978565959355 	 1.139538095498764e-05 	 2.4454823622630604e-12
20.409492474805106 	 1.743563915550315e-05 	 3.689726211343968e-12
20.73202406182426 	 1.860762405735304e-05 	 1.1725019103142163e-11
21.059652621477763 	 1.161648141616949e-05 	 9.586679739744174e-12
21.39245870131842 	 4.268607065843728e-06 	 4.686726595412114e-12
21.7305241217935 	 3.355288909281942e-06 	 3.4071821530080218e-12
22.073931996360308 	 3.085482200026587e-06 	 2.8345605427178613e-12
22.422766751919653 	 2.9465075852684387e-06 	 2.3979929338993e-12
22.777114149572228 	 2.893711601512369e-06 	 2.068564757279623e-12
23.13706130570297 	 2.9409801861672837e-06 	 1.8946836579596386e-12
23.502696713398677 	 2.949088117354971e-06 	 1.73189980647392e-12
23.874110264204024 	 2.9251813666649064e-06 	 1.5771122560633775e-12
24.251393270221424 	 2.8639950187526777e-06 	 1.4527695770733987e-12
24.634638486560117 	 2.834760608063668e-06 	 1.3487174403250137e-12
25.023940134140123 	 2.821327238565444e-06 	 1.256832985074999e-12
25.419393922856326 	 2.779872770650144e-06 	 1.193170041982425e-12
25.821097075108874 	 2.5951156725921222e-06 	 1.1151570476933083e-12
26.229148349705305 	 2.226696108057334e-06 	 1.0203379424971345e-12
26.64364806614042 	 2.0840964002260974e-06 	 9.424531115124213e-13
27.06469812925984 	 2.0037247857979046e-06 	 8.696314866102973e-13
27.492402054313363 	 1.941390562840054e-06 	 8.093485798156338e-13
27.926864992404184 	 1.8791883526705996e-06 	 7.507904809729778e-13
28.36819375634033 	 1.8186349131745338e-06 	 6.973729804524299e-13
28.8164968468946 	 1.756058750477013e-06 	 6.476903231476874e-13
29.271884479479496 	 1.6931725179878734e-06 	 6.016147518230092e-13
29.734468611243802 	 1.6296837483667822e-06 	 5.59886802145693e-13
30.204362968597106 	 1.568203624320926e-06 	 5.203735769035325e-13
30.681683075169587 	 1.5084077204782046e-06 	 4.859309897901552e-13
31.166546280213474 	 1.4475708160473169e-06 	 4.522949974437571e-13
31.659071787453417 	 1.3869758867084603e-06 	 4.2179711994885207e-13
32.159380684392715 	 1.329447961646701e-06 	 3.9234160826260746e-13
32.66759597208273 	 1.2790630354698238e-06 	 3.66811571790777e-13
33.18384259536271 	 1.2282527733209182e-06 	 3.4168809360554757e-13
33.708247473577515 	 1.1764708445838907e-06 	 3.1895597956562943e-13
34.240939531780754 	 1.1286489749335623e-06 	 2.9782334111132035e-13
34.78204973243099 	 1.0860769006758143e-06 	 2.7873658560796923e-13
35.331711107589086 	 1.0430910096823345e-06 	 2.6053279966333386e-13
35.89005879162388 	 9.999141437200554e-07 	 2.428657779940705e-13
36.45723005443519 	 9.627312698870084e-07 	 2.277031217284889e-13
37.033364335201604 	 9.266748389207689e-07 	 2.1263568533020395e-13
37.61860327666162 	 8.907831650437344e-07 	 1.9927497586913066e-13
38.213090759936556 	 8.566858013152732e-07 	 1.8614158832413375e-13
38.81697293990374 	 8.28703970987524e-07 	 1.7448546681832322e-13
39.43039828112876 	 8.023275059198285e-07 	 1.6338773531053557e-13
40.05351759436544 	 7.764560565951777e-07 	 1.528948565267067e-13
40.68648407363276 	 7.580052953125807e-07 	 1.5014632118683755e-13
41.329453333877574 	 7.394614860055427e-07 	 1.4740099333489846e-13
41.98258344923272 	 7.208142440112439e-07 	 1.4465623011641135e-13
42.6460349918794 	 7.020586760380226e-07 	 1.4190914506852982e-13
43.31997107152395 	 6.83181304612121e-07 	 1.3915739499905017e-13
44.004557375498464 	 6.641772711783343e-07 	 1.363983022542543e-13
44.69996220949498 	 6.45035422422803e-07 	 1.336295503250932e-13
45.4063565389435 	 6.291257434672661e-07 	 1.314586904116709e-13
46.12391403104389 	 6.156491658580267e-07 	 1.2974075935139861e-13
46.85281109746198 	 6.021048519895464e-07 	 1.2802369295510733e-13
47.59322693770043 	 5.88484133147146e-07 	 1.2630588863297263e-13
48.34534358315493 	 5.74780249175704e-07 	 1.2458552711724905e-13
49.10934594186664 	 5.609885320977702e-07 	 1.2286122127010498e-13
49.885421843982094 	 5.471003500091636e-07 	 1.2113135936553764e-13
50.67376208793092 	 5.369195221260586e-07 	 1.2004962146495458e-13
51.47456048733391 	 5.273486522976695e-07 	 1.1908310121400925e-13
52.28801391865211 	 5.177334371278617e-07 	 1.181192804608728e-13
53.11432236958891 	 5.080693452829081e-07 	 1.1715708592469308e-13
53.95368898825707 	 4.983500222204337e-07 	 1.161954966640089e-13
54.806320133122746 	 4.885724893974524e-07 	 1.1523361344067202e-13
55.67242542373873 	 4.787298053024436e-07 	 1.142704506169746e-13
56.55221779227951 	 4.688169797911922e-07 	 1.1330515705564917e-13
57.44591353589064 	 4.588305050856699e-07 	 1.1233691713124866e-13
58.35373236986542 	 4.4916123054904876e-07 	 1.1136499022582942e-13
59.27589748166217 	 4.3961644822061724e-07 	 1.1038857361449572e-13
60.21263558577457 	 4.306733572320129e-07 	 1.095180923402531e-13
61.16417697946967 	 4.2417873693832033e-07 	 1.0902812561120732e-13
62.130755599406534 	 4.175868093181572e-07 	 1.085393758337522e-13
63.11260907914952 	 4.108961776594815e-07 	 1.0805131193630094e-13
64.10997880759065 	 4.041050490370655e-07 	 1.075634288722693e-13
65.12310998829503 	 3.972118909171281e-07 	 1.0707525106366696e-13
66.15225169978427 	 3.902153090239127e-07 	 1.065870472566141e-13
67.19765695677245 	 3.831127558675891e-07 	 1.0609684403247817e-13
68.25958277236985 	 3.7590294561375966e-07 	 1.0560502467186656e-13
69.33829022126963 	 3.685839146104341e-07 	 1.0511118136957102e-13
70.43404450393335 	 3.6186467997316454e-07 	 1.0470121633769729e-13
71.54711501179018 	 3.5614453659072687e-07 	 1.0442345931274469e-13
72.67777539346706 	 3.5033886250141216e-07 	 1.0414649065146879e-13
73.82630362206527 	 3.4444600729371244e-07 	 1.0386957230902709e-13
74.99298206350015 	 3.3846454664363366e-07 	 1.0359241365329896e-13
76.17809754592082 	 3.323929724575099e-07 	 1.0331474918520201e-13
77.38194143022693 	 3.262296089621831e-07 	 1.0303632667672545e-13
78.60480968169983 	 3.1997317227428313e-07 	 1.0275702427011684e-13
79.8470029427657 	 3.1362257827087834e-07 	 1.0247685223569121e-13
81.10882660690848 	 3.0830090369597354e-07 	 1.0229297700159325e-13
82.39059089375107 	 3.030569298201246e-07 	 1.0212266749762586e-13
83.69261092532264 	 2.977341510997065e-07 	 1.0195247506819549e-13
85.01520680353194 	 2.923315395724374e-07 	 1.0178224670146064e-13
86.3587036888638 	 2.8684713774677166e-07 	 1.0161157693335619e-13
87.7234318803203 	 2.8128004151805893e-07 	 1.0144051721730167e-13
89.10972689662479 	 2.756288354864318e-07 	 1.0126893393565596e-13
90.51792955870918 	 2.7028434822055076e-07 	 1.0111909451957314e-13
91.94838607350486 	 2.6554439114796017e-07 	 1.0100845655014885e-13
93.40144811905779 	 2.6073291578714837e-07 	 1.0089768552274506e-13
94.87747293098857 	 2.5584918242677824e-07 	 1.0078688887380235e-13
96.37682339031893 	 2.50891815663575e-07 	 1.0067583024140879e-13
97.8998681126861 	 2.458594845385541e-07 	 1.005645183324893e-13
99.44698153896691 	 2.4075086276887614e-07 	 1.0045275150754481e-13
101.01854402733466 	 2.3642751279870165e-07 	 1.003739335889118e-13
102.61494194676953 	 2.3251437255212333e-07 	 1.0031339009389597e-13
104.23656777204796 	 2.2854287180986273e-07 	 1.0025309656933864e-13
105.88382018023256 	 2.2451176893755226e-07 	 1.0019287821144153e-13
107.55710414868692 	 2.2041996912659975e-07 	 1.0013266962693789e-13
109.25683105463936 	 2.1626682244104005e-07 	 1.0007251476564834e-13
110.98341877632024 	 2.1205101081722282e-07 	 1.0001226029827808e-13
112.73729179569719 	 2.077715249290291e-07 	 9.995186271508446e-14
114.51888130283436 	 2.034273852822234e-07 	 9.989128602778291e-14
116.32862530190036 	 1.990176653264324e-07 	 9.983051017105178e-14
118.16696871885169 	 1.9454104397636036e-07 	 9.976944779447992e-14
120.03436351081837 	 1.8999648182225345e-07 	 9.970805776801206e-14
121.93126877721686 	 1.854461685604895e-07 	 9.965161200923838e-14
123.85815087262037 	 1.8084845940826814e-07 	 9.959639788928205e-14
125.81548352141205 	 1.7681621997260726e-07 	 9.955486684839452e-14
127.80374793425021 	 1.7362789229266595e-07 	 9.953338252621498e-14
129.8234329263741 	 1.7038917941143568e-07 	 9.951155868689475e-14
131.87503503777927 	 1.6709928509064865e-07 	 9.948938996503812e-14
133.95905865529198 	 1.6375740050906905e-07 	 9.946687091046004e-14
136.07601613657278 	 1.6036270406364418e-07 	 9.944399598684601e-14
138.22642793607992 	 1.569143611675129e-07 	 9.942075957039104e-14
140.41082273302283 	 1.534115240448229e-07 	 9.939715594841715e-14
142.62973756133871 	 1.498533315223037e-07 	 9.937317931796869e-14
144.88371794172167 	 1.4623890881754815e-07 	 9.934882378438583e-14
147.17331801573943 	 1.4256736732394663e-07 	 9.932408335985535e-14
149.49910068206927 	 1.3883780439222262e-07 	 9.929895196193847e-14
151.8616377348866 	 1.3599207343992625e-07 	 9.928461619771676e-14
154.26151000444088 	 1.333590453924638e-07 	 9.927311305050383e-14
156.69930749985255 	 1.3068440755407382e-07 	 9.926142811884276e-14
159.17562955416724 	 1.279675023644608e-07 	 9.924955852999057e-14
161.69108497170177 	 1.252076618718916e-07 	 9.923750136580624e-14
164.24629217771877 	 1.2240420756897964e-07 	 9.922525366203331e-14
166.84187937046661 	 1.195564502258737e-07 	 9.921281240757117e-14
169.47848467562272 	 1.1666368972080993e-07 	 9.920017454373468e-14
172.15675630317585 	 1.1372521486798783e-07 	 9.918733696350228e-14
174.87735270678942 	 1.1074030324272432e-07 	 9.917429651075204e-14
177.64094274568225 	 1.0852028862000774e-07 	 9.916741199665172e-14
180.4482058490677 	 1.0630350005256601e-07 	 9.91607188122386e-14
183.29983218319165 	 1.0405167953439724e-07 	 9.915391985530842e-14
186.19652282100986 	 1.0176427345493606e-07 	 9.914701345433615e-14
189.138989914547 	 9.944071945489942e-08 	 9.913999791138158e-14
192.1279568699794 	 9.708044628802991e-08 	 9.913287150167197e-14
195.1641585254845 	 9.4682873680655e-08 	 9.912563247317792e-14
198.24834133190086 	 9.224741218902679e-08 	 9.91182790461827e-14
201.3812635362441 	 9.016642683196583e-08 	 9.911268738574313e-14
204.56369536812076 	 8.855877056023715e-08 	 9.910942656008543e-14
207.7964192290904 	 8.69257084667154e-08 	 9.910611420353954e-14
211.0802298850188 	 8.526683906272895e-08 	 9.91027495017619e-14
214.4159346614715 	 8.358175451487325e-08 	 9.909933162753984e-14
217.80435364219485 	 8.187004054474492e-08 	 9.909585974058826e-14
221.24631987073374 	 8.013127632709134e-08 	 9.909233298734295e-14
224.74267955523572 	 7.836503438635063e-08 	 9.908875050075091e-14
228.2942922764913 	 7.657088049155664e-08 	 9.908511140005699e-14
231.90203119926204 	 7.474837354958333e-08 	 9.908141479058752e-14
235.56678328694827 	 7.289706549670187e-08 	 9.907765976353022e-14
239.28944951964996 	 7.101650118842376e-08 	 9.907384539571089e-14
243.0709451156716 	 6.910621828760398e-08 	 9.906997074936638e-14
246.9121997565297 	 6.7165747150775e-08 	 9.906603487191402e-14
250.8141578155149 	 6.53696094945196e-08 	 9.906256351780245e-14
254.77777858986653 	 6.421928181776235e-08 	 9.906106653747117e-14
258.8040365366158 	 6.30507754914559e-08 	 9.905954590033205e-14
262.89392151215657 	 6.186380323806524e-08 	 9.905800123253608e-14
267.0484390156015 	 6.065807324020315e-08 	 9.905643215432638e-14
271.2686104359843 	 5.9433289068886876e-08 	 9.90548382799447e-14
275.5554733033684 	 5.818914961066095e-08 	 9.905321921753671e-14
279.910081543924 	 5.692534899356844e-08 	 9.905157456905554e-14
284.33350573903664 	 5.5641576511952034e-08 	 9.9049903930164e-14
288.8268333885086 	 5.433751655006738e-08 	 9.904820689013517e-14
293.39116917792177 	 5.301284850448866e-08 	 9.904648303175136e-14
298.02763525022493 	 5.166724670528809e-08 	 9.904473193120164e-14
302.73737148161246 	 5.067424142875873e-08 	 9.904365314564886e-14
307.52153576176335 	 4.993917969075358e-08 	 9.90430696462709e-14
312.3813042785087 	 4.919250175850899e-08 	 9.904247692584149e-14
317.3178718069976 	 4.843402406109255e-08 	 9.904187483864016e-14
322.33245200343276 	 4.766356012659707e-08 	 9.904126323664367e-14
327.42627770344865 	 4.688092053629627e-08 	 9.904064196948951e-14
332.6006012252037 	 4.608591287807635e-08 	 9.904001088443903e-14
337.8566946772633 	 4.527834169913127e-08 	 9.903936982633982e-14
343.1958502713489 	 4.4458008457910573e-08 	 9.903871863758762e-14
348.61938064002663 	 4.362471147530816e-08 	 9.903805715808753e-14
354.1286191594199 	 4.277824588507923e-08 	 9.903738522521466e-14
359.7249202770193 	 4.191840358347394e-08 	 9.903670267377417e-14
365.4096598446745 	 4.1044973178075015e-08 	 9.903600933596064e-14
371.1842354568472 	 4.015773993582691e-08 	 9.903530504131682e-14
377.0500667942103 	 3.925648573024366e-08 	 9.903458961669173e-14
383.0085959726766 	 3.834098898778237e-08 	 9.903386288619806e-14
389.0612878979433 	 3.741102463336937e-08 	 9.903312467116894e-14
395.2096306256396 	 3.646636403506541e-08 	 9.903237479011408e-14
401.45513572716465 	 3.561118336470923e-08 	 9.903174143201147e-14
407.79933866130983 	 3.509163702156751e-08 	 9.90315273540039e-14
414.2437991517488 	 3.456388027795698e-08 	 9.903130989291762e-14
420.7901015704979 	 3.402778338476717e-08 	 9.903108899528978e-14
427.4398553274334 	 3.348321454246007e-08 	 9.903086460681263e-14
434.19469526596606 	 3.293003986866708e-08 	 9.903063667232023e-14
441.0562820649669 	 3.23681233652741e-08 	 9.903040513577483e-14
448.02630264704607 	 3.179732688498628e-08 	 9.903016994025312e-14
455.10647059328284 	 3.121751009736453e-08 	 9.902993102793223e-14
462.2985265645099 	 3.062853045432525e-08 	 9.902968834007551e-14
469.60423872925554 	 3.003024315509481e-08 	 9.902944181701812e-14
477.02540319844724 	 2.9422501110610335e-08 	 9.902919139815228e-14
484.5638444669882 	 2.8805154907357646e-08 	 9.902893702191248e-14
492.2214158623069 	 2.8178052770638168e-08 	 9.902867862576025e-14
500.0 	 2.7541040527254886e-08 	 9.902841614616886e-14
