0.001 	 1.3366840885190338e-05 	 0.05002038914080387
0.001012 	 1.381859078164395e-05 	 0.05009291523578716
0.001023 	 1.4295646249606396e-05 	 0.050332048787190664
0.001035 	 1.4769988204626765e-05 	 0.05034492244143747
0.001047 	 1.5254908391571236e-05 	 0.050331915734366905
0.001059 	 1.5765956418746263e-05 	 0.05057114873435344
0.001072 	 1.629227928102081e-05 	 0.050587696075677785
0.001084 	 1.6852571930780036e-05 	 0.050762917057898684
0.001096 	 1.743645619510565e-05 	 0.05090832904444326
0.001109 	 1.8021833803911314e-05 	 0.05084168428157983
0.001122 	 1.8623679444291605e-05 	 0.050999012562220336
0.001135 	 1.9261201043745603e-05 	 0.050884075999651474
0.001148 	 1.9928315759272417e-05 	 0.05122196946570896
0.001161 	 2.0619175473263016e-05 	 0.051291038593822454
0.001175 	 2.131484222833675e-05 	 0.05115965399814589
0.001189 	 2.2022470912236692e-05 	 0.05122778678126966
0.001202 	 2.2769898905932134e-05 	 0.05143805284967174
0.001216 	 2.3505097896627605e-05 	 0.051448178502711654
0.00123 	 2.4255519070892396e-05 	 0.05143316910272411
0.001245 	 2.5023107672184642e-05 	 0.051431640222089556
0.001259 	 2.587316764363727e-05 	 0.051568912703002505
0.001274 	 2.6727655625360768e-05 	 0.05170815555807898
0.001288 	 2.762288724937549e-05 	 0.05178829380344904
0.001303 	 2.8511484300432967e-05 	 0.0518683173732712
0.001318 	 2.944376270810739e-05 	 0.051921692919281726
0.001334 	 3.039545652359689e-05 	 0.05197012202824683
0.001349 	 3.141024312774612e-05 	 0.05197341048696342
0.001365 	 3.243246591158393e-05 	 0.051970354406222316
0.00138 	 3.351627894442691e-05 	 0.05225842005824708
0.001396 	 3.46083247764971e-05 	 0.05220346812789231
0.001413 	 3.5725907781731446e-05 	 0.05229467720654837
0.001429 	 3.691340976404762e-05 	 0.05234991585299394
0.001445 	 3.814069709683857e-05 	 0.05253155045788196
0.001462 	 3.9364136782034387e-05 	 0.05253995181215834
0.001479 	 4.065817229979957e-05 	 0.05252656688954379
0.001496 	 4.1960361930905146e-05 	 0.05262962847018576
0.001514 	 4.331600982455952e-05 	 0.05256968452997471
0.001531 	 4.4742342811874665e-05 	 0.05275962971140497
0.001549 	 4.618008164114598e-05 	 0.052784782924697383
0.001567 	 4.7656477183569384e-05 	 0.05278613504293792
0.001585 	 4.9205655326426676e-05 	 0.052892176095592186
0.001603 	 5.0790123707707706e-05 	 0.052972160112994514
0.001622 	 5.2445649498325345e-05 	 0.053020385013871844
0.001641 	 5.4097085572234215e-05 	 0.0530412496987693
0.00166 	 5.584604980707498e-05 	 0.05304281855234516
0.001679 	 5.7588924003386125e-05 	 0.05313155292602024
0.001698 	 5.945817211440488e-05 	 0.053201276343303204
0.001718 	 6.134848598515312e-05 	 0.05323161103686656
0.001738 	 6.332456558794069e-05 	 0.05324194218179008
0.001758 	 6.531962608676043e-05 	 0.0533310156160922
0.001778 	 6.739617282891449e-05 	 0.05339874185015937
0.001799 	 6.948163775134487e-05 	 0.05342252880798984
0.00182 	 7.167329077397698e-05 	 0.05342836640505076
0.001841 	 7.396750174238355e-05 	 0.05341790126041323
0.001862 	 7.630051310131568e-05 	 0.05347856303017267
0.001884 	 7.868888740782957e-05 	 0.05349597660546524
0.001905 	 8.118262589902819e-05 	 0.05360629277601879
0.001928 	 8.362267655184866e-05 	 0.053471912262107596
0.00195 	 8.622217875472583e-05 	 0.05351919986782669
0.001972 	 8.893460671398859e-05 	 0.05355163032948886
0.001995 	 9.171026468737669e-05 	 0.05354117514523102
0.002018 	 9.458972567597543e-05 	 0.053593462589739974
0.002042 	 9.749414088424702e-05 	 0.053449207994033535
0.002065 	 0.00010048858770538413 	 0.05354138582830133
0.002089 	 0.00010350205824683743 	 0.053513035080172064
0.002113 	 0.00010663320554771292 	 0.053474247784974935
0.002138 	 0.00010987925011395214 	 0.053397398792395086
0.002163 	 0.00011323214138944295 	 0.0533772632347289
0.002188 	 0.00011671385665409024 	 0.053348179912346534
0.002213 	 0.00012029465785336401 	 0.05330950773761503
0.002239 	 0.00012391590229712322 	 0.053228079324069894
0.002265 	 0.00012755334762740397 	 0.053192350737897416
0.002291 	 0.00013130442472992406 	 0.053090961200000515
0.002317 	 0.00013523816635190698 	 0.05310387925308599
0.002344 	 0.0001392889695523183 	 0.05302317719947049
0.002371 	 0.00014348453459551972 	 0.05294077863692235
0.002399 	 0.0001477584117782103 	 0.05282160564141597
0.002427 	 0.00015214210259254315 	 0.052700322921829405
0.002455 	 0.00015665478858610754 	 0.052628989027708725
0.002483 	 0.00016122420182844918 	 0.0525510147902771
0.002512 	 0.00016576012244184788 	 0.0524288831897288
0.002541 	 0.0001705243117587438 	 0.052361398625934044
0.00257 	 0.00017553080147626662 	 0.0522583176013845
0.0026 	 0.00018063726567265397 	 0.05212484792533181
0.00263 	 0.00018592643582901594 	 0.052000007859749134
0.002661 	 0.0001912990430413136 	 0.051763633257290026
0.002692 	 0.00019681944030948547 	 0.051579290100367534
0.002723 	 0.0002024619008136202 	 0.051403414379758115
0.002754 	 0.00020826310803918047 	 0.05123963306966692
0.002786 	 0.0002143424489882244 	 0.0509950853212003
0.002818 	 0.00022068263705345677 	 0.05077695455428382
0.002851 	 0.0002269980605675803 	 0.050462964539422964
0.002884 	 0.00023336404476164663 	 0.05019600640555097
0.002917 	 0.00023997132345930552 	 0.04992447093306973
0.002951 	 0.00024653787269933577 	 0.049598491485280775
0.002985 	 0.0002531431858000809 	 0.049256874956002714
0.00302 	 0.000259886133220065 	 0.048912086950726304
0.003055 	 0.0002664747246865806 	 0.048538708030835064
0.00309 	 0.00027327793003683215 	 0.04819835296548813
0.003126 	 0.000280558160429146 	 0.04780643773290862
0.003162 	 0.000288028125571795 	 0.047424641587630045
0.003199 	 0.00029576472033439696 	 0.04703561009131227
0.003236 	 0.00030332453608543976 	 0.04662879891218572
0.003273 	 0.0003112285521231261 	 0.0462511147232918
0.003311 	 0.00031919883527208487 	 0.045787613093546356
0.00335 	 0.00032739369028473913 	 0.04526200836077763
0.003388 	 0.0003359964313244828 	 0.044809048750202224
0.003428 	 0.00034437126161183186 	 0.04424287791329948
0.003467 	 0.0003531407206941753 	 0.04375324436320875
0.003508 	 0.00036182887846419794 	 0.043138815562806174
0.003548 	 0.0003708952792491851 	 0.04255320099245409
0.003589 	 0.00038012284700699535 	 0.0419065353943069
0.003631 	 0.00038934368697318754 	 0.041195589540534476
0.003673 	 0.000398812715712407 	 0.0405813843853736
0.003715 	 0.0004085201693295417 	 0.03990928537555754
0.003758 	 0.00041834629183438434 	 0.039123675467025554
0.003802 	 0.0004281314957056741 	 0.038246426580871976
0.003846 	 0.0004382752895342277 	 0.03734960572802056
0.00389 	 0.00044848271770918635 	 0.036917427466241395
0.003935 	 0.00045892033661806353 	 0.03682155817860616
0.003981 	 0.0004692765387568068 	 0.03602129750703944
0.004027 	 0.0004798043177926062 	 0.034710993112288785
0.004074 	 0.000490376770992355 	 0.03301999760596207
0.004121 	 0.0005011055527583924 	 0.031155264638513435
0.004169 	 0.0005117014034856599 	 0.02831702506910427
0.004217 	 0.0005225570589008092 	 0.025708867559766906
0.004266 	 0.0005332809088516303 	 0.024136449553757027
0.004315 	 0.0005439956826414349 	 0.024113030772469287
0.004365 	 0.0005545718222833629 	 0.026052345965417112
0.004416 	 0.0005655797541976787 	 0.028717589041250557
0.004467 	 2.552046323825441e-05 	 0.003387287188237951
0.004519 	 2.6240444953154775e-05 	 0.0006939979352166387
0.004571 	 2.7005178824396185e-05 	 5.847708419277914e-05
0.004624 	 2.7807189265730092e-05 	 0.0007341227480744333
0.004677 	 2.863876076016241e-05 	 0.0021673251328669495
0.004732 	 2.9486384115480805e-05 	 0.003933947168095871
0.004786 	 3.0355252434816624e-05 	 0.0055469225453927545
0.004842 	 3.120232795154545e-05 	 0.0066432089842699054
0.004898 	 3.2087254376661065e-05 	 0.007603264436458177
0.004954 	 3.300873111517221e-05 	 0.00840165453976873
0.005012 	 3.3963183863662813e-05 	 0.009016060392403942
0.00507 	 3.493993944348129e-05 	 0.009450878871248937
0.005129 	 3.59312222464352e-05 	 0.009708008386404463
0.005188 	 3.694346585546071e-05 	 0.009972355010926253
0.005248 	 3.796928190299739e-05 	 0.010454568649319563
0.005309 	 3.904944820644877e-05 	 0.010912593498384875
0.00537 	 4.0168043712681314e-05 	 0.011343611049533233
0.005433 	 4.130859715499932e-05 	 0.011740470820029394
0.005495 	 4.249229213276819e-05 	 0.012123555399028164
0.005559 	 4.3704854183334565e-05 	 0.012466769924007833
0.005623 	 4.494001627542722e-05 	 0.012792734374499177
0.005689 	 4.622041412718341e-05 	 0.013112829084693528
0.005754 	 4.7567924978728994e-05 	 0.013439364106306284
0.005821 	 4.893641673649645e-05 	 0.013734680173761924
0.005888 	 5.0331352064344423e-05 	 0.014022247866573882
0.005957 	 5.174392034962464e-05 	 0.014283089251642593
0.006026 	 5.318040408968526e-05 	 0.014527124622426882
0.006095 	 5.4649267917259245e-05 	 0.014764030827600466
0.006166 	 5.610383763395035e-05 	 0.01497002031225799
0.006237 	 5.765196754108474e-05 	 0.015187084010555152
0.00631 	 5.928957832657426e-05 	 0.01539517602185929
0.006383 	 6.0960635652060345e-05 	 0.015600150969428541
0.006457 	 6.264560657149364e-05 	 0.015792244733036916
0.006531 	 6.437896789220378e-05 	 0.015981406701698057
0.006607 	 6.61817734544502e-05 	 0.01616438155066431
0.006683 	 6.804511252622997e-05 	 0.016348035539719908
0.006761 	 6.992962723488412e-05 	 0.016512626674927595
0.006839 	 7.186220861426409e-05 	 0.016677674875287388
0.006918 	 7.383872707084296e-05 	 0.016833382700234416
0.006998 	 7.58891156557905e-05 	 0.016987204732188472
0.007079 	 7.79781796185184e-05 	 0.017131372045532726
0.007161 	 8.013527636187923e-05 	 0.01727311153518116
0.007244 	 8.23339281281079e-05 	 0.017411942505429937
0.007328 	 8.454866828057768e-05 	 0.01753042381281863
0.007413 	 8.685417996861886e-05 	 0.01764292401331614
0.007499 	 8.92466589103624e-05 	 0.01776565559359277
0.007586 	 9.172227591706329e-05 	 0.017897564191333384
0.007674 	 9.427731236845023e-05 	 0.018037652762501778
0.007762 	 9.692032199026796e-05 	 0.018163523935979208
0.007852 	 9.955123292179354e-05 	 0.018256965534407657
0.007943 	 0.00010225299122774677 	 0.018387825794975797
0.008035 	 0.00010509175876600567 	 0.018495781030501177
0.008128 	 0.0001079925422828302 	 0.018581409388499788
0.008222 	 0.00011095295889016362 	 0.018701323321379797
0.008318 	 0.00011388779888725622 	 0.018789092968076418
0.008414 	 0.00011702509167576222 	 0.01889153003046312
0.008511 	 0.0001202110439494651 	 0.01897196347174026
0.00861 	 0.00012349494236405995 	 0.019074084070745307
0.00871 	 0.00012682030289267658 	 0.019154053142498257
0.00881 	 0.0001302638804703378 	 0.01924647989772206
0.008913 	 0.00013371346036159662 	 0.019324228823001575
0.009016 	 0.0001373358697718352 	 0.019390002162032068
0.00912 	 0.00014104891855173967 	 0.019481848829101953
0.009226 	 0.0001448930399721732 	 0.019544417030628612
0.009333 	 0.00014881783738934133 	 0.019631195983613715
0.009441 	 0.00015281849418695767 	 0.019696995440732088
0.00955 	 0.0001568917752841621 	 0.019763972296642708
0.009661 	 0.00016107588907729635 	 0.019823803174261648
0.009772 	 0.00016539904493187473 	 0.019912890701358325
0.009886 	 0.0001698041161372578 	 0.019965369961058268
0.01 	 0.00017445090620913387 	 0.02004614199805218
0.01012 	 0.0001790564728109604 	 0.020066801866745032
0.01023 	 0.00018401316666516023 	 0.020193185105056008
0.01035 	 0.00018884871362777233 	 0.020246537671109507
0.01047 	 0.0001937378086345001 	 0.020288077766619846
0.01059 	 0.00019889366204927424 	 0.020354624749244397
0.01072 	 0.00020406429227744297 	 0.020368184146971738
0.01084 	 0.00020956835990373316 	 0.02046315158376421
0.01096 	 0.0002153169311959475 	 0.020563084869139693
0.01109 	 0.0002210007156314832 	 0.020592702445650923
0.01122 	 0.00022680897342464476 	 0.020627340874885214
0.01135 	 0.00023283820610703408 	 0.020682534506981758
0.01148 	 0.0002391799580012962 	 0.020757527887935
0.01161 	 0.0002456769909859976 	 0.020835634941988392
0.01175 	 0.00025210967771862317 	 0.020845542584015497
0.01189 	 0.0002586817291467841 	 0.020859468159600224
0.01202 	 0.00026561022428952895 	 0.020960458758053743
0.01216 	 0.0002724048363342212 	 0.020993820173106702
0.0123 	 0.00027927978169615025 	 0.02101656775316163
0.01245 	 0.0002862332466885416 	 0.021001585098817957
0.01259 	 0.00029389165742413717 	 0.021071205103406224
0.01274 	 0.000301464137552615 	 0.021088205570021466
0.01288 	 0.00030945929434993103 	 0.021173103523874
0.01303 	 0.00031735079238473063 	 0.021193589994300596
0.01318 	 0.0003255457682771117 	 0.02123981496075128
0.01334 	 0.0003337821023974905 	 0.02122394350476716
0.01349 	 0.0003425498850526719 	 0.02129591321509149
0.01365 	 0.0003513337762463642 	 0.021305942561910766
0.0138 	 0.00036051412982495773 	 0.021389377517985284
0.01396 	 0.0003696904522947038 	 0.021421772880932187
0.01413 	 0.00037896485502635714 	 0.02140494933183037
0.01429 	 0.00038881882010582096 	 0.02145993223450093
0.01445 	 0.00039874159496116934 	 0.02152348378546858
0.01462 	 0.00040903487903792466 	 0.02153000952142146
0.01479 	 0.00041949025027075953 	 0.02155527643432992
0.01496 	 0.00043048254617465405 	 0.02159130306813913
0.01514 	 0.00044132767837237134 	 0.02158695730949268
0.01531 	 0.00045259944773572066 	 0.02164734578354473
0.01549 	 0.00046407365190360327 	 0.02165214987854235
0.01567 	 0.00047603055706229105 	 0.02168298861150548
0.01585 	 0.0004880917673862256 	 0.021720186074796085
0.01603 	 0.0005006108090741641 	 0.021765405461490653
0.01622 	 0.0005129063516436265 	 0.021770038911879452
0.01641 	 0.0005259794698912724 	 0.02178462862254002
0.0166 	 0.0005391160872127714 	 0.02180466472057349
0.01679 	 0.0005526555476692318 	 0.021831784277561495
0.01698 	 0.0005665855276062064 	 0.021865607059288576
0.01718 	 0.0005808932026721107 	 0.021870355005050576
0.01738 	 0.0005955521231788592 	 0.02188149546154796
0.01758 	 0.0006105535360106803 	 0.02190516842660212
0.01778 	 0.0006258853254777996 	 0.02193427629571582
0.01799 	 0.000641185296472298 	 0.02193210820913789
0.0182 	 0.0006567896145665506 	 0.021941319757174015
0.01841 	 0.0006733153076790209 	 0.021970796596496953
0.01862 	 0.0006904209250212522 	 0.022006017889179653
0.01884 	 0.000707410265001156 	 0.022003801388613867
0.01905 	 0.000725020265650281 	 0.022052037675576532
0.01928 	 0.0007430053002670365 	 0.022033223472343995
0.0195 	 0.0007618738883250651 	 0.02206535960291824
0.01972 	 0.0007812332103186358 	 0.022107155013155404
0.01995 	 0.0008003788085864381 	 0.02211197950059908
0.02018 	 0.0008199803192711023 	 0.022121431152533705
0.02042 	 0.0008396155860647684 	 0.02209677509017142
0.02065 	 0.0008600866006426926 	 0.022119930410546038
0.02089 	 0.0008811175282935755 	 0.022126142560495308
0.02113 	 0.0009028114708575369 	 0.022146607949215295
0.02138 	 0.0009244400870921736 	 0.02212873243349738
0.02163 	 0.0009466855736209472 	 0.02212061759666918
0.02188 	 0.0009697942527474175 	 0.022123336067323213
0.02213 	 0.000993481614264691 	 0.02213885777859983
0.02239 	 0.0010175326348749343 	 0.022124487602216577
0.02265 	 0.0010421102742878292 	 0.02211866161948309
0.02291 	 0.0010677131280665319 	 0.02213152388011029
0.02317 	 0.001093541886693538 	 0.022139117038374782
0.02344 	 0.0011198923451235985 	 0.022144544307779013
0.02371 	 0.001146921938731139 	 0.022147582213031713
0.02399 	 0.0011741206348037502 	 0.022111685703559866
0.02427 	 0.0012022244996301621 	 0.022109841970176024
0.02455 	 0.0012311706020275127 	 0.022107261651570093
0.02483 	 0.0012609335263046202 	 0.022104242898787003
0.02512 	 0.0012912478808627956 	 0.022098348066198818
0.02541 	 0.0013225454772291699 	 0.02209323215904412
0.0257 	 0.0013543840180583356 	 0.022116001795644734
0.026 	 0.0013863572115060342 	 0.022074397848594402
0.0263 	 0.0014192734928068745 	 0.022063322741708448
0.02661 	 0.0014525628499779332 	 0.02204771180430406
0.02692 	 0.0014866430008480308 	 0.02200610441430631
0.02723 	 0.0015213649920652484 	 0.021991638212622473
0.02754 	 0.001557306726104686 	 0.02198094765793391
0.02786 	 0.0015936488018266966 	 0.02194133380971499
0.02818 	 0.0016309720389572444 	 0.021929446238600728
0.02851 	 0.001668822198434264 	 0.021890458634121493
0.02884 	 0.00170768601001067 	 0.021832949414433218
0.02917 	 0.0017476360956374367 	 0.021803550547665817
0.02951 	 0.0017880397657605866 	 0.021771032809417057
0.02985 	 0.0018297478696304664 	 0.021723830821899354
0.0302 	 0.001871761959072511 	 0.02165321370740609
0.03055 	 0.0019144092401537488 	 0.021567326541447933
0.0309 	 0.001957594131208712 	 0.021505812257311994
0.03126 	 0.0020011762456071157 	 0.021423957947736435
0.03162 	 0.0020475688553078446 	 0.021342584918165323
0.03199 	 0.0020923728628300027 	 0.021231817866095442
0.03236 	 0.0021380999284506983 	 0.021130246481953427
0.03273 	 0.0021845919202420254 	 0.021003540768371465
0.03311 	 0.0022312763738023644 	 0.02086218302750255
0.0335 	 0.0022779725488275074 	 0.02067512469824645
0.03388 	 0.0023260029996269803 	 0.020494734139371088
0.03428 	 0.0023732780744492635 	 0.020250837137552852
0.03467 	 0.0024221180325737428 	 0.02007615978545176
0.03508 	 0.002468117231813104 	 0.019775441611183123
0.03548 	 0.0025177579518792584 	 0.019335701411844614
0.03589 	 0.002571431962637087 	 0.018541669321774687
0.03631 	 0.0025868298568845456 	 0.017580465630799093
0.03673 	 0.002513465185693909 	 0.016332017159508303
0.03715 	 0.002389139609038494 	 0.015167175562494037
0.03758 	 0.0022510028500817947 	 0.014227472094071056
0.03802 	 0.0021727963033037496 	 0.013996353602147652
0.03846 	 0.00211752205191104 	 0.014061562123256164
0.0389 	 0.0020825000724641815 	 0.014327774258682442
0.03935 	 0.002062985044454041 	 0.014653870276892694
0.03981 	 0.002057427872352489 	 0.015087481109791055
0.04027 	 0.002064244109870627 	 0.01559112440863561
0.04074 	 0.0020812914639214003 	 0.016171594229606578
0.04121 	 0.002113387710548851 	 0.016880533952371796
0.04169 	 0.0021501094343334697 	 0.017804253715615472
0.04217 	 0.0022084322867046403 	 0.018845582599719704
0.04266 	 0.002291548660162325 	 0.019970586484531518
0.04315 	 0.0024328727672879875 	 0.02110747279591749
0.04365 	 0.0025953045077615755 	 0.022218638311499648
0.04416 	 0.0027670825373902874 	 0.023296113429164392
0.04467 	 0.002903850130573148 	 0.024240482260468446
0.04519 	 0.003033628605528202 	 0.025125193955746764
0.04571 	 0.003169535914681921 	 0.025995781271732292
0.04624 	 0.0033397556211119997 	 0.026964664637000122
0.04677 	 0.003534627816097835 	 0.028010234733387655
0.04732 	 0.0037372189139119405 	 0.02902886382723875
0.04786 	 0.003938731873072894 	 0.030026190259534114
0.04842 	 0.004124407906213659 	 0.03083294550377578
0.04898 	 0.004313961273335581 	 0.03164604929099144
0.04955 	 0.004503581897053001 	 0.0324028370351357
0.05012 	 0.004707755849025731 	 0.033251565476210956
0.0507 	 0.004915700159816274 	 0.03407743580114876
0.05129 	 0.005126015503312686 	 0.03488576135351484
0.05188 	 0.005339675264232 	 0.03571745376170447
0.05248 	 0.005554056702766708 	 0.03652595615219657
0.05309 	 0.005769884276111332 	 0.03729816398390117
0.0537 	 0.005988069727516178 	 0.03807499666215232
0.05432 	 0.006210988759585235 	 0.03885927961936001
0.05495 	 0.006434766035800126 	 0.03958609254990667
0.05559 	 0.006657884187365451 	 0.040269020868142935
0.05623 	 0.006879463846730761 	 0.04091528050481227
0.05689 	 0.007101562612509935 	 0.041520585949837145
0.05754 	 0.007317565314332755 	 0.042053348712978326
0.05821 	 0.00752211660001202 	 0.04242716157864464
0.05888 	 0.007715750354723146 	 0.04268036417757597
0.05957 	 0.007881167885308425 	 0.04247256471487368
0.06026 	 0.0080314033598407 	 0.042167136223012325
0.06095 	 0.008172946587160486 	 0.04188877291522813
0.06166 	 0.008301661379441414 	 0.04154929524392925
0.06237 	 0.008418928668398166 	 0.041371963045788926
0.0631 	 0.00853391477922218 	 0.04134225610445048
0.06383 	 0.00865535783667209 	 0.041403316758047544
0.06457 	 0.00877880218857805 	 0.04149820354935937
0.06531 	 0.008910502670731598 	 0.04170193564112306
0.06607 	 0.00908147147618973 	 0.042165404423992886
0.06683 	 0.009241050070600155 	 0.04253462174469006
0.06761 	 0.009386650960623669 	 0.04278192192325099
0.06839 	 0.009516661570061268 	 0.04291953672567024
0.06918 	 0.009619898618812872 	 0.042827421449783264
0.06998 	 0.009663228011828723 	 0.042136610273299326
0.07079 	 0.009701481305023744 	 0.04147466246173775
0.07161 	 0.009733560354001941 	 0.040833836812896714
0.07244 	 0.009752182826235647 	 0.04014244940650724
0.07328 	 0.00978988781865106 	 0.039786284727928056
0.07413 	 0.009848639670842157 	 0.03977031346827862
0.07499 	 0.00987773177149388 	 0.03950849108957333
0.07586 	 0.00989875422647562 	 0.039263238558742496
0.07674 	 0.009892568414343498 	 0.038828292068714534
0.07762 	 0.009875032551379856 	 0.03841525629788844
0.07852 	 0.009838222934987453 	 0.038028370013263334
0.07943 	 0.009752415768600657 	 0.037266256335940336
0.08035 	 0.00962367650992118 	 0.03619321408104766
0.08128 	 0.009462428591606219 	 0.03493053791601073
0.08222 	 0.009267911317103803 	 0.03347373396257069
0.08318 	 0.009011854744822417 	 0.03149052688552504
0.08414 	 0.008697430073475898 	 0.029059242667156423
0.08511 	 0.008359036348104773 	 0.026614888778907764
0.0861 	 0.008002538644026317 	 0.024226299850688346
0.0871 	 0.007624918256052988 	 0.02189654249844008
0.0881 	 0.007236807448128427 	 0.019725676966313638
0.08913 	 0.006966734614737688 	 0.018317811088179377
0.09016 	 0.006838621405373876 	 0.01765290382000581
0.0912 	 0.006748643007635179 	 0.01716237508116642
0.09226 	 0.006603114254712109 	 0.016697159670929933
0.09333 	 0.006430784004635339 	 0.016236465656024015
0.09441 	 0.006210100635126203 	 0.015654472982424193
0.0955 	 0.005947633247766593 	 0.014939542420340622
0.09661 	 0.00565100945061156 	 0.014090338244359615
0.09772 	 0.005338264097641419 	 0.01322153753357467
0.09886 	 0.00501778621127583 	 0.012354977699077545
0.1 	 0.004692400874310757 	 0.0115078595630158
0.1012 	 0.004343660500396309 	 0.010655356366360991
0.1023 	 0.0039830048265656216 	 0.009802253137295254
0.1035 	 0.0035769340727241678 	 0.008833687008758665
0.1047 	 0.00317093089288267 	 0.007850669755215077
0.1059 	 0.0027862404323764 	 0.006822151312013749
0.1072 	 0.0024511615234299178 	 0.0058639971988589095
0.1084 	 0.002192234190570643 	 0.0050722528739039615
0.1096 	 0.002003986489860676 	 0.004422486611984961
0.1109 	 0.0018505984244770429 	 0.0038589377387394704
0.1122 	 0.0017129625156632469 	 0.003385102616157926
0.1135 	 0.0015925164825800107 	 0.002987540439803731
0.1148 	 0.001489802451771502 	 0.0026455772060795845
0.1161 	 0.0013978135455503956 	 0.002348720827974282
0.1175 	 0.0013145888466771995 	 0.002082220937607403
0.1189 	 0.0012365536015591491 	 0.001848227836220436
0.1202 	 0.0011636024133060026 	 0.0016452559711104319
0.1216 	 0.001095738830943771 	 0.0014599212002539305
0.123 	 0.0010349946695581492 	 0.0012932957546290924
0.1245 	 0.0009800644627134432 	 0.0011404077809006347
0.1259 	 0.0009315431379760679 	 0.001006526485952527
0.1274 	 0.0008882130169621603 	 0.0008831397380635751
0.1288 	 0.0008518030074220768 	 0.0007750224723460696
0.1303 	 0.0008225463628941201 	 0.0006766805429982627
0.1318 	 0.0008024529829296741 	 0.0005900244342176404
0.1334 	 0.0007897926894117556 	 0.000512550668916901
0.1349 	 0.0007825203141811292 	 0.0004465452221426192
0.1365 	 0.0007798661348986392 	 0.00038771369222927513
0.138 	 0.0007825693588234857 	 0.00033779608348051516
0.1396 	 0.0007888932954903883 	 0.00029333249130664586
0.1413 	 0.0007985939437565184 	 0.0002536967324956904
0.1429 	 0.0008140468386759169 	 0.0002204795538962177
0.1445 	 0.0008351581408233749 	 0.00019203025468406015
0.1462 	 0.0008619035731663197 	 0.00016789255978421234
0.1479 	 0.0008962900677873973 	 0.0001489270339878864
0.1496 	 0.0009347644106538928 	 0.0001342397500459062
0.1514 	 0.0009760106688820346 	 0.00012280887226279543
0.1531 	 0.0010198725952767433 	 0.00011434101815437589
0.1549 	 0.0010646628076051272 	 0.00010795346248040766
0.1567 	 0.0011091571393212075 	 0.00010334057680047668
0.1585 	 0.0011560739145407605 	 0.00010076689573435105
0.1603 	 0.0012058486129240013 	 0.00010013750881190883
0.1622 	 0.0012623864259515088 	 0.00010177348969040437
0.1641 	 0.0013255306424637227 	 0.00010589542296558057
0.166 	 0.0013957265808957323 	 0.00011256633847772601
0.1679 	 0.0014757462383557123 	 0.00012233606472693203
0.1698 	 0.0015639412979908478 	 0.0001349843894102912
0.1718 	 0.0016573886370975018 	 0.0001498914292242605
0.1738 	 0.0017588705659935314 	 0.0001677367588032138
0.1758 	 0.0018687736386852425 	 0.00018865774065040806
0.1778 	 0.001986065346709083 	 0.00021261336701774766
0.1799 	 0.0021097132459388214 	 0.00023933408908524253
0.182 	 0.0022418400889004527 	 0.00026990388270587047
0.1841 	 0.0023793628307091958 	 0.0003038118568272174
0.1862 	 0.0025207521067104914 	 0.0003410057948624838
0.1884 	 0.002663930490325922 	 0.00038087189412106995
0.1905 	 0.0028092384841493802 	 0.000424426520846205
0.1928 	 0.0029471290817433705 	 0.00046701302824390326
0.195 	 0.003083534565208514 	 0.0005123302327064255
0.1972 	 0.0032161633798513836 	 0.0005593553574160931
0.1995 	 0.003341288723603205 	 0.000606097677203119
0.2018 	 0.0034613556391360203 	 0.0006542270096223314
0.2042 	 0.003571055805392466 	 0.0007005155444319971
0.2065 	 0.0036734769855142303 	 0.0007471000413019848
0.2089 	 0.003767926363194856 	 0.0007926091009917852
0.2113 	 0.00385791269545237 	 0.0008394921295407458
0.2138 	 0.003941233690786508 	 0.0008860613366059742
0.2163 	 0.004025584399578767 	 0.0009383466473158706
0.2188 	 0.004095043441966131 	 0.0009847158162936166
0.2213 	 0.004143274079131485 	 0.0010190996641743144
0.2239 	 0.004171217218395116 	 0.0010408514571786747
0.2265 	 0.00419170616653428 	 0.0010601051139567926
0.2291 	 0.004206732084659485 	 0.001078112908761584
0.2317 	 0.004214841817710728 	 0.001094048781349821
0.2344 	 0.004212740953699468 	 0.0011053418208968656
0.2371 	 0.004201128985552459 	 0.0011133684167097724
0.2399 	 0.004170043401423459 	 0.001108379614682598
0.2427 	 0.0041187710256706785 	 0.0010899336123005123
0.2455 	 0.004054382248470171 	 0.0010627134339389489
0.2483 	 0.003980117395154203 	 0.0010300050841551046
0.2512 	 0.0038970143506018864 	 0.0009929028956111334
0.2541 	 0.0038058218657412127 	 0.0009521705783171176
0.257 	 0.0037072719040958067 	 0.0009083753523962754
0.26 	 0.0035978852944167864 	 0.000862389901917635
0.263 	 0.003483158010843991 	 0.0008161023937989867
0.2661 	 0.0033663107289853065 	 0.0007692066963978971
0.2692 	 0.003246852574362469 	 0.0007216573987103142
0.2723 	 0.003127351868479075 	 0.0006757924443991499
0.2754 	 0.0030069507848201945 	 0.0006293340938361304
0.2786 	 0.0028875441666014177 	 0.000582246868934018
0.2818 	 0.0027685751373005504 	 0.0005365312768050705
0.2851 	 0.00264698241059491 	 0.0004911350272825427
0.2884 	 0.0025474337498338977 	 0.00045396777272832507
0.2917 	 0.0024531605804469898 	 0.00042041100409907734
0.2951 	 0.0023671749745647424 	 0.0003906691509222818
0.2985 	 0.0022852203669896736 	 0.0003635144284980747
0.302 	 0.002208629861115844 	 0.0003386620897029306
0.3055 	 0.002137003500491269 	 0.0003159605604654526
0.309 	 0.0020686822866886013 	 0.00029495864274543473
0.3126 	 0.002004675306557008 	 0.00027518407265295764
0.3162 	 0.0019448307228444896 	 0.00025728059412917503
0.3199 	 0.001887146255088171 	 0.00024025592804422313
0.3236 	 0.0018342548354414784 	 0.0002246286235591649
0.3273 	 0.0017846286183008228 	 0.00021044839647596893
0.3311 	 0.0017393368119531286 	 0.0001973300177896972
0.335 	 0.001697007597053121 	 0.00018537423715143472
0.3388 	 0.0016585750007379336 	 0.00017461006698012293
0.3428 	 0.001621227809421199 	 0.0001642507568136502
0.3467 	 0.001587598722025924 	 0.00015514531783918217
0.3508 	 0.0015554182047412444 	 0.00014652373118557123
0.3548 	 0.0015251928163834076 	 0.00013872961767466763
0.3589 	 0.0014971654509146044 	 0.00013142748711737946
0.3631 	 0.0014697745739984463 	 0.00012459188301780074
0.3673 	 0.0014437821224375876 	 0.00011827203963501704
0.3715 	 0.0014183761679442439 	 0.00011233617931319101
0.3758 	 0.0013928208379960828 	 0.00010669060652759193
0.3802 	 0.001368651057315714 	 0.00010148122786757834
0.3846 	 0.0013453777545792763 	 9.653953350970452e-05
0.389 	 0.0013237000358602047 	 9.191893894505853e-05
0.3936 	 0.0013015261475624851 	 8.742890120540757e-05
0.3981 	 0.001280911563100862 	 8.33534612317841e-05
0.4027 	 0.0012604517829324744 	 7.943222009289624e-05
0.4074 	 0.0012401566548519932 	 7.566305930789339e-05
0.4121 	 0.0012213281590930146 	 7.21337070401333e-05
0.4169 	 0.0012023426834489536 	 6.877263099276974e-05
0.4217 	 0.0011840890059658623 	 6.557363103577653e-05
0.4266 	 0.0011663600234392616 	 6.25747580842853e-05
0.4315 	 0.0011490402448590662 	 5.97458379060469e-05
0.4365 	 0.0011321359314446888 	 5.699580011295765e-05
0.4416 	 0.0011157387226523859 	 5.441877537494489e-05
0.4467 	 0.0010999929486411337 	 5.1961702418868756e-05
0.4519 	 0.0010849991724494303 	 4.9634433461988904e-05
0.4571 	 0.0010703500016524176 	 4.743693171700003e-05
0.4624 	 0.0010564229797930913 	 4.535434116183837e-05
0.4677 	 0.0010425579477308224 	 4.340734243858474e-05
0.4732 	 0.001028825379760345 	 4.147504763061156e-05
0.4786 	 0.0010162184781871805 	 3.9712163966377045e-05
0.4842 	 0.0010034799896650008 	 3.7980802914587944e-05
0.4898 	 0.000991034523448939 	 3.634440483142844e-05
0.4955 	 0.0009786745858972243 	 3.476865529291861e-05
0.5012 	 0.0009671639659473916 	 3.330265054260108e-05
0.507 	 0.0009551648684243967 	 3.186699810755885e-05
0.5129 	 0.000944359941010628 	 3.05288264582638e-05
0.5188 	 0.0009332546718263602 	 2.9241414181027555e-05
0.5248 	 0.0009227627756693704 	 2.8021192306023304e-05
0.5309 	 0.0009121135217732441 	 2.6858631343771227e-05
0.537 	 0.0009024505322097112 	 2.5763333563404922e-05
0.5433 	 0.00089245720557897 	 2.4700845189286248e-05
0.5495 	 0.0008828520348253359 	 2.3711917689892986e-05
0.5559 	 0.0008731453856080912 	 2.2741181253120926e-05
0.5623 	 0.0008641563984742652 	 2.183673970569919e-05
0.5689 	 0.0008550658880953454 	 2.094935808069444e-05
0.5754 	 0.000846327859700716 	 2.0122562728640346e-05
0.5821 	 0.0008379728566763651 	 1.9324802880900195e-05
0.5888 	 0.0008296037164064634 	 1.857702128207648e-05
0.5957 	 0.000821339699609323 	 1.7834626482687876e-05
0.6026 	 0.0008130653993245651 	 1.7138889595396853e-05
0.6095 	 0.0008056201045279854 	 1.6482134777937945e-05
0.6166 	 0.0007974384689365499 	 1.5834388485034304e-05
0.6237 	 0.00078987994490814 	 1.5230231089973944e-05
0.631 	 0.0007822374015755513 	 1.4637800131107196e-05
0.6383 	 0.0007751926309496523 	 1.40851518801182e-05
0.6457 	 0.0007677571730943256 	 1.3542546324377303e-05
0.6531 	 0.0007609016690260315 	 1.3036162245841076e-05
0.6607 	 0.0007539637719048858 	 1.2539629205272841e-05
0.6683 	 0.0007468236887585001 	 1.2079000718901781e-05
0.6761 	 0.0007397918871822822 	 1.162189890594898e-05
0.6839 	 0.0007329130665270006 	 1.1187707044209227e-05
0.6918 	 0.0007262956132038031 	 1.0780729132376187e-05
0.6998 	 0.0007193323511539903 	 1.0380769808739483e-05
0.7079 	 0.0007127964589692636 	 1.0001461701284677e-05
0.7161 	 0.0007063007920551501 	 9.635304071762812e-06
0.7244 	 0.0006996842995276686 	 9.285984119476454e-06
0.7328 	 0.0006932750098724266 	 8.944881619597766e-06
0.7413 	 0.0006863949911615409 	 8.613993336680142e-06
0.7499 	 0.0006799252200424137 	 8.30033271701433e-06
0.7586 	 0.0006736962345397724 	 8.006306044052013e-06
0.7674 	 0.0006673237261419667 	 7.714122861405693e-06
0.7762 	 0.0006609367884970863 	 7.4393469123227534e-06
0.7852 	 0.0006546680829210979 	 7.16740639503988e-06
0.7943 	 0.0006483048358928256 	 6.90816383262786e-06
0.8035 	 0.0006419986746144307 	 6.65818510908811e-06
0.8128 	 0.0006360664624653562 	 6.42119845238287e-06
0.8222 	 0.0006297290759597764 	 6.191257959097793e-06
0.8318 	 0.0006235188447089974 	 5.964212552304967e-06
0.8414 	 0.0006176077640003114 	 5.754201674584813e-06
0.8511 	 0.0006114519440640558 	 5.548167998874972e-06
0.861 	 0.0006057168049357479 	 5.3481968993929595e-06
0.871 	 0.0005996124383265365 	 5.154474260665338e-06
0.881 	 0.0005936409001356921 	 4.970166523523778e-06
0.8913 	 0.000587880597892667 	 4.791144581222485e-06
0.9016 	 0.0005818397142438964 	 4.619856513773402e-06
0.912 	 0.0005759937462789697 	 4.4531069256120925e-06
0.9226 	 0.000570025752768565 	 4.292377621669572e-06
0.9333 	 0.0005641281201735728 	 4.137669788203027e-06
0.9441 	 0.0005586823895597957 	 3.989567021889659e-06
0.955 	 0.0005529185589230271 	 3.846212971771351e-06
0.9661 	 0.0005471670585266723 	 3.7067052176164255e-06
0.9772 	 0.0005411760660254768 	 3.573277976794983e-06
0.9886 	 0.0005355155716772885 	 3.4427846169147774e-06
1.0 	 0.0005299799514984157 	 3.3186768781809854e-06
1.012 	 0.0005242540174047168 	 3.1929847062361384e-06
1.023 	 0.0005190545098019198 	 3.086842392762939e-06
1.035 	 0.0005135748085075826 	 2.9728416010261638e-06
1.047 	 0.0005082168760523532 	 2.8644706413806e-06
1.059 	 0.0005026461084903175 	 2.7608639223105747e-06
1.072 	 0.0004970601373271625 	 2.652846461539601e-06
1.084 	 0.0004919544885762765 	 2.5608148040626686e-06
1.096 	 0.0004870596135959599 	 2.472176454646638e-06
1.109 	 0.00048162128279078883 	 2.3777513862941004e-06
1.122 	 0.0004764156974565272 	 2.290189736801949e-06
1.135 	 0.00047142439709582304 	 2.2061471036934894e-06
1.148 	 0.00046634095062524685 	 2.1250731577843793e-06
1.161 	 0.00046156851471357074 	 2.049061074966133e-06
1.175 	 0.0004565098048084356 	 1.969962646867417e-06
1.189 	 0.0004514668687733813 	 1.8932397009019177e-06
1.202 	 0.00044700950061002354 	 1.8281408094082475e-06
1.216 	 0.00044228057028994437 	 1.7602382796046963e-06
1.23 	 0.0004375607365274235 	 1.6942082573314504e-06
1.245 	 0.0004326915514024545 	 1.6276374872327643e-06
1.259 	 0.00042827545254765564 	 1.5695103367628237e-06
1.274 	 0.0004237977837434901 	 1.510187719955078e-06
1.288 	 0.0004196615895516131 	 1.458877875305878e-06
1.303 	 0.00041554697880466675 	 1.4058333536287764e-06
1.318 	 0.0004112697749901598 	 1.355145165094015e-06
1.334 	 0.00040669518236290217 	 1.3018858179769853e-06
1.349 	 0.00040260866784934456 	 1.2561727705607145e-06
1.365 	 0.0003983168658037959 	 1.2090643381012323e-06
1.38 	 0.0003943258521759268 	 1.166714957990651e-06
1.396 	 0.0003900617308931306 	 1.1234947840362473e-06
1.413 	 0.0003857737504858809 	 1.0798818406257602e-06
1.429 	 0.0003816996248218287 	 1.0409155343552084e-06
1.445 	 0.000377787826746016 	 1.0034918776567663e-06
1.462 	 0.0003737787725877166 	 9.660031235445384e-07
1.479 	 0.0003697854610713812 	 9.296225517534785e-07
1.496 	 0.00036588091832111263 	 8.950565004779178e-07
1.514 	 0.0003619644348275397 	 8.603351618408898e-07
1.531 	 0.00035823172962444054 	 8.291625112408539e-07
1.549 	 0.0003545557949378484 	 7.975531662030032e-07
1.567 	 0.00035102937220257685 	 7.681528823441103e-07
1.585 	 0.0003475795150256806 	 7.401987048271444e-07
1.603 	 0.00034420367559802475 	 7.136028607301734e-07
1.622 	 0.0003408186066996191 	 6.869134938456325e-07
1.641 	 0.00033738030918157826 	 6.612461445262506e-07
1.66 	 0.00033414299139082994 	 6.371554402048497e-07
1.679 	 0.0003307888528154836 	 6.141423492214529e-07
1.698 	 0.00032762868093130836 	 5.925168330616559e-07
1.718 	 0.00032422584838333167 	 5.703193290216662e-07
1.738 	 0.0003210167055261595 	 5.494840839584985e-07
1.758 	 0.0003178770054376757 	 5.29668298989681e-07
1.778 	 0.000314689762990262 	 5.105759143345791e-07
1.799 	 0.0003113976101167354 	 4.913085283775119e-07
1.82 	 0.0003082901176457632 	 4.7322379846400614e-07
1.841 	 0.00030514063653928235 	 4.558223872529837e-07
1.862 	 0.00030216771833460707 	 4.39471849317682e-07
1.884 	 0.00029909910942531396 	 4.230073146126131e-07
1.905 	 0.0002962536797104645 	 4.0822175982858247e-07
1.928 	 0.0002931628423646726 	 3.924963315036394e-07
1.95 	 0.0002902907064956978 	 3.783520799279753e-07
1.972 	 0.00028757988776781905 	 3.6505098533337335e-07
1.995 	 0.0002846838870188658 	 3.515171624155519e-07
2.018 	 0.0002819482653566872 	 3.388012893860976e-07
2.042 	 0.00027913411727290645 	 3.2606237479207097e-07
2.065 	 0.0002764216064606804 	 3.1443459738222e-07
2.089 	 0.0002737280227675902 	 3.0291210375240847e-07
2.113 	 0.0002711838422752496 	 2.9208095514455965e-07
2.138 	 0.00026842981698991185 	 2.812003803070433e-07
2.163 	 0.00026578337110190166 	 2.7078716342090167e-07
2.188 	 0.0002631481295247436 	 2.609605211698193e-07
2.213 	 0.00026065560222877807 	 2.517188812596461e-07
2.239 	 0.00025797575016346235 	 2.422123319376499e-07
2.265 	 0.0002554775322115268 	 2.3344318075993003e-07
2.291 	 0.0002529506170284531 	 2.2500545714933033e-07
2.317 	 0.00025060209546901187 	 2.1700914723958267e-07
2.344 	 0.00024807403498191443 	 2.0900504394534328e-07
2.371 	 0.000245721808869225 	 2.014260573170595e-07
2.399 	 0.00024335354443538076 	 1.9402303014257904e-07
2.427 	 0.0002409603152074583 	 1.8690819890177298e-07
2.455 	 0.00023873437054223098 	 1.801704613207142e-07
2.483 	 0.00023651500329688362 	 1.7380372930988227e-07
2.512 	 0.00023428815601400668 	 1.674302490298269e-07
2.541 	 0.00023214120162222643 	 1.614771066179176e-07
2.57 	 0.00023000716486609664 	 1.5570696757133248e-07
2.6 	 0.0002278610881419966 	 1.5008124467820215e-07
2.63 	 0.00022576038078671505 	 1.4472939168342487e-07
2.661 	 0.00022361947496496654 	 1.3942509999633347e-07
2.692 	 0.00022142152981278224 	 1.3436134638635272e-07
2.723 	 0.0002194374640710647 	 1.296165914800518e-07
2.754 	 0.0002173942738364773 	 1.2507898605534466e-07
2.786 	 0.00021531612403750304 	 1.2058262244049463e-07
2.818 	 0.00021328210728410347 	 1.1630399282768779e-07
2.851 	 0.00021127786453246507 	 1.121168498753483e-07
2.884 	 0.0002092558015613996 	 1.0809079551730609e-07
2.917 	 0.00020727662102372994 	 1.0425931757005465e-07
2.951 	 0.0002052946206824869 	 1.0053712370149783e-07
2.985 	 0.00020336252666059036 	 9.691189098857407e-08
3.02 	 0.00020133993574937827 	 9.33814697756795e-08
3.055 	 0.0001994487231987827 	 9.003803333730647e-08
3.09 	 0.00019754246772468544 	 8.68226323864769e-08
3.126 	 0.00019566781520413129 	 8.368646261236747e-08
3.162 	 0.00019385549820254619 	 8.075177233086203e-08
3.199 	 0.00019199864895956385 	 7.781217342104602e-08
3.236 	 0.00019023300574098442 	 7.504490987274123e-08
3.273 	 0.00018842397174395295 	 7.239922945826545e-08
3.311 	 0.00018672535569677135 	 6.983225314917912e-08
3.35 	 0.0001848796718391608 	 6.727233457915706e-08
3.388 	 0.0001831481033172659 	 6.495336283662712e-08
3.428 	 0.00018137432183140383 	 6.258307971421137e-08
3.467 	 0.00017969053775166507 	 6.039898750617777e-08
3.508 	 0.0001779400317426225 	 5.818507759659925e-08
3.548 	 0.00017627702500513855 	 5.6143659571552286e-08
3.589 	 0.00017464455469862365 	 5.415844913274482e-08
3.631 	 0.00017295444907518623 	 5.219162034231654e-08
3.673 	 0.00017130054776829935 	 5.032092307407317e-08
3.715 	 0.00016968164802772884 	 4.854053560548689e-08
3.758 	 0.00016809381908888699 	 4.681212936867155e-08
3.802 	 0.00016645418349440195 	 4.5103111669428246e-08
3.846 	 0.00016489046445472837 	 4.349353160720517e-08
3.89 	 0.00016339958889059392 	 4.19764936136562e-08
3.936 	 0.0001618175937238389 	 4.0434477596286254e-08
3.981 	 0.00016034873195399464 	 3.9021714074944256e-08
4.027 	 0.000158908668932383 	 3.76517555390625e-08
4.074 	 0.00015742197456648078 	 3.629863267463654e-08
4.121 	 0.00015600353058887561 	 3.502351231023055e-08
4.169 	 0.0001545771335281085 	 3.377675550424658e-08
4.217 	 0.00015318041483988694 	 3.2590138538443115e-08
4.266 	 0.00015175499352655702 	 3.143644625567089e-08
4.315 	 0.0001504154975438182 	 3.0343026454479046e-08
4.365 	 0.00014903492796311052 	 2.9264383692558817e-08
4.416 	 0.00014766215793420273 	 2.8226948386671776e-08
4.467 	 0.0001463387112192389 	 2.7234531259940794e-08
4.519 	 0.00014498984903283676 	 2.6270948452605985e-08
4.571 	 0.00014368924495480016 	 2.5349125328515096e-08
4.624 	 0.00014238447683344232 	 2.4450035471416056e-08
4.677 	 0.00014108703172013468 	 2.359830414422036e-08
4.732 	 0.00013980695855233285 	 2.2752094690300506e-08
4.786 	 0.0001385334003646951 	 2.196180066451625e-08
4.842 	 0.0001372775902944122 	 2.1177231211851267e-08
4.898 	 0.00013604787983988268 	 2.0430683935974197e-08
4.955 	 0.00013476923307270325 	 1.9700693833423626e-08
5.012 	 0.00013359180925413144 	 1.901545433744639e-08
5.07 	 0.000132421649685762 	 1.8357333659992568e-08
5.129 	 0.00013123174413921343 	 1.7719442654796954e-08
5.188 	 0.00013009284290792429 	 1.7117491132624268e-08
5.248 	 0.00012894305330428052 	 1.6522933403929654e-08
5.309 	 0.00012780125351808888 	 1.5952317025904092e-08
5.37 	 0.0001266657159881094 	 1.5411136935998527e-08
5.433 	 0.00012550675764574863 	 1.487323385933653e-08
5.495 	 0.00012439435646230843 	 1.4371474731153269e-08
5.559 	 0.0001232760165200488 	 1.3870823227835546e-08
5.623 	 0.0001221645762278144 	 1.3396050217656029e-08
5.689 	 0.00012103311901808257 	 1.2925331946671183e-08
5.754 	 0.00011994604576845875 	 1.2485868164227535e-08
5.821 	 0.00011887800575642837 	 1.205232441720986e-08
5.888 	 0.00011779431394189045 	 1.1637407980609935e-08
5.957 	 0.00011669356866572761 	 1.1226913162582156e-08
6.026 	 0.00011565208387037345 	 1.0837990737818439e-08
6.095 	 0.00011459606413063922 	 1.046570581326015e-08
6.166 	 0.00011359508309198366 	 1.0101210525734968e-08
6.237 	 0.0001127040716642225 	 9.760490807403755e-09
6.31 	 0.00011085559330793502 	 9.507869020991997e-09
6.383 	 0.00011022299110971687 	 9.077112761814346e-09
6.457 	 0.00010932169163237445 	 8.764061741689223e-09
6.531 	 0.00010839773823512884 	 8.469313131084812e-09
6.607 	 0.00010742723819076733 	 8.176923661072678e-09
6.683 	 0.00010647103306381948 	 7.894919927474013e-09
6.761 	 0.00010552646169585958 	 7.622825521927192e-09
6.839 	 0.0001045831135613493 	 7.36138895375553e-09
6.918 	 0.00010364386953573759 	 7.108129981010037e-09
6.998 	 0.00010272631985864964 	 6.864945169790743e-09
7.079 	 0.000101812857975784 	 6.629440705944239e-09
7.161 	 0.00010090375418783497 	 6.401448319250365e-09
7.244 	 9.999926265464303e-05 	 6.1807966602109125e-09
7.328 	 9.911579165886513e-05 	 5.9690839407102835e-09
7.413 	 9.822095533731297e-05 	 5.762524045318616e-09
7.499 	 9.734703939327797e-05 	 5.5644228272857306e-09
7.586 	 9.650068166241216e-05 	 5.3715627806309105e-09
7.674 	 9.564773559626516e-05 	 5.185773447862879e-09
7.762 	 9.483792413892179e-05 	 5.009676375501002e-09
7.852 	 9.406391566609894e-05 	 4.841112693963785e-09
7.943 	 9.330739750227404e-05 	 4.679433739071617e-09
8.035 	 9.252902998095395e-05 	 4.522223777683405e-09
8.128 	 9.175788247855054e-05 	 4.3719382350475825e-09
8.222 	 9.098349960375944e-05 	 4.228688172787347e-09
8.318 	 9.020231642429044e-05 	 4.0880632849066664e-09
8.414 	 8.94232705401917e-05 	 3.952829449355988e-09
8.511 	 8.866196697307905e-05 	 3.823108613302018e-09
8.61 	 8.788228672178115e-05 	 3.6948413310651985e-09
8.71 	 8.71109320747175e-05 	 3.5722773453052487e-09
8.81 	 8.635481707906522e-05 	 3.455370930378457e-09
8.913 	 8.558199462346863e-05 	 3.3380244272441677e-09
9.016 	 8.482733768429964e-05 	 3.2274097684505908e-09
9.12 	 8.407839942055847e-05 	 3.120519346784319e-09
9.226 	 8.333763809398399e-05 	 3.0167662105616358e-09
9.333 	 8.259149612579807e-05 	 2.915755450089819e-09
9.441 	 8.185164067486562e-05 	 2.818237442064577e-09
9.55 	 8.11267565012703e-05 	 2.7238448438999097e-09
9.661 	 8.041032371595287e-05 	 2.632369218603027e-09
9.772 	 7.970818554159251e-05 	 2.545154675138748e-09
9.886 	 7.900420104299684e-05 	 2.458746619007091e-09
10.0 	 7.830616196735078e-05 	 2.376607555466974e-09
10.12 	 7.761196735216851e-05 	 2.293666930472528e-09
10.23 	 7.699917785572463e-05 	 2.223600349956208e-09
10.35 	 7.631572923018386e-05 	 2.148400551424192e-09
10.47 	 7.5663168329368e-05 	 2.0771160362775058e-09
10.59 	 7.502335659012913e-05 	 2.0091310206671485e-09
10.72 	 7.432801730430846e-05 	 1.9376778758581006e-09
10.84 	 7.373161509759064e-05 	 1.8770039625895128e-09
10.96 	 7.315350411707001e-05 	 1.8188669344544312e-09
11.09 	 7.251311388753296e-05 	 1.7570538787735411e-09
11.22 	 7.189398849314859e-05 	 1.6986150966546047e-09
11.35 	 7.129402578398073e-05 	 1.642777891553831e-09
11.48 	 7.070677492446732e-05 	 1.5900439035798483e-09
11.61 	 7.013746356603054e-05 	 1.5395850195448881e-09
11.75 	 6.951948224370838e-05 	 1.4863143613522536e-09
11.89 	 6.89284398816602e-05 	 1.4358872886174872e-09
12.02 	 6.842010950424358e-05 	 1.3927476353388284e-09
12.16 	 6.78720736666814e-05 	 1.3473639744439396e-09
12.3 	 6.735447654563166e-05 	 1.30423969309802e-09
12.45 	 6.682117827351485e-05 	 1.2603130997263096e-09
12.59 	 6.635985826957021e-05 	 1.2238446697216482e-09
12.74 	 6.584091969366163e-05 	 1.1849725811375673e-09
12.88 	 6.536980863844556e-05 	 1.151587266681547e-09
13.03 	 6.485637324435317e-05 	 1.1161477690680447e-09
13.18 	 6.435260618575659e-05 	 1.0826162149930427e-09
13.34 	 6.380972577853547e-05 	 1.04740081997995e-09
13.49 	 6.332457803818206e-05 	 1.017144640521429e-09
13.65 	 6.279541796790051e-05 	 9.85027840119063e-10
13.8 	 6.232730125498718e-05 	 9.573735546940555e-10
13.96 	 6.181700833485656e-05 	 9.282356551284914e-10
14.13 	 6.127804674497172e-05 	 8.977896799799324e-10
14.29 	 6.079243504766232e-05 	 8.714580496226986e-10
14.45 	 6.031531471979653e-05 	 8.46247968251291e-10
14.62 	 5.98057255298003e-05 	 8.200847417363566e-10
14.79 	 5.931614401108715e-05 	 7.952452771557637e-10
14.96 	 5.883527808763883e-05 	 7.712799006384375e-10
15.14 	 5.832953532361325e-05 	 7.463547741295633e-10
15.31 	 5.786640633930285e-05 	 7.245020129208784e-10
15.49 	 5.738416012284987e-05 	 7.019020817993331e-10
15.67 	 5.69205947701526e-05 	 6.806393596259001e-10
15.85 	 5.647484067488624e-05 	 6.602669859805113e-10
16.03 	 5.60462164185861e-05 	 6.41255179573394e-10
16.22 	 5.5599650887389756e-05 	 6.216406381532953e-10
16.41 	 5.5165529941299506e-05 	 6.030452867669977e-10
16.6 	 5.4747719312197225e-05 	 5.855399525417337e-10
16.79 	 5.433677407492228e-05 	 5.689365090250086e-10
16.98 	 5.3936619844341984e-05 	 5.533036392047369e-10
17.18 	 5.3515749566858796e-05 	 5.371866731926961e-10
17.38 	 5.311048979355721e-05 	 5.217447004344958e-10
17.58 	 5.271589258594698e-05 	 5.070820204476459e-10
17.78 	 5.232742221793929e-05 	 4.931608788503055e-10
17.99 	 5.192378820390825e-05 	 4.789660664297892e-10
18.2 	 5.1530606279643164e-05 	 4.6548967102245086e-10
18.41 	 5.1147453236381494e-05 	 4.5268713780714057e-10
18.62 	 5.078521238123897e-05 	 4.4060157347305886e-10
18.84 	 5.0405075197747486e-05 	 4.2819725370652956e-10
19.05 	 5.007161766720613e-05 	 4.173741737087895e-10
19.28 	 4.970762326286978e-05 	 4.057393815866534e-10
19.5 	 4.939390036885569e-05 	 3.959380634922622e-10
19.72 	 4.910591323494014e-05 	 3.8711144949501396e-10
19.95 	 4.880785039521122e-05 	 3.7827097031232903e-10
20.18 	 4.848104057660076e-05 	 3.6978526574701034e-10
20.42 	 4.8114187487185045e-05 	 3.608322113681397e-10
20.65 	 4.777615028788257e-05 	 3.5283209183081324e-10
20.89 	 4.740530037416104e-05 	 3.4460198332977e-10
21.13 	 4.703605367528176e-05 	 3.367440838306977e-10
21.38 	 4.66509065184284e-05 	 3.2848570664785417e-10
21.63 	 4.627188779720538e-05 	 3.2054271096511043e-10
21.88 	 4.5897737709580195e-05 	 3.130240245942316e-10
22.13 	 4.5531890258530965e-05 	 3.0584275797546903e-10
22.39 	 4.5148445338524015e-05 	 2.9838366029987647e-10
22.65 	 4.477427242225054e-05 	 2.912083111484534e-10
22.91 	 4.440328030243705e-05 	 2.8429802504512294e-10
23.17 	 4.4041154076136134e-05 	 2.7764426669343854e-10
23.44 	 4.36689652610935e-05 	 2.7077248598802913e-10
23.71 	 4.332460780847538e-05 	 2.646786042504458e-10
23.99 	 4.297282779822326e-05 	 2.5837799925055376e-10
24.27 	 4.26291957008885e-05 	 2.5231800859747783e-10
24.55 	 4.237166367840046e-05 	 2.479303056108529e-10
24.83 	 4.208074873685918e-05 	 2.431980749971434e-10
25.12 	 4.175744655806857e-05 	 2.386248809539075e-10
25.41 	 4.140366531169327e-05 	 2.341306536981016e-10
25.7 	 4.102755779114169e-05 	 2.2932700230273343e-10
26.0 	 4.0652720184952225e-05 	 2.2472460005050984e-10
26.3 	 4.0257905393692816e-05 	 2.198478762058404e-10
26.61 	 3.98631489867985e-05 	 2.151741601453526e-10
26.92 	 3.946915838617541e-05 	 2.1063698557046986e-10
27.23 	 3.9073985671945116e-05 	 2.062260937606611e-10
27.54 	 3.868222142613258e-05 	 2.0194458435144765e-10
27.86 	 3.828432896046059e-05 	 1.9751158268938933e-10
28.18 	 3.7888319925617384e-05 	 1.9321153894174375e-10
28.51 	 3.748119632006205e-05 	 1.8877384202852927e-10
28.84 	 3.7076823952521624e-05 	 1.844760102121918e-10
29.17 	 3.667340863982288e-05 	 1.8030846383650663e-10
29.51 	 3.626074435394284e-05 	 1.7603087147830318e-10
29.85 	 3.5853577399727196e-05 	 1.7189654572819616e-10
30.2 	 3.5451152338592455e-05 	 1.6793960721002594e-10
30.55 	 3.503985727272771e-05 	 1.6385106444164029e-10
30.9 	 3.464169161811637e-05 	 1.6014212020584538e-10
31.26 	 3.4222839434025375e-05 	 1.561065283694604e-10
31.62 	 3.381912911050396e-05 	 1.524405197633592e-10
31.99 	 3.3396516604690724e-05 	 1.4848351666698191e-10
32.36 	 3.298921811457728e-05 	 1.448822200107795e-10
32.73 	 3.257612780958317e-05 	 1.411975715578377e-10
33.11 	 3.2158935236635185e-05 	 1.3747932312594877e-10
33.5 	 3.1747366557581265e-05 	 1.339287345053805e-10
33.88 	 3.133935114173172e-05 	 1.3047715409842883e-10
34.28 	 3.0923407477493616e-05 	 1.268618485431904e-10
34.67 	 3.0508037244051122e-05 	 1.23513697046446e-10
35.08 	 3.0086178503661403e-05 	 1.200243888972813e-10
35.48 	 2.9674280330486618e-05 	 1.1665706020617546e-10
35.89 	 2.9274214406015374e-05 	 1.1345391732519245e-10
36.31 	 2.8864253698343366e-05 	 1.1024859970429221e-10
36.73 	 2.845618464499723e-05 	 1.0704041045466034e-10
37.15 	 2.8067729513838953e-05 	 1.0410344620511769e-10
37.58 	 2.7661932796215007e-05 	 1.0104375582513051e-10
38.02 	 2.72683550402937e-05 	 9.813684939482283e-11
38.46 	 2.6866137755296292e-05 	 9.523166672037664e-11
38.9 	 2.6483049402394116e-05 	 9.256732895518431e-11
39.36 	 2.6088898758801094e-05 	 8.972521678662011e-11
39.81 	 2.5701936153711334e-05 	 8.709633047022888e-11
40.27 	 2.5319219825257263e-05 	 8.449948056954658e-11
40.74 	 2.493884395683358e-05 	 8.203025397087428e-11
41.21 	 2.45615591066033e-05 	 7.957976839108935e-11
41.69 	 2.4196205423446445e-05 	 7.725166277637417e-11
42.17 	 2.3823097196756864e-05 	 7.502563846093725e-11
42.66 	 2.3439278852411e-05 	 7.275111158955313e-11
43.15 	 2.306653813129797e-05 	 7.058240154904762e-11
43.65 	 2.2675951196460887e-05 	 6.838141386569884e-11
44.16 	 2.2291875109953615e-05 	 6.622701251653956e-11
44.67 	 2.191916922881429e-05 	 6.417726619743357e-11
45.19 	 2.1524426535756065e-05 	 6.205158586503671e-11
45.71 	 2.1127841137806697e-05 	 5.997958091750968e-11
46.24 	 2.0719009203198248e-05 	 5.785690286295504e-11
46.77 	 2.0315760359274778e-05 	 5.585636411187699e-11
47.32 	 1.990360435614036e-05 	 5.382850573442709e-11
47.86 	 1.949640435992336e-05 	 5.186279648056463e-11
48.42 	 1.9087438953207687e-05 	 4.993352387248061e-11
48.98 	 1.8685141454432828e-05 	 4.812342843926661e-11
49.55 	 1.827417467231174e-05 	 4.630519105969947e-11
50.12 	 1.787642226347743e-05 	 4.45499180425298e-11
50.7 	 1.748194768342848e-05 	 4.2695942251292884e-11
51.29 	 1.7084641940292597e-05 	 4.0897430256573666e-11
51.88 	 1.6699070631422796e-05 	 3.9171343556787916e-11
52.48 	 1.6326678483349865e-05 	 3.747753114220896e-11
53.09 	 1.5956810038959504e-05 	 3.586970880461247e-11
53.7 	 1.5597253170295553e-05 	 3.432660252464713e-11
54.33 	 1.5242295935905238e-05 	 3.283035675034885e-11
54.95 	 1.4899690895998922e-05 	 3.141796874344036e-11
55.59 	 1.4551519918262341e-05 	 3.003356074127476e-11
56.23 	 1.4212528038277353e-05 	 2.8706772240079283e-11
56.89 	 1.3877283183726673e-05 	 2.7396287931948436e-11
57.54 	 1.3552836688773947e-05 	 2.6160599576828087e-11
58.21 	 1.323255685558594e-05 	 2.4967741169850873e-11
58.88 	 1.2920014238617792e-05 	 2.3825842155440085e-11
59.57 	 1.2610502841343076e-05 	 2.2702013100843852e-11
60.26 	 1.231418235843913e-05 	 2.1664814730923443e-11
60.95 	 1.2020835474175201e-05 	 2.067805609235715e-11
61.66 	 1.1730162831660559e-05 	 1.970710756873969e-11
62.37 	 1.1450658461909869e-05 	 1.8791075572138845e-11
63.1 	 1.1173480763976936e-05 	 1.7891425199529293e-11
63.83 	 1.089868099954928e-05 	 1.703792856256458e-11
64.57 	 1.063248781719746e-05 	 1.622250742498536e-11
65.31 	 1.0371528756018988e-05 	 1.544313756104343e-11
66.07 	 1.0121662921019286e-05 	 1.4698551120943527e-11
66.83 	 9.87644212563169e-06 	 1.398677391984277e-11
67.61 	 9.629731703146654e-06 	 1.3295889289297053e-11
68.39 	 9.389030129407044e-06 	 1.2649163214273486e-11
69.18 	 9.155651043749337e-06 	 1.2031391686205122e-11
69.98 	 8.932104728581176e-06 	 1.1436505360159765e-11
70.79 	 8.70545823054728e-06 	 1.0871296399866526e-11
71.61 	 8.488241071841428e-06 	 1.0327325089383396e-11
72.44 	 8.273115719265098e-06 	 9.802699639298025e-12
73.28 	 8.066105593738411e-06 	 9.311680851557189e-12
74.13 	 7.856649082168917e-06 	 8.833373481120946e-12
74.99 	 7.657506807106164e-06 	 8.382103383093232e-12
75.86 	 7.457594158173619e-06 	 7.951197387018181e-12
76.74 	 7.2676455922378865e-06 	 7.544476737066488e-12
77.62 	 7.075763260115115e-06 	 7.152851580349891e-12
78.52 	 6.886371108350613e-06 	 6.769523980038651e-12
79.43 	 6.7000595442168e-06 	 6.4080706698124254e-12
80.35 	 6.5209189392393875e-06 	 6.0612534065305556e-12
81.28 	 6.348629317540831e-06 	 5.728614408929971e-12
82.22 	 6.176858050610025e-06 	 5.409816295324435e-12
83.18 	 6.012872284673064e-06 	 5.107081253723957e-12
84.14 	 5.85981347650167e-06 	 4.821731051125101e-12
85.11 	 5.706755031468034e-06 	 4.548403754964207e-12
86.1 	 5.5627484277936535e-06 	 4.286624618044142e-12
87.1 	 5.429968651021095e-06 	 4.035758488991645e-12
88.1 	 5.3034314437920916e-06 	 3.803373279826691e-12
89.13 	 5.181262074870283e-06 	 3.5830597792912787e-12
90.16 	 5.066876966151154e-06 	 3.376981420079826e-12
91.2 	 4.957862872088004e-06 	 3.1844293841199777e-12
92.26 	 4.849733505495957e-06 	 3.0017607984079705e-12
93.33 	 4.744632928067253e-06 	 2.8281776589680778e-12
94.41 	 4.642463386473112e-06 	 2.6632824723879415e-12
95.5 	 4.541576325004272e-06 	 2.508165742531243e-12
96.61 	 4.4391962507999146e-06 	 2.3588089025017717e-12
97.72 	 4.340017996545987e-06 	 2.218081362731695e-12
98.86 	 4.24641892289308e-06 	 2.0838322597739565e-12
100.0 	 4.1497523077823336e-06 	 1.956007993074527e-12
101.2 	 4.0564636140752305e-06 	 1.8290503960358698e-12
102.3 	 3.975788532469107e-06 	 1.7151287123786785e-12
103.5 	 3.8974529577475895e-06 	 1.6009217390805422e-12
104.7 	 3.824078493141796e-06 	 1.4918226042828673e-12
105.9 	 3.7595473437156565e-06 	 1.3906497662322109e-12
107.2 	 3.702752801638168e-06 	 1.2901448392827242e-12
108.4 	 3.657235113395623e-06 	 1.2026125355794006e-12
109.6 	 3.6236336612859993e-06 	 1.1198298187158186e-12
110.9 	 3.5959622865430105e-06 	 1.0392644108116923e-12
112.2 	 3.5780153874143028e-06 	 9.6487551764587e-13
113.5 	 3.5739704740179247e-06 	 8.958511278334549e-13
114.8 	 3.5814615215501657e-06 	 8.330642613968116e-13
116.1 	 3.602372675956068e-06 	 7.747223810952783e-13
117.5 	 3.632336241915534e-06 	 7.186352399534312e-13
118.9 	 3.6723240224605882e-06 	 6.670866275718741e-13
120.2 	 3.726376970698704e-06 	 6.218841455231656e-13
121.6 	 3.7887745473857288e-06 	 5.79032801942617e-13
123.0 	 3.864747016655083e-06 	 5.400437930012791e-13
124.5 	 3.950680765908554e-06 	 5.035188874616412e-13
125.9 	 4.056596743882781e-06 	 4.723401413770569e-13
127.4 	 4.171221146392853e-06 	 4.4322128994352403e-13
128.8 	 4.301643682450333e-06 	 4.1888591328598805e-13
130.3 	 4.439635666679769e-06 	 3.9676569086507097e-13
131.8 	 4.588866768589229e-06 	 3.7765069783009514e-13
133.4 	 4.745170955604058e-06 	 3.6073361002132066e-13
134.9 	 4.913492783743798e-06 	 3.479571234521442e-13
136.5 	 5.083074841211058e-06 	 3.3723870111389784e-13
138.0 	 5.262268086566632e-06 	 3.302620626405691e-13
139.6 	 5.439574047592003e-06 	 3.2514895610485104e-13
141.3 	 5.609955849454778e-06 	 3.215018962731906e-13
142.9 	 5.77698773191815e-06 	 3.2067524955999286e-13
144.5 	 5.9416406502163185e-06 	 3.223772940814864e-13
146.2 	 6.090032805258007e-06 	 3.249680329583581e-13
147.9 	 6.230927204113759e-06 	 3.295259939661673e-13
149.6 	 6.3558504622653395e-06 	 3.3519791725644895e-13
151.4 	 6.468086416858827e-06 	 3.4171998710626473e-13
153.1 	 6.568556932307049e-06 	 3.499628567910421e-13
154.9 	 6.651889945757493e-06 	 3.579463535003243e-13
156.7 	 6.724845779042848e-06 	 3.6689619310116345e-13
158.5 	 6.785809947782579e-06 	 3.762559796114766e-13
160.3 	 6.835407298743929e-06 	 3.859018959810867e-13
162.2 	 6.871709131715721e-06 	 3.952088376497179e-13
164.1 	 6.898728060310805e-06 	 4.041829503215157e-13
166.0 	 6.916309255550592e-06 	 4.1310084849788904e-13
167.9 	 6.923688264532501e-06 	 4.213719665171008e-13
169.8 	 6.926707747660083e-06 	 4.3001388213055166e-13
171.8 	 6.9190127317868215e-06 	 4.3698592416109755e-13
173.8 	 6.905574248826688e-06 	 4.4404543756554286e-13
175.8 	 6.886597327982672e-06 	 4.5032935885961447e-13
177.8 	 6.862612503415492e-06 	 4.558050073146343e-13
179.9 	 6.8324148699049315e-06 	 4.603893900527355e-13
182.0 	 6.7980696034524665e-06 	 4.641179608021601e-13
184.1 	 6.760963679589943e-06 	 4.67457791102096e-13
186.2 	 6.721358542263097e-06 	 4.703945293129975e-13
188.4 	 6.6777758292173615e-06 	 4.72138604255039e-13
190.5 	 6.633041214285349e-06 	 4.737932547461709e-13
192.8 	 6.581443589004919e-06 	 4.732970079467956e-13
195.0 	 6.53178607430714e-06 	 4.734067129911862e-13
197.2 	 6.482401416818366e-06 	 4.733635755586264e-13
199.5 	 6.426904151974964e-06 	 4.717636713113899e-13
201.8 	 6.37131993683752e-06 	 4.696310297373513e-13
204.2 	 6.31332309177706e-06 	 4.664943504451877e-13
206.5 	 6.257690868483483e-06 	 4.639779417403807e-13
208.9 	 6.198414246836856e-06 	 4.602816092778883e-13
211.3 	 6.138689277463288e-06 	 4.563341317636269e-13
213.8 	 6.07712830305261e-06 	 4.515222559209462e-13
216.3 	 6.01667592606209e-06 	 4.467321434112147e-13
218.8 	 5.9554516313693466e-06 	 4.4140253334741733e-13
221.3 	 5.8946764571155905e-06 	 4.3626666127071526e-13
223.9 	 5.831925295453311e-06 	 4.30071387430582e-13
226.5 	 5.769253081920171e-06 	 4.237834839479739e-13
229.1 	 5.708382449687594e-06 	 4.1792400794675735e-13
231.7 	 5.647118409675081e-06 	 4.1166338473120543e-13
234.4 	 5.583642712468098e-06 	 4.046495345632524e-13
237.1 	 5.522646333107917e-06 	 3.9797522327378327e-13
239.9 	 5.458568567973541e-06 	 3.904584467232492e-13
242.7 	 5.395956625534927e-06 	 3.8314537995657866e-13
245.5 	 5.33476087058948e-06 	 3.760290847068286e-13
248.3 	 5.274377090959894e-06 	 3.6920277366362784e-13
251.2 	 0.00017446059893228057 	 1.21061954346822e-11
254.1 	 5.15182952940716e-06 	 3.543384366364145e-13
257.0 	 5.09221525928948e-06 	 3.4716862471656365e-13
260.0 	 5.031146671864778e-06 	 3.3955659866510106e-13
263.0 	 4.971527664559368e-06 	 3.321932003350767e-13
266.1 	 4.910618977309541e-06 	 3.2445584636284205e-13
269.2 	 4.851185321036028e-06 	 3.169878553419549e-13
272.3 	 4.793173729204336e-06 	 3.097767595564941e-13
275.4 	 4.735750894085513e-06 	 3.0270121279284325e-13
278.6 	 4.677244332241916e-06 	 2.9533849414651307e-13
281.8 	 4.620163142195602e-06 	 2.8824440732781317e-13
285.1 	 4.562854944755013e-06 	 2.810112780869195e-13
288.4 	 4.506235058126661e-06 	 2.739567550415171e-13
291.7 	 4.450302803395526e-06 	 2.670790265635325e-13
295.1 	 4.394923362198409e-06 	 2.601922985987587e-13
298.5 	 4.3395727721117286e-06 	 2.53408362142197e-13
302.0 	 4.284168754225366e-06 	 2.465625527533704e-13
305.5 	 4.230147795334153e-06 	 2.399921561296994e-13
309.0 	 4.177736199105583e-06 	 2.3380919641489233e-13
312.6 	 4.124403483905214e-06 	 2.2738341623820285e-13
316.2 	 4.071809427584459e-06 	 2.2115571992812165e-13
319.9 	 4.019264384577849e-06 	 2.1491299558641947e-13
323.6 	 3.968037333641875e-06 	 2.0893105835439898e-13
327.3 	 3.9175305927658315e-06 	 2.0314009355881383e-13
331.1 	 3.86656702209044e-06 	 1.9729595113322092e-13
335.0 	 3.81651340344037e-06 	 1.9161761206828584e-13
338.8 	 3.767566274223932e-06 	 1.8621183153476654e-13
342.8 	 3.7181627704722883e-06 	 1.8065561408857227e-13
346.7 	 3.670578521974478e-06 	 1.755011297396011e-13
350.8 	 3.6216250786519497e-06 	 1.7013389799092143e-13
354.8 	 3.5751537848631314e-06 	 1.652708891183002e-13
358.9 	 3.5286325063976082e-06 	 1.6035898449626858e-13
363.1 	 3.4818684240188497e-06 	 1.5545406138769323e-13
367.3 	 3.4362915215463804e-06 	 1.5076803793414358e-13
371.5 	 3.3916367351067797e-06 	 1.463226433635869e-13
375.8 	 3.347002031583576e-06 	 1.418548882075561e-13
380.2 	 3.302212540836695e-06 	 1.374125132112656e-13
384.6 	 3.258564813936563e-06 	 1.3317217383025988e-13
389.0 	 3.216016794278795e-06 	 1.29121973605596e-13
393.6 	 3.172722140631523e-06 	 1.2502577139930206e-13
398.1 	 3.1311378316756232e-06 	 1.2118787610586045e-13
402.7 	 3.0894572853380443e-06 	 1.1738236963521198e-13
407.4 	 3.0480804526296838e-06 	 1.1363818753557362e-13
412.1 	 3.0077537146611095e-06 	 1.1006617569471233e-13
416.9 	 2.9675580304895793e-06 	 1.0657868028037435e-13
421.7 	 2.928210117887865e-06 	 1.0320902959276788e-13
426.6 	 2.888844201135731e-06 	 9.988247942729955e-14
431.5 	 2.8504763160966627e-06 	 9.671003934296408e-14
436.5 	 2.8124256267756496e-06 	 9.359671454957451e-14
441.6 	 2.774397829203257e-06 	 9.053091886490906e-14
446.7 	 2.7374942037379197e-06 	 8.764237341071463e-14
451.9 	 2.7007649028615236e-06 	 8.477881925289349e-14
457.1 	 2.664675325190235e-06 	 8.203690213506082e-14
462.4 	 2.628641453660475e-06 	 7.934191845845655e-14
467.7 	 2.5937954070282384e-06 	 7.678396486010133e-14
473.2 	 2.558465856126853e-06 	 7.420807061447032e-14
478.6 	 2.524300715733431e-06 	 7.180538547867863e-14
484.2 	 2.4899598939777348e-06 	 6.939901834374579e-14
489.8 	 2.4564918457787092e-06 	 6.710707443409738e-14
495.5 	 2.423375641556722e-06 	 6.48702278379683e-14
501.2 	 2.39085181815453e-06 	 6.273148469199448e-14
507.0 	 2.358677152998516e-06 	 6.06449649046838e-14
512.9 	 2.3266245255137803e-06 	 5.860430374781065e-14
518.8 	 2.295382489334318e-06 	 5.666075930441474e-14
524.8 	 2.26449015455576e-06 	 5.476669235987978e-14
530.9 	 2.2337334274844386e-06 	 5.291656005710914e-14
537.0 	 2.2037527318056276e-06 	 5.1154609958160615e-14
543.3 	 2.173719599476257e-06 	 4.9402694730382486e-14
549.5 	 2.1446326697056136e-06 	 4.776515994318477e-14
555.9 	 2.1155066442844416e-06 	 4.613781756098966e-14
562.3 	 2.0871143025322246e-06 	 4.458838120302034e-14
568.9 	 2.058513175024892e-06 	 4.3047631584204506e-14
575.4 	 2.0311784557422275e-06 	 4.1614090892604755e-14
582.1 	 2.0035693171424e-06 	 4.019779434054792e-14
588.8 	 1.976729271888204e-06 	 3.8840617055659063e-14
595.7 	 1.9497240501910753e-06 	 3.7494203742792716e-14
602.6 	 1.9234007848677585e-06 	 3.621300753346796e-14
609.5 	 1.89756527329374e-06 	 3.499033243574012e-14
616.6 	 1.8717631849168806e-06 	 3.378164537327972e-14
623.7 	 1.8466087611480458e-06 	 3.263123639608803e-14
631.0 	 1.8215012786324836e-06 	 3.14955986854988e-14
638.3 	 1.7968681174276601e-06 	 3.041286303381589e-14
645.7 	 1.7726687577914052e-06 	 2.937218244278771e-14
653.1 	 1.7489794950982348e-06 	 2.837320143458983e-14
660.7 	 1.7252050761527088e-06 	 2.7386649013970734e-14
668.3 	 1.7021154127283854e-06 	 2.6455117312261795e-14
676.1 	 1.6790113663141045e-06 	 2.5530525087516557e-14
683.9 	 1.6564849968706217e-06 	 2.465076378493495e-14
691.8 	 1.6342296574922666e-06 	 2.380439874135165e-14
699.8 	 1.6122110891391615e-06 	 2.2979165511509808e-14
707.9 	 1.5904666316116902e-06 	 2.2185762501471188e-14
716.1 	 1.569170588949972e-06 	 2.141956294076826e-14
724.4 	 1.5479819079827227e-06 	 2.067219851943297e-14
732.8 	 1.5271897797218496e-06 	 1.9955188589230732e-14
741.3 	 1.5065891854946939e-06 	 1.926131418378197e-14
749.9 	 1.4864192404553363e-06 	 1.859179703825891e-14
758.6 	 1.466438804735298e-06 	 1.7944192932786485e-14
767.4 	 1.446651285858893e-06 	 1.7318001498860196e-14
776.2 	 1.4274651755651807e-06 	 1.6722729541594144e-14
785.2 	 1.4082805749597463e-06 	 1.613864568832502e-14
794.3 	 1.3893951692250149e-06 	 1.5574883882091186e-14
803.5 	 1.3708749285490086e-06 	 1.5034443806643485e-14
812.8 	 1.3524727481463307e-06 	 1.4508744908027478e-14
822.2 	 1.3344297146862675e-06 	 1.4004910514532919e-14
831.8 	 1.3165136093941131e-06 	 1.3512223175743473e-14
841.4 	 1.298975237874226e-06 	 1.3040357440052332e-14
851.1 	 1.2816859899933922e-06 	 1.2587774147466693e-14
861.0 	 1.264526501963885e-06 	 1.21455580439116e-14
871.0 	 1.247709308720857e-06 	 1.1722013496657022e-14
881.0 	 1.2312435736362377e-06 	 1.131625126947222e-14
891.3 	 1.2146818849970566e-06 	 1.0914813810120583e-14
901.6 	 1.1985895566536224e-06 	 1.0535280072973421e-14
912.0 	 1.1827020859851029e-06 	 1.016720189260451e-14
922.6 	 1.1670070588409917e-06 	 9.810434323716641e-15
933.3 	 1.1514923489752732e-06 	 9.466577950240663e-15
944.1 	 1.1363494282345508e-06 	 9.139356861071574e-15
955.0 	 1.1210719908391432e-06 	 8.810788252233176e-15
966.1 	 1.1064061643135422e-06 	 8.509185990717104e-15
977.2 	 1.0915636460232876e-06 	 8.204517734585467e-15
988.6 	 1.0772823414614668e-06 	 7.92168741789246e-15
1000.0 	 1.063349682561414e-06 	 7.652304635943804e-15
