0.001 	 9.657500694709332e-06 	 0.03330445402568702
0.001012 	 9.983885253201743e-06 	 0.03321202957016954
0.001023 	 1.032855277816035e-05 	 0.03323627683775983
0.001035 	 1.0671263127438678e-05 	 0.03331609638547326
0.001047 	 1.1021616211082005e-05 	 0.03337568075745597
0.001059 	 1.1390842768438282e-05 	 0.03341680260338065
0.001072 	 1.176732530288417e-05 	 0.033502095180495066
0.001084 	 1.2172172401727225e-05 	 0.03350711035966841
0.001096 	 1.2594067350540828e-05 	 0.03367560883508709
0.001109 	 1.301704364846216e-05 	 0.033700814009176
0.001122 	 1.3451912542185968e-05 	 0.03370797842511421
0.001135 	 1.3912560530862743e-05 	 0.03369899718839474
0.001148 	 1.4394583680274882e-05 	 0.03383775513787323
0.001161 	 1.4893766214499203e-05 	 0.033955188793703066
0.001175 	 1.5396423878480926e-05 	 0.033936795254564715
0.001189 	 1.5911129175512938e-05 	 0.03390188526504818
0.001202 	 1.6447767708511048e-05 	 0.034113378760299955
0.001216 	 1.69823143724487e-05 	 0.03404379379215646
0.00123 	 1.752448987666307e-05 	 0.03410335963690324
0.001245 	 1.807906273478495e-05 	 0.03403566928257029
0.001259 	 1.8693226561569356e-05 	 0.034199057312540845
0.001274 	 1.9310583166631823e-05 	 0.03423336083242002
0.001288 	 1.9957383057638566e-05 	 0.03435583142780149
0.001303 	 2.0599382641278448e-05 	 0.034353377391514284
0.001318 	 2.127294840399451e-05 	 0.03446035846907108
0.001334 	 2.1960527049135227e-05 	 0.03432319600409818
0.001349 	 2.269371158159819e-05 	 0.03451501028030592
0.001365 	 2.34322535811999e-05 	 0.03446711698228786
0.00138 	 2.4215293643236525e-05 	 0.03461918405127732
0.001396 	 2.5004289658415827e-05 	 0.03465225088812331
0.001413 	 2.5811727513301843e-05 	 0.03467979426419256
0.001429 	 2.6669689690805272e-05 	 0.03478692416976468
0.001445 	 2.7556387332522327e-05 	 0.03487561619944608
0.001462 	 2.844030448582704e-05 	 0.03485091663787072
0.001479 	 2.9375235801771964e-05 	 0.03491258713325466
0.001496 	 3.031604830293554e-05 	 0.03495564933116321
0.001514 	 3.129548336006768e-05 	 0.03489204773454107
0.001531 	 3.2325987183294975e-05 	 0.034999431729414957
0.001549 	 3.336473094739184e-05 	 0.034998620366914424
0.001567 	 3.443141464311013e-05 	 0.03507134407635233
0.001585 	 3.5550671325023644e-05 	 0.0351279976881943
0.001603 	 3.669542415265389e-05 	 0.03516825945461783
0.001622 	 3.789151456304897e-05 	 0.03519187552485634
0.001641 	 3.9084649393724654e-05 	 0.03519791444322824
0.00166 	 4.0348260055614915e-05 	 0.03527063433714747
0.001679 	 4.1607442990686935e-05 	 0.03524765714677647
0.001698 	 4.295795675340865e-05 	 0.035366541947547375
0.001718 	 4.432367555513981e-05 	 0.03538594682492813
0.001738 	 4.575135832132354e-05 	 0.03539264376130101
0.001758 	 4.719275363764482e-05 	 0.035454755732310016
0.001778 	 4.869302094152517e-05 	 0.035503099795457
0.001799 	 5.0199713807461495e-05 	 0.0354583502638818
0.00182 	 5.178314159639074e-05 	 0.035470391423701585
0.001841 	 5.344068306866593e-05 	 0.03553556038154842
0.001862 	 5.512623901603917e-05 	 0.035585387750051586
0.001884 	 5.68517739741692e-05 	 0.035548284547955056
0.001905 	 5.865345048173517e-05 	 0.03563507107661936
0.001928 	 6.041633699835389e-05 	 0.03555901831977296
0.00195 	 6.229440329533111e-05 	 0.03554961089197545
0.001972 	 6.425409724587357e-05 	 0.03564336026034716
0.001995 	 6.625942990604572e-05 	 0.035600328077927915
0.002018 	 6.833975612464716e-05 	 0.03560354303452244
0.002042 	 7.043815557354658e-05 	 0.03557888665764816
0.002065 	 7.260155322778982e-05 	 0.03561240105031678
0.002089 	 7.477869235457209e-05 	 0.03556774934076652
0.002113 	 7.704087389588114e-05 	 0.03556595592926105
0.002138 	 7.938606543594335e-05 	 0.03554054696635257
0.002163 	 8.180842323478427e-05 	 0.03550892899958004
0.002188 	 8.432387912530631e-05 	 0.035517446894461555
0.002213 	 8.69109213074035e-05 	 0.03551917311379985
0.002239 	 8.952715151358016e-05 	 0.03545150727773327
0.002265 	 9.2155083096332e-05 	 0.03541704120219191
0.002291 	 9.486513971528794e-05 	 0.03537887849045416
0.002317 	 9.770713384276744e-05 	 0.03538061592315819
0.002344 	 0.00010061638717161154 	 0.035320340327853736
0.002371 	 0.00010364776759976333 	 0.035298753050702264
0.002399 	 0.0001067356565409887 	 0.035181490176701476
0.002427 	 0.00010991966642704526 	 0.03513732168896273
0.002455 	 0.00011316335007170332 	 0.03505623413125742
0.002483 	 0.0001164647663045993 	 0.0350078850462681
0.002512 	 0.00011974202260150917 	 0.034964257266899064
0.002541 	 0.00012320008056306155 	 0.03489615336658538
0.00257 	 0.00012680128435102068 	 0.03483454871945918
0.0026 	 0.00013049068555635236 	 0.03475610164441185
0.00263 	 0.00013432746481944886 	 0.03465676355832719
0.002661 	 0.00013820900083748642 	 0.03453988170257339
0.002692 	 0.00014219721430254646 	 0.034403117133047
0.002723 	 0.0001462736074074109 	 0.03427430747592464
0.002754 	 0.0001504647328715612 	 0.03418182375043249
0.002786 	 0.00015485674549483417 	 0.03401129784803475
0.002818 	 0.00015943725740261415 	 0.033885587490843985
0.002851 	 0.00016399987150367 	 0.033695513966810524
0.002884 	 0.0001685988959023485 	 0.03349194224749749
0.002917 	 0.0001733723517399268 	 0.033333035967875846
0.002951 	 0.0001781163160630258 	 0.03311638314425342
0.002985 	 0.00018288833753978735 	 0.03291101565879312
0.00302 	 0.00018775972672350474 	 0.03268478899479466
0.003055 	 0.00019251958886823842 	 0.032439310897335066
0.00309 	 0.0001974344931216422 	 0.03221795050508956
0.003126 	 0.0002026940899320909 	 0.031983129967349797
0.003162 	 0.0002080906181901129 	 0.03171989573692155
0.003199 	 0.00021355294564489753 	 0.031461634002090275
0.003236 	 0.00021914124885433783 	 0.031196779454991913
0.003273 	 0.0002247273746128778 	 0.030948541392419933
0.003311 	 0.00023048680860171202 	 0.03065436293607159
0.00335 	 0.00023640847984884904 	 0.03031993149961146
0.003388 	 0.00024262467241207235 	 0.03002157894767261
0.003428 	 0.00024867623096714247 	 0.02964855511707457
0.003467 	 0.00025501281083606316 	 0.029329459631830757
0.003508 	 0.0002614063912713395 	 0.02893843976559755
0.003548 	 0.0002679562229894545 	 0.028570485593249484
0.003589 	 0.00027462238637579174 	 0.028151179322848358
0.003631 	 0.00028128367144103657 	 0.027690254403350965
0.003673 	 0.00028812414803353406 	 0.027286627024868094
0.003715 	 0.00029502768146518637 	 0.02684723199883417
0.003758 	 0.0003021273488206993 	 0.026334130486635795
0.003802 	 0.00030930419793290557 	 0.025771867205974037
0.003846 	 0.0003165265244020213 	 0.02518189807638819
0.00389 	 0.00032390164544245786 	 0.02492335807044659
0.003935 	 0.00033133977932243736 	 0.024874725882101188
0.003981 	 0.0003389253827758224 	 0.024375808271735168
0.004027 	 0.0003465317336700558 	 0.02353357520941716
0.004074 	 0.0003541702152839205 	 0.022442657949991278
0.004121 	 0.00036192169989697964 	 0.021259751108699945
0.004169 	 0.0003695770026349606 	 0.01947801745188525
0.004217 	 0.0003774200706611088 	 0.017938124707949386
0.004266 	 0.0003851678898292053 	 0.01718681394252273
0.004315 	 0.0003929088400466286 	 0.017587506233512316
0.004365 	 0.0004005491968147442 	 0.019450633281425895
0.004416 	 0.00040850279610916734 	 0.021664884902375375
0.004467 	 1.842773957330233e-05 	 0.0033234479562627398
0.004519 	 1.894791679419105e-05 	 0.0009299880446581685
0.004571 	 1.9500470736290584e-05 	 7.631034016631076e-05
0.004624 	 2.0079926748878944e-05 	 0.00023475068177372584
0.004677 	 2.0680720344324654e-05 	 0.0009917945049335735
0.004732 	 2.1293122852130806e-05 	 0.002043194173229947
0.004786 	 2.1920859715873527e-05 	 0.003044502032032012
0.004842 	 2.2532844201787157e-05 	 0.0037369123431619366
0.004898 	 2.317216752495513e-05 	 0.004349748203635208
0.004954 	 2.383788996153221e-05 	 0.004863178368934529
0.005012 	 2.452743246389472e-05 	 0.0052613067523503065
0.00507 	 2.5233089478283012e-05 	 0.005547835716151823
0.005129 	 2.594922008681597e-05 	 0.005713301557644131
0.005188 	 2.668048661202227e-05 	 0.005884074004961926
0.005248 	 2.7421562123506553e-05 	 0.006201640465330625
0.005309 	 2.819422829305335e-05 	 0.006498230492957367
0.00537 	 2.9002403415799902e-05 	 0.006784800082687099
0.005433 	 2.9826418467979997e-05 	 0.007044102284261817
0.005495 	 3.068898834340282e-05 	 0.0072979846702830005
0.005559 	 3.1557614863224154e-05 	 0.007523940993508281
0.005623 	 3.244993843550199e-05 	 0.007735950509614055
0.005689 	 3.337493469562589e-05 	 0.007945789467861368
0.005754 	 3.4348399587354786e-05 	 0.00816005136697718
0.005821 	 3.5330047202401956e-05 	 0.008358433660826867
0.005888 	 3.6337821276780234e-05 	 0.008545984630879437
0.005957 	 3.735832657742039e-05 	 0.00871746074320753
0.006026 	 3.8396107069589166e-05 	 0.00888140450259244
0.006095 	 3.945058483739277e-05 	 0.009038056004623677
0.006166 	 4.050146005020621e-05 	 0.00917276281775072
0.006237 	 4.161990417658047e-05 	 0.009315415165334708
0.00631 	 4.279655085104076e-05 	 0.00945649858763839
0.006383 	 4.400385642833737e-05 	 0.00959595921564162
0.006457 	 4.5227480173743004e-05 	 0.009724989638431714
0.006531 	 4.6473449175801467e-05 	 0.009852467899378567
0.006607 	 4.777586762234684e-05 	 0.00997727183416818
0.006683 	 4.912197683971023e-05 	 0.010100299009990977
0.006761 	 5.0483370817515316e-05 	 0.010212028422181534
0.006839 	 5.187350156320497e-05 	 0.010321916013092755
0.006918 	 5.3301366042221284e-05 	 0.010426556583047602
0.006998 	 5.4776741178107446e-05 	 0.010528393825504627
0.007079 	 5.628591083067378e-05 	 0.010624784213133101
0.007161 	 5.7827140968301675e-05 	 0.01071805762424741
0.007244 	 5.941560010901769e-05 	 0.010810460075406196
0.007328 	 6.1015736417544415e-05 	 0.010899289826745904
0.007413 	 6.26814177705401e-05 	 0.010984689404114617
0.007499 	 6.440983118575903e-05 	 0.011070924416607663
0.007586 	 6.619809473283546e-05 	 0.011146914134066637
0.007674 	 6.804377802482938e-05 	 0.011238205473592656
0.007762 	 6.99529660618575e-05 	 0.011320558648856064
0.007852 	 7.185362857989196e-05 	 0.011402826612532599
0.007943 	 7.38049539292304e-05 	 0.011470633149495424
0.008035 	 7.580477313468307e-05 	 0.011543999074079339
0.008128 	 7.790059766517422e-05 	 0.011603500822270154
0.008222 	 8.003945168373132e-05 	 0.011686821431595077
0.008318 	 8.215952962986402e-05 	 0.01173145510801967
0.008414 	 8.437763401096208e-05 	 0.011804716269457715
0.008511 	 8.667979554809627e-05 	 0.011864158248986593
0.00861 	 8.905236869567878e-05 	 0.011922027806284489
0.00871 	 9.145512315853946e-05 	 0.011983212363360515
0.00881 	 9.394319042881721e-05 	 0.012052959276383947
0.008913 	 9.643525090693658e-05 	 0.012098014635243756
0.009016 	 9.905237667853918e-05 	 0.012151679165448449
0.00912 	 0.00010173457202222902 	 0.012207837137922612
0.009226 	 0.00010451171798733834 	 0.012261010341947728
0.009333 	 0.0001073467160367759 	 0.012315994537873068
0.009441 	 0.00011023642399861884 	 0.012357886760971949
0.00955 	 0.000113178878891977 	 0.012415779703854773
0.009661 	 0.00011615872203730018 	 0.012455388275944085
0.009772 	 0.00011928118911063287 	 0.01250175572918624
0.009886 	 0.00012250441971987748 	 0.012539234515936387
0.01 	 0.00012581913886976155 	 0.01258267906834829
0.01012 	 0.00012914618458167708 	 0.01261456109059255
0.01023 	 0.00013268577040592784 	 0.012688602340876412
0.01035 	 0.00013617825550093086 	 0.01271806228178235
0.01047 	 0.0001397097283041298 	 0.012752364667685352
0.01059 	 0.00014339514682551251 	 0.012803552451408004
0.01072 	 0.00014712934757680243 	 0.012799901488433296
0.01084 	 0.0001511044276456818 	 0.012860044473861272
0.01096 	 0.00015521913265056938 	 0.012935011071782458
0.01109 	 0.00015928745548914906 	 0.01295529692422777
0.01122 	 0.0001634827566776193 	 0.012979671441025888
0.01135 	 0.00016783743056252164 	 0.013018372537169308
0.01148 	 0.00017238195091212963 	 0.01307069620353707
0.01161 	 0.00017707383208312864 	 0.01311586657791382
0.01175 	 0.00018168507031496764 	 0.013128505432416691
0.01189 	 0.00018643194810791285 	 0.01314431470379369
0.01202 	 0.0001914010027832319 	 0.013206584474093374
0.01216 	 0.00019627419961436478 	 0.013226992901633781
0.0123 	 0.00020123984839444186 	 0.013249877206452484
0.01245 	 0.00020619580046204913 	 0.013241459902496863
0.01259 	 0.00021169409168059013 	 0.01328789068610845
0.01274 	 0.00021716332228861806 	 0.013302400506482903
0.01288 	 0.0002229044720235928 	 0.01335201873047896
0.01303 	 0.00022854082411431586 	 0.01336955321958118
0.01318 	 0.00023442846188560638 	 0.013404972997150417
0.01334 	 0.00024034677090168074 	 0.013401625134409277
0.01349 	 0.00024661739171618545 	 0.013447498531049932
0.01365 	 0.00025293198183610766 	 0.013462289726713072
0.0138 	 0.0002595316974009049 	 0.013517076668593215
0.01396 	 0.00026615865359989096 	 0.013540761792363886
0.01413 	 0.0002727974357706369 	 0.01352723679568697
0.01429 	 0.00027988452001279904 	 0.013567037955000897
0.01445 	 0.00028724801818349587 	 0.013607818755233078
0.01462 	 0.0002943983781740978 	 0.01362324961943282
0.01479 	 0.00030194769506273095 	 0.013640569117880036
0.01496 	 0.0003096090330968911 	 0.013664180731642222
0.01514 	 0.00031744123821874325 	 0.013659099749236018
0.01531 	 0.00032557996178560623 	 0.013695972754267613
0.01549 	 0.00033360007976789355 	 0.01370254531933852
0.01567 	 0.0003419716003078139 	 0.013716097171963353
0.01585 	 0.0003506833149134804 	 0.013736233818869877
0.01603 	 0.0003597257147107412 	 0.013767836603219083
0.01622 	 0.00036885994170763676 	 0.013771083551415911
0.01641 	 0.00037804594675122064 	 0.013778873037402297
0.0166 	 0.0003875323250770354 	 0.01379723729833355
0.01679 	 0.0003970639704846647 	 0.013824104352121589
0.01698 	 0.00040712512832066246 	 0.0138570728219216
0.01718 	 0.00041721710628684185 	 0.013866696446798086
0.01738 	 0.00042780610154072 	 0.013886743182424069
0.01758 	 0.00043840464036686775 	 0.013909509330396664
0.01778 	 0.00044924417335890716 	 0.013931905821620547
0.01799 	 0.0004602945405180461 	 0.013932673180189536
0.0182 	 0.00047156319047085245 	 0.013941580593657528
0.01841 	 0.0004832671353345098 	 0.013955468592201288
0.01862 	 0.0004953960790820285 	 0.01398186617361709
0.01884 	 0.0005074427764587021 	 0.013977633871063693
0.01905 	 0.0005201599723153942 	 0.014014978408390912
0.01928 	 0.0005329304610012678 	 0.014002638002230772
0.0195 	 0.0005463433064951192 	 0.014030583404078548
0.01972 	 0.0005601112861117371 	 0.014061871334541202
0.01995 	 0.000573937981140088 	 0.014071491269911007
0.02018 	 0.0005878856757217171 	 0.014083333808082691
0.02042 	 0.0006018621952058354 	 0.014074106999872332
0.02065 	 0.0006164422647483512 	 0.014095768551029444
0.02089 	 0.0006314283798767597 	 0.014104862386243302
0.02113 	 0.0006468907245760194 	 0.014117950020465885
0.02138 	 0.0006623120513407897 	 0.014110217250523912
0.02163 	 0.0006781802101439322 	 0.014109483981245471
0.02188 	 0.0006944863017702251 	 0.01412095180332165
0.02213 	 0.000711215649517883 	 0.014141164039708269
0.02239 	 0.0007282130398489021 	 0.014140123117642718
0.02265 	 0.0007457803890726397 	 0.014146095995769088
0.02291 	 0.0007639006962731109 	 0.014158738537977765
0.02317 	 0.0007823745397278677 	 0.014174179389811702
0.02344 	 0.0008010366180605966 	 0.014176428136330436
0.02371 	 0.0008202161012822826 	 0.014198996275937485
0.02399 	 0.0008395201620352197 	 0.014191555226038578
0.02427 	 0.000859454216112299 	 0.01418440247265783
0.02455 	 0.000880026656994264 	 0.014199616082781327
0.02483 	 0.000901220773308511 	 0.014235807701132377
0.02512 	 0.0009225950314613084 	 0.01422713345643437
0.02541 	 0.0009445484339699471 	 0.014239279726044364
0.0257 	 0.0009670359862619679 	 0.014251007965587962
0.026 	 0.0009896923038703374 	 0.014260000640291799
0.0263 	 0.0010129728312504164 	 0.014250437494894335
0.02661 	 0.0010365637165890482 	 0.014257931800224055
0.02692 	 0.0010607311384981926 	 0.014247638131044535
0.02723 	 0.0010853672261122162 	 0.014255307901000151
0.02754 	 0.0011108882028902142 	 0.014265359505198943
0.02786 	 0.001136590828616773 	 0.014272327912623306
0.02818 	 0.0011630887516961444 	 0.014265121121188318
0.02851 	 0.0011898994595911103 	 0.014271961159869083
0.02884 	 0.0012176356046152343 	 0.014281663829777684
0.02917 	 0.0012463081910038965 	 0.014309474190904307
0.02951 	 0.0012750937991669457 	 0.014303561291486917
0.02985 	 0.001304904406051775 	 0.014316413209869747
0.0302 	 0.0013350889358511467 	 0.01431304200201082
0.03055 	 0.0013659161024658878 	 0.014312039316088185
0.0309 	 0.0013969956373069204 	 0.014324382369214513
0.03126 	 0.0014286019491777044 	 0.01430960327339019
0.03162 	 0.0014623664895727295 	 0.014332054818069736
0.03199 	 0.0014949489457848483 	 0.014318451316367536
0.03236 	 0.0015282455982491656 	 0.014320432797115987
0.03273 	 0.0015635049728498305 	 0.014333058304509053
0.03311 	 0.0015988878727969218 	 0.01433106890348043
0.0335 	 0.0016343625843231978 	 0.014315068422526642
0.03388 	 0.0016709349766391988 	 0.01433038028484975
0.03428 	 0.0017082690673332617 	 0.014311578310744444
0.03467 	 0.0017466486718923997 	 0.014323332423136784
0.03508 	 0.0017845000195410375 	 0.014305148211471922
0.03548 	 0.001824541569635541 	 0.01431376018137176
0.03589 	 0.0018645510589727781 	 0.014318917265864626
0.03631 	 0.0019055866813547065 	 0.014308746958431826
0.03673 	 0.0019482297833017079 	 0.01431808775539461
0.03715 	 0.0019899819394049965 	 0.014314380791542214
0.03758 	 0.0020338621206332052 	 0.014312442945714906
0.03802 	 0.0020774850487357776 	 0.014298780258265786
0.03846 	 0.0021213821530430706 	 0.014288736479659222
0.0389 	 0.002167794917713474 	 0.014295481577456193
0.03935 	 0.0022138668293555843 	 0.014290895573867026
0.03981 	 0.0022595133677448674 	 0.014267849708135993
0.04027 	 0.0023064438958085662 	 0.014255337040868241
0.04074 	 0.002355194295276561 	 0.014252558321366614
0.04121 	 0.002403995838049635 	 0.014246249407602746
0.04169 	 0.002452257901617822 	 0.014223218590051148
0.04217 	 0.0025016020385976046 	 0.014204024402755111
0.04266 	 0.00255154838222008 	 0.014188423067002022
0.04315 	 0.0026035322632533896 	 0.014182664088855598
0.04365 	 0.0026548556316862183 	 0.01416187649196002
0.04416 	 0.0027066703374225187 	 0.014144626659964708
0.04467 	 0.0027593136069652526 	 0.01412590232117093
0.04519 	 0.002812298461748912 	 0.014105030811025364
0.04571 	 0.0028661300070187026 	 0.014088987359573603
0.04624 	 0.00292015026982051 	 0.014065677022642746
0.04677 	 0.0029750460994324834 	 0.014052809537161077
0.04732 	 0.0030294253685810993 	 0.014021248458174854
0.04786 	 0.0030851714201374433 	 0.014007053891157993
0.04842 	 0.0031405195571173605 	 0.013984646296845168
0.04898 	 0.0031964439080842785 	 0.013963038874928347
0.04955 	 0.0032524598646982614 	 0.013940366730935334
0.05012 	 0.003305884061421184 	 0.013885883979768124
0.0507 	 0.003362363489071381 	 0.013860060190519339
0.05129 	 0.0034210394307770415 	 0.01386042496857602
0.05188 	 0.0034841999437635798 	 0.013957530638043834
0.05248 	 0.0035555880673220483 	 0.01416170380419952
0.05309 	 0.003635003358750327 	 0.01436518915602867
0.0537 	 0.0037218995059728087 	 0.014575029584256102
0.05432 	 0.003841305896419023 	 0.014832810755776625
0.05495 	 0.003960647156231398 	 0.014992884001449757
0.05559 	 0.004064667173510054 	 0.01502264325621355
0.05623 	 0.004152648242925286 	 0.014935736483011254
0.05689 	 0.004175130117167376 	 0.01434514051110338
0.05754 	 0.004166122933325053 	 0.013656761984298207
0.05821 	 0.004137086177080245 	 0.012942261829984284
0.05888 	 0.004091177839398596 	 0.012219424605363658
0.05957 	 0.004004538694384842 	 0.011468640784040815
0.06026 	 0.003930550782743669 	 0.010911949556334316
0.06095 	 0.0038794665467208078 	 0.01054832607792408
0.06166 	 0.0038487019353801145 	 0.010347302050353946
0.06237 	 0.003884449590199081 	 0.010551884231882169
0.0631 	 0.003991099556828451 	 0.011112086053142536
0.06383 	 0.004132449746500736 	 0.011836706886323581
0.06457 	 0.004304277256475202 	 0.012710871156288016
0.06531 	 0.0045086445964745555 	 0.013767466619229366
0.06607 	 0.00474469270349091 	 0.014920439335258776
0.06683 	 0.004973543817842189 	 0.01596969054333661
0.06761 	 0.005191314844599128 	 0.016889128665416482
0.06839 	 0.005396170162342281 	 0.017688274512223587
0.06918 	 0.005581909711340347 	 0.018253502540811494
0.06998 	 0.005718336421189307 	 0.01841535689568594
0.07079 	 0.005803254827647584 	 0.018324975953088678
0.07161 	 0.005844042556927861 	 0.018030904622129414
0.07244 	 0.005844700271089673 	 0.017559700819339965
0.07328 	 0.0057699856203166245 	 0.016656699052037996
0.07413 	 0.005625041731590038 	 0.015375347682660438
0.07499 	 0.00547780805740587 	 0.014191858360559875
0.07586 	 0.0053218421465280425 	 0.013044264835105164
0.07674 	 0.005163621158739325 	 0.011962509682308132
0.07762 	 0.005007807720282903 	 0.010958134876735252
0.07852 	 0.004895066404279613 	 0.010193297489902225
0.07943 	 0.0048074859253708045 	 0.009582758224857525
0.08035 	 0.004743963721437325 	 0.0091048110634824
0.08128 	 0.004703089855425586 	 0.008741246820783467
0.08222 	 0.004683187830761043 	 0.008476698171933545
0.08318 	 0.004699170703799975 	 0.008376459799011153
0.08414 	 0.0047535514433170506 	 0.008453832212443207
0.08511 	 0.004831648732523793 	 0.008640689144697747
0.0861 	 0.0049265523808188815 	 0.008909563276454733
0.0871 	 0.005044609060587327 	 0.009299293268978739
0.0881 	 0.0051807236752593865 	 0.009799467841126454
0.08913 	 0.005301754548372162 	 0.01027640090947965
0.09016 	 0.005401436280872539 	 0.010712208277874606
0.0912 	 0.005499644749752329 	 0.01119762487665925
0.09226 	 0.005545377668288575 	 0.01141159899226912
0.09333 	 0.0055908009182240965 	 0.011650306831988411
0.09441 	 0.005682155310867502 	 0.012189560144399508
0.0955 	 0.00575169884180409 	 0.01272576377760645
0.09661 	 0.005758078430661434 	 0.013109096669270445
0.09772 	 0.005691826708755224 	 0.013157140515132405
0.09886 	 0.00552628658093405 	 0.012590863004860219
0.1 	 0.0053570995080147255 	 0.012002867589276638
0.1012 	 0.005266550717320302 	 0.011684319618140527
0.1023 	 0.00521620130535308 	 0.011642183649713022
0.1035 	 0.005220362629157167 	 0.012066667005334077
0.1047 	 0.0051877836085780895 	 0.012559389154037311
0.1059 	 0.0051110086272935255 	 0.01322671773811737
0.1072 	 0.004889261787708535 	 0.013329235018798135
0.1084 	 0.004442473668473855 	 0.012836746473126659
0.1096 	 0.003879787886064394 	 0.012017639545496022
0.1109 	 0.0033385382895705544 	 0.01108245865954115
0.1122 	 0.002879836644470116 	 0.00937334359476482
0.1135 	 0.002468368242152177 	 0.007714311256282503
0.1148 	 0.0020837549876463104 	 0.006124531435280437
0.1161 	 0.0018365539163454298 	 0.005320399462374614
0.1175 	 0.0016444971742945124 	 0.004675328370492077
0.1189 	 0.0014730320309982825 	 0.004123615827988797
0.1202 	 0.0013089107279363572 	 0.0036382035882645595
0.1216 	 0.0011636211366640023 	 0.0032093212867261352
0.123 	 0.0010419529079838054 	 0.0028301866187253155
0.1245 	 0.0009393919273330787 	 0.0024906349449526125
0.1259 	 0.0008558495119763352 	 0.0022099958810712157
0.1274 	 0.0007874970405547789 	 0.001965997947190126
0.1288 	 0.0007336352291471999 	 0.0017616219172212034
0.1303 	 0.0006886943215446127 	 0.0015831410172326354
0.1318 	 0.0006486778796271348 	 0.0014285303221211025
0.1334 	 0.0006131843141748575 	 0.0012907929381786875
0.1349 	 0.000582555895518722 	 0.0011734127470196336
0.1365 	 0.0005547143923734155 	 0.0010684058892089384
0.138 	 0.0005284426935984229 	 0.00097838686075404
0.1396 	 0.0005020045190703009 	 0.0008973239215356968
0.1413 	 0.0004748826398337033 	 0.0008189064802308996
0.1429 	 0.00045149140140925923 	 0.0007470782975281793
0.1445 	 0.0004304636118079621 	 0.0006838467815308107
0.1462 	 0.0004120541489504346 	 0.0006234931443968824
0.1479 	 0.0003968227717827601 	 0.0005686094763271134
0.1496 	 0.0003845751288328978 	 0.0005182578133400245
0.1514 	 0.0003753902963356633 	 0.00047103614603203546
0.1531 	 0.00037075300487028574 	 0.00043041356637346076
0.1549 	 0.00037013890624462334 	 0.0003932612867213442
0.1567 	 0.0003752105228757622 	 0.0003609292118264261
0.1585 	 0.0003837473924564114 	 0.00033267955043645163
0.1603 	 0.0003946923062708019 	 0.0003081092902024882
0.1622 	 0.00040515214117861436 	 0.00028635851525156896
0.1641 	 0.00041524607506625175 	 0.00026738167059145966
0.166 	 0.00042435712758321487 	 0.0002509620451981196
0.1679 	 0.000430356903876469 	 0.00023620926665539967
0.1698 	 0.00043471035787605924 	 0.00022265412247921603
0.1718 	 0.00043526775681063546 	 0.00021052127934824462
0.1738 	 0.0004351939386315643 	 0.0001988266347049909
0.1758 	 0.0004341812685164391 	 0.00018744619191226312
0.1778 	 0.0004326260890442077 	 0.00017637868419729665
0.1799 	 0.000430277814077625 	 0.0001653415768313229
0.182 	 0.000425613824761798 	 0.00015427999934888972
0.1841 	 0.00042169688809311564 	 0.00014373307973493228
0.1862 	 0.00041866593417043483 	 0.00013373170393024368
0.1884 	 0.0004159404858603776 	 0.00012396798348341656
0.1905 	 0.00041549893328822024 	 0.00011502299948006926
0.1928 	 0.00042013051619083113 	 0.00010644059670040426
0.195 	 0.0004273207847405412 	 9.882391989011288e-05
0.1972 	 0.0004369450152059934 	 9.194207096132285e-05
0.1995 	 0.00044859875051138083 	 8.551925044913946e-05
0.2018 	 0.00046255593228225646 	 8.004210354294514e-05
0.2042 	 0.00047859212006425835 	 7.517489942102978e-05
0.2065 	 0.0004968027157919063 	 7.111929950223375e-05
0.2089 	 0.0005165315235157883 	 6.74914105963731e-05
0.2113 	 0.0005382850805201829 	 6.470341121171821e-05
0.2138 	 0.00056130425521354 	 6.25903654678224e-05
0.2163 	 0.0005801947093710689 	 6.09065580327229e-05
0.2188 	 0.0005962809526280185 	 5.917147526437946e-05
0.2213 	 0.0006131418829586971 	 5.730926841539871e-05
0.2239 	 0.0006312544738138712 	 5.541838686386086e-05
0.2265 	 0.0006548018964426334 	 5.429077965845697e-05
0.2291 	 0.0006825068572429575 	 5.3906741288273375e-05
0.2317 	 0.0007107100316063196 	 5.4018974000523705e-05
0.2344 	 0.0007367654537877138 	 5.434617748199006e-05
0.2371 	 0.00076093057634542 	 5.493367185748649e-05
0.2399 	 0.000782509074490309 	 5.553520235079319e-05
0.2427 	 0.000803138283386375 	 5.6190181302172605e-05
0.2455 	 0.0008217257836585964 	 5.685839644384138e-05
0.2483 	 0.0008380539543555308 	 5.750580298547446e-05
0.2512 	 0.0008518017079047264 	 5.799806851434225e-05
0.2541 	 0.0008635459412400185 	 5.846836853047027e-05
0.257 	 0.0008738506761278676 	 5.8994886969768816e-05
0.26 	 0.0008850800046964348 	 5.978916108801998e-05
0.263 	 0.0008952850592436263 	 6.06975526324899e-05
0.2661 	 0.0009020070745562265 	 6.13672296125945e-05
0.2692 	 0.0009056835147524848 	 6.19106766710629e-05
0.2723 	 0.0009066701592964102 	 6.232729544467159e-05
0.2754 	 0.0009034291326141126 	 6.246234021474387e-05
0.2786 	 0.0008949116099301683 	 6.21422682166671e-05
0.2818 	 0.0008835058008559136 	 6.165673762836932e-05
0.2851 	 0.0008690903719241637 	 6.0944627630932094e-05
0.2884 	 0.0008542763808319352 	 6.000931924264665e-05
0.2917 	 0.0008382977555923726 	 5.89596659229937e-05
0.2951 	 0.0008209534228458316 	 5.7850465560388435e-05
0.2985 	 0.0008029277476300913 	 5.661178372270379e-05
0.302 	 0.0007839754878850373 	 5.519211698973556e-05
0.3055 	 0.0007644099414751039 	 5.368511035150171e-05
0.309 	 0.0007444176851116826 	 5.2122110151726736e-05
0.3126 	 0.0007233227223861211 	 5.040097479705643e-05
0.3162 	 0.0007018264498007402 	 4.869168050425179e-05
0.3199 	 0.0006802981957158865 	 4.68807668052546e-05
0.3236 	 0.0006586622614280679 	 4.5085383742564525e-05
0.3273 	 0.0006373550205087422 	 4.3275817597809294e-05
0.3311 	 0.0006163627036146045 	 4.152664675615757e-05
0.335 	 0.0005964485631425289 	 3.976767033651839e-05
0.3388 	 0.0005776559658059445 	 3.81326799183661e-05
0.3428 	 0.0005595921375815857 	 3.643959856916856e-05
0.3467 	 0.0005434004529228311 	 3.489502418862799e-05
0.3508 	 0.0005285396332120246 	 3.332330888615531e-05
0.3548 	 0.0005148763486011537 	 3.1863936134502764e-05
0.3589 	 0.0005019231617974756 	 3.0472343224691336e-05
0.3631 	 0.0004897346658260227 	 2.9109233893118393e-05
0.3673 	 0.0004779257223345947 	 2.790073824472854e-05
0.3715 	 0.00046627895054734216 	 2.68257431007887e-05
0.3758 	 0.0004548821058741797 	 2.5816710233752088e-05
0.3802 	 0.00044372964293466413 	 2.4836964847431257e-05
0.3846 	 0.00043280832523495807 	 2.3939021373820708e-05
0.389 	 0.00042175032033730175 	 2.30476558961512e-05
0.3936 	 0.00041009748669164467 	 2.2142543725518042e-05
0.3981 	 0.0003982581220463186 	 2.1295689138199182e-05
0.4027 	 0.0003859118294136827 	 2.045949768967695e-05
0.4074 	 0.0003731534192228264 	 1.9638024485349594e-05
0.4121 	 0.0003601607263889629 	 1.8852964549828224e-05
0.4169 	 0.00034686184820046756 	 1.808579392933754e-05
0.4217 	 0.0003333590189554291 	 1.7354505873439865e-05
0.4266 	 0.00031973893688083384 	 1.6623565667066183e-05
0.4315 	 0.0003059659154863799 	 1.5949614749630734e-05
0.4365 	 0.0002926754201737201 	 1.5247007592318475e-05
0.4416 	 0.00027983479615159356 	 1.4521679166336306e-05
0.4467 	 0.00026697521998438663 	 1.3820797592829913e-05
0.4519 	 0.0002547035782138218 	 1.3156852132750229e-05
0.4571 	 0.00024312997138220132 	 1.2523352348835652e-05
0.4624 	 0.00023217366490347515 	 1.190796171296998e-05
0.4677 	 0.00022174388916858164 	 1.13338411493804e-05
0.4732 	 0.00021178840352913263 	 1.0779788283706866e-05
0.4786 	 0.00020249103801307954 	 1.0245612099544608e-05
0.4842 	 0.00019352880906181987 	 9.742483632745132e-06
0.4898 	 0.00018529816578301243 	 9.25019298968105e-06
0.4955 	 0.00017752253713187367 	 8.771939470698443e-06
0.5012 	 0.00017012135307510541 	 8.324879178609585e-06
0.507 	 0.00016305053839880113 	 7.900335024279952e-06
0.5129 	 0.0001562530575103996 	 7.496960030868848e-06
0.5188 	 0.0001498956769071577 	 7.1105838746192005e-06
0.5248 	 0.00014370272587579692 	 6.752081651298825e-06
0.5309 	 0.00013785264127565074 	 6.403133577687382e-06
0.537 	 0.00013228363251528867 	 6.084487940486873e-06
0.5433 	 0.00012691946715401767 	 5.769292400448591e-06
0.5495 	 0.00012188310608299568 	 5.478274732644787e-06
0.5559 	 0.00011695699570326572 	 5.197466739021442e-06
0.5623 	 0.00011229047706071286 	 4.941015630223347e-06
0.5689 	 0.00010776336011326158 	 4.687126858393438e-06
0.5754 	 0.00010350475059868167 	 4.458397058833862e-06
0.5821 	 9.937656804840301e-05 	 4.231747087118078e-06
0.5888 	 9.548811575783256e-05 	 4.024724653893092e-06
0.5957 	 9.172314990309734e-05 	 3.819717611210596e-06
0.6026 	 8.814533568039134e-05 	 3.632397688994677e-06
0.6095 	 8.475603031431203e-05 	 3.451633068514535e-06
0.6166 	 8.154017340391507e-05 	 3.277586505799348e-06
0.6237 	 7.84132379810168e-05 	 3.1183714950664117e-06
0.631 	 7.547736454991533e-05 	 2.9608561285461054e-06
0.6383 	 7.262551124443371e-05 	 2.816791409259139e-06
0.6457 	 6.996797909492127e-05 	 2.6759931813213122e-06
0.6531 	 6.740793529799698e-05 	 2.5436446213811433e-06
0.6607 	 6.490387221120472e-05 	 2.419599065245302e-06
0.6683 	 6.251234319017153e-05 	 2.2996837735184884e-06
0.6761 	 6.017577130888831e-05 	 2.187380728147859e-06
0.6839 	 5.798499469436945e-05 	 2.078853123945543e-06
0.6918 	 5.585521075625498e-05 	 1.9784308168572845e-06
0.6998 	 5.3855712058671275e-05 	 1.8801959576029452e-06
0.7079 	 5.195197772976816e-05 	 1.789367997116235e-06
0.7161 	 5.0120013936021995e-05 	 1.7029121993582252e-06
0.7244 	 4.837219787612759e-05 	 1.6183220429024286e-06
0.7328 	 4.667848331537137e-05 	 1.5401258185793307e-06
0.7413 	 4.5015708666947866e-05 	 1.465696030266614e-06
0.7499 	 4.3454847652535715e-05 	 1.394906995429231e-06
0.7586 	 4.1957891243333927e-05 	 1.3275627756215095e-06
0.7674 	 4.0535065150343e-05 	 1.2616823288093412e-06
0.7762 	 3.9131474733233534e-05 	 1.2014319793396641e-06
0.7852 	 3.7816948907130225e-05 	 1.1435201146558058e-06
0.7943 	 3.652658258378095e-05 	 1.088426039596638e-06
0.8035 	 3.529347105903357e-05 	 1.0360320297637903e-06
0.8128 	 3.408311292756958e-05 	 9.861936829404706e-07
0.8222 	 3.292789206555062e-05 	 9.388025399553818e-07
0.8318 	 3.181935277622188e-05 	 8.93308653881542e-07
0.8414 	 3.0751247907066536e-05 	 8.504788141190958e-07
0.8511 	 2.9716426874598527e-05 	 8.109394583234689e-07
0.861 	 2.8724986046983558e-05 	 7.717976251200683e-07
0.871 	 2.7773806896360092e-05 	 7.346026602530525e-07
0.881 	 2.6858802885499034e-05 	 6.995730763320743e-07
0.8913 	 2.597609866636038e-05 	 6.656656407828346e-07
0.9016 	 2.5123540467959385e-05 	 6.346818570510815e-07
0.912 	 2.4323969546076705e-05 	 6.043045732329812e-07
0.9226 	 2.355137802216764e-05 	 5.751839774286443e-07
0.9333 	 2.280115382386126e-05 	 5.483372177672726e-07
0.9441 	 2.208896227413841e-05 	 5.220246738528478e-07
0.955 	 2.140145447595051e-05 	 4.970278265842718e-07
0.9661 	 2.073543037245004e-05 	 4.737911812360823e-07
0.9772 	 2.0101257928544015e-05 	 4.5120747959588073e-07
0.9886 	 1.9480227524377804e-05 	 4.300442246417119e-07
1.0 	 1.8889402822666575e-05 	 4.1009471880470666e-07
1.012 	 1.8303495289164148e-05 	 3.897620638052454e-07
1.023 	 1.7753648561520655e-05 	 3.726570357992952e-07
1.035 	 1.7211570488573772e-05 	 3.545596967566029e-07
1.047 	 1.6687019849466788e-05 	 3.3803166532782575e-07
1.059 	 1.6184431943686056e-05 	 3.2244494097172466e-07
1.072 	 1.5687953050395446e-05 	 3.0612669702826537e-07
1.084 	 1.5225133532890116e-05 	 2.923217805615482e-07
1.096 	 1.4777244704842665e-05 	 2.792768903809139e-07
1.109 	 1.4333327031231143e-05 	 2.6598138247399624e-07
1.122 	 1.3909246127265582e-05 	 2.534590544212538e-07
1.135 	 1.3505891881296203e-05 	 2.4129022620580967e-07
1.148 	 1.311703535359141e-05 	 2.3017570078279993e-07
1.161 	 1.2743794022283141e-05 	 2.1968633836085672e-07
1.175 	 1.237511440386016e-05 	 2.09067424213479e-07
1.189 	 1.2021873500665095e-05 	 1.9907525295250646e-07
1.202 	 1.1690987787565562e-05 	 1.9029801293392573e-07
1.216 	 1.1364451992684728e-05 	 1.813953392568601e-07
1.23 	 1.1051897399397272e-05 	 1.7300119502346238e-07
1.245 	 1.074422100679575e-05 	 1.645515772265137e-07
1.259 	 1.0452062817276145e-05 	 1.5710363345418832e-07
1.274 	 1.0164685926085345e-05 	 1.4959664647762997e-07
1.288 	 9.893697407618585e-06 	 1.4297055640093978e-07
1.303 	 9.62525075030576e-06 	 1.3628348955868785e-07
1.318 	 9.36697504342643e-06 	 1.299781791531456e-07
1.334 	 9.111695080517465e-06 	 1.2365744262077205e-07
1.349 	 8.873010345526717e-06 	 1.1806129749785774e-07
1.365 	 8.637177363936133e-06 	 1.1244412644341585e-07
1.38 	 8.414808212900149e-06 	 1.0746400367368695e-07
1.396 	 8.197161914884855e-06 	 1.0245901315974492e-07
1.413 	 7.980253249262081e-06 	 9.761269769165889e-08
1.429 	 7.780065249153338e-06 	 9.316643549858959e-08
1.445 	 7.586142602424271e-06 	 8.896728085923774e-08
1.462 	 7.392916384804851e-06 	 8.489797418373851e-08
1.479 	 7.208110566741327e-06 	 8.093344215439776e-08
1.496 	 7.029279922518271e-06 	 7.719480325299651e-08
1.514 	 6.853508559835686e-06 	 7.347248945300177e-08
1.531 	 6.687970632296825e-06 	 7.01521726478394e-08
1.549 	 6.525348053818747e-06 	 6.684207221769511e-08
1.567 	 6.366284878292812e-06 	 6.382160770734944e-08
1.585 	 6.216133557170416e-06 	 6.087525037766784e-08
1.603 	 6.069308521634233e-06 	 5.809481416775094e-08
1.622 	 5.92368468024571e-06 	 5.541885771107466e-08
1.641 	 5.7848151034239005e-06 	 5.2812974257051606e-08
1.66 	 5.649070329192681e-06 	 5.0435091934125603e-08
1.679 	 5.521301903354202e-06 	 4.811457700135862e-08
1.698 	 5.39635527963297e-06 	 4.592429503143632e-08
1.718 	 5.2711100450042065e-06 	 4.3821961351007136e-08
1.738 	 5.153434238671072e-06 	 4.1773359276518774e-08
1.758 	 5.036913397991925e-06 	 3.990385380581058e-08
1.778 	 4.92756419894745e-06 	 3.8078281091939364e-08
1.799 	 4.817937062335692e-06 	 3.627381397128937e-08
1.82 	 4.712440868089986e-06 	 3.462782810409318e-08
1.841 	 4.61071453858093e-06 	 3.3022437532700225e-08
1.862 	 4.512877662030962e-06 	 3.1557243473782027e-08
1.884 	 4.416184314551486e-06 	 3.006128832844568e-08
1.905 	 4.324132525769128e-06 	 2.8757099172356497e-08
1.928 	 4.232376112072739e-06 	 2.7365929946317493e-08
1.95 	 4.145070389500459e-06 	 2.615135587151527e-08
1.972 	 4.062311403586586e-06 	 2.4964233970219903e-08
1.995 	 3.978183856641381e-06 	 2.3832461962574325e-08
2.018 	 3.898493079348778e-06 	 2.272839521317179e-08
2.042 	 3.818926738463282e-06 	 2.167831741716973e-08
2.065 	 3.7454640902935824e-06 	 2.0695745385355102e-08
2.089 	 3.67075606251216e-06 	 1.976072649998502e-08
2.113 	 3.600115804845443e-06 	 1.8848253289417608e-08
2.138 	 3.5296385302883506e-06 	 1.798183935560601e-08
2.163 	 3.463090956191648e-06 	 1.713764344949787e-08
2.188 	 3.397042519248951e-06 	 1.6367561255712186e-08
2.213 	 3.3347206791924855e-06 	 1.5615629162804192e-08
2.239 	 3.2725780810343673e-06 	 1.4902710152592934e-08
2.265 	 3.2118621384047557e-06 	 1.4230013604096308e-08
2.291 	 3.1546634069560424e-06 	 1.35734268433316e-08
2.317 	 3.0978179576820365e-06 	 1.2974256020514845e-08
2.344 	 3.043015590771083e-06 	 1.2367089520914638e-08
2.371 	 2.9897287263797983e-06 	 1.1813235159016298e-08
2.399 	 2.9372877996790372e-06 	 1.12534325772714e-08
2.427 	 2.8863290998724863e-06 	 1.0742966934114321e-08
2.455 	 2.836532788308249e-06 	 1.0261118743310945e-08
2.483 	 2.789798972009434e-06 	 9.790492655222477e-09
2.512 	 2.742192989968215e-06 	 9.346100332294144e-09
2.541 	 2.6967610073565923e-06 	 8.926640829689386e-09
2.57 	 2.6542164044134683e-06 	 8.51696226035162e-09
2.6 	 2.610834703713781e-06 	 8.130584300745027e-09
2.63 	 2.5684426939323474e-06 	 7.765869672286701e-09
2.661 	 2.5288845071705313e-06 	 7.3985028547165434e-09
2.692 	 2.4902316783524612e-06 	 7.052332392192231e-09
2.723 	 2.451725654584629e-06 	 6.736599552837031e-09
2.754 	 2.4150906681514855e-06 	 6.43834183911311e-09
2.786 	 2.379123112276373e-06 	 6.137825732482193e-09
2.818 	 2.3442535935223778e-06 	 5.863726444906131e-09
2.851 	 2.3093568066741617e-06 	 5.596898695520704e-09
2.884 	 2.2768935018332807e-06 	 5.336595118796807e-09
2.917 	 2.244494695478659e-06 	 5.099157121486846e-09
2.951 	 2.2127276768533315e-06 	 4.860440513142277e-09
2.985 	 2.1828876600894734e-06 	 4.642739293334679e-09
3.02 	 2.1527291897875887e-06 	 4.424169802914735e-09
3.055 	 2.124440947232495e-06 	 4.2248766875396285e-09
3.09 	 2.0958974975267167e-06 	 4.036678402013906e-09
3.126 	 2.069717926366647e-06 	 3.8477777862786315e-09
3.162 	 2.0426501847068525e-06 	 3.6755112355789335e-09
3.199 	 2.0164273578214486e-06 	 3.5083891714750727e-09
3.236 	 1.9913956673739982e-06 	 3.3453215630784946e-09
3.273 	 1.9677754122807607e-06 	 3.191498572070038e-09
3.311 	 1.9435175032105027e-06 	 3.0474853236832943e-09
3.35 	 1.919807475226569e-06 	 2.903389221093445e-09
3.388 	 1.8982748057877822e-06 	 2.7753060453093404e-09
3.428 	 1.8758734550264197e-06 	 2.6437898484212096e-09
3.467 	 1.8547719076523122e-06 	 2.5268229749725855e-09
3.508 	 1.8330941288000476e-06 	 2.4107481651349096e-09
3.548 	 1.8137486242542114e-06 	 2.3001764475677134e-09
3.589 	 1.793801567865545e-06 	 2.1968577121966064e-09
3.631 	 1.7751081618209098e-06 	 2.0936097551713397e-09
3.673 	 1.7570763228747508e-06 	 1.999482069468802e-09
3.715 	 1.7399696807978752e-06 	 1.907526042532855e-09
3.758 	 1.7222760609073548e-06 	 1.8217095947940828e-09
3.802 	 1.7057717176527967e-06 	 1.7360485843137549e-09
3.846 	 1.68914425405211e-06 	 1.6579593417124943e-09
3.89 	 1.6741047166369655e-06 	 1.5816712617601918e-09
3.936 	 1.6580671715893605e-06 	 1.5090204074998695e-09
3.981 	 1.643510281753391e-06 	 1.441941946597805e-09
4.027 	 1.6286693139597018e-06 	 1.3749692782629502e-09
4.074 	 1.614652959628477e-06 	 1.312612709718066e-09
4.121 	 1.6007587408953992e-06 	 1.2517362616566316e-09
4.169 	 1.5869938550868146e-06 	 1.1950798128131788e-09
4.217 	 1.5746700713491676e-06 	 1.1397573726945068e-09
4.266 	 1.5617954917154232e-06 	 1.0882903834338993e-09
4.315 	 1.5496747973499253e-06 	 1.0380223724283697e-09
4.365 	 1.5382932092794158e-06 	 9.912761662801855e-10
4.416 	 1.526648715061452e-06 	 9.44749534727723e-10
4.467 	 1.51589646305113e-06 	 9.008863131051213e-10
4.519 	 1.5052248537952416e-06 	 8.601345244410206e-10
4.571 	 1.4952416105821262e-06 	 8.203350944274032e-10
4.624 	 1.4857678624914391e-06 	 7.821046630346116e-10
4.677 	 1.476668303873056e-06 	 7.472553590841907e-10
4.732 	 1.4675898207933248e-06 	 7.119658491760092e-10
4.786 	 1.4596114337067832e-06 	 6.792763473928779e-10
4.842 	 1.4512164240864897e-06 	 6.47346324588025e-10
4.898 	 1.4441563360669593e-06 	 6.172470537070033e-10
4.955 	 1.4365426232006264e-06 	 5.893353576836646e-10
5.012 	 1.4295286230281903e-06 	 5.620702857491787e-10
5.07 	 1.4223972225882458e-06 	 5.359202629443441e-10
5.129 	 1.4147341434161581e-06 	 5.116868659220008e-10
5.188 	 1.4082032226713432e-06 	 4.880136252714603e-10
5.248 	 1.401557665260579e-06 	 4.6532100864043473e-10
5.309 	 1.3953308447070545e-06 	 4.435808681246864e-10
5.37 	 1.3897711953333977e-06 	 4.2307942291136924e-10
5.433 	 1.3839333072518585e-06 	 4.037980304801075e-10
5.495 	 1.379400267219098e-06 	 3.8525422108698586e-10
5.559 	 1.3749827357935182e-06 	 3.6721996411963007e-10
5.623 	 1.3706724970184631e-06 	 3.5021508093035e-10
5.689 	 1.3669682290710166e-06 	 3.3370096642260957e-10
5.754 	 1.3640789695912185e-06 	 3.1835774322915914e-10
5.821 	 1.3607939319650732e-06 	 3.0345725093325743e-10
5.888 	 1.3585412770741837e-06 	 2.894073970536231e-10
5.957 	 1.3563615129279824e-06 	 2.757801432030306e-10
6.026 	 1.3547041976206187e-06 	 2.6293542103144396e-10
6.095 	 1.3540114378804403e-06 	 2.5082040010187933e-10
6.166 	 1.3533581175129818e-06 	 2.39075667097879e-10
6.237 	 1.3531337923087494e-06 	 2.276255626706653e-10
6.31 	 1.3516931238232117e-06 	 2.1727706993320075e-10
6.383 	 1.3511292967303125e-06 	 2.0716782199628442e-10
6.457 	 1.3512464735577922e-06 	 1.975098702069999e-10
6.531 	 1.3526347746607225e-06 	 1.8808934906688058e-10
6.607 	 1.3540454431342501e-06 	 1.7928966166629177e-10
6.683 	 1.3562610458557151e-06 	 1.7070833766583465e-10
6.761 	 1.3580536699138595e-06 	 1.6269912161685644e-10
6.839 	 1.361048450739772e-06 	 1.551483549852697e-10
6.918 	 1.3650119857653856e-06 	 1.4769312268479774e-10
6.998 	 1.3691154729168373e-06 	 1.405884065796993e-10
7.079 	 1.3737356219894613e-06 	 1.3404331082449028e-10
7.161 	 1.3788783592411293e-06 	 1.275846536476402e-10
7.244 	 1.3844887620026266e-06 	 1.2163722525490853e-10
7.328 	 1.3913671057461932e-06 	 1.1577026114615832e-10
7.413 	 1.398308278936367e-06 	 1.1018421707950883e-10
7.499 	 1.4056374570039569e-06 	 1.0504338588258354e-10
7.586 	 1.4141698368713466e-06 	 9.997370301204387e-11
7.674 	 1.4234567296459675e-06 	 9.514886312108482e-11
7.762 	 1.4336555690947527e-06 	 9.060425150029124e-11
7.852 	 1.4443696781448092e-06 	 8.623291466030474e-11
7.943 	 1.4556757158781976e-06 	 8.221363333293278e-11
8.035 	 1.4684112082437793e-06 	 7.825090250531366e-11
8.128 	 1.4817563292392928e-06 	 7.448140369459458e-11
8.222 	 1.4960321020375834e-06 	 7.089602384679308e-11
8.318 	 1.5106817408767429e-06 	 6.74534802485618e-11
8.414 	 1.5268452661877777e-06 	 6.410228136585233e-11
8.511 	 1.5433903507962987e-06 	 6.102493174048739e-11
8.61 	 1.5605606319869814e-06 	 5.8071492360769055e-11
8.71 	 1.5781801364445025e-06 	 5.526477452320265e-11
8.81 	 1.5970563914814262e-06 	 5.2621500228553637e-11
8.913 	 1.616776172836855e-06 	 4.997645551103206e-11
9.016 	 1.6368813812748023e-06 	 4.7571887957427994e-11
9.12 	 1.657959509340227e-06 	 4.528688335867738e-11
9.226 	 1.6799921215435365e-06 	 4.302172705747955e-11
9.333 	 1.7024280764981437e-06 	 4.094518423675988e-11
9.441 	 1.726259608131012e-06 	 3.8904839356092715e-11
9.55 	 1.750411373013224e-06 	 3.703480647711362e-11
9.661 	 1.7760197708420231e-06 	 3.5182134436408406e-11
9.772 	 1.8034356348438194e-06 	 3.338079434248658e-11
9.886 	 1.8301291315601249e-06 	 3.1761381066953916e-11
10.0 	 1.8582708999346215e-06 	 3.0183260456029254e-11
10.12 	 1.8875937674591116e-06 	 2.8579673049484524e-11
10.23 	 1.919045027889107e-06 	 2.723078384523952e-11
10.35 	 1.949426022173467e-06 	 2.5857398388971743e-11
10.47 	 1.97749951847335e-06 	 2.4610274821684934e-11
10.59 	 2.004383824674211e-06 	 2.3477730653356088e-11
10.72 	 2.0363121517454415e-06 	 2.22061156523072e-11
10.84 	 2.0754799399336895e-06 	 2.1055650574945804e-11
10.96 	 2.1204310909015687e-06 	 1.9938482478552384e-11
11.09 	 2.169782305149569e-06 	 1.875273674353459e-11
11.22 	 2.236175175123055e-06 	 1.7478423434323e-11
11.35 	 2.3137476709494696e-06 	 1.6213622347528834e-11
11.48 	 3.049852774643718e-06 	 1.2631458830264882e-11
11.61 	 2.2850166227771676e-06 	 1.743046117665493e-11
11.75 	 2.3123553814839247e-06 	 1.565774676025948e-11
11.89 	 2.35685750295178e-06 	 1.4465281309250456e-11
12.02 	 2.4056436178824775e-06 	 1.3582776383932461e-11
12.16 	 2.4535459636658177e-06 	 1.2857993937957622e-11
12.3 	 2.502096125413081e-06 	 1.2196402228328383e-11
12.45 	 2.5484026442802793e-06 	 1.1518485335081197e-11
12.59 	 2.6005352825381702e-06 	 1.0919578453929287e-11
12.74 	 2.6494385375646473e-06 	 1.0330140820297731e-11
12.88 	 2.7037354723256913e-06 	 9.81617873661167e-12
13.03 	 2.7547100443841062e-06 	 9.308883709181619e-12
13.18 	 2.806862530614463e-06 	 8.834492247021758e-12
13.34 	 2.86091997262402e-06 	 8.353034381555545e-12
13.49 	 2.916100309687361e-06 	 7.925895772350916e-12
13.65 	 2.971987945868258e-06 	 7.510007685082154e-12
13.8 	 3.031133787265043e-06 	 7.140909319277619e-12
13.96 	 3.091347038150249e-06 	 6.7730571091048975e-12
14.13 	 3.1483043333219677e-06 	 6.4083160793489764e-12
14.29 	 3.2104359419683925e-06 	 6.085535212701155e-12
14.45 	 3.273692405070873e-06 	 5.780115084084286e-12
14.62 	 3.337498020351156e-06 	 5.479418422877599e-12
14.79 	 3.402426709754087e-06 	 5.194606258394268e-12
14.96 	 3.4728906050840447e-06 	 4.921354313866484e-12
15.14 	 3.5392236861215485e-06 	 4.6573681220551386e-12
15.31 	 3.610219239012005e-06 	 4.424844124108281e-12
15.49 	 3.679618885027367e-06 	 4.194827848278846e-12
15.67 	 3.7516639840222615e-06 	 3.978831040985374e-12
15.85 	 3.8260504303706985e-06 	 3.777401258358954e-12
16.03 	 3.901200059895621e-06 	 3.587132645702433e-12
16.22 	 3.977993961769632e-06 	 3.4013468041296136e-12
16.41 	 4.0553070999947584e-06 	 3.2268692346429056e-12
16.6 	 4.133010715552317e-06 	 3.063535930850453e-12
16.79 	 4.214690441143907e-06 	 2.910906181581699e-12
16.98 	 4.298455748855699e-06 	 2.76804966091212e-12
17.18 	 4.380078261335752e-06 	 2.6274571393689574e-12
17.38 	 4.465276900191733e-06 	 2.4967757073022258e-12
17.58 	 4.550777038401757e-06 	 2.3739767546407192e-12
17.78 	 4.639854087442703e-06 	 2.2593119287861845e-12
17.99 	 4.726399710920846e-06 	 2.147102181043144e-12
18.2 	 4.816350276411242e-06 	 2.042500560264633e-12
18.41 	 4.90779673616264e-06 	 1.9451855395988124e-12
18.62 	 5.001003690237265e-06 	 1.8538767204489887e-12
18.84 	 5.094527806285925e-06 	 1.7652714228883418e-12
19.05 	 5.190782277407301e-06 	 1.685645704797679e-12
19.28 	 5.284451437539913e-06 	 1.6049447438204597e-12
19.5 	 5.383607345308301e-06 	 1.533322572236802e-12
19.72 	 5.48249895323719e-06 	 1.466261632359648e-12
19.95 	 5.582952987558153e-06 	 1.4010525066864266e-12
20.18 	 5.682853230747718e-06 	 1.3403248544976202e-12
20.42 	 5.782567633722643e-06 	 1.2812553688050126e-12
20.65 	 5.885985964592461e-06 	 1.2288022500149941e-12
20.89 	 5.988857690007739e-06 	 1.1778923261521278e-12
21.13 	 6.096365333340205e-06 	 1.129829853195812e-12
21.38 	 6.202246292139059e-06 	 1.082591406862785e-12
21.63 	 6.3075353132810886e-06 	 1.039913459429867e-12
21.88 	 6.410722711045471e-06 	 1.0012366778381671e-12
22.13 	 6.51238727957404e-06 	 9.656734460594511e-13
22.39 	 6.617200666690758e-06 	 9.301719664727104e-13
22.65 	 6.723962698571123e-06 	 8.971858034301069e-13
22.91 	 6.830595013419372e-06 	 8.668539085513587e-13
23.17 	 6.937716362823716e-06 	 8.385454772453124e-13
23.44 	 7.043159831751072e-06 	 8.111075158112545e-13
23.71 	 7.148750241269446e-06 	 7.856337415153678e-13
23.99 	 7.2522481787864005e-06 	 7.610501010898633e-13
24.27 	 7.357277187903176e-06 	 7.382201681575179e-13
24.55 	 7.46053753736073e-06 	 7.17130157350424e-13
24.83 	 7.564749120970802e-06 	 6.97738003389277e-13
25.12 	 7.66579853238936e-06 	 6.786356332423183e-13
25.41 	 7.767654758627225e-06 	 6.610738215342477e-13
25.7 	 7.867591232759361e-06 	 6.448253764812812e-13
26.0 	 7.965157281411782e-06 	 6.289213964472965e-13
26.3 	 8.062426454888672e-06 	 6.141253939121183e-13
26.61 	 8.15551190655632e-06 	 5.996765043320317e-13
26.92 	 8.247094244336137e-06 	 5.861285150786232e-13
27.23 	 8.33888760770999e-06 	 5.737258366505708e-13
27.54 	 8.429973287740936e-06 	 5.622275077555145e-13
27.86 	 8.515894352314397e-06 	 5.5074853178025e-13
28.18 	 8.601069178333497e-06 	 5.400873048953526e-13
28.51 	 8.681078492678363e-06 	 5.29411270912882e-13
28.84 	 8.76107135540404e-06 	 5.19608962859055e-13
29.17 	 8.838449348556747e-06 	 5.102772045476332e-13
29.51 	 8.91141885657e-06 	 5.009984529230388e-13
29.85 	 8.98355379521713e-06 	 4.923406659882741e-13
30.2 	 9.050840883551396e-06 	 4.835433248215027e-13
30.55 	 9.116021492900006e-06 	 4.752861132862031e-13
30.9 	 9.180353699625088e-06 	 4.675590350970518e-13
31.26 	 9.238673956458484e-06 	 4.596330224697156e-13
31.62 	 9.295244089424854e-06 	 4.5213023224900315e-13
31.99 	 9.347468575637608e-06 	 4.4459690762113045e-13
32.36 	 9.397074124875552e-06 	 4.373844177664193e-13
32.73 	 9.44146878480852e-06 	 4.3027927576145524e-13
33.11 	 9.48779300207479e-06 	 4.235648000525075e-13
33.5 	 9.528689510577667e-06 	 4.166157832683088e-13
33.88 	 9.56121587005771e-06 	 4.098553661833728e-13
34.28 	 9.593915403310388e-06 	 4.0300991179957913e-13
34.67 	 9.626761733038822e-06 	 3.9690344404775127e-13
35.08 	 9.643791169651642e-06 	 3.8957031069798214e-13
35.48 	 9.669208354731824e-06 	 3.835040821056225e-13
35.89 	 9.689762992835221e-06 	 3.7722526622089244e-13
36.31 	 9.705282439683418e-06 	 3.7077492573490505e-13
36.73 	 9.71108009814906e-06 	 3.640710740006145e-13
37.15 	 9.722872197400578e-06 	 3.580705344089247e-13
37.58 	 9.729919575058816e-06 	 3.5191187002164245e-13
38.02 	 9.73235763779225e-06 	 3.4561307649064367e-13
38.46 	 9.733451212011784e-06 	 3.395145558630288e-13
38.9 	 9.732649050069964e-06 	 3.3363544868906497e-13
39.36 	 9.725351693310192e-06 	 3.2728287191459247e-13
39.81 	 9.712511206037389e-06 	 3.2106224661337564e-13
40.27 	 9.702566732785658e-06 	 3.1514130556487166e-13
40.74 	 9.68893556970506e-06 	 3.091146353052379e-13
41.21 	 9.673806981994995e-06 	 3.0330491895998315e-13
41.69 	 9.655483918347907e-06 	 2.973926765560822e-13
42.17 	 9.636089539538479e-06 	 2.9168240261169116e-13
42.66 	 9.607209166792512e-06 	 2.8555927104286396e-13
43.15 	 9.583693831727692e-06 	 2.799799858021181e-13
43.65 	 9.557077967309592e-06 	 2.743368489333208e-13
44.16 	 9.527486376886539e-06 	 2.686438629823598e-13
44.67 	 9.491955545393309e-06 	 2.6283493529021206e-13
45.19 	 9.4589440702893e-06 	 2.573114435714534e-13
45.71 	 9.425591513557743e-06 	 2.519738923245703e-13
46.24 	 9.384424945149082e-06 	 2.463278069780498e-13
46.77 	 9.348304419274483e-06 	 2.4115149593125835e-13
47.32 	 9.307491202851256e-06 	 2.3576226201075734e-13
47.86 	 9.26362509296342e-06 	 2.305011451076824e-13
48.42 	 9.22081375849625e-06 	 2.2529725369647418e-13
48.98 	 9.173016669566786e-06 	 2.2004494313420575e-13
49.55 	 9.126927010729332e-06 	 2.1506663994758075e-13
50.12 	 9.077646118837247e-06 	 2.1001417606669516e-13
50.7 	 9.031547176645128e-06 	 2.0519387252361438e-13
51.29 	 8.979696078331122e-06 	 2.001754579843129e-13
51.88 	 8.930302155361416e-06 	 1.9558843820972587e-13
52.48 	 8.877888989784112e-06 	 1.9077415995791215e-13
53.09 	 8.826198057007054e-06 	 1.8622744230629245e-13
53.7 	 8.771016499377461e-06 	 1.8166018920745827e-13
54.33 	 8.713339018362167e-06 	 1.7699849868745844e-13
54.95 	 8.659651947308708e-06 	 1.7284705432536395e-13
55.59 	 8.601951689784473e-06 	 1.6839760480758712e-13
56.23 	 8.545078400427306e-06 	 1.6411739069803054e-13
56.89 	 8.487497379386799e-06 	 1.599593393248716e-13
57.54 	 8.428560765602605e-06 	 1.559172052801629e-13
58.21 	 8.367618284406076e-06 	 1.5181679634632289e-13
58.88 	 8.30977478311894e-06 	 1.4784598846091324e-13
59.57 	 8.249224903727549e-06 	 1.4402316259351176e-13
60.26 	 8.18833337647127e-06 	 1.4019053353408017e-13
60.95 	 8.128420248490335e-06 	 1.36507200418652e-13
61.66 	 8.064801208369735e-06 	 1.328174838114868e-13
62.37 	 8.007452148185956e-06 	 1.2936575544596886e-13
63.1 	 7.943350164835579e-06 	 1.2579679542960593e-13
63.83 	 7.882323547226505e-06 	 1.2234950685286477e-13
64.57 	 7.819179742192846e-06 	 1.1898653367289837e-13
65.31 	 7.760084659446928e-06 	 1.1585813791026814e-13
66.07 	 7.696719665591318e-06 	 1.1261677594953634e-13
66.83 	 7.632620785777344e-06 	 1.095250140770044e-13
67.61 	 7.569259591950485e-06 	 1.0641268547936475e-13
68.39 	 7.50978418341617e-06 	 1.035147217737457e-13
69.18 	 7.445771520802779e-06 	 1.0060596582815755e-13
69.98 	 7.383635999606195e-06 	 9.774372447680025e-14
70.79 	 7.322449633866516e-06 	 9.503767696683651e-14
71.61 	 7.2587970470285084e-06 	 9.23137787953253e-14
72.44 	 7.195341250698624e-06 	 8.965260811392146e-14
73.28 	 7.134554676450034e-06 	 8.712346540026802e-14
74.13 	 7.071516705015439e-06 	 8.458476664967573e-14
74.99 	 7.008742875651055e-06 	 8.210822799443924e-14
75.86 	 6.9469744003692895e-06 	 7.97672075806524e-14
76.74 	 6.884767000724422e-06 	 7.741081025774996e-14
77.62 	 6.825991225029976e-06 	 7.521134389551844e-14
78.52 	 6.76285384961886e-06 	 7.298231651137563e-14
79.43 	 6.702264427691602e-06 	 7.08651787614647e-14
80.35 	 6.639894403778873e-06 	 6.875043619493628e-14
81.28 	 6.5800206761150835e-06 	 6.674212856524241e-14
82.22 	 6.518470161946733e-06 	 6.473859765869524e-14
83.18 	 6.458587156649561e-06 	 6.280591270066776e-14
84.14 	 6.399879006261531e-06 	 6.095549339696994e-14
85.11 	 6.339637642524664e-06 	 5.911255628410219e-14
86.1 	 6.281031283942651e-06 	 5.733615311252868e-14
87.1 	 6.221528215961794e-06 	 5.5617487511281634e-14
88.1 	 6.163213693599489e-06 	 5.397209340997501e-14
89.13 	 6.1035041021375284e-06 	 5.228220769898208e-14
90.16 	 6.045498863081971e-06 	 5.0708440964019564e-14
91.2 	 5.987998544724245e-06 	 4.918031668078435e-14
92.26 	 5.930364475752523e-06 	 4.76761230345577e-14
93.33 	 5.873269974549629e-06 	 4.6217212020132104e-14
94.41 	 5.816717237117976e-06 	 4.4802438267065324e-14
95.5 	 5.760707969515144e-06 	 4.343066456468367e-14
96.61 	 5.705059610593229e-06 	 4.211635095443451e-14
97.72 	 5.650142191708577e-06 	 4.0826687479532e-14
98.86 	 5.594638659660147e-06 	 3.954468133323266e-14
100.0 	 5.539165701807312e-06 	 3.8323917638977355e-14
101.2 	 5.483049668942712e-06 	 3.709196550934122e-14
102.3 	 5.4319932871569736e-06 	 3.6033446795638025e-14
103.5 	 5.378136227635537e-06 	 3.4904641980977874e-14
104.7 	 5.3240102255840575e-06 	 3.380446154429257e-14
105.9 	 5.272379664444334e-06 	 3.2773297187344413e-14
107.2 	 5.2155878463144235e-06 	 3.1648510291035167e-14
108.4 	 5.1661428692083616e-06 	 3.070917269082986e-14
109.6 	 5.116689455199346e-06 	 2.981264299161871e-14
110.9 	 5.064616851415259e-06 	 2.8845575838707094e-14
112.2 	 5.012696051109319e-06 	 2.7925560791536165e-14
113.5 	 4.962820013877197e-06 	 2.7043630553236228e-14
114.8 	 4.91305314841679e-06 	 2.6203650776372556e-14
116.1 	 4.864318555301288e-06 	 2.540028811090702e-14
117.5 	 4.81248415904514e-06 	 2.4547771031527142e-14
118.9 	 4.761792931710965e-06 	 2.3735071260717396e-14
120.2 	 4.717244867909278e-06 	 2.304958548595728e-14
121.6 	 4.667762577932382e-06 	 2.2308223134922926e-14
123.0 	 4.621266774925222e-06 	 2.161005856641214e-14
124.5 	 4.57016918413971e-06 	 2.0865822063996402e-14
125.9 	 4.525677934020402e-06 	 2.0230355549135377e-14
127.4 	 4.4777631702272265e-06 	 1.9562598950164753e-14
128.8 	 4.434334539521574e-06 	 1.8984405352348545e-14
130.3 	 4.387415897840192e-06 	 1.836370935615158e-14
131.8 	 4.342481117631924e-06 	 1.778085710497469e-14
133.4 	 4.295271908464638e-06 	 1.7172253195875206e-14
134.9 	 4.253204648589975e-06 	 1.6650688835435657e-14
136.5 	 4.2072543983576125e-06 	 1.609718859931081e-14
138.0 	 4.1660553051091925e-06 	 1.5612840999778433e-14
139.6 	 4.122905803725988e-06 	 1.5114994255371502e-14
141.3 	 4.0776156731058394e-06 	 1.4588868360140395e-14
142.9 	 4.03633817774153e-06 	 1.4136211899103224e-14
144.5 	 3.9950783569405665e-06 	 1.3696173134543096e-14
146.2 	 3.9527979647603615e-06 	 1.324570284848724e-14
147.9 	 3.9114363017332356e-06 	 1.2815830779972742e-14
149.6 	 3.870962979099551e-06 	 1.24053680493235e-14
151.4 	 3.828182751178861e-06 	 1.1982662218244412e-14
153.1 	 3.7894634440891636e-06 	 1.1609060968570105e-14
154.9 	 3.74926419138216e-06 	 1.1229284239753337e-14
156.7 	 3.7098031608698127e-06 	 1.0860449850713757e-14
158.5 	 3.6705972560179853e-06 	 1.050940222346893e-14
160.3 	 3.6329494050223667e-06 	 1.0179024587607608e-14
162.2 	 3.5938747274210206e-06 	 9.838836560472507e-15
164.1 	 3.5549699125210874e-06 	 9.509878024780592e-15
166.0 	 3.5170400170211125e-06 	 9.201325738433672e-15
167.9 	 3.4804819701998536e-06 	 8.905865566108113e-15
169.8 	 3.4441594128138963e-06 	 8.624379069664464e-15
171.8 	 3.407798262965075e-06 	 8.338945943495461e-15
173.8 	 3.371070980500482e-06 	 8.063638976067999e-15
175.8 	 3.3351466362164646e-06 	 7.800917521918866e-15
177.8 	 3.300608970400732e-06 	 7.553490840064405e-15
179.9 	 3.2649855238138303e-06 	 7.300734560869162e-15
182.0 	 3.2290664784360067e-06 	 7.057147560603159e-15
184.1 	 3.1950048713264227e-06 	 6.827227626703142e-15
186.2 	 3.161200251121514e-06 	 6.608274125820183e-15
188.4 	 3.12692804226935e-06 	 6.384939944935053e-15
190.5 	 3.0945765196890452e-06 	 6.1855321118214e-15
192.8 	 3.0602642013449717e-06 	 5.972541681118912e-15
195.0 	 3.027749804697977e-06 	 5.779032594987066e-15
197.2 	 2.9964551073179807e-06 	 5.596601648061043e-15
199.5 	 2.963388924616333e-06 	 5.409474887564938e-15
201.8 	 2.931983528591558e-06 	 5.232752850577504e-15
204.2 	 2.8994167794278873e-06 	 5.054539733173947e-15
206.5 	 2.869381753708559e-06 	 4.893761552191007e-15
208.9 	 2.838691980558678e-06 	 4.733362489062565e-15
211.3 	 2.808201592843549e-06 	 4.578368929991646e-15
213.8 	 2.7775334056860434e-06 	 4.423920317187662e-15
216.3 	 2.7470944156859862e-06 	 4.274933066455765e-15
218.8 	 2.7173937873131066e-06 	 4.134865187468843e-15
221.3 	 2.6887148640486526e-06 	 4.00082995535021e-15
223.9 	 2.659095357114944e-06 	 3.8662081181109074e-15
226.5 	 2.6301344334750757e-06 	 3.737838275193355e-15
229.1 	 2.601810060328919e-06 	 3.61535548625127e-15
231.7 	 2.574507862594717e-06 	 3.4997881987874075e-15
234.4 	 2.5463006825454873e-06 	 3.3822543681599686e-15
237.1 	 2.519109580230307e-06 	 3.2714211224716716e-15
239.9 	 2.4911355733640733e-06 	 3.1605833292872992e-15
242.7 	 2.464115497863515e-06 	 3.054688894450807e-15
245.5 	 2.437367543559637e-06 	 2.953915224214056e-15
248.3 	 2.411204737912401e-06 	 2.857733831045172e-15
251.2 	 2.385017639706685e-06 	 2.762512254255521e-15
254.1 	 2.3587467236192723e-06 	 2.6708853275816916e-15
257.0 	 2.3337043163109655e-06 	 2.584209481274853e-15
260.0 	 2.3080153178428407e-06 	 2.497767148757212e-15
263.0 	 2.2831879579079895e-06 	 2.415135688983881e-15
266.1 	 2.257765175880077e-06 	 2.332939700052823e-15
269.2 	 2.2329121835634904e-06 	 2.2545946852699353e-15
272.3 	 2.2089276776576614e-06 	 2.1806535128500383e-15
275.4 	 2.1848784155434968e-06 	 2.1094704500507138e-15
278.6 	 2.1611532694278892e-06 	 2.039137821638552e-15
281.8 	 2.13768447798105e-06 	 1.9721823554316146e-15
285.1 	 2.1139864604677706e-06 	 1.905588373004634e-15
288.4 	 2.0908167116541967e-06 	 1.8420916316056073e-15
291.7 	 2.0681575598405454e-06 	 1.7815112864439994e-15
295.1 	 2.0455799940295932e-06 	 1.7219325130359834e-15
298.5 	 2.023256611936911e-06 	 1.6652191748713108e-15
302.0 	 2.000999952431394e-06 	 1.6088414362295435e-15
305.5 	 1.9790019690340743e-06 	 1.5551991569846891e-15
309.0 	 1.957489805555938e-06 	 1.5040226355391597e-15
312.6 	 1.9358279035152796e-06 	 1.4533083713564122e-15
316.2 	 1.914900577829804e-06 	 1.405409612985103e-15
319.9 	 1.893368157952247e-06 	 1.3576394392451506e-15
323.6 	 1.87256361756041e-06 	 1.3125274249165866e-15
327.3 	 1.8524317741863889e-06 	 1.2693978275053736e-15
331.1 	 1.8319729234541523e-06 	 1.2268218362800583e-15
335.0 	 1.8114516902777118e-06 	 1.1852529037965171e-15
338.8 	 1.791895963192635e-06 	 1.1465392185128093e-15
342.8 	 1.771953467309169e-06 	 1.1073307857778425e-15
346.7 	 1.7527671447445572e-06 	 1.0712710681842232e-15
350.8 	 1.7330088989829708e-06 	 1.0344709173437646e-15
354.8 	 1.7141803088244332e-06 	 1.000534849926552e-15
358.9 	 1.6952894674310145e-06 	 9.670555383072483e-16
363.1 	 1.6763751919421734e-06 	 9.344329086251128e-16
367.3 	 1.6580650569674378e-06 	 9.032689413881354e-16
371.5 	 1.6399796243664677e-06 	 8.735920126479794e-16
375.8 	 1.6218578581567078e-06 	 8.443608910069099e-16
380.2 	 1.603715457257902e-06 	 8.156175897358173e-16
384.6 	 1.5859981021317941e-06 	 7.885008931207639e-16
389.0 	 1.5686548962595629e-06 	 7.623563109738146e-16
393.6 	 1.550920699146145e-06 	 7.361672261720625e-16
398.1 	 1.5339732589979537e-06 	 7.119291060109114e-16
402.7 	 1.5171951504639217e-06 	 6.883060199885841e-16
407.4 	 1.5002456847057053e-06 	 6.64919956880648e-16
412.1 	 1.4836911319090328e-06 	 6.428471066550624e-16
416.9 	 1.4673011402738307e-06 	 6.211510668361498e-16
421.7 	 1.4511268750360941e-06 	 6.004978099890153e-16
426.6 	 1.4349730025640034e-06 	 5.802459466732732e-16
431.5 	 1.4190354462496567e-06 	 5.609660212026547e-16
436.5 	 1.4034251765483999e-06 	 5.421892716387985e-16
441.6 	 1.387706887390529e-06 	 5.238335977461515e-16
446.7 	 1.3723407584279003e-06 	 5.06332639626276e-16
451.9 	 1.3570146333398253e-06 	 4.892032161297048e-16
457.1 	 1.3420308583360162e-06 	 4.728701522814199e-16
462.4 	 1.327103137113539e-06 	 4.570401206329266e-16
467.7 	 1.3126351705484992e-06 	 4.419149504173063e-16
473.2 	 1.29780958997346e-06 	 4.267809683936988e-16
478.6 	 1.2835868984482359e-06 	 4.1270336866314885e-16
484.2 	 1.269162375117357e-06 	 3.9873247723327786e-16
489.8 	 1.255051094404585e-06 	 3.852908540001172e-16
495.5 	 1.2410133786141454e-06 	 3.722875479754289e-16
501.2 	 1.2272894271796847e-06 	 3.598877397314292e-16
507.0 	 1.2137528914904372e-06 	 3.478706327528055e-16
512.9 	 1.200048710394884e-06 	 3.36076792667517e-16
518.8 	 1.1868815519135535e-06 	 3.2489657316959297e-16
524.8 	 1.173672452770775e-06 	 3.1400570933056917e-16
530.9 	 1.1605383500323498e-06 	 3.0338834696591083e-16
537.0 	 1.1476978025869198e-06 	 2.932642117037033e-16
543.3 	 1.134731639096152e-06 	 2.832718365167306e-16
549.5 	 1.1222621489397961e-06 	 2.7394670728812344e-16
555.9 	 1.109666890593799e-06 	 2.6466337816525895e-16
562.3 	 1.0973538497924563e-06 	 2.558122173617176e-16
568.9 	 1.0850358027928506e-06 	 2.470797197179998e-16
575.4 	 1.0730868114931613e-06 	 2.389349333361695e-16
582.1 	 1.061035786684618e-06 	 2.3084257738546045e-16
588.8 	 1.0492548515085563e-06 	 2.2312677832834717e-16
595.7 	 1.0372966976268857e-06 	 2.154867699842025e-16
602.6 	 1.0257928742838939e-06 	 2.082437831112806e-16
609.5 	 1.0144576989770555e-06 	 2.0134555129113914e-16
616.6 	 1.00304697526289e-06 	 1.9450934483250705e-16
623.7 	 9.919825591726263e-07 	 1.8803488115903584e-16
631.0 	 9.806802262832786e-07 	 1.8159421982488453e-16
638.3 	 9.697209211346856e-07 	 1.7549575007852972e-16
645.7 	 9.589430044698894e-07 	 1.696119309795201e-16
653.1 	 9.483206800293679e-07 	 1.6396300527047317e-16
660.7 	 9.376545597515229e-07 	 1.5842355489693512e-16
668.3 	 9.272276214171622e-07 	 1.5314139172614723e-16
676.1 	 9.167605909878852e-07 	 1.479263658940349e-16
683.9 	 9.065291112952603e-07 	 1.4295508972512783e-16
691.8 	 8.964006153684055e-07 	 1.3816979866040825e-16
699.8 	 8.864420183099716e-07 	 1.3352234481055078e-16
707.9 	 8.765110589570362e-07 	 1.2902271755930329e-16
716.1 	 1.1236536008624434e-06 	 1.6164443804824577e-16
724.4 	 8.56956365011406e-07 	 1.2046756358027621e-16
732.8 	 8.473337042142002e-07 	 1.1640385639594471e-16
741.3 	 8.378132993137499e-07 	 1.124677941890048e-16
749.9 	 8.283996457341983e-07 	 1.0868397560622263e-16
758.6 	 8.190847045017661e-07 	 1.0499346597581669e-16
767.4 	 8.098767873154104e-07 	 1.0144726598196309e-16
776.2 	 8.008788632261512e-07 	 9.808994750076892e-17
785.2 	 7.918745932932368e-07 	 9.476568330757198e-17
794.3 	 7.829769852601788e-07 	 9.157233580873949e-17
803.5 	 7.74182112985573e-07 	 8.848280889216083e-17
812.8 	 7.654897784487019e-07 	 8.549436461021678e-17
822.2 	 7.569030645444939e-07 	 8.262419253610909e-17
831.8 	 7.483281570678064e-07 	 7.980971092296918e-17
841.4 	 7.399466532644378e-07 	 7.712682475047627e-17
851.1 	 7.317224672681844e-07 	 7.454729743818743e-17
861.0 	 7.234603360646468e-07 	 7.202248994021536e-17
871.0 	 7.15301764356354e-07 	 6.95831760158619e-17
881.0 	 7.073263230098263e-07 	 6.725729261741582e-17
891.3 	 6.99295215322436e-07 	 6.49657319473136e-17
901.6 	 6.914428605038759e-07 	 6.27669462410843e-17
912.0 	 6.836963043307034e-07 	 6.067132535138177e-17
922.6 	 6.759733034624678e-07 	 5.860783460492388e-17
933.3 	 6.68354785500136e-07 	 5.662911092594626e-17
944.1 	 6.608371051487544e-07 	 5.4718974145910896e-17
955.0 	 6.534666205905843e-07 	 5.288486349386163e-17
966.1 	 6.460355887676907e-07 	 5.108566534432582e-17
977.2 	 6.388179149446067e-07 	 4.9379357182011925e-17
988.6 	 6.31613915841631e-07 	 4.7702049948266525e-17
1000.0 	 6.245277943375605e-07 	 4.6094743920486865e-17
