0.001 	 9.657542252116609e-06 	 0.03613973007861905
0.001012 	 9.98393152771028e-06 	 0.03619213012674481
0.001023 	 1.0328604076773929e-05 	 0.036364904056721124
0.001035 	 1.0671316111366107e-05 	 0.03637420521476746
0.001047 	 1.1021670916779796e-05 	 0.03636480781109072
0.001059 	 1.1390903082154721e-05 	 0.03653765358004586
0.001072 	 1.1771171313555032e-05 	 0.036549608964691685
0.001084 	 1.2175982713401818e-05 	 0.036676206048403194
0.001096 	 1.2597839051892086e-05 	 0.036781266131513564
0.001109 	 1.3020774329457774e-05 	 0.03673311521807047
0.001122 	 1.3455607753795002e-05 	 0.03684678481074462
0.001135 	 1.3916217057823613e-05 	 0.03676374307031482
0.001148 	 1.4398207377434273e-05 	 0.037007870989033846
0.001161 	 1.4897353457665022e-05 	 0.03705777333985659
0.001175 	 1.539997262155028e-05 	 0.036962847881277065
0.001189 	 1.5911234270871457e-05 	 0.037012073708864716
0.001202 	 1.6451250915672302e-05 	 0.037163990825760794
0.001216 	 1.6982432102090946e-05 	 0.03717130649874519
0.00123 	 1.7524611311021027e-05 	 0.0371604620946211
0.001245 	 1.807919397533381e-05 	 0.03715935735185835
0.001259 	 1.8693362194779603e-05 	 0.03725853658221329
0.001274 	 1.931072963970577e-05 	 0.03735913939277397
0.001288 	 1.9957534363254538e-05 	 0.037417039133735876
0.001303 	 2.059954559534516e-05 	 0.03747485600629737
0.001318 	 2.1273116597503948e-05 	 0.03751341967946031
0.001334 	 2.1960715215519943e-05 	 0.03754840953588319
0.001349 	 2.2693898367730278e-05 	 0.037550785284230614
0.001365 	 2.3432454142499626e-05 	 0.03754857708671168
0.00138 	 2.4215508848943102e-05 	 0.037756704300334905
0.001396 	 2.50045117499678e-05 	 0.03771700134643361
0.001413 	 2.5811965226424802e-05 	 0.0377828996768775
0.001429 	 2.6669935154395877e-05 	 0.037822809381788655
0.001445 	 2.7556649970448938e-05 	 0.03795404013454224
0.001462 	 2.8440584846637928e-05 	 0.037960109874273534
0.001479 	 2.937552518928008e-05 	 0.03795043902595211
0.001496 	 3.0316356848941963e-05 	 0.038024900742198366
0.001514 	 3.1295812079163014e-05 	 0.03798159098159041
0.001531 	 3.2326337247779665e-05 	 0.03811882605901908
0.001549 	 3.336510311400196e-05 	 0.03813699895159029
0.001567 	 3.443179842792434e-05 	 0.03813797554919276
0.001585 	 3.55510791204807e-05 	 0.038214589862781714
0.001603 	 3.669585697852491e-05 	 0.03827237796341449
0.001622 	 3.78919737577734e-05 	 0.03830722008003401
0.001641 	 3.9085135685899375e-05 	 0.03832229443595231
0.00166 	 4.034876166223563e-05 	 0.03832342754868667
0.001679 	 4.160798753047801e-05 	 0.03838753770587548
0.001698 	 4.295851849224083e-05 	 0.03843791244048204
0.001718 	 4.4324269396959694e-05 	 0.03845982879843611
0.001738 	 4.575198598235453e-05 	 0.03846729258634629
0.001758 	 4.719341618742227e-05 	 0.03853164762953684
0.001778 	 4.869372013515453e-05 	 0.0385805793130361
0.001799 	 5.0200467382466246e-05 	 0.038597764844172065
0.00182 	 5.178393544949355e-05 	 0.03860198195470019
0.001841 	 5.344150154604018e-05 	 0.038594420327147896
0.001862 	 5.512710081425959e-05 	 0.038638247840501475
0.001884 	 5.685269968926149e-05 	 0.03865082850608019
0.001905 	 5.8654424080603436e-05 	 0.03873053125658052
0.001928 	 6.041735894303934e-05 	 0.038633440709200086
0.00195 	 6.229549737587764e-05 	 0.03866760528528783
0.001972 	 6.425522453998096e-05 	 0.03869103556469799
0.001995 	 6.626063522299591e-05 	 0.038683480936425665
0.002018 	 6.834104339165919e-05 	 0.038721257791795714
0.002042 	 7.043948091384262e-05 	 0.0386170331079256
0.002065 	 7.260296601383263e-05 	 0.0386836306926959
0.002089 	 7.478019561459565e-05 	 0.038663146405093454
0.002113 	 7.704244649343528e-05 	 0.03863512170144071
0.002138 	 7.938771039330098e-05 	 0.03857959739159152
0.002163 	 8.181017077125535e-05 	 0.038565048465492975
0.002188 	 8.432570625705646e-05 	 0.03854403476675346
0.002213 	 8.69128311101159e-05 	 0.038516093110390635
0.002239 	 8.952917592622761e-05 	 0.03845726004232538
0.002265 	 9.215722559430241e-05 	 0.03843144502301166
0.002291 	 9.486737404268368e-05 	 0.03835819002143819
0.002317 	 9.770949711225138e-05 	 0.03836752210191133
0.002344 	 0.0001006361968745602 	 0.03830921369230411
0.002371 	 0.00010366748674130953 	 0.03824967954134563
0.002399 	 0.00010675535672133776 	 0.03816357583287696
0.002427 	 0.0001099225667113543 	 0.03807594783673401
0.002455 	 0.00011318297523421923 	 0.03802440777896147
0.002483 	 0.0001164843688550174 	 0.03796807006090541
0.002512 	 0.00011976156363556396 	 0.03787982862205623
0.002541 	 0.00012320368192978546 	 0.0378310695710959
0.00257 	 0.0001268208618836199 	 0.03775659213685992
0.0026 	 0.0001305102728214443 	 0.03766015887241813
0.00263 	 0.0001343316882987507 	 0.037569960485728186
0.002661 	 0.00013821338677206128 	 0.03739917853416479
0.002692 	 0.00014220186288312116 	 0.03726598920781357
0.002723 	 0.0001462785291748238 	 0.037138917592979374
0.002754 	 0.00015046988942310643 	 0.03702058417673688
0.002786 	 0.0001548622008374591 	 0.036843897146891985
0.002818 	 0.00015944297364586877 	 0.036686296370724535
0.002851 	 0.00016400585389842332 	 0.03645943744558989
0.002884 	 0.00016860526355706048 	 0.03626655896440291
0.002917 	 0.00017337900808846852 	 0.036070373430203105
0.002951 	 0.00017812332523211015 	 0.03583485219988481
0.002985 	 0.00018289564908772002 	 0.03558803326519523
0.00302 	 0.00018776741297304645 	 0.035338922920037916
0.003055 	 0.00019252765471898205 	 0.035069155737968954
0.00309 	 0.0001974429544190895 	 0.03482324828191374
0.003126 	 0.00020270290453390833 	 0.03454008883240918
0.003162 	 0.0002080999378379724 	 0.03426424050353351
0.003199 	 0.0002136896105533551 	 0.033983164696547004
0.003236 	 0.000219151560703075 	 0.03368924316902918
0.003273 	 0.00022486219539098683 	 0.03341636596325314
0.003311 	 0.00023062070902116842 	 0.03308148598668797
0.00335 	 0.00023654147679262515 	 0.03270173683233487
0.003388 	 0.00024275694269647422 	 0.03237447385038266
0.003428 	 0.0002488077444046368 	 0.03196541606885224
0.003467 	 0.0002551436661771807 	 0.031611656543122854
0.003508 	 0.0002614208501101072 	 0.031167732893624688
0.003548 	 0.00026797131711612127 	 0.030744627811220695
0.003589 	 0.00027463823034852894 	 0.030277413765972976
0.003631 	 0.00028130028621801175 	 0.02976375761672519
0.003673 	 0.00028814165908061794 	 0.02931999648933475
0.003715 	 0.0002951552996068178 	 0.02883440761676209
0.003758 	 0.00030225468567850595 	 0.028266807813740847
0.003802 	 0.00030932451523180664 	 0.027632999394209986
0.003846 	 0.0003166534339586633 	 0.026985050704886326
0.00389 	 0.0003240283147552596 	 0.02667280440166827
0.003935 	 0.00033156949673055224 	 0.02660353996095853
0.003981 	 0.000339051892208278 	 0.02602535620449638
0.004027 	 0.00034665828871394263 	 0.025078668585614187
0.004074 	 0.0003542969963454622 	 0.023856933409492805
0.004121 	 0.00036204868015232147 	 0.022509673620816153
0.004169 	 0.00036970440425515864 	 0.020459058372985235
0.004217 	 0.0003775478532695206 	 0.018574675419364778
0.004266 	 0.0003852960224539961 	 0.01743861041125602
0.004315 	 0.00039303752995691304 	 0.017421693511551588
0.004365 	 0.00040067870828402216 	 0.018822846581372264
0.004416 	 0.0004086317782274448 	 0.0207484786879936
0.004467 	 1.843852009064409e-05 	 0.002447313055802462
0.004519 	 1.8958718514114763e-05 	 0.0005014134297889358
0.004571 	 1.9511241761602427e-05 	 4.224969346132091e-05
0.004624 	 2.0090690604181066e-05 	 0.0005304035893779269
0.004677 	 2.0691492230496288e-05 	 0.0015658914686719674
0.004732 	 2.130388781849647e-05 	 0.00284227353292212
0.004786 	 2.1931632147124364e-05 	 0.0040076446432253015
0.004842 	 2.254363316818099e-05 	 0.004799708106187227
0.004898 	 2.3182981092798635e-05 	 0.005493344291936895
0.004954 	 2.384873656069378e-05 	 0.006070177162938669
0.005012 	 2.4538317393887358e-05 	 0.006514081613766722
0.00507 	 2.524401256541999e-05 	 0.0068282346443671845
0.005129 	 2.5960204423029335e-05 	 0.007014008054695288
0.005188 	 2.669153948250053e-05 	 0.007204995561300476
0.005248 	 2.7432676854373125e-05 	 0.007553390241652245
0.005309 	 2.8213080905944524e-05 	 0.00788430816322707
0.00537 	 2.9021248790212978e-05 	 0.00819571301014046
0.005433 	 2.9845279876680577e-05 	 0.008482438563406223
0.005495 	 3.0700479229529555e-05 	 0.008759211189478092
0.005559 	 3.157653354440084e-05 	 0.009007177487526531
0.005623 	 3.246891476465258e-05 	 0.009242680275564859
0.005689 	 3.339397637261622e-05 	 0.009473941610031494
0.005754 	 3.43675246383808e-05 	 0.009709855480435401
0.005821 	 3.53562294615888e-05 	 0.009923213348861705
0.005888 	 3.636403734145376e-05 	 0.010130972527408789
0.005957 	 3.738458253249019e-05 	 0.010319421592701751
0.006026 	 3.842240422694164e-05 	 0.010495727966954341
0.006095 	 3.9483617648060757e-05 	 0.010666883022545605
0.006166 	 4.053450110427226e-05 	 0.010815700502295104
0.006237 	 4.165297736717339e-05 	 0.010972518259922553
0.00631 	 4.2836098769170144e-05 	 0.011122853278002533
0.006383 	 4.404338124583609e-05 	 0.011270935568335378
0.006457 	 4.526071222059183e-05 	 0.011409710645285542
0.006531 	 4.651300053437476e-05 	 0.011546366815025627
0.006607 	 4.781545612282975e-05 	 0.011678551910072702
0.006683 	 4.9161641281331666e-05 	 0.011811226832027991
0.006761 	 5.052312011074227e-05 	 0.011930128242197201
0.006839 	 5.1919320621889446e-05 	 0.012049358985409793
0.006918 	 5.3347258825108165e-05 	 0.012161840533219413
0.006998 	 5.482855981082599e-05 	 0.01227295854786358
0.007079 	 5.63377959872153e-05 	 0.012377100209365518
0.007161 	 5.789617638670904e-05 	 0.012479486657936762
0.007244 	 5.948457067104619e-05 	 0.012579770551854056
0.007328 	 6.108458089934933e-05 	 0.012665351369466695
0.007413 	 6.275016212744995e-05 	 0.01274660980781663
0.007499 	 6.447856301938555e-05 	 0.01283525857167037
0.007586 	 6.626701589386032e-05 	 0.012930535781742823
0.007674 	 6.811283288568883e-05 	 0.013031720966554779
0.007762 	 7.002219722255837e-05 	 0.013122633408394018
0.007852 	 7.192280926197147e-05 	 0.01319011539380071
0.007943 	 7.387458419756527e-05 	 0.013284628337918946
0.008035 	 7.592533058886598e-05 	 0.013362591945642939
0.008128 	 7.802086734651974e-05 	 0.01342442400526775
0.008222 	 8.015945988517001e-05 	 0.0135110229738329
0.008318 	 8.227955778787341e-05 	 0.013574397571587089
0.008414 	 8.454589603322121e-05 	 0.01364836643998816
0.008511 	 8.684736991776935e-05 	 0.01370643724206644
0.00861 	 8.921957086076899e-05 	 0.013780172392301842
0.00871 	 9.16217042742257e-05 	 0.013837902549088768
0.00881 	 9.410921253346393e-05 	 0.013904630053057638
0.008913 	 9.660102351925541e-05 	 0.013960750682646971
0.009016 	 9.92176681880827e-05 	 0.014008217983217977
0.00912 	 0.00010189974703826523 	 0.014074517464627009
0.009226 	 0.0001046764869839592 	 0.01411966313432703
0.009333 	 0.00010751145573874116 	 0.014182294912464595
0.009441 	 0.00011040119171531852 	 0.014229768336858847
0.00955 	 0.00011334334400177513 	 0.014278088872425827
0.009661 	 0.00011636551189692096 	 0.014321243342694098
0.009772 	 0.00011948805690853292 	 0.014385528152942586
0.009886 	 0.00012266973115682107 	 0.014423363940069447
0.01 	 0.00012602594728425526 	 0.014481633197540512
0.01012 	 0.00012935232704391802 	 0.014496474084648788
0.01023 	 0.0001329322733683769 	 0.014587684409823123
0.01035 	 0.00013642462054698829 	 0.014626132029766797
0.01047 	 0.00013995558340774598 	 0.014656043547007301
0.01059 	 0.00014367914289825417 	 0.014704013229252614
0.01072 	 0.00014741325920271996 	 0.014713698195978668
0.01084 	 0.00015138813952810358 	 0.014782185863222216
0.01096 	 0.0001555395295768005 	 0.01485425474638201
0.01109 	 0.00015964399721068886 	 0.014875523467878366
0.01122 	 0.0001638382521145915 	 0.014900413434638141
0.01135 	 0.00016819196825245108 	 0.014940143395450297
0.01148 	 0.00017277125777377566 	 0.014994166866829702
0.01161 	 0.00017746255146149529 	 0.015050432371732713
0.01175 	 0.00018210719397312544 	 0.01505742778767568
0.01189 	 0.00018685232440122525 	 0.015067318918310644
0.01202 	 0.00019185469714981486 	 0.015140089120831776
0.01216 	 0.00019676015736204693 	 0.0151640015518038
0.0123 	 0.00020172346472662028 	 0.015180242687392381
0.01245 	 0.0002067431870702634 	 0.015169218415712405
0.01259 	 0.00021227179763958756 	 0.015219290758149775
0.01274 	 0.00021773803067900963 	 0.015231345222843293
0.01288 	 0.00022350926185087583 	 0.015292430462152994
0.01303 	 0.00022920532052783156 	 0.015306984272123845
0.01318 	 0.0002351201465085914 	 0.015340111566544119
0.01334 	 0.00024106449734219678 	 0.015328381108052918
0.01349 	 0.00024739219361761953 	 0.015380074305270424
0.01365 	 0.0002537311229658636 	 0.01538702253406173
0.0138 	 0.0002603558895238855 	 0.015446968507894905
0.01396 	 0.00026697722866609756 	 0.015470038572450774
0.01413 	 0.00027366885417381027 	 0.015457549373234273
0.01429 	 0.0002807784256702451 	 0.015496899008523869
0.01445 	 0.0002879370575350035 	 0.015542418115907128
0.01462 	 0.0002953626574976773 	 0.01554674467652851
0.01479 	 0.0003029045137870435 	 0.015564582308341525
0.01496 	 0.0003108333171488736 	 0.01559017064425523
0.01514 	 0.0003186549615096475 	 0.01558658427211265
0.01531 	 0.0003267837904280125 	 0.0156297179398752
0.01549 	 0.000335057969595845 	 0.01563270258057284
0.01567 	 0.00034367948444313876 	 0.01565445376695328
0.01585 	 0.0003523752524308135 	 0.015680772679155217
0.01603 	 0.0003614004431862677 	 0.015712859245806263
0.01622 	 0.000370262987804627 	 0.0157156167520735
0.01641 	 0.00037968562439412803 	 0.015725538341740033
0.0166 	 0.0003891527586701638 	 0.015739366027377112
0.01679 	 0.00039890927696571905 	 0.01575828075509693
0.01698 	 0.0004089461841122944 	 0.015782006660095566
0.01718 	 0.00041925382638454355 	 0.015784708752103343
0.01738 	 0.00042981327278268763 	 0.015791996723153165
0.01758 	 0.0004406179236011044 	 0.015808294046294837
0.01778 	 0.0004516590745365239 	 0.015828482517605883
0.01799 	 0.0004626748703259158 	 0.015826057424377073
0.0182 	 0.0004739079330562503 	 0.015831805595024354
0.01841 	 0.00048580313872164754 	 0.01585213023536562
0.01862 	 0.0004981142834055496 	 0.015876563751512914
0.01884 	 0.0005103386790193767 	 0.015873944003415862
0.01905 	 0.0005230080454051994 	 0.01590768378255004
0.01928 	 0.000535944342845757 	 0.01589299762789727
0.0195 	 0.0005495148060399283 	 0.015915024767492052
0.01972 	 0.0005634355878891967 	 0.015943968736703472
0.01995 	 0.0005771983745861944 	 0.015946197587577284
0.02018 	 0.0005912862406443084 	 0.015951721713858596
0.02042 	 0.0006053942556839209 	 0.01593260169386303
0.02065 	 0.0006201007765477317 	 0.015947912703804218
0.02089 	 0.0006352053356401756 	 0.015950929768450816
0.02113 	 0.000650782485429836 	 0.0159641575569932
0.02138 	 0.0006663075730836875 	 0.015949699941681324
0.02163 	 0.0006822717476332519 	 0.015942222895274933
0.02188 	 0.0006988522130841608 	 0.015942497419068804
0.02213 	 0.0007158430257394415 	 0.015951927756989913
0.02239 	 0.00073308935812931 	 0.015939760415883214
0.02265 	 0.000750708183406063 	 0.01593368829904596
0.02291 	 0.0007690573685180991 	 0.0159409967613253
0.02317 	 0.0007875629974421819 	 0.01594447326401508
0.02344 	 0.0008064325795650348 	 0.015946248822196838
0.02371 	 0.0008257842886553639 	 0.015946268708974372
0.02399 	 0.0008452506856621765 	 0.015918225902915393
0.02427 	 0.0008653551318802367 	 0.015914552747709493
0.02455 	 0.000886057895282332 	 0.01591031632593212
0.02483 	 0.000907340372789693 	 0.015905732993552045
0.02512 	 0.000929004038653659 	 0.015898926074020315
0.02541 	 0.000951366079857351 	 0.015892649464549224
0.0257 	 0.0009740995626349914 	 0.015906262469972766
0.026 	 0.0009969281752267923 	 0.01587367886413859
0.0263 	 0.0010204166001927457 	 0.015862891046125493
0.02661 	 0.0010441535691769587 	 0.01584867530723285
0.02692 	 0.00106845743442847 	 0.015815892484518736
0.02723 	 0.0010932015803761658 	 0.015802449625493077
0.02754 	 0.0011188109843147684 	 0.015791703248375536
0.02786 	 0.0011446964922745657 	 0.015760164861302592
0.02818 	 0.0011712635831936655 	 0.01574837652967861
0.02851 	 0.0011981967950010445 	 0.015717119176096875
0.02884 	 0.0012258582363231176 	 0.015672729474865064
0.02917 	 0.001254275069232537 	 0.015648366350955813
0.02951 	 0.0012829915194534902 	 0.01562160473111413
0.02985 	 0.0013126459848617166 	 0.015584496518605256
0.0302 	 0.0013425083335204418 	 0.015530617933968597
0.03055 	 0.0013728288280118054 	 0.015465997028339661
0.0309 	 0.0014035081010030197 	 0.015418712817222556
0.03126 	 0.0014344622555669728 	 0.015356897778665451
0.03162 	 0.0014674442229406337 	 0.015295726373056642
0.03199 	 0.0014992754650448095 	 0.015213513886756614
0.03236 	 0.0015317618864132973 	 0.015137976378413805
0.03273 	 0.0015648303834952869 	 0.015044905389784818
0.03311 	 0.0015980354276067764 	 0.01494145143407449
0.0335 	 0.0016312910706273104 	 0.01480577381045055
0.03388 	 0.001665549962139473 	 0.014675391078757118
0.03428 	 0.0016993213553445263 	 0.014500062332322055
0.03467 	 0.0017341803524652559 	 0.014374064923619093
0.03508 	 0.0017671510650394521 	 0.014159048952126121
0.03548 	 0.0018031292344879081 	 0.013847545773414408
0.03589 	 0.0018428425854562836 	 0.013288073854605476
0.03631 	 0.0018549338023742235 	 0.012606395381303571
0.03673 	 0.001802534755462109 	 0.01171252688295734
0.03715 	 0.001712733078710029 	 0.010873087197671327
0.03758 	 0.001612579894231917 	 0.010192317368150369
0.03802 	 0.0015549113105635852 	 0.010016166029708288
0.03846 	 0.0015133901148288776 	 0.010049779220567037
0.0389 	 0.0014861547007565172 	 0.010224868343328893
0.03935 	 0.0014699560511302865 	 0.010441445198017547
0.03981 	 0.0014634809514317139 	 0.010731963684354192
0.04027 	 0.0014656267920506855 	 0.011069800098847747
0.04074 	 0.001474717760277651 	 0.011458528339644903
0.04121 	 0.0014940426814814209 	 0.011933559604399319
0.04169 	 0.0015156082881725014 	 0.01255018654642476
0.04217 	 0.001551878830622099 	 0.013242905776787627
0.04266 	 0.0016050747575219475 	 0.0139880443372125
0.04315 	 0.0016996505624628448 	 0.01474607652817862
0.04365 	 0.0018089996050895676 	 0.01548701041088905
0.04416 	 0.0019247761810850194 	 0.016204722350855547
0.04467 	 0.0020151686768247277 	 0.016822032255769333
0.04519 	 0.0021001663685611045 	 0.01739404990224455
0.04571 	 0.0021893254733767638 	 0.017956327888540628
0.04624 	 0.0023029318697193627 	 0.018593511799574813
0.04677 	 0.002434506065483814 	 0.019292296078102893
0.04732 	 0.0025722604886389625 	 0.019980044298428937
0.04786 	 0.002710196166474583 	 0.02066067667402243
0.04842 	 0.0028381305918182003 	 0.02121708809118849
0.04898 	 0.0029700714565301816 	 0.021787638264644516
0.04955 	 0.00310378988081479 	 0.022331468595065563
0.05012 	 0.0032499550899012662 	 0.022954906314642736
0.0507 	 0.00340146941831057 	 0.02358023312316542
0.05129 	 0.0035575514891962416 	 0.024211376687163104
0.05188 	 0.0037191175459762144 	 0.024877432130108214
0.05248 	 0.003884741823335615 	 0.02554779633975965
0.05309 	 0.004055673013904908 	 0.02621701751697128
0.0537 	 0.004232749766398637 	 0.02691383710626952
0.05432 	 0.004418404766228279 	 0.027643911932283615
0.05495 	 0.00461049708067781 	 0.02836335666617474
0.05559 	 0.004807634971087389 	 0.029078119644153737
0.05623 	 0.005009127952699383 	 0.0297915476896629
0.05689 	 0.00521691364283125 	 0.030501640711929987
0.05754 	 0.005425018177233674 	 0.031177061137343122
0.05821 	 0.005628420268060112 	 0.03174610403475042
0.05888 	 0.00582646371020452 	 0.032229605882302066
0.05957 	 0.0060046787883404 	 0.032359938544798086
0.06026 	 0.0061702127423975605 	 0.032395359761734716
0.06095 	 0.006327538913232514 	 0.03243051178935369
0.06166 	 0.0064729532149060826 	 0.03239672541839694
0.06237 	 0.006605184173457528 	 0.03245893228204635
0.0631 	 0.006734711094920024 	 0.03262607584898392
0.06383 	 0.006871049339473769 	 0.032867992014965326
0.06457 	 0.007009877456963026 	 0.033136334014177794
0.06531 	 0.007156688989932448 	 0.033493933472688454
0.06607 	 0.00734125996326322 	 0.03408557700635273
0.06683 	 0.007511631096816345 	 0.03457446772258258
0.06761 	 0.007664210083006434 	 0.03493148288458236
0.06839 	 0.0077955580703887705 	 0.0351574697109873
0.06918 	 0.007894228568185753 	 0.035144804254946684
0.06998 	 0.007928573639357962 	 0.034572631118279615
0.07079 	 0.007951295985262855 	 0.03399247050565133
0.07161 	 0.007960714140722486 	 0.03339646442966068
0.07244 	 0.00795029293641395 	 0.03272541518687861
0.07328 	 0.007952788291804166 	 0.032320278354553325
0.07413 	 0.007967551282038528 	 0.032174190817376276
0.07499 	 0.007944605921583615 	 0.03177646442768182
0.07586 	 0.007902207498209324 	 0.031343970265776004
0.07674 	 0.007825807799917185 	 0.030716264796130203
0.07762 	 0.007725579833143752 	 0.03005358491689689
0.07852 	 0.0075784277570369795 	 0.02929342593350728
0.07943 	 0.007389661985957653 	 0.02823762279406653
0.08035 	 0.007168911471206185 	 0.02696120836334813
0.08128 	 0.0069271400637298305 	 0.025571524931799604
0.08222 	 0.00666729614477531 	 0.02408086242560474
0.08318 	 0.006380833052545588 	 0.022296830173464274
0.08414 	 0.006075152466100048 	 0.02029787284990746
0.08511 	 0.005765778274936361 	 0.018358042855749348
0.0861 	 0.005455819840758187 	 0.016516549719157836
0.0871 	 0.005142593073551548 	 0.01476802819463859
0.0881 	 0.004831377690633857 	 0.013169093735158694
0.08913 	 0.004609944783377288 	 0.012121044124489397
0.09016 	 0.004490799968241958 	 0.011592345184069498
0.0912 	 0.004400808858147052 	 0.011191632480572655
0.09226 	 0.004252766901442225 	 0.010753884494116288
0.09333 	 0.0040823991540781925 	 0.010307255477962633
0.09441 	 0.0038817994450188642 	 0.009785272108396696
0.0955 	 0.0036621079009815866 	 0.009198653322331754
0.09661 	 0.0034328152034861026 	 0.008559449027689158
0.09772 	 0.0032030966027924513 	 0.007933264668602133
0.09886 	 0.002977619951310004 	 0.007331605322700582
0.1 	 0.0027576638771734815 	 0.006763021632327063
0.1012 	 0.0025295443658125876 	 0.006205180321941497
0.1023 	 0.002304592568723955 	 0.005671647592865284
0.1035 	 0.0020622628352193312 	 0.0050930165459405815
0.1047 	 0.001828980198144102 	 0.0045282347706429435
0.1059 	 0.0016175977441057136 	 0.003960712235752404
0.1072 	 0.0014368529376856678 	 0.0034374322219169148
0.1084 	 0.0012993376800289383 	 0.003006325378030415
0.1096 	 0.0012010251250159489 	 0.0026504757207269757
0.1109 	 0.0011210808463489067 	 0.0023377201282208534
0.1122 	 0.0010478507497847477 	 0.0020707296756379916
0.1135 	 0.00098274744495483 	 0.001843621567520471
0.1148 	 0.000927014623229232 	 0.0016461838641770876
0.1161 	 0.0008765828668585794 	 0.0014729063424732166
0.1175 	 0.0008305099209155794 	 0.0013154722486746631
0.1189 	 0.00078670314065987 	 0.001175854117101176
0.1202 	 0.0007453445410498735 	 0.0010538673198629597
0.1216 	 0.0007065043984944476 	 0.000941319884179248
0.123 	 0.0006717273183181283 	 0.0008393686601498111
0.1245 	 0.0006402085706996163 	 0.0007449498101418121
0.1259 	 0.0006124411264371935 	 0.0006617387748515328
0.1274 	 0.0005877080214535304 	 0.0005843511615034623
0.1288 	 0.000567220561551734 	 0.0005160919580570586
0.1303 	 0.0005511853067376479 	 0.0004534411547861964
0.1318 	 0.0005410369080188304 	 0.00039781146351928814
0.1334 	 0.0005356871876068889 	 0.00034764417298243673
0.1349 	 0.0005337856080740727 	 0.0003046047605593496
0.1365 	 0.0005348973463937153 	 0.0002659264402613192
0.138 	 0.0005395651186601005 	 0.0002329032970829518
0.1396 	 0.0005466768341718892 	 0.00020326966729713338
0.1413 	 0.0005561298652996788 	 0.00017667092365630696
0.1429 	 0.0005695799776887608 	 0.00015426721586843603
0.1445 	 0.0005870540678037527 	 0.00013498298902112904
0.1462 	 0.0006085478922377031 	 0.0001185407121631219
0.1479 	 0.0006354664325842964 	 0.00010558873115404296
0.1496 	 0.0006653091546816667 	 9.55437900820857e-05
0.1514 	 0.0006971771573733705 	 8.772398006927266e-05
0.1531 	 0.0007310405666007318 	 8.195918106280507e-05
0.1549 	 0.0007656858242985918 	 7.763813605091693e-05
0.1567 	 0.0008002447453600693 	 7.455909594349301e-05
0.1585 	 0.0008366875273917043 	 7.292821313108113e-05
0.1603 	 0.0008753577148039353 	 7.269249219203272e-05
0.1622 	 0.0009192129112996622 	 7.41068692028508e-05
0.1641 	 0.0009681560434239634 	 7.734509518731814e-05
0.166 	 0.0010226092736030955 	 8.247416306207538e-05
0.1679 	 0.0010847525904754483 	 8.992356522553082e-05
0.1698 	 0.0011535115140601769 	 9.95600331055806e-05
0.1718 	 0.0012269307943506237 	 0.00011096154891380087
0.1738 	 0.0013073244818462512 	 0.00012467453576671403
0.1758 	 0.0013953753801325248 	 0.00014086690925296455
0.1778 	 0.0014907191897968735 	 0.00015958529599535286
0.1799 	 0.0015930753486940404 	 0.0001807246734397665
0.182 	 0.0017046705996354087 	 0.00020523195024217962
0.1841 	 0.001823481234158948 	 0.0002328334344343319
0.1862 	 0.0019486009934097047 	 0.00026360554409875496
0.1884 	 0.0020785814224116533 	 0.0002971823950789106
0.1905 	 0.002213351122370332 	 0.0003343984220560501
0.1928 	 0.0023440631142376427 	 0.00037144895354477756
0.195 	 0.002474881857545565 	 0.00041120239490861313
0.1972 	 0.0026029002792290206 	 0.00045269659654972985
0.1995 	 0.0027236605331789595 	 0.000494062159605701
0.2018 	 0.002838276119079873 	 0.0005364594371272383
0.2042 	 0.0029408301854471253 	 0.000576887444696243
0.2065 	 0.0030327577814364634 	 0.0006167926116605095
0.2089 	 0.003112947617933573 	 0.0006548298387638238
0.2113 	 0.003183254118541997 	 0.0006926846172528072
0.2138 	 0.0032410471795159546 	 0.0007286466170727987
0.2163 	 0.0032896657643204674 	 0.000766807135148605
0.2188 	 0.0033135344743379903 	 0.0007967900343318899
0.2213 	 0.0033070822856988017 	 0.0008134258999971698
0.2239 	 0.0032753598634817677 	 0.0008173065338470254
0.2265 	 0.0032346111688237684 	 0.0008180506231826285
0.2291 	 0.0031866501895069887 	 0.0008166835053611753
0.2317 	 0.0031271201191086957 	 0.0008117082688772403
0.2344 	 0.0030522427506443147 	 0.0008008495174273005
0.2371 	 0.002963279090510631 	 0.0007853177944826037
0.2399 	 0.0028572459150563944 	 0.0007594436847593953
0.2427 	 0.002737856008860338 	 0.0007245076920025919
0.2455 	 0.002616709557669242 	 0.0006858782002365032
0.2483 	 0.0024960798913130507 	 0.0006459545594408667
0.2512 	 0.002376380922518253 	 0.0006054674904338003
0.2541 	 0.0022592944840010404 	 0.0005652481412187629
0.257 	 0.002145811915272497 	 0.000525778174662154
0.26 	 0.002029486265254306 	 0.0004864547694035241
0.263 	 0.0019174421720222178 	 0.0004492558596786978
0.2661 	 0.0018132375543691464 	 0.00041432731000483385
0.2692 	 0.0017162123383272514 	 0.0003814516684530948
0.2723 	 0.001625513713142841 	 0.0003512588067499349
0.2754 	 0.0015423040429808042 	 0.0003227936161140611
0.2786 	 0.0014671594431986028 	 0.00029583928166709145
0.2818 	 0.0013970629579818697 	 0.00027074142309676814
0.2851 	 0.0013296869662696496 	 0.0002467171076929489
0.2884 	 0.0012758050410162408 	 0.00022735600992311445
0.2917 	 0.0012255672372757022 	 0.00021003188984886106
0.2951 	 0.0011799333061407265 	 0.00019473150392681755
0.2985 	 0.0011369989788767522 	 0.00018086462906583432
0.302 	 0.0010972943671951664 	 0.00016825454095138607
0.3055 	 0.0010607513110889096 	 0.00015683436114590722
0.309 	 0.0010264219110265754 	 0.00014635017455734965
0.3126 	 0.0009950600376048572 	 0.00013659302969746181
0.3162 	 0.0009657862920123038 	 0.0001277633410929034
0.3199 	 0.0009380679675948743 	 0.00011942709237050349
0.3236 	 0.000913152052847243 	 0.00011182747607800778
0.3273 	 0.0008896870136681481 	 0.0001049143802088209
0.3311 	 0.000868511257980396 	 9.853372895349393e-05
0.335 	 0.0008483970144471419 	 9.267545391534901e-05
0.3388 	 0.000830316871971289 	 8.741340280971776e-05
0.3428 	 0.0008127853639734423 	 8.234537452658033e-05
0.3467 	 0.0007967712561423768 	 7.786308219093853e-05
0.3508 	 0.0007812558107792105 	 7.359597313239749e-05
0.3548 	 0.0007665977412717262 	 6.972876505481508e-05
0.3589 	 0.0007530127657461118 	 6.61026311479881e-05
0.3631 	 0.0007394764268811246 	 6.268496006278835e-05
0.3673 	 0.0007265485907369836 	 5.951755627457904e-05
0.3715 	 0.0007139044465017415 	 5.654162818523651e-05
0.3758 	 0.0007010188017535574 	 5.369830713757825e-05
0.3802 	 0.0006885264006717556 	 5.1052095554912587e-05
0.3846 	 0.0006766424292490109 	 4.8553459614025164e-05
0.389 	 0.0006656406768529368 	 4.622269628876421e-05
0.3936 	 0.0006542448534519747 	 4.3948336161915585e-05
0.3981 	 0.0006435713219025206 	 4.187946988332851e-05
0.4027 	 0.0006329836298560935 	 3.988989954455337e-05
0.4074 	 0.0006224867114948686 	 3.7978467305675046e-05
0.4121 	 0.0006128068768026357 	 3.6193410750708705e-05
0.4169 	 0.0006029203985793354 	 3.4486359554805486e-05
0.4217 	 0.0005935425288029644 	 3.2869774646729093e-05
0.4266 	 0.0005842445979297033 	 3.1344493675031664e-05
0.4315 	 0.0005751634719483137 	 2.990637074571563e-05
0.4365 	 0.0005664274402134176 	 2.851599729698666e-05
0.4416 	 0.000557773012364256 	 2.7204688386094078e-05
0.4467 	 0.0005495789899511649 	 2.596112999340823e-05
0.4519 	 0.0005417154988265518 	 2.478134782456509e-05
0.4571 	 0.0005340343396742453 	 2.3667912801000698e-05
0.4624 	 0.0005266711143942836 	 2.261103919473842e-05
0.4677 	 0.0005192350656958179 	 2.1618572235563298e-05
0.4732 	 0.0005119928144615509 	 2.0639971353807542e-05
0.4786 	 0.0005052714499953874 	 1.974518580447421e-05
0.4842 	 0.000498496360050072 	 1.8867632837423988e-05
0.4898 	 0.0004918784425959273 	 1.8038755283059516e-05
0.4955 	 0.0004853143967641421 	 1.7241409159832e-05
0.5012 	 0.0004791352294843953 	 1.6498208858037348e-05
0.507 	 0.000472772799987277 	 1.5773036070047156e-05
0.5129 	 0.0004669198082321604 	 1.5094365163552628e-05
0.5188 	 0.00046097622510180085 	 1.4443642376232692e-05
0.5248 	 0.00045530174531446105 	 1.3825977920999098e-05
0.5309 	 0.0004494624431819041 	 1.3235135513422013e-05
0.537 	 0.0004441771068346601 	 1.2680454558090127e-05
0.5433 	 0.00043864463740671364 	 1.214051857496611e-05
0.5495 	 0.00043331744622799993 	 1.1638176289173685e-05
0.5559 	 0.0004279547159364781 	 1.1146134336450121e-05
0.5623 	 0.00042291549157087217 	 1.0686833451961044e-05
0.5689 	 0.0004178408201162282 	 1.0237219240314056e-05
0.5754 	 0.0004129524191734665 	 9.818489210198491e-06
0.5821 	 0.0004082235286340261 	 9.414194218041159e-06
0.5888 	 0.0004034133117104885 	 9.033490965518908e-06
0.5957 	 0.00039875752866058977 	 8.6586482842654e-06
0.6026 	 0.00039402432887732086 	 8.305776480143852e-06
0.6095 	 0.0003897538229435216 	 7.973950754041207e-06
0.6166 	 0.0003850957250785088 	 7.646678148034338e-06
0.6237 	 0.0003807150210819134 	 7.340834246875545e-06
0.631 	 0.0003763091505263325 	 7.041772896331104e-06
0.6383 	 0.00037216765329990133 	 6.762239103298115e-06
0.6457 	 0.00036789152617770147 	 6.489275789540924e-06
0.6531 	 0.00036387030154476943 	 6.234014828029573e-06
0.6607 	 0.0003598241911514242 	 5.98445456434382e-06
0.6683 	 0.00035554238232350476 	 5.750482685980261e-06
0.6761 	 0.00035140690442860765 	 5.520492436970271e-06
0.6839 	 0.00034736057155175824 	 5.3023591619743384e-06
0.6918 	 0.0003433442226859244 	 5.096411153600811e-06
0.6998 	 0.00033921852290193737 	 4.8953024223872356e-06
0.7079 	 0.00033527697373638896 	 4.704372152740616e-06
0.7161 	 0.00033137218021507515 	 4.520555198592959e-06
0.7244 	 0.0003273584116312799 	 4.344595146464183e-06
0.7328 	 0.00032353042423815246 	 4.174305007303015e-06
0.7413 	 0.00031946644041644113 	 4.009181046591438e-06
0.7499 	 0.000315579001889699 	 3.852498240945375e-06
0.7586 	 0.00031172258824121014 	 3.70455750581429e-06
0.7674 	 0.0003079194825019513 	 3.5594848892502657e-06
0.7762 	 0.000304064094021028 	 3.4224729480518574e-06
0.7852 	 0.00030034725378661896 	 3.2882477146550125e-06
0.7943 	 0.0002965429115425791 	 3.1598823623139936e-06
0.8035 	 0.0002927850517232087 	 3.0364814580307887e-06
0.8128 	 0.0002891860304382197 	 2.9193818581525676e-06
0.8222 	 0.000285394108251002 	 2.8058868672938586e-06
0.8318 	 0.00028174067520889097 	 2.6949646924624807e-06
0.8414 	 0.00027815295221830913 	 2.591528599119905e-06
0.8511 	 0.0002745065421544097 	 2.4908063952502025e-06
0.861 	 0.0002710962702430383 	 2.3936536350590616e-06
0.871 	 0.00026751367519820403 	 2.299639342094858e-06
0.881 	 0.000264010836712465 	 2.210389853825543e-06
0.8913 	 0.00026059304843417344 	 2.123796866889613e-06
0.9016 	 0.00025704662864355483 	 2.040971959477888e-06
0.912 	 0.00025366030984683933 	 1.961091574047723e-06
0.9226 	 0.00025018829726905934 	 1.883954616410704e-06
0.9333 	 0.00024676842631113333 	 1.8099545576912965e-06
0.9441 	 0.00024358953516100395 	 1.739479880727043e-06
0.955 	 0.00024026862437850658 	 1.6713569925999162e-06
0.9661 	 0.00023697344894109325 	 1.6053428398845976e-06
0.9772 	 0.00023357352798363852 	 1.542239570267601e-06
0.9886 	 0.00023035862117617447 	 1.4809562210768985e-06
1.0 	 0.00022721697219584347 	 1.422807994575417e-06
1.012 	 0.00022401324570215048 	 1.3643593444685148e-06
1.023 	 0.00022100857163639235 	 1.3143487152275148e-06
1.035 	 0.00021794853763594985 	 1.261600975814611e-06
1.047 	 0.00021495873561414548 	 1.2115752472800298e-06
1.059 	 0.00021187866009029526 	 1.1637773349280192e-06
1.072 	 0.00020883014950814275 	 1.1145418463135098e-06
1.084 	 0.00020596010442105843 	 1.0721025962668156e-06
1.096 	 0.00020323722004273492 	 1.031574485077887e-06
1.109 	 0.00020032749256535337 	 9.890114705894389e-07
1.122 	 0.00019746982703775043 	 9.492621121099376e-07
1.135 	 0.0001947578955092252 	 9.114177580669028e-07
1.148 	 0.00019204625467243573 	 8.751372580731744e-07
1.161 	 0.00018945685372886607 	 8.410640067212494e-07
1.175 	 0.00018676601738428265 	 8.05945620610751e-07
1.189 	 0.0001841552396861223 	 7.722604581154411e-07
1.202 	 0.00018174059015776302 	 7.432669532525263e-07
1.216 	 0.00017923044871279636 	 7.133216285946427e-07
1.23 	 0.00017679398782845612 	 6.845354462162853e-07
1.245 	 0.0001742567968097826 	 6.554944139154181e-07
1.259 	 0.00017191684788760408 	 6.300273999319451e-07
1.274 	 0.0001695470121335973 	 6.0417450373976e-07
1.288 	 0.0001672954068282105 	 5.81572328129295e-07
1.303 	 0.000165080233805994 	 5.584814967897842e-07
1.318 	 0.000162801732639891 	 5.36436164950744e-07
1.334 	 0.00016047019420074602 	 5.136866112457313e-07
1.349 	 0.00015829595295357627 	 4.9389663380186e-07
1.365 	 0.00015605541414009328 	 4.736958241114164e-07
1.38 	 0.0001539941632289783 	 4.556315359266505e-07
1.396 	 0.0001518097827600077 	 4.372577097117839e-07
1.413 	 0.0001496128158013436 	 4.1880548561240404e-07
1.429 	 0.00014752974988210002 	 4.023216121930918e-07
1.445 	 0.000145550102137644 	 3.8661474760919833e-07
1.462 	 0.00014350108623953657 	 3.708677637837105e-07
1.479 	 0.00014151448666297172 	 3.5576049372130604e-07
1.496 	 0.00013957357081836834 	 3.4143959304883735e-07
1.514 	 0.0001376237909362269 	 3.27111105555686e-07
1.531 	 0.00013577121662593914 	 3.1425581159382897e-07
1.549 	 0.00013396081320677918 	 3.013372570568884e-07
1.567 	 0.00013217701512340912 	 2.8924119514447413e-07
1.585 	 0.0001304330557213188 	 2.777677473438954e-07
1.603 	 0.00012872761943655197 	 2.6687802599815035e-07
1.622 	 0.000127014607903257 	 2.5599555414283917e-07
1.641 	 0.0001253072695862305 	 2.455950944381039e-07
1.66 	 0.00012367056592791324 	 2.3581932257862978e-07
1.679 	 0.0001219927744584679 	 2.2649169842418412e-07
1.698 	 0.00012038323393909054 	 2.177132121783485e-07
1.718 	 0.0001187094343582588 	 2.0881211442370686e-07
1.738 	 0.00011710360483846796 	 2.0044616347126518e-07
1.758 	 0.00011553374465905083 	 1.925101877854001e-07
1.778 	 0.00011397045294774624 	 1.8491408067418561e-07
1.799 	 0.00011237948211680118 	 1.7730707039766455e-07
1.82 	 0.0001108523306376544 	 1.7015777662135406e-07
1.841 	 0.00010933310672461839 	 1.633229788015635e-07
1.862 	 0.00010787416289210434 	 1.5689186826798232e-07
1.884 	 0.00010639086534783494 	 1.5046555750891479e-07
1.905 	 0.00010499652964059689 	 1.4467961426730046e-07
1.928 	 0.00010352475561461787 	 1.3860244521713222e-07
1.95 	 0.00010213971825277241 	 1.331243955781497e-07
1.972 	 0.00010080853744194434 	 1.2796533237716943e-07
1.995 	 9.943337294370826e-05 	 1.22776661062884e-07
2.018 	 9.811155513961265e-05 	 1.178951086750766e-07
2.042 	 9.677143262047654e-05 	 1.1304072551408655e-07
2.065 	 9.548675134844516e-05 	 1.0861791377315984e-07
2.089 	 9.420590371316559e-05 	 1.0424986156379211e-07
2.113 	 9.29739110076627e-05 	 1.0013837293108476e-07
2.138 	 9.167349438398632e-05 	 9.603486592482894e-08
2.163 	 9.043468295711517e-05 	 9.213725889358532e-08
2.188 	 8.919244820623566e-05 	 8.845097174108083e-08
2.213 	 8.799670766621217e-05 	 8.497969204908768e-08
2.239 	 8.678221938663261e-05 	 8.147945578234462e-08
2.265 	 8.5601415334232e-05 	 7.8218489509401e-08
2.291 	 8.44295524242408e-05 	 7.510205060299483e-08
2.317 	 8.33296322106288e-05 	 7.215938235461683e-08
2.344 	 8.217343972019307e-05 	 6.923200721555188e-08
2.371 	 8.108756751164599e-05 	 6.647008296277993e-08
2.399 	 7.998063632509044e-05 	 6.376765725163412e-08
2.427 	 7.888303806628878e-05 	 6.118802822853243e-08
2.455 	 7.785170620804275e-05 	 5.875391042458437e-08
2.483 	 7.681669089402141e-05 	 5.644896587751189e-08
2.512 	 7.579953147512747e-05 	 5.416891168184391e-08
2.541 	 7.479364102155792e-05 	 5.202635577476912e-08
2.57 	 7.382055244608333e-05 	 4.997398395181223e-08
2.6 	 7.28294284094365e-05 	 4.796927528968339e-08
2.63 	 7.186007246163803e-05 	 4.606771364159442e-08
2.661 	 7.088512737545945e-05 	 4.419635621684837e-08
2.692 	 6.989626918237125e-05 	 4.2413928052375834e-08
2.723 	 6.897681616495483e-05 	 4.0742996371632306e-08
2.754 	 6.804281080853022e-05 	 3.9148803848846195e-08
2.786 	 6.710507619721064e-05 	 3.758058576941264e-08
2.818 	 6.618823883524968e-05 	 3.6092837569904845e-08
2.851 	 6.527971708626989e-05 	 3.4641377394941887e-08
2.884 	 6.438061985117998e-05 	 3.3255720336955265e-08
2.917 	 6.350154281349808e-05 	 3.194102395958567e-08
2.951 	 6.261064243428506e-05 	 3.0661757636511463e-08
2.985 	 6.176942205574414e-05 	 2.943605980409744e-08
3.02 	 6.0887512504194074e-05 	 2.8239630590247985e-08
3.055 	 6.005442439216558e-05 	 2.7110638658164933e-08
3.09 	 5.923050542379418e-05 	 2.6032622036707914e-08
3.126 	 5.841516792751713e-05 	 2.498396970222885e-08
3.162 	 5.7608572071736914e-05 	 2.3997226487651174e-08
3.199 	 5.6811263149734434e-05 	 2.3024161286712103e-08
3.236 	 5.604015324657304e-05 	 2.210724807329072e-08
3.273 	 5.526051828935809e-05 	 2.1233067674905907e-08
3.311 	 5.451451409561894e-05 	 2.0387543697128322e-08
3.35 	 5.373656510374617e-05 	 1.955317288716731e-08
3.388 	 5.298321279371369e-05 	 1.8790464015227807e-08
3.428 	 5.223209105686223e-05 	 1.8022645572122966e-08
3.467 	 5.151289298056932e-05 	 1.731491606887157e-08
3.508 	 5.0780491197441254e-05 	 1.6604845979741413e-08
3.548 	 5.007890608411067e-05 	 1.5949968833545314e-08
3.589 	 4.938557870088937e-05 	 1.5314799574362917e-08
3.631 	 4.868772578221095e-05 	 1.469225748712203e-08
3.673 	 4.800567245950402e-05 	 1.410205502799273e-08
3.715 	 4.7338897755646644e-05 	 1.3542156613524646e-08
3.758 	 4.668039132133538e-05 	 1.2999933783163315e-08
3.802 	 4.601863453274021e-05 	 1.2469398897833007e-08
3.846 	 4.537752459186747e-05 	 1.1969332530050512e-08
3.89 	 4.4756113359065065e-05 	 1.1497609751312018e-08
3.936 	 4.412047029194821e-05 	 1.102468604620325e-08
3.981 	 4.35153786450104e-05 	 1.0589698107720077e-08
4.027 	 4.291779781500675e-05 	 1.0168925600233536e-08
4.074 	 4.231795816196914e-05 	 9.757748389906343e-09
4.121 	 4.173620850154049e-05 	 9.369971350765617e-09
4.169 	 4.11572489264018e-05 	 8.993298701335411e-09
4.217 	 4.0591039100031025e-05 	 8.63600995644326e-09
4.266 	 4.0016305265110733e-05 	 8.289482939466038e-09
4.315 	 3.9469855823451784e-05 	 7.962177428270534e-09
4.365 	 3.892217494173129e-05 	 7.64272830007781e-09
4.416 	 3.837094479498997e-05 	 7.3349509002748945e-09
4.467 	 3.784265844085426e-05 	 7.042750723167588e-09
4.519 	 3.7307114019146826e-05 	 6.759737152981879e-09
4.571 	 3.679377559874493e-05 	 6.491021852437453e-09
4.624 	 3.6283745805092676e-05 	 6.230587011308203e-09
4.677 	 3.57749694011464e-05 	 5.983743497794127e-09
4.732 	 3.527550535338267e-05 	 5.740713097252145e-09
4.786 	 3.478156678311926e-05 	 5.513947066047e-09
4.842 	 3.4296792744587644e-05 	 5.29082065193156e-09
4.898 	 3.3822693626723565e-05 	 5.079246836952942e-09
4.955 	 3.3340225864748294e-05 	 4.873705719941756e-09
5.012 	 3.288311440100925e-05 	 4.680581570505825e-09
5.07 	 3.2423378173107925e-05 	 4.494784447409427e-09
5.129 	 3.195878004872581e-05 	 4.3152041764371554e-09
5.188 	 3.1506977675096886e-05 	 4.145657815710708e-09
5.248 	 3.1064858263419474e-05 	 3.980692027493306e-09
5.309 	 3.0620831755810556e-05 	 3.8221316483130065e-09
5.37 	 3.0178590780522225e-05 	 3.6717622556821146e-09
5.433 	 2.9735135181938108e-05 	 3.523775354377754e-09
5.495 	 2.93069995900698e-05 	 3.385883540321434e-09
5.559 	 2.8885377307917425e-05 	 3.250137162262162e-09
5.623 	 2.846572511965139e-05 	 3.1214309005069996e-09
5.689 	 2.8045530488691566e-05 	 2.9950297416748214e-09
5.754 	 2.7639668015321137e-05 	 2.8771707206463476e-09
5.821 	 2.7242136130261524e-05 	 2.7619159689844583e-09
5.888 	 2.684485908958361e-05 	 2.652119333719138e-09
5.957 	 2.6447576202522696e-05 	 2.5444816263786276e-09
6.026 	 2.6067480522286803e-05 	 2.4428363329402985e-09
6.095 	 2.5687817178929572e-05 	 2.345989276499138e-09
6.166 	 2.5323969275479616e-05 	 2.251882194511247e-09
6.237 	 2.4984628170822826e-05 	 2.16373933955334e-09
6.31 	 2.4244904398161467e-05 	 2.079438380739708e-09
6.383 	 2.4155425767609976e-05 	 1.9892539777293548e-09
6.457 	 2.3827573229502816e-05 	 1.9102002522996295e-09
6.531 	 2.3489340182632638e-05 	 1.8352650201774968e-09
6.607 	 2.314457690846633e-05 	 1.761670892183651e-09
6.683 	 2.2811914879479506e-05 	 1.6915233766717711e-09
6.761 	 2.2476625611799517e-05 	 1.623624943042606e-09
6.839 	 2.2147790364710772e-05 	 1.5589371341983937e-09
6.918 	 2.1823109414870296e-05 	 1.496677989789008e-09
6.998 	 2.1503511559392405e-05 	 1.4370263435535751e-09
7.079 	 2.118800238606993e-05 	 1.3796352276965343e-09
7.161 	 2.0876588603822927e-05 	 1.3244343989505933e-09
7.244 	 2.0569272848579785e-05 	 1.271354303526617e-09
7.328 	 2.0266810543694658e-05 	 1.2205350057854824e-09
7.413 	 1.9967647139388162e-05 	 1.1714816494505253e-09
7.499 	 1.967325258059278e-05 	 1.1245364669402317e-09
7.586 	 1.939173494221945e-05 	 1.0794112525741737e-09
7.674 	 1.9109514806946587e-05 	 1.036068589283735e-09
7.762 	 1.8838380744195793e-05 	 9.951102559841794e-10
7.852 	 1.8569959569823236e-05 	 9.557253316881175e-10
7.943 	 1.8305409815996417e-05 	 9.180295945819168e-10
8.035 	 1.8039668745939492e-05 	 8.816629652468198e-10
8.128 	 1.7773957747679522e-05 	 8.468661587015713e-10
8.222 	 1.7504559320198596e-05 	 8.135686502447941e-10
8.318 	 1.7236952910106002e-05 	 7.811967267449669e-10
8.414 	 1.6974968701318498e-05 	 7.503545305280452e-10
8.511 	 1.6717182603868464e-05 	 7.20845780721265e-10
8.61 	 1.64609832203307e-05 	 6.920703070118735e-10
8.71 	 1.6205508114034725e-05 	 6.645614749624338e-10
8.81 	 1.5955827324895297e-05 	 6.384507983857139e-10
8.913 	 1.570956623501605e-05 	 6.127330411566939e-10
9.016 	 1.5465875429659602e-05 	 5.884272547264194e-10
9.12 	 1.522604886518732e-05 	 5.651056678807654e-10
9.226 	 1.498858250796732e-05 	 5.425765631041461e-10
9.333 	 1.4754800114726269e-05 	 5.208936860033578e-10
9.441 	 1.452483684006535e-05 	 5.001052964246927e-10
9.55 	 1.4301566018792264e-05 	 4.8017754610184e-10
9.661 	 1.4080527112209128e-05 	 4.609500924634532e-10
9.772 	 1.3864505553864781e-05 	 4.427062401325497e-10
9.886 	 1.3651939591809862e-05 	 4.248718406250751e-10
10.0 	 1.344149899079617e-05 	 4.079521618189793e-10
10.12 	 1.3233283012561406e-05 	 3.9108329118586503e-10
10.23 	 1.3039985293545518e-05 	 3.7657175920087943e-10
10.35 	 1.2835803782698223e-05 	 3.613468442599215e-10
10.47 	 1.2638744830837259e-05 	 3.4696061698439296e-10
10.59 	 1.2446082898217608e-05 	 3.333070176160835e-10
10.72 	 1.2243845172458979e-05 	 3.191882249323845e-10
10.84 	 1.205979066729051e-05 	 3.0700907393040426e-10
10.96 	 1.1881937218418623e-05 	 2.954289474535522e-10
11.09 	 1.1695050869662955e-05 	 2.833809416165217e-10
11.22 	 1.1512339074716676e-05 	 2.719981650758466e-10
11.35 	 1.1335850690206412e-05 	 2.6120400259415045e-10
11.48 	 1.1161070214994345e-05 	 2.5098856045599905e-10
11.61 	 1.099215178954389e-05 	 2.4128834102780045e-10
11.75 	 1.08176559323455e-05 	 2.3127959026000428e-10
11.89 	 1.064896405822409e-05 	 2.2183458895051622e-10
12.02 	 1.0494514345149815e-05 	 2.1362447596390187e-10
12.16 	 1.0334507775692854e-05 	 2.0515571012256876e-10
12.3 	 1.018138978266765e-05 	 1.9715055875256436e-10
12.45 	 1.0022633904930537e-05 	 1.8903672653661777e-10
12.59 	 9.869166428765322e-06 	 1.8201254558704927e-10
12.74 	 9.709662464595981e-06 	 1.7474974295892894e-10
12.88 	 9.557780151476549e-06 	 1.683746388345516e-10
13.03 	 9.401828898782205e-06 	 1.6180106635008138e-10
13.18 	 9.247534638986064e-06 	 1.555730457905221e-10
13.34 	 9.089836116716557e-06 	 1.492045559821994e-10
13.49 	 8.94072633979821e-06 	 1.4360951404068126e-10
13.65 	 8.78869606865137e-06 	 1.3786213367338146e-10
13.8 	 8.646222525071549e-06 	 1.3280961355343802e-10
13.96 	 8.4993604791534e-06 	 1.2762522249223096e-10
14.13 	 8.351330281837772e-06 	 1.2235602372154742e-10
14.29 	 8.21103240840391e-06 	 1.1770494605794867e-10
14.45 	 8.073920666166897e-06 	 1.1328033338311156e-10
14.62 	 7.932954521544756e-06 	 1.0878047047126956e-10
14.79 	 7.796293488921054e-06 	 1.045240832786741e-10
14.96 	 7.664280386319602e-06 	 1.0047212500670852e-10
15.14 	 7.531480891887894e-06 	 9.636896108874927e-11
15.31 	 7.405559776866557e-06 	 9.271947757885169e-11
15.49 	 7.2786074639032985e-06 	 8.902926732005235e-11
15.67 	 7.1540659397340625e-06 	 8.554616970544002e-11
15.85 	 7.0344805845556596e-06 	 8.224255682705114e-11
16.03 	 6.9157112385908385e-06 	 7.912640559104103e-11
16.22 	 6.796098635204302e-06 	 7.598484927716208e-11
16.41 	 6.678952377554322e-06 	 7.301136699151028e-11
16.6 	 6.563898111862854e-06 	 7.02024602521237e-11
16.79 	 6.450231864029932e-06 	 6.753754637813051e-11
16.98 	 6.337660689747239e-06 	 6.501428405788024e-11
17.18 	 6.223707792959549e-06 	 6.24730646825104e-11
17.38 	 6.11409638569817e-06 	 6.006341495970728e-11
17.58 	 6.006692077481084e-06 	 5.77792655201659e-11
17.78 	 5.900633484821912e-06 	 5.5610642982346245e-11
17.99 	 5.793172779917294e-06 	 5.3438573619639377e-11
18.2 	 5.687944666899489e-06 	 5.13807168776684e-11
18.41 	 5.5848770988967625e-06 	 4.942967574983571e-11
18.62 	 5.4850152756332355e-06 	 4.75868121378684e-11
18.84 	 5.384240501573057e-06 	 4.573977892154955e-11
19.05 	 5.289328109519191e-06 	 4.408942734500685e-11
19.28 	 5.189622870757036e-06 	 4.2360391345078926e-11
19.5 	 5.093110537001528e-06 	 4.082601916660784e-11
19.72 	 4.996682375446103e-06 	 3.938981742933649e-11
19.95 	 4.8978416144798e-06 	 3.795928902714299e-11
20.18 	 4.796194980892439e-06 	 3.6582594236638404e-11
20.42 	 4.692363459752543e-06 	 3.519036633792325e-11
20.65 	 4.594343360359942e-06 	 3.3929727880062104e-11
20.89 	 4.493128215254823e-06 	 3.2661767399657863e-11
21.13 	 4.39348357734089e-06 	 3.145416093557963e-11
21.38 	 4.295357998501415e-06 	 3.024515090367815e-11
21.63 	 4.200027132006169e-06 	 2.9095162248850047e-11
21.88 	 4.106010153179384e-06 	 2.8003119267133566e-11
22.13 	 4.014423780063074e-06 	 2.6965329873313525e-11
22.39 	 3.923288179938365e-06 	 2.592880172869138e-11
22.65 	 3.8352015141371655e-06 	 2.494384599515818e-11
22.91 	 3.749284045127587e-06 	 2.4005299655855843e-11
23.17 	 3.666205631513347e-06 	 2.311249547069502e-11
23.44 	 3.5843118902000915e-06 	 2.2224777602656384e-11
23.71 	 3.5024663379096195e-06 	 2.139726009408303e-11
23.99 	 3.422197189717067e-06 	 2.0576268964001532e-11
24.27 	 3.3445670841119487e-06 	 1.979616299132313e-11
24.55 	 3.264925319789932e-06 	 1.9104133802156317e-11
24.83 	 3.1879388840216748e-06 	 1.8424116088113115e-11
25.12 	 3.1057322409393848e-06 	 1.7747852116347213e-11
25.41 	 3.0225603509474034e-06 	 1.709206239307071e-11
25.7 	 2.9432758161871e-06 	 1.6451688967507904e-11
26.0 	 2.8629473842412774e-06 	 1.5826116996899565e-11
26.3 	 2.786473137877496e-06 	 1.5216892073152098e-11
26.61 	 2.7089752302780965e-06 	 1.462256457016711e-11
26.92 	 2.6337010628654006e-06 	 1.4055401114659203e-11
27.23 	 2.560404240222924e-06 	 1.3513394035165543e-11
27.54 	 2.489439561167928e-06 	 1.2996379703997006e-11
27.86 	 2.4202253053011155e-06 	 1.248611490640537e-11
28.18 	 2.3530551227328288e-06 	 1.1999407795608538e-11
28.51 	 2.2870735804145934e-06 	 1.1518833686365444e-11
28.84 	 2.2230922209458013e-06 	 1.1061011692344541e-11
29.17 	 2.160900565536488e-06 	 1.0624282713994385e-11
29.51 	 2.099895820091855e-06 	 1.0194123088491468e-11
29.85 	 2.0409292957412105e-06 	 9.785040195628109e-12
30.2 	 1.9818608512095183e-06 	 9.388494052835883e-12
30.55 	 1.9259288180814687e-06 	 9.005901035078998e-12
30.9 	 1.8703253996049749e-06 	 8.646167694967543e-12
31.26 	 1.8169646979763544e-06 	 8.288033835350037e-12
31.62 	 1.7641102934175431e-06 	 7.951768632768764e-12
31.99 	 1.7134084278766602e-06 	 7.617947460491663e-12
32.36 	 1.6632435286298032e-06 	 7.304641595611706e-12
32.73 	 1.6157302872738726e-06 	 7.003201675443004e-12
33.11 	 1.5692843525878338e-06 	 6.708684507071125e-12
33.5 	 1.5229155315064996e-06 	 6.424537591907708e-12
33.88 	 1.479332941338414e-06 	 6.159002822903644e-12
34.28 	 1.4365955674327932e-06 	 5.8935668530746676e-12
34.67 	 1.3947511074578613e-06 	 5.646737099592897e-12
35.08 	 1.353774063698978e-06 	 5.4006827314637165e-12
35.48 	 1.3155144232938894e-06 	 5.171618100629126e-12
35.89 	 1.277653977550454e-06 	 4.951622158968223e-12
36.31 	 1.2401914076680655e-06 	 4.736979084567382e-12
36.73 	 1.204841834190844e-06 	 4.5321172206902625e-12
37.15 	 1.1702294545823603e-06 	 4.34039094657416e-12
37.58 	 1.136580574253372e-06 	 4.1517116994861084e-12
38.02 	 1.1033716757560882e-06 	 3.970955336696475e-12
38.46 	 1.0713866807167705e-06 	 3.797715184667966e-12
38.9 	 1.0401217680262038e-06 	 3.6355818543171812e-12
39.36 	 1.0100495980318342e-06 	 3.4737732698691173e-12
39.81 	 9.808289065956887e-07 	 3.3237417629829353e-12
40.27 	 9.52490049452192e-07 	 3.17880704784134e-12
40.74 	 9.240677328906559e-07 	 3.0394957740027834e-12
41.21 	 8.971748659792287e-07 	 2.906858140847369e-12
41.69 	 8.707186683694251e-07 	 2.7799592442205106e-12
42.17 	 8.443684842745458e-07 	 2.659154017875377e-12
42.66 	 8.187755060195935e-07 	 2.5413251226838463e-12
43.15 	 7.941914776723256e-07 	 2.4301844284053933e-12
43.65 	 7.698660749724325e-07 	 2.321601869652438e-12
44.16 	 7.463237697940973e-07 	 2.2172559912411746e-12
44.67 	 7.237033919955446e-07 	 2.1189354738421407e-12
45.19 	 7.015769959792489e-07 	 2.022537749594531e-12
45.71 	 6.801720887181645e-07 	 1.93093258165883e-12
46.24 	 6.595342668540447e-07 	 1.8417198253994913e-12
46.77 	 6.392873415437489e-07 	 1.757663306216327e-12
47.32 	 1.6096570508756318e-06 	 4.3532534230057384e-12
47.86 	 6.006989985088874e-07 	 1.5979320766338419e-12
48.42 	 5.820883283058848e-07 	 1.5227669625353101e-12
48.98 	 5.638119586719842e-07 	 1.45209307152005e-12
49.55 	 1.4182430762253995e-06 	 3.59370629816823e-12
50.12 	 5.29377903543904e-07 	 1.319265223701396e-12
50.7 	 5.145274765006929e-07 	 1.256624022745544e-12
51.29 	 4.998328191183682e-07 	 1.1965060743608403e-12
51.88 	 4.859370157872919e-07 	 1.1398721648943931e-12
52.48 	 4.729693547771706e-07 	 1.0856907448167603e-12
53.09 	 4.599770997301662e-07 	 1.0339939238373685e-12
53.7 	 4.4767472209235345e-07 	 9.852473430938668e-13
54.33 	 4.3552045798449865e-07 	 9.380668153821168e-13
54.95 	 4.24081287568569e-07 	 8.942314797339273e-13
55.59 	 4.1259217763527744e-07 	 8.515682415300342e-13
56.23 	 4.0168394378453477e-07 	 8.113299376200974e-13
56.89 	 3.911801945499192e-07 	 7.722610471574471e-13
57.54 	 3.8125864598277577e-07 	 7.359311560966904e-13
58.21 	 3.714200128799348e-07 	 7.008107993108077e-13
58.88 	 3.6205494331491084e-07 	 6.676667511119344e-13
59.57 	 3.530129810042631e-07 	 6.355103694400488e-13
60.26 	 3.441305209877674e-07 	 6.054420637474756e-13
60.95 	 3.3545732444967353e-07 	 5.77048524327994e-13
61.66 	 3.2707603341350867e-07 	 5.494998378231581e-13
62.37 	 3.190633998631146e-07 	 5.235982261697236e-13
63.1 	 3.113124872164869e-07 	 4.984860310200013e-13
63.83 	 3.037094555603637e-07 	 4.74789564703e-13
64.57 	 2.963881946172587e-07 	 4.5221398514838204e-13
65.31 	 2.8937932874597113e-07 	 4.3088390210102407e-13
66.07 	 2.8259527604081605e-07 	 4.1038129246501193e-13
66.83 	 2.760996259167086e-07 	 3.9100548536886915e-13
67.61 	 1.4023186232018837e-06 	 1.936198612503313e-12
68.39 	 1.3698654305221524e-06 	 1.8455209082772463e-12
69.18 	 1.3386291568711728e-06 	 1.7590853596246496e-12
69.98 	 1.3095326418140525e-06 	 1.6767019120911644e-12
70.79 	 1.2796358851766132e-06 	 1.5979975577673845e-12
71.61 	 1.2517820322726534e-06 	 1.522996328557881e-12
72.44 	 1.2249007345434102e-06 	 1.4513678275675305e-12
73.28 	 2.2936200752076127e-07 	 2.6478029436705293e-13
74.13 	 2.2422545818418928e-07 	 2.5210076145715107e-13
74.99 	 2.1931555575447975e-07 	 2.400684332593255e-13
75.86 	 2.1439545137958728e-07 	 2.2858585713323974e-13
76.74 	 2.0970083569358172e-07 	 2.17688528775172e-13
77.62 	 2.0511245503457128e-07 	 2.0734709376350872e-13
78.52 	 2.007517391714962e-07 	 1.9734540746837662e-13
79.43 	 1.0322796353496046e-06 	 9.872928457834646e-13
80.35 	 1.0120159157716022e-06 	 9.40677989419886e-13
81.28 	 5.198025769589436e-07 	 4.690380211581448e-13
82.22 	 5.107704979942146e-07 	 4.473430570332093e-13
83.18 	 5.021213815776121e-07 	 4.2648081874042803e-13
84.14 	 4.943997582016321e-07 	 4.0681545160934473e-13
85.11 	 4.86867329280054e-07 	 3.880434987056263e-13
86.1 	 2.580293595646474e-07 	 1.9883606444641655e-13
87.1 	 2.551703158381697e-07 	 1.896522492977781e-13
88.1 	 2.523789516998026e-07 	 1.8099439418780398e-13
89.13 	 2.4957913358272306e-07 	 1.7259442629390804e-13
90.16 	 2.470799713929122e-07 	 1.6467431087073057e-13
91.2 	 2.4464670246336457e-07 	 1.5713628394976045e-13
92.26 	 2.4216649451972316e-07 	 1.498898628374931e-13
93.33 	 2.3987877735542774e-07 	 1.4298678301622707e-13
94.41 	 2.377819009721453e-07 	 1.3641041757171596e-13
95.5 	 2.356619550266714e-07 	 1.3014847711830093e-13
96.61 	 2.3359902191165761e-07 	 1.24125049078791e-13
97.72 	 1.4987340430187197e-07 	 7.659678027042764e-14
98.86 	 1.4836854613858877e-07 	 7.280844598552027e-14
100.0 	 1.4684500230729317e-07 	 6.921617893131824e-14
101.2 	 1.455996665387173e-07 	 6.565056489630145e-14
102.3 	 1.4494011224155872e-07 	 6.252619978419775e-14
103.5 	 1.4444590473806993e-07 	 5.933274667411892e-14
104.7 	 1.4432490723892075e-07 	 5.630301767241116e-14
105.9 	 1.445175756880699e-07 	 5.345678999973257e-14
107.2 	 1.451548632166644e-07 	 5.0576100460424245e-14
108.4 	 1.4616506512639945e-07 	 4.806361476213148e-14
109.6 	 1.4783223516662269e-07 	 4.568534255425865e-14
110.9 	 1.4978726678233332e-07 	 4.3289824296040626e-14
112.2 	 1.5220312326836892e-07 	 4.1044280543749623e-14
113.5 	 1.5533824864892127e-07 	 3.8937071881112533e-14
114.8 	 1.589481584680945e-07 	 3.697206557653974e-14
116.1 	 1.6333375682848323e-07 	 3.5126381522926825e-14
117.5 	 1.6823940691812097e-07 	 3.3285125194375734e-14
118.9 	 1.7376542578161935e-07 	 3.1564913979345147e-14
120.2 	 1.8011804854459556e-07 	 3.005937391553095e-14
121.6 	 1.8690223041643862e-07 	 2.8563991025021293e-14
123.0 	 1.9447107612500838e-07 	 2.717458532912893e-14
124.5 	 2.0250008892435562e-07 	 2.5808873337966654e-14
125.9 	 2.115455424031674e-07 	 2.463184233362033e-14
127.4 	 2.209346877002269e-07 	 2.347584887951698e-14
128.8 	 2.309517299818361e-07 	 2.2489641978740838e-14
130.3 	 2.4090407084307946e-07 	 2.1529349990952035e-14
131.8 	 2.510303550235123e-07 	 2.0659085027284677e-14
133.4 	 2.6073653460063505e-07 	 1.9821505330562477e-14
134.9 	 2.70157998926149e-07 	 1.913168581318341e-14
136.5 	 2.7838215969135605e-07 	 1.8469379436724388e-14
138.0 	 2.8583067410856434e-07 	 1.7938848124826235e-14
139.6 	 2.915816230451267e-07 	 1.742920668474963e-14
141.3 	 2.9546933075041417e-07 	 1.693310120008538e-14
142.9 	 2.978761883145353e-07 	 1.6534831898288757e-14
144.5 	 2.9843772330509244e-07 	 1.6192420806773688e-14
146.2 	 2.9686451306945457e-07 	 1.5840879672114406e-14
147.9 	 2.936209367979896e-07 	 1.5528303874863923e-14
149.6 	 2.888471853299431e-07 	 1.523336263224099e-14
151.4 	 2.825328889359301e-07 	 1.4926692214970294e-14
153.1 	 2.7530911828921413e-07 	 1.466805670256654e-14
154.9 	 2.67208607142729e-07 	 1.4378822760235656e-14
156.7 	 2.584663098035181e-07 	 1.4101483993483337e-14
158.5 	 2.4938041538021376e-07 	 1.3827512589777244e-14
160.3 	 2.400982210541119e-07 	 1.3555060390255598e-14
162.2 	 2.3047376379826388e-07 	 1.3255111145358596e-14
164.1 	 2.2111999181413684e-07 	 1.2954986757730057e-14
166.0 	 2.1188105727687446e-07 	 1.2655339908559184e-14
167.9 	 2.0294479997763223e-07 	 1.235111203649327e-14
169.8 	 1.9418678601149364e-07 	 1.2055224033302878e-14
171.8 	 1.857488447012943e-07 	 1.173138910277585e-14
173.8 	 1.7749248171472866e-07 	 1.1413203865124186e-14
175.8 	 1.6969509328139258e-07 	 1.1096725845798469e-14
177.8 	 1.623412289225188e-07 	 1.0782474604193072e-14
179.9 	 1.5514689772252205e-07 	 1.0454281095497928e-14
182.0 	 1.483848347538909e-07 	 1.0130532774328466e-14
184.1 	 1.419511362942899e-07 	 9.814601551089219e-15
186.2 	 1.3583478340507575e-07 	 9.506402403977346e-15
188.4 	 1.299757638087309e-07 	 9.189672921205116e-15
190.5 	 1.245280943151454e-07 	 8.894950175470554e-15
192.8 	 1.1924599151524466e-07 	 8.575439450412054e-15
195.0 	 1.1429199785222225e-07 	 8.28358406244277e-15
197.2 	 1.0960154138882752e-07 	 8.00341944020124e-15
199.5 	 1.0508164484364301e-07 	 7.713465361645825e-15
201.8 	 1.0085696870600881e-07 	 7.434183581919007e-15
204.2 	 9.680581738250957e-08 	 7.153026424069469e-15
206.5 	 9.300289751876333e-08 	 6.895721420816182e-15
208.9 	 8.934513500592808e-08 	 6.634587635485144e-15
211.3 	 8.586957382135471e-08 	 6.383319898359997e-15
213.8 	 8.253392470805331e-08 	 6.132156837213832e-15
216.3 	 7.936931162554924e-08 	 5.8930916571337956e-15
218.8 	 7.639705637036609e-08 	 5.662350449551266e-15
221.3 	 7.353234028643417e-08 	 5.442149170623376e-15
223.9 	 7.08125216603028e-08 	 5.222021527204313e-15
226.5 	 6.822258925917155e-08 	 5.011325755635032e-15
229.1 	 6.57284068488565e-08 	 4.812130138150177e-15
231.7 	 6.338156789984367e-08 	 4.620386696074541e-15
234.4 	 6.111759788048724e-08 	 4.42922457784399e-15
237.1 	 5.896462354124807e-08 	 4.2491330792636196e-15
239.9 	 5.688405189592453e-08 	 4.068989565675279e-15
242.7 	 5.490178139905769e-08 	 3.898356742693358e-15
245.5 	 5.301201698909467e-08 	 3.7366361324213295e-15
248.3 	 5.118540469412643e-08 	 3.582943171916347e-15
251.2 	 4.944431645089628e-08 	 3.4310472493629985e-15
254.1 	 4.7780730297569003e-08 	 3.286317836866591e-15
257.0 	 4.61922115420557e-08 	 3.1492161538963767e-15
260.0 	 4.4655674848054504e-08 	 3.013851523609016e-15
263.0 	 4.3187695854685766e-08 	 2.885764672162908e-15
266.1 	 4.1767231061404486e-08 	 2.7596566475383767e-15
269.2 	 4.040943494718307e-08 	 2.640447493098908e-15
272.3 	 3.911085267262864e-08 	 2.527684972192639e-15
275.4 	 3.7866921121030045e-08 	 2.420389755377989e-15
278.6 	 3.666161167723556e-08 	 2.3149496619410182e-15
281.8 	 1.2659566744703214e-06 	 7.898096238263491e-14
285.1 	 1.120316715958917e-07 	 6.899663391132828e-15
288.4 	 3.3319281277009713e-08 	 2.025647144727484e-15
291.7 	 3.2291626960649323e-08 	 1.937939209040477e-15
295.1 	 3.129694212951951e-08 	 1.8528703780897433e-15
298.5 	 3.0341178695240663e-08 	 1.771766208884929e-15
302.0 	 2.9414751267179717e-08 	 1.6928782634643506e-15
305.5 	 2.8526209886191026e-08 	 1.6183989184364984e-15
309.0 	 3.9951758244728605e-07 	 2.2359210934768668e-14
312.6 	 2.683654857268988e-08 	 1.4795317961284435e-15
316.2 	 2.6041074942947456e-08 	 1.4143915080343618e-15
319.9 	 2.526923091448178e-08 	 1.3511641913465797e-15
323.6 	 2.4527996280709142e-08 	 1.2914848806470014e-15
327.3 	 2.3814931684620993e-08 	 1.234902277328519e-15
331.1 	 2.3121673501867562e-08 	 1.1798095155936108e-15
335.0 	 2.244250688571149e-08 	 1.1267822548165428e-15
338.8 	 2.1801485416217475e-08 	 1.0775376553577945e-15
342.8 	 2.1173393807441416e-08 	 1.028758743699817e-15
346.7 	 2.0574579854196783e-08 	 9.837310349614365e-16
350.8 	 1.998612241428516e-08 	 9.388925794968634e-16
354.8 	 1.94198317148343e-08 	 8.977328101597455e-16
358.9 	 1.8875237095012137e-08 	 8.577866488489979e-16
363.1 	 1.8345164668503137e-08 	 8.190517294887271e-16
367.3 	 1.783494622143444e-08 	 7.82512144736945e-16
371.5 	 1.7337946530684447e-08 	 7.479970188453594e-16
375.8 	 1.685964844232042e-08 	 7.145569445240239e-16
380.2 	 1.639385748797999e-08 	 6.821853926094881e-16
384.6 	 1.594520449695378e-08 	 6.516542300909745e-16
389.0 	 1.5512907381412816e-08 	 6.228379220569447e-16
393.6 	 1.5083768196502843e-08 	 5.94398018731212e-16
398.1 	 1.4678036228501933e-08 	 5.681002024063251e-16
402.7 	 1.4282569242927742e-08 	 5.426590068651527e-16
407.4 	 1.3897861309312949e-08 	 5.181384790708386e-16
412.1 	 1.3526951819517438e-08 	 4.950072369035934e-16
416.9 	 1.3162036893049859e-08 	 4.727093817374901e-16
421.7 	 1.2813449477796922e-08 	 4.516286854760543e-16
426.6 	 8.032547232311272e-07 	 2.777272423915139e-14
431.5 	 7.772799262827862e-07 	 2.637130216687454e-14
436.5 	 7.522787688771381e-07 	 2.503562068342495e-14
441.6 	 7.281393835011458e-07 	 2.3759796362375894e-14
446.7 	 1.1212263974055188e-08 	 3.5896676042340436e-16
451.9 	 1.0920029016535635e-08 	 3.427870249825647e-16
457.1 	 1.0637333300891075e-08 	 3.2748975559374185e-16
462.4 	 1.0361526869613812e-08 	 3.127484042561978e-16
467.7 	 1.0095805925014123e-08 	 2.988655177968891e-16
473.2 	 9.834420225195052e-09 	 2.852464686116433e-16
478.6 	 9.58347749453558e-09 	 2.726082876862907e-16
484.2 	 9.337174637559349e-09 	 2.6024144224892224e-16
489.8 	 1.1856030765229958e-07 	 3.2388609000369887e-15
495.5 	 2.743732324033432e-08 	 7.344570851265652e-16
501.2 	 1.1231183144934714e-07 	 2.9468526162081066e-15
507.0 	 1.093282313069209e-07 	 2.810985277179874e-15
512.9 	 8.211821775791721e-09 	 2.0684390299939415e-16
518.8 	 8.005820354594638e-09 	 1.9762103364203315e-16
524.8 	 7.805204821144183e-09 	 1.887688716091206e-16
530.9 	 7.60936287332744e-09 	 1.8026381417241574e-16
537.0 	 7.420058278002251e-09 	 1.7223810167079326e-16
543.3 	 9.318611042142295e-08 	 2.1178651411021408e-15
549.5 	 7.055674236444842e-09 	 1.5714365129812972e-16
555.9 	 6.880383019670015e-09 	 1.5005665776041115e-16
562.3 	 6.710894862095598e-09 	 1.4336921459522656e-16
568.9 	 6.54423229482929e-09 	 1.3685299868234164e-16
575.4 	 6.384624052120604e-09 	 1.3080599829568865e-16
582.1 	 6.2260675993147725e-09 	 1.2491416332156598e-16
588.8 	 6.074290997634574e-09 	 1.1935332464541203e-16
595.7 	 5.925057937343961e-09 	 1.1394193422851512e-16
602.6 	 5.780718124674423e-09 	 1.0883700924146312e-16
609.5 	 5.640682503379276e-09 	 1.0401189289004829e-16
616.6 	 5.503379099254832e-09 	 9.932517242773002e-17
623.7 	 1.4129771897734426e-07 	 2.4968576815974963e-15
631.0 	 1.3763732257561895e-07 	 2.3798884616994474e-15
638.3 	 1.3409636907771975e-07 	 2.2696459837748225e-15
645.7 	 6.326301011386918e-08 	 1.0482345710541066e-15
653.1 	 6.16939758324046e-08 	 1.0008439827336081e-15
660.7 	 6.015562117241181e-08 	 9.549362600648885e-16
668.3 	 1.2087727041240978e-07 	 1.8787341594071944e-15
676.1 	 1.1780413951246947e-07 	 1.7912931380797747e-15
683.9 	 1.1483447198405863e-07 	 1.708894103233374e-15
691.8 	 5.4404093120823064e-08 	 7.924569964034121e-16
699.8 	 2.604638215657958e-08 	 3.7124426856017922e-16
707.9 	 5.175448300809771e-08 	 7.219344597255381e-16
716.1 	 5.047868756105173e-08 	 6.89046451032989e-16
724.4 	 4.9245644374037516e-08 	 6.576405909318051e-16
732.8 	 4.8035763670108935e-08 	 6.276644434061934e-16
741.3 	 4.6856676894463215e-08 	 5.99049285605928e-16
749.9 	 4.571149534246148e-08 	 5.717490870624247e-16
758.6 	 4.45953749322241e-08 	 5.456947873377e-16
767.4 	 3.479573940869116e-09 	 4.1654313871217164e-17
776.2 	 4.245647547011278e-08 	 4.973768668611577e-16
785.2 	 1.0086403493698807e-08 	 1.1558839562843614e-16
794.3 	 9.845815807122062e-09 	 1.103699230550219e-16
803.5 	 1.9417523780806994e-08 	 2.1295281142510863e-16
812.8 	 1.8953765518285597e-08 	 2.0332782995315472e-16
822.2 	 3.755939059744538e-08 	 3.9418779311376564e-16
831.8 	 3.6648569665424025e-08 	 3.761477654749765e-16
841.4 	 3.577344403871441e-08 	 3.591280907632777e-16
851.1 	 1.4694810187211293e-07 	 1.4432158361773319e-15
861.0 	 6.948401034958946e-08 	 6.673818852464001e-16
871.0 	 3.32503388298672e-08 	 3.1238119152264925e-16
881.0 	 3.245913798840067e-08 	 2.9832907909717455e-16
891.3 	 6.453637151115901e-08 	 5.799069597771912e-16
901.6 	 6.296889718003968e-08 	 5.534796828450069e-16
912.0 	 6.145562625558708e-08 	 5.283086645243904e-16
922.6 	 5.99678171038552e-08 	 5.041189140863474e-16
933.3 	 1.201406614204399e-07 	 9.876930032076904e-16
944.1 	 5.7090767333731133e-08 	 4.59165889620775e-16
955.0 	 1.1436448635185085e-07 	 8.988194166436453e-16
966.1 	 1.1146807309989625e-07 	 8.572824308352941e-16
977.2 	 1.0883623983564733e-07 	 8.180456202900289e-16
988.6 	 1.0609472346223857e-07 	 7.801568851629202e-16
1000.0 	 5.0543926851120035e-08 	 3.637350272489426e-16
