0.2 	 1.7389764941844217e-08 	 8.119137422121351e-09
0.20316060369866926 	 1.7389764941844217e-08 	 8.119137422121351e-09
0.20637115447603863 	 1.7389764941844217e-08 	 8.119137422121351e-09
0.20963244164671666 	 1.7389764941844217e-08 	 8.119137422121351e-09
0.212945266998865 	 1.7389764941844217e-08 	 8.119137422121351e-09
0.21631044499131857 	 1.7389764941844217e-08 	 8.119137422121351e-09
0.2197288029538203 	 1.7389764941844217e-08 	 8.119137422121351e-09
0.22320118129042033 	 1.7389764941844217e-08 	 8.119137422121351e-09
0.22672843368608947 	 1.7389764941844217e-08 	 8.119137422121351e-09
0.23031142731659815 	 1.7389764941844217e-08 	 8.119137422121351e-09
0.23395104306171124 	 1.7389764941844217e-08 	 8.119137422121351e-09
0.23764817572175306 	 1.7389764941844217e-08 	 8.119137422121351e-09
0.2414037342375939 	 1.7389764941844217e-08 	 8.119137422121351e-09
0.24521864191411336 	 1.7389764941844217e-08 	 8.119137422121351e-09
0.2490938366471953 	 1.7389764941844217e-08 	 8.119137422121351e-09
0.2530302711543095 	 1.7389764941844217e-08 	 8.119137422121351e-09
0.25702891320873733 	 1.7389764941844217e-08 	 8.119137422121351e-09
0.2610907458774997 	 1.7389764941844217e-08 	 8.119137422121351e-09
0.2652167677630433 	 1.7389764941844217e-08 	 8.119137422121351e-09
0.26940799324874815 	 1.7389764941844217e-08 	 8.119137422121351e-09
0.27366545274831333 	 1.7389764941844217e-08 	 8.119137422121351e-09
0.27799019295908484 	 1.7389764941844217e-08 	 8.119137422121351e-09
0.2823832771193861 	 1.7389764941844217e-08 	 8.119137422121351e-09
0.28684578526991544 	 1.7389764941844217e-08 	 8.119137422121351e-09
0.2913788145192743 	 1.7389764941844217e-08 	 8.119137422121351e-09
0.29598347931369157 	 1.7389764941844217e-08 	 8.119137422121351e-09
0.3006609117110108 	 1.7389764941844217e-08 	 8.119137422121351e-09
0.3054122616590061 	 1.7389764941844217e-08 	 8.119137422121351e-09
0.31023869727809805 	 1.7389764941844217e-08 	 8.119137422121351e-09
0.31514140514853545 	 1.7389764941844217e-08 	 8.119137422121351e-09
0.32012159060211676 	 1.7389764941844217e-08 	 8.119137422121351e-09
0.3251804780185214 	 1.7389764941844217e-08 	 8.119137422121351e-09
0.3303193111263232 	 1.7389764941844217e-08 	 8.119137422121351e-09
0.3355393533087618 	 1.7389764941844217e-08 	 8.119137422121351e-09
0.3408418879143455 	 1.7389764941844217e-08 	 8.119137422121351e-09
0.34622821857236286 	 1.7389764941844217e-08 	 8.119137422121351e-09
0.35169966951338016 	 1.7389764941844217e-08 	 8.119137422121351e-09
0.3572575858948038 	 1.7389764941844217e-08 	 8.119137422121351e-09
0.36290333413158754 	 1.7389764941844217e-08 	 8.119137422121351e-09
0.368638302232166 	 1.7389764941844217e-08 	 8.119137422121351e-09
0.37446390013969655 	 1.7389764941844217e-08 	 8.119137422121351e-09
0.38038156007869467 	 1.7389764941844217e-08 	 8.119137422121351e-09
0.3863927369071461 	 1.7389764941844217e-08 	 8.119137422121351e-09
0.3924989084741843 	 1.7389764941844217e-08 	 8.119137422121351e-09
0.39870157598342 	 1.7389764941844217e-08 	 8.119137422121351e-09
0.4050022643620122 	 1.7389764941844217e-08 	 8.119137422121351e-09
0.4114025226355721 	 1.7389764941844217e-08 	 8.119137422121351e-09
0.4179039243089912 	 1.7389764941844217e-08 	 8.119137422121351e-09
0.42450806775328814 	 1.7389764941844217e-08 	 8.119137422121351e-09
0.4312165765985679 	 1.7389764941844217e-08 	 8.119137422121351e-09
0.4380311001331924 	 1.7389764941844217e-08 	 8.119137422121351e-09
0.44495331370925795 	 1.7389764941844217e-08 	 8.119137422121351e-09
0.45198491915448097 	 1.7389764941844217e-08 	 8.119137422121351e-09
0.45912764519059274 	 1.7389764941844217e-08 	 8.119137422121351e-09
0.46638324785834606 	 1.7389764941844217e-08 	 8.119137422121351e-09
0.4737535109492383 	 1.7389764941844217e-08 	 8.119137422121351e-09
0.4812402464440568 	 1.7389764941844217e-08 	 8.119137422121351e-09
0.48884529495835455 	 1.7389764941844217e-08 	 8.119137422121351e-09
0.4965705261949666 	 1.7389764941844217e-08 	 8.119137422121351e-09
0.5044178394036763 	 1.7389764941844217e-08 	 8.119137422121351e-09
0.5123891638481463 	 1.7389764941844217e-08 	 8.119137422121351e-09
0.5204864592802285 	 1.7389764941844217e-08 	 8.119137422121351e-09
0.5287117164217702 	 1.7389764941844217e-08 	 8.119137422121351e-09
0.5370669574540322 	 1.7389764941844217e-08 	 8.119137422121351e-09
0.5455542365148434 	 1.7389764941844217e-08 	 8.119137422121351e-09
0.5541756402036107 	 1.7389764941844217e-08 	 8.119137422121351e-09
0.5629332880943102 	 1.7389764941844217e-08 	 8.119137422121351e-09
0.5718293332565847 	 1.7389764941844217e-08 	 8.119137422121351e-09
0.5808659627850762 	 1.7389764941844217e-08 	 8.119137422121351e-09
0.590045398337124 	 1.7389764941844217e-08 	 8.119137422121351e-09
0.5993698966789593 	 1.7389764941844217e-08 	 8.119137422121351e-09
0.6088417502405318 	 1.7389764941844217e-08 	 8.119137422121351e-09
0.6184632876791041 	 1.7389764941844217e-08 	 8.119137422121351e-09
0.6282368744517526 	 1.7389764941844217e-08 	 8.119137422121351e-09
0.6381649133969155 	 1.7389764941844217e-08 	 8.119137422121351e-09
0.6482498453251315 	 1.7389764941844217e-08 	 8.119137422121351e-09
0.6584941496191133 	 1.7389764941844217e-08 	 8.119137422121351e-09
0.6689003448433043 	 1.7389764941844217e-08 	 8.119137422121351e-09
0.6794709893630686 	 1.7389764941844217e-08 	 8.119137422121351e-09
0.6902086819736654 	 1.7389764941844217e-08 	 8.119137422121351e-09
0.701116062539163 	 1.7389764941844217e-08 	 8.119137422121351e-09
0.7121958126414515 	 1.7389764941844217e-08 	 8.119137422121351e-09
0.723450656239508 	 1.7389764941844217e-08 	 8.119137422121351e-09
0.7348833603390842 	 1.7389764941844217e-08 	 8.119137422121351e-09
0.746496735672975 	 1.7389764941844217e-08 	 8.119137422121351e-09
0.7582936373920374 	 1.7389764941844217e-08 	 8.119137422121351e-09
0.7702769657671305 	 1.7389764941844217e-08 	 8.119137422121351e-09
0.7824496669021469 	 1.7389764941844217e-08 	 8.119137422121351e-09
0.7948147334583139 	 1.7389764941844217e-08 	 8.119137422121351e-09
0.8073752053899396 	 1.7389764941844217e-08 	 8.119137422121351e-09
0.820134170691786 	 1.7389764941844217e-08 	 8.119137422121351e-09
0.8330947661582531 	 1.7389764941844217e-08 	 8.119137422121351e-09
0.8462601781545619 	 1.7389764941844217e-08 	 8.119137422121351e-09
0.8596336434001207 	 1.7389764941844217e-08 	 8.119137422121351e-09
0.8732184497642752 	 1.7389764941844217e-08 	 8.119137422121351e-09
0.8870179370746311 	 1.7389764941844217e-08 	 8.119137422121351e-09
0.9010354979381512 	 1.7389764941844217e-08 	 8.119137422121351e-09
0.9152745785752289 	 1.7389764941844217e-08 	 8.119137422121351e-09
0.9297386796669428 	 1.7389764941844217e-08 	 8.119137422121351e-09
0.9444313572156985 	 1.7389764941844217e-08 	 8.119137422121351e-09
0.9593562234194741 	 1.7389764941844217e-08 	 8.119137422121351e-09
0.9745169475598787 	 1.7389764941844217e-08 	 8.119137422121351e-09
0.9899172569042465 	 1.7389764941844217e-08 	 8.119137422121351e-09
1.0055609376219867 	 1.7389764941844217e-08 	 8.119137422121351e-09
1.0214518357154134 	 1.7389764941844217e-08 	 8.119137422121351e-09
1.0375938579652861 	 1.7389764941844217e-08 	 8.119137422121351e-09
1.053990972891294 	 1.7389764941844217e-08 	 8.119137422121351e-09
1.070647211727715 	 1.7389764941844217e-08 	 8.119137422121351e-09
1.0875666694144972 	 1.7389764941844217e-08 	 8.119137422121351e-09
1.1047535056040014 	 1.7389764941844217e-08 	 8.119137422121351e-09
1.1222119456836501 	 1.7389764941844217e-08 	 8.119137422121351e-09
1.1399462818147428 	 1.7389764941844217e-08 	 8.119137422121351e-09
1.1579608739876823 	 1.7389764941844217e-08 	 8.119137422121351e-09
1.1762601510938806 	 1.7389764941844217e-08 	 8.119137422121351e-09
1.1948486120146034 	 1.7389764941844217e-08 	 8.119137422121351e-09
1.213730826727019 	 1.7389764941844217e-08 	 8.119137422121351e-09
1.2329114374277301 	 1.7389764941844217e-08 	 8.119137422121351e-09
1.2523951596740583 	 1.7389764941844217e-08 	 8.119137422121351e-09
1.2721867835433647 	 1.7389764941844217e-08 	 8.119137422121351e-09
1.2922911748106907 	 1.7389764941844217e-08 	 8.119137422121351e-09
1.312713276145012 	 1.7389764941844217e-08 	 8.119137422121351e-09
1.3334581083243926 	 1.7389764941844217e-08 	 8.119137422121351e-09
1.354530771470345 	 1.7389764941844217e-08 	 8.119137422121351e-09
1.3759364463016972 	 1.7389764941844217e-08 	 8.119137422121351e-09
1.3976803954082715 	 1.7389764941844217e-08 	 8.119137422121351e-09
1.4197679645446957 	 1.7389764941844217e-08 	 8.119137422121351e-09
1.442204583944656 	 1.7389764941844217e-08 	 8.119137422121351e-09
1.4649957696559215 	 1.7389764941844217e-08 	 8.119137422121351e-09
1.488147124896468 	 1.7389764941844217e-08 	 8.119137422121351e-09
1.5116643414320268 	 1.7389764941844217e-08 	 8.119137422121351e-09
1.5355532009754085 	 1.7389764941844217e-08 	 8.119137422121351e-09
1.5598195766079397 	 1.7389764941844217e-08 	 8.119137422121351e-09
1.5844694342233583 	 1.7389764941844217e-08 	 8.119137422121351e-09
1.6095088339945314 	 1.7389764941844217e-08 	 8.119137422121351e-09
1.6349439318633507 	 1.7389764941844217e-08 	 8.119137422121351e-09
1.660780981054171 	 1.7389764941844217e-08 	 8.119137422121351e-09
1.6870263336111675 	 1.7389764941844217e-08 	 8.119137422121351e-09
1.7136864419599867 	 1.7389764941844217e-08 	 8.119137422121351e-09
1.7407678604940764 	 1.7389764941844217e-08 	 8.119137422121351e-09
1.7682772471860868 	 1.7389764941844217e-08 	 8.119137422121351e-09
1.7962213652247319 	 1.7389764941844217e-08 	 8.119137422121351e-09
1.8246070846775213 	 1.7389764941844217e-08 	 8.119137422121351e-09
1.8534413841797703 	 1.7389764941844217e-08 	 8.119137422121351e-09
1.8827313526502965 	 1.7389764941844217e-08 	 8.119137422121351e-09
1.9124841910342312 	 1.7389764941844217e-08 	 8.119137422121351e-09
1.9427072140733772 	 1.7389764941844217e-08 	 8.119137422121351e-09
1.9734078521045357 	 1.7389764941844217e-08 	 8.119137422121351e-09
2.0045936528862582 	 1.7389764941844217e-08 	 8.119137422121351e-09
2.036272283454463 	 1.7389764941844217e-08 	 8.119137422121351e-09
2.0684515320073817 	 1.7389764941844217e-08 	 8.119137422121351e-09
2.1011393098202844 	 1.7389764941844217e-08 	 8.119137422121351e-09
2.134343653190471 	 1.7389764941844217e-08 	 8.119137422121351e-09
2.168072725412996 	 1.7389764941844217e-08 	 8.119137422121351e-09
2.202334818787617 	 1.7389764941844217e-08 	 8.119137422121351e-09
2.2371383566574568 	 1.7389764941844217e-08 	 8.119137422121351e-09
2.2724918954798885 	 1.7389764941844217e-08 	 8.119137422121351e-09
2.308404126930136 	 1.7389764941844217e-08 	 8.119137422121351e-09
2.3448838800381298 	 1.7389764941844217e-08 	 8.119137422121351e-09
2.3819401233591213 	 1.7389764941844217e-08 	 8.119137422121351e-09
2.4195819671786074 	 1.7389764941844217e-08 	 8.119137422121351e-09
2.457818665752098 	 1.7389601573108657e-08 	 8.048205983973246e-09
2.4966596195802695 	 1.7389224290058478e-08 	 7.884397227994335e-09
2.536114377720087 	 1.7388841044797276e-08 	 7.717999799215317e-09
2.5761926401324384 	 1.738845174310413e-08 	 7.54897278879206e-09
2.6169042600668737 	 1.7388056289269125e-08 	 7.377274641397206e-09
2.6582592464840253 	 1.738765458606985e-08 	 7.202863145003806e-09
2.700267766516321 	 1.7387246534747488e-08 	 7.025695420507443e-09
2.7429401479675644 	 1.7386832034982535e-08 	 6.8457279111844404e-09
2.7862868818520377 	 1.7386410984870132e-08 	 6.662916371983403e-09
2.830318624973713 	 1.7385983280895014e-08 	 6.477215858647576e-09
2.875046202546233 	 1.7385548817906064e-08 	 6.288580716665285e-09
2.9204806108542956 	 1.738510748909047e-08 	 6.096964570045746e-09
2.9666330199570847 	 1.738465918594744e-08 	 5.902320309917556e-09
3.013514776434438 	 1.7384203798261552e-08 	 5.704600082946935e-09
3.061137406176403 	 1.7383741214075642e-08 	 5.50375527957299e-09
3.1095126172168825 	 1.7383271319663284e-08 	 5.299736522057033e-09
3.1586523026120523 	 1.738279399950084e-08 	 5.092493652343069e-09
3.2085685433642808 	 1.738230913623904e-08 	 4.881975719726395e-09
3.2592736113922354 	 1.7381816610674148e-08 	 4.668130968327397e-09
3.310779972547942 	 1.7381316301718648e-08 	 4.450906824367338e-09
3.3631002896815168 	 1.7380808086371467e-08 	 4.230249883243076e-09
3.41624742575433 	 1.738029183968776e-08 	 4.0061058963975485e-09
3.4702344470013715 	 1.7379767434748163e-08 	 3.778419757982722e-09
3.525074626143581 	 1.7379234742627605e-08 	 3.5471354913118474e-09
3.580781445650953 	 1.7378693632363615e-08 	 3.312196235097554e-09
3.6373686010572057 	 1.7378143970924116e-08 	 3.0735442294724918e-09
3.6948500043268293 	 1.7378213974471596e-08 	 2.9214525517795766e-09
3.7532397872753442 	 1.7378764204143586e-08 	 2.835213968558072e-09
3.812552305043619 	 1.737932312910526e-08 	 2.7476125554110754e-09
3.8728021396270726 	 1.7379890886768443e-08 	 2.6586267755120734e-09
3.93400410346067 	 1.7380467616716474e-08 	 2.5682347516876827e-09
3.9961732430605585 	 1.7381053460738538e-08 	 2.476414261039144e-09
4.059324842723259 	 1.738164856286452e-08 	 2.3831427294788188e-09
4.123474428283313 	 1.7382253069400405e-08 	 2.288397226180345e-09
4.188637770930313 	 1.7382867128964252e-08 	 2.1921544579410823e-09
4.254830891086253 	 1.7383490892522744e-08 	 2.0943907634554836e-09
4.3220700623441495 	 1.7384124513428288e-08 	 1.9950821074979505e-09
4.390371815468912 	 1.738476814745672e-08 	 1.8942040750137713e-09
4.459752942461431 	 1.7385421952845602e-08 	 1.7917318651166754e-09
4.530230500686903 	 1.738608609033314e-08 	 1.6876402849915192e-09
4.6018218170683785 	 1.7386760723197672e-08 	 1.5819037437006435e-09
4.674544492346594 	 1.738744601729784e-08 	 1.4744962458923252e-09
4.7484164054071165 	 1.7388142141113352e-08 	 1.3653913854098172e-09
4.8234557176758734 	 1.7388849265786388e-08 	 1.254562338799391e-09
4.899680877584139 	 1.7389531416044523e-08 	 1.1571507140164457e-09
4.977110625104095 	 1.7390093110777234e-08 	 1.1134612675581218e-09
5.055763996356045 	 1.7390663681982197e-08 	 1.069081395969453e-09
5.135660328288453 	 1.7391243269934463e-08 	 1.0240001884493358e-09
5.2168192634319395 	 1.7391832017125855e-08 	 9.782065617730764e-10
5.299260754728396 	 1.73924300683e-08 	 9.31689257567576e-10
5.383005070436432 	 1.7393037570487914e-08 	 8.84436839543454e-10
5.4680727991143145 	 1.739365467304414e-08 	 8.364376906834412e-10
5.554484854681681 	 1.7394281527683467e-08 	 7.876800103863287e-10
5.642262481561227 	 1.7394918288518257e-08 	 7.381518115657884e-10
5.731427259901652 	 1.7395565112096293e-08 	 6.878409177033449e-10
5.822001110883143 	 1.7396222157439298e-08 	 6.367349598547784e-10
5.914006302106711 	 1.7396889586082003e-08 	 5.848213736092089e-10
6.007465453068669 	 1.7397567562111898e-08 	 5.320873960001449e-10
6.102401540721651 	 1.7398256252209526e-08 	 4.785200623676969e-10
6.198837905123499 	 1.7398719834189617e-08 	 4.586469795688946e-10
6.296798255175418 	 1.7399190508405494e-08 	 4.387888740423856e-10
6.396306674450824 	 1.7399668620694716e-08 	 4.186169505069978e-10
6.497387627116283 	 1.740015428860128e-08 	 3.9812624969093393e-10
6.60006596394604 	 1.7400647631526756e-08 	 3.773117339509321e-10
6.704366928431584 	 1.7401148770759608e-08 	 3.5616828603376084e-10
6.810316162987767 	 1.740165782950502e-08 	 3.346907078181416e-10
6.917939715256993 	 1.74021749329152e-08 	 3.1287371903678933e-10
7.0272640445130525 	 1.740270020812014e-08 	 2.9071195597825553e-10
7.138316028166119 	 1.7403233784258854e-08 	 2.6819997016826243e-10
7.251122968370577 	 1.7403775792511153e-08 	 2.4533222703019224e-10
7.365712598737264 	 1.740429302770992e-08 	 2.2691287263666763e-10
7.482113091151778 	 1.740475942428527e-08 	 2.167985666189628e-10
7.600353062700556 	 1.7405233191334328e-08 	 2.0652442403621257e-10
7.720461582706373 	 1.740571444533282e-08 	 1.9608791898822375e-10
7.84246817987505 	 1.7406203304597153e-08 	 1.8548648565795577e-10
7.966402849555094 	 1.7406699889313482e-08 	 1.7471751768071355e-10
8.092296061112059 	 1.740720432156726e-08 	 1.637783675033727e-10
8.22017876541944 	 1.740771672537328e-08 	 1.5266634573347822e-10
8.350082402467974 	 1.740823722670612e-08 	 1.4137872047805538e-10
8.48203890909514 	 1.740876595353115e-08 	 1.29912716671975e-10
8.616080726836852 	 1.740928877582404e-08 	 1.214409272830629e-10
8.752240809903217 	 1.7409807060770888e-08 	 1.1569875804218414e-10
8.890552633280336 	 1.7410333536184335e-08 	 1.0986584519459977e-10
9.031050200960129 	 1.7410868331498477e-08 	 1.0394075471741509e-10
9.173768054300238 	 1.7411411578192864e-08 	 9.792202992584462e-11
9.318741280516013 	 1.7411963409824807e-08 	 9.180819111508653e-11
9.466005521306716 	 1.7412523962062234e-08 	 8.559773519653672e-11
9.615596981618042 	 1.7413093372717034e-08 	 7.928913532825398e-11
9.76755243854311 	 1.7413672895370402e-08 	 7.291219699762309e-11
9.921909250364134 	 1.7414365209128355e-08 	 6.944741067217487e-11
10.07870536573694 	 1.741506846353343e-08 	 6.592787026435008e-11
10.23797933302067 	 1.7415782831480872e-08 	 6.235271049437232e-11
10.39977030975489 	 1.74165084885982e-08 	 5.872105240843298e-11
10.5641180722865 	 1.741724561328837e-08 	 5.5032003162600026e-11
10.731063025548728 	 1.741799438677365e-08 	 5.1284655803312453e-11
10.900646212994738 	 1.7418754993140168e-08 	 4.747808904440491e-11
11.072909326688118 	 1.7418173592459656e-08 	 4.444504607105619e-11
11.247894717552914 	 1.7416207779336322e-08 	 4.220008930079969e-11
11.425645405785612 	 1.741421090043184e-08 	 3.9919655437186044e-11
11.606205091431653 	 1.7412182464813107e-08 	 3.760318383505293e-11
11.789618165129115 	 1.7410121973788775e-08 	 3.525010498935193e-11
11.975929719022139 	 1.7408028920786682e-08 	 3.285984039513602e-11
12.16518555784686 	 1.7405902791229287e-08 	 3.043180240533371e-11
12.357432210192501 	 1.7405354842235528e-08 	 2.8727608275200256e-11
12.552716939940444 	 1.7405260000719137e-08 	 2.7212431780646133e-11
12.751087757884056 	 1.7405163660420506e-08 	 2.5673310923927927e-11
12.952593433532176 	 1.7405065797654354e-08 	 2.4109867311847477e-11
13.157283507099079 	 1.74049663883611e-08 	 2.2521716571452003e-11
13.365208301683964 	 1.740486540810095e-08 	 2.0908468255535833e-11
13.576418935642899 	 1.7412130340180283e-08 	 1.9691839759675043e-11
13.790967335156271 	 1.7422676314344855e-08 	 1.8637391086022004e-11
14.008906246994878 	 1.743338894673418e-08 	 1.7566278940478918e-11
14.23028925148769 	 1.7444270871051272e-08 	 1.6478239989891358e-11
14.455170775694613 	 1.7455324762619586e-08 	 1.5373006739646193e-11
14.683606106787392 	 1.746497937512823e-08 	 1.4309677091521004e-11
14.915651405641963 	 1.7465909484289522e-08 	 1.3558998358024338e-11
15.15136372064562 	 1.7466854291983093e-08 	 1.2796456634619687e-11
15.390801001722396 	 1.746781403049012e-08 	 1.2021864450258098e-11
15.634022114580025 	 1.7468788935762525e-08 	 1.123503137128224e-11
15.881086855182115 	 1.7469722973381246e-08 	 1.044812784402984e-11
16.132055964448995 	 1.746956428250447e-08 	 9.896149592980151e-12
16.386991143190876 	 1.746940308383283e-08 	 9.335448419421204e-12
16.64595506727701 	 1.7469239337735603e-08 	 8.76588647484728e-12
16.9090114030446 	 1.7469073003955772e-08 	 8.187323732330122e-12
17.176224822951113 	 1.7469574591427167e-08 	 7.656667184819036e-12
17.447661021474083 	 1.747151396272486e-08 	 7.239342676617043e-12
17.72338673126207 	 1.7473483981943033e-08 	 6.815423181494211e-12
18.003469739540922 	 1.7475485133411344e-08 	 6.384804478750276e-12
18.287978904779283 	 1.7477517909113316e-08 	 5.9473807006832856e-12
18.576984173617433 	 1.747731668759402e-08 	 5.619467909168415e-12
18.870556598063708 	 1.747692267450709e-08 	 5.296270425800897e-12
19.168768352962644 	 1.7476522434824054e-08 	 4.967965446626718e-12
19.47169275373918 	 1.7476115870145906e-08 	 4.634472257795194e-12
19.779404274423264 	 1.748507948802864e-08 	 4.369170952019025e-12
20.091978565959355 	 1.7496478679021894e-08 	 4.117562795705322e-12
20.409492474805106 	 1.750805801164122e-08 	 3.861978471044342e-12
20.73202406182426 	 1.751982033266807e-08 	 3.6023551425741206e-12
21.059652621477763 	 1.7520399333796883e-08 	 3.401797845361216e-12
21.39245870131842 	 1.7520230502937444e-08 	 3.2022540433917344e-12
21.7305241217935 	 1.752005900404081e-08 	 2.999556847029496e-12
22.073931996360308 	 1.752049730177038e-08 	 2.80835378806679e-12
22.422766751919653 	 1.752243713969993e-08 	 2.649976895623846e-12
22.777114149572228 	 1.7524407632924154e-08 	 2.489097170220706e-12
23.13706130570297 	 1.7526409265889246e-08 	 2.325675059541817e-12
23.502696713398677 	 1.7536359137887274e-08 	 2.192201168619568e-12
23.874110264204024 	 1.7547938136142143e-08 	 2.0626148253120965e-12
24.251393270221424 	 1.755970011752056e-08 	 1.9309806266248536e-12
24.634638486560117 	 1.7565337902289886e-08 	 1.814296863922038e-12
25.023940134140123 	 1.7566326239085897e-08 	 1.70853399369218e-12
25.419393922856326 	 1.756733019458657e-08 	 1.6010997508681698e-12
25.821097075108874 	 1.7568810500633237e-08 	 1.5026831748972751e-12
26.229148349705305 	 1.7570856134053912e-08 	 1.4153220855146299e-12
26.64364806614042 	 1.7572934094657365e-08 	 1.3265804272208715e-12
27.06469812925984 	 1.758017425834559e-08 	 1.24555238894344e-12
27.492402054313363 	 1.7592813784027405e-08 	 1.1726000801904674e-12
27.926864992404184 	 1.7605653052367317e-08 	 1.0984949047531396e-12
28.36819375634033 	 1.761725158505439e-08 	 1.0329533472910021e-12
28.8164968468946 	 1.762828388581358e-08 	 9.714307338666074e-13
29.271884479479496 	 1.7639490530225695e-08 	 9.089358774445119e-13
29.734468611243802 	 1.7642688722780583e-08 	 8.567397434098298e-13
30.204362968597106 	 1.7645457642008937e-08 	 8.043779834737575e-13
30.681683075169587 	 1.7651106167373407e-08 	 7.545080355589761e-13
31.166546280213474 	 1.766236155481534e-08 	 7.102686585672498e-13
31.659071787453417 	 1.7673794811353167e-08 	 6.653301658827887e-13
32.159380684392715 	 1.7678073579140253e-08 	 6.264021041178781e-13
32.66759597208273 	 1.768101168067544e-08 	 5.881411588943749e-13
33.18384259536271 	 1.7688101894334574e-08 	 5.521349457809077e-13
33.708247473577515 	 1.77007183455566e-08 	 5.193263436934144e-13
34.240939531780754 	 1.771355452929006e-08 	 4.866226291228693e-13
34.78204973243099 	 1.7726754571573526e-08 	 4.583006277724746e-13
35.331711107589086 	 1.774016321436931e-08 	 4.2953105331096876e-13
35.89005879162388 	 1.7753643249899714e-08 	 4.0436252923927817e-13
36.45723005443519 	 1.776731576235735e-08 	 3.7937249181343155e-13
37.033364335201604 	 1.77797481958078e-08 	 3.5677361830911366e-13
37.61860327666162 	 1.7791789280983907e-08 	 3.3494265977788987e-13
38.213090759936556 	 1.7804840495829475e-08 	 3.148256273459823e-13
38.81697293990374 	 1.7818599305171935e-08 	 2.9564974346477265e-13
39.43039828112876 	 1.7832501404872764e-08 	 2.778593962727614e-13
40.05351759436544 	 1.7846572245038042e-08 	 2.609307728114783e-13
40.68648407363276 	 1.78609084761898e-08 	 2.4527313567836903e-13
41.329453333877574 	 1.787549569635598e-08 	 2.3025782426507767e-13
41.98258344923272 	 1.7889697455736713e-08 	 2.165305649581135e-13
42.6460349918794 	 1.790389535385658e-08 	 2.0315164388583568e-13
43.31997107152395 	 1.7919175294170267e-08 	 1.9115729575138471e-13
44.004557375498464 	 1.793557017633593e-08 	 1.7932078904971395e-13
44.69996220949498 	 1.7960406966401946e-08 	 1.6873472833409265e-13
45.4063565389435 	 1.7982115955494145e-08 	 1.5844278529741427e-13
46.12391403104389 	 1.7997225403912926e-08 	 1.4889741027921776e-13
46.85281109746198 	 1.8019076891606265e-08 	 1.3996320211472106e-13
47.59322693770043 	 1.8045002633352963e-08 	 1.3132488893165684e-13
48.34534358315493 	 1.8059935153247494e-08 	 1.235836012369384e-13
49.10934594186664 	 1.8078934328275472e-08 	 1.160783856343506e-13
49.885421843982094 	 1.8105311678530564e-08 	 1.0904481826012695e-13
50.67376208793092 	 1.8131877225995835e-08 	 1.0254806872827344e-13
51.47456048733391 	 1.815866401726721e-08 	 9.630527979626241e-14
52.28801391865211 	 1.818546648836599e-08 	 9.050683689820852e-14
53.11432236958891 	 1.8213162865556824e-08 	 8.510386066317089e-14
53.95368898825707 	 1.824107234273486e-08 	 7.994060596890634e-14
54.806320133122746 	 1.8268476802475545e-08 	 7.510759663417963e-14
55.67242542373873 	 1.829582915064563e-08 	 7.063837448634685e-14
56.55221779227951 	 1.8327876348501086e-08 	 6.638222781694058e-14
57.44591353589064 	 1.8364951617604892e-08 	 6.234592129700235e-14
58.35373236986542 	 1.8393662816554545e-08 	 5.86273860407622e-14
59.27589748166217 	 1.8430781018977553e-08 	 5.512538181334488e-14
60.21263558577457 	 1.8466683906321754e-08 	 5.180865663664116e-14
61.16417697946967 	 1.8497910209736355e-08 	 4.8675333047252145e-14
62.130755599406534 	 1.8537051341893896e-08 	 4.5756384679027915e-14
63.11260907914952 	 1.857812638312106e-08 	 4.303183472997344e-14
64.10997880759065 	 1.8618776086597996e-08 	 4.045816154851062e-14
65.12310998829503 	 1.8663602092917244e-08 	 3.8031113822447187e-14
66.15225169978427 	 1.8712658224982016e-08 	 3.574548968681506e-14
67.19765695677245 	 1.8754600208749992e-08 	 3.359518071691428e-14
68.25958277236985 	 1.8807765580465773e-08 	 3.158984636312905e-14
69.33829022126963 	 1.8860685202451275e-08 	 2.970990804723953e-14
70.43404450393335 	 1.8913471812046413e-08 	 2.793965538263164e-14
71.54711501179018 	 1.8967598749232646e-08 	 2.6273873376467208e-14
72.67777539346706 	 1.9021594493913494e-08 	 2.470724018151469e-14
73.82630362206527 	 1.9080994072704337e-08 	 2.3234404875539968e-14
74.99298206350015 	 1.9146196000239417e-08 	 2.1850131324590976e-14
76.17809754592082 	 1.9211922026247948e-08 	 2.0549305158603805e-14
77.38194143022693 	 1.9278395357607205e-08 	 1.932698326257618e-14
78.60480968169983 	 1.934881862440044e-08 	 1.8178457560227102e-14
79.8470029427657 	 1.9426411800343446e-08 	 1.7099248098243962e-14
81.10882660690848 	 1.9505007827337767e-08 	 1.608505630806242e-14
82.39059089375107 	 1.958824399590585e-08 	 1.513186226800941e-14
83.69261092532264 	 1.9672126199055558e-08 	 1.4235826957909634e-14
85.01520680353194 	 1.9763929495048957e-08 	 1.339336412691793e-14
86.3587036888638 	 1.9858100805494366e-08 	 1.2601071614683348e-14
87.7234318803203 	 1.9956650369579823e-08 	 1.1855801627241056e-14
89.10972689662479 	 2.0059188064272147e-08 	 1.115457994848546e-14
90.51792955870918 	 2.0173371464076485e-08 	 1.0500248113395755e-14
91.94838607350486 	 2.0294415681318776e-08 	 9.884400582992231e-15
93.40144811905779 	 2.0416989202155385e-08 	 9.3044927086812e-15
94.87747293098857 	 2.0551932532472928e-08 	 8.758252514542032e-15
96.37682339031893 	 2.0695615640477324e-08 	 8.243554036106306e-15
97.8998681126861 	 2.0844917670223835e-08 	 7.763062746166604e-15
99.44698153896691 	 2.101105786523821e-08 	 7.311070512851059e-15
101.01854402733466 	 2.1184682637681523e-08 	 6.884673326678217e-15
102.61494194676953 	 2.13790508896182e-08 	 6.483365768475141e-15
104.23656777204796 	 2.158323362756298e-08 	 6.108786163936711e-15
105.88382018023256 	 2.1812149721836976e-08 	 5.754988301752677e-15
107.55710414868692 	 2.206844771222158e-08 	 5.4221546737920574e-15
109.25683105463936 	 2.235282103262562e-08 	 5.1110023921790965e-15
110.98341877632024 	 2.266911296072729e-08 	 4.816771603500399e-15
112.73729179569719 	 2.303766847845513e-08 	 4.54209585603813e-15
114.51888130283436 	 2.346250754211265e-08 	 4.283045736047073e-15
116.32862530190036 	 2.3966754077485287e-08 	 4.040447526117085e-15
118.16696871885169 	 2.457978282317604e-08 	 3.812412216746228e-15
120.03436351081837 	 2.5353590933327183e-08 	 3.599068302901597e-15
121.93126877721686 	 2.6337177979664254e-08 	 3.3987178307671997e-15
123.85815087262037 	 2.769880217562042e-08 	 3.212387479091152e-15
125.81548352141205 	 2.9608601881134208e-08 	 3.0378896602148934e-15
127.80374793425021 	 3.261097309852268e-08 	 2.8773090741264667e-15
129.8234329263741 	 3.770204629465557e-08 	 2.7298727374262725e-15
131.87503503777927 	 4.712176367040165e-08 	 2.596690145443984e-15
133.95905865529198 	 6.948940385954969e-08 	 2.480672253485446e-15
136.07601613657278 	 1.2609090081928843e-07 	 2.35695912396532e-15
138.22642793607992 	 1.8725732614766517e-07 	 2.115945643844669e-15
140.41082273302283 	 1.2021399557253207e-07 	 1.878029623263383e-15
142.62973756133871 	 6.62381523605798e-08 	 1.781943863121912e-15
144.88371794172167 	 4.584694003703667e-08 	 1.7014240544928048e-15
147.17331801573943 	 3.7425228276058446e-08 	 1.6205398226070482e-15
149.49910068206927 	 3.350442105789562e-08 	 1.540270374255066e-15
151.8616377348866 	 3.15573486278831e-08 	 1.4621521433143337e-15
154.26151000444088 	 3.060240329724521e-08 	 1.3870680687798334e-15
156.69930749985255 	 3.0211147789990866e-08 	 1.315417145243928e-15
159.17562955416724 	 3.017479431490254e-08 	 1.24736065844229e-15
161.69108497170177 	 3.0397025840921024e-08 	 1.1829095908915461e-15
164.24629217771877 	 3.082431572840812e-08 	 1.1219934528376726e-15
166.84187937046661 	 3.143934150682858e-08 	 1.0645066944837838e-15
169.47848467562272 	 3.2242053553166836e-08 	 1.0103213505661647e-15
172.15675630317585 	 3.325522838580278e-08 	 9.593197220257292e-16
174.87735270678942 	 3.454084417128948e-08 	 9.114895427791276e-16
177.64094274568225 	 3.617194788480091e-08 	 8.66554317230868e-16
180.4482058490677 	 3.8283622767827286e-08 	 8.243848510626201e-16
183.29983218319165 	 4.113885218273498e-08 	 7.849462486496178e-16
186.19652282100986 	 4.516574934236236e-08 	 7.48097683687296e-16
189.138989914547 	 5.103244528313339e-08 	 7.134771578838139e-16
192.1279568699794 	 6.005826021376282e-08 	 6.80599363513968e-16
195.1641585254845 	 7.305188166792904e-08 	 6.477671173705637e-16
198.24834133190086 	 8.679957490638746e-08 	 6.121198791272446e-16
201.3812635362441 	 8.982594661802086e-08 	 5.743240753115499e-16
204.56369536812076 	 7.852289884963425e-08 	 5.420045689599621e-16
207.7964192290904 	 6.620074747123672e-08 	 5.168379361932728e-16
211.0802298850188 	 5.8529399918731294e-08 	 4.958054925297931e-16
214.4159346614715 	 5.484525635137908e-08 	 4.768919539435568e-16
217.80435364219485 	 5.3600516495514594e-08 	 4.594091388057766e-16
221.24631987073374 	 5.392483333742206e-08 	 4.4323742065590836e-16
224.74267955523572 	 5.536789418248857e-08 	 4.2839094495084797e-16
228.2942922764913 	 5.772669663600449e-08 	 4.149303621577617e-16
231.90203119926204 	 6.096438980322062e-08 	 4.0294331533244377e-16
235.56678328694827 	 6.513753394390869e-08 	 3.92527191790062e-16
239.28944951964996 	 7.042241266201606e-08 	 3.838378484804671e-16
243.0709451156716 	 7.712739386184108e-08 	 3.771021520245086e-16
246.9121997565297 	 8.574234451137864e-08 	 3.7263725400180374e-16
250.8141578155149 	 9.707960542890313e-08 	 3.7093096791240023e-16
254.77777858986653 	 1.125271778236095e-07 	 3.7273714943185955e-16
258.8040365366158 	 1.3467616808680434e-07 	 3.7926194242273085e-16
262.89392151215657 	 1.6939548481088491e-07 	 3.9266061664010635e-16
267.0484390156015 	 2.2869369841166988e-07 	 4.1535551594493376e-16
271.2686104359843 	 3.297296685889175e-07 	 4.472221478657777e-16
275.5554733033684 	 4.450737242825968e-07 	 4.953440040014743e-16
279.910081543924 	 6.228331123980283e-07 	 6.198065996821747e-16
284.33350573903664 	 1.0350851164924282e-06 	 8.186092639139373e-16
288.8268333885086 	 1.5618820547673673e-06 	 8.414825540253713e-16
293.39116917792177 	 1.911371816070995e-06 	 6.187443838703592e-16
298.02763525022493 	 1.7508158381189907e-06 	 3.433319984027364e-16
302.73737148161246 	 1.4255538921298836e-06 	 1.7580619710847557e-16
307.52153576176335 	 9.487578317550174e-07 	 9.676856718718558e-17
312.3813042785087 	 6.196750345871914e-07 	 7.900274852175438e-17
317.3178718069976 	 4.2915437013888765e-07 	 7.403022135587994e-17
322.33245200343276 	 3.2217498484965367e-07 	 8.79468867172493e-17
327.42627770344865 	 3.015471245363345e-07 	 1.0856459290277118e-16
332.6006012252037 	 3.352005532816066e-07 	 1.379940010589114e-16
337.8566946772633 	 4.426624736544019e-07 	 1.9164567817771786e-16
343.1958502713489 	 7.208705300868964e-07 	 3.0358879359186084e-16
348.61938064002663 	 1.024126152815841e-06 	 3.7657851932982826e-16
354.1286191594199 	 1.1290373723737456e-06 	 3.297215338210524e-16
359.7249202770193 	 1.15105102630009e-06 	 2.5008998065523343e-16
365.4096598446745 	 1.114667561751208e-06 	 1.9536086097156149e-16
371.1842354568472 	 1.0450363899662076e-06 	 1.953860459120247e-16
377.0500667942103 	 1.0183000615283524e-06 	 1.6501331685854474e-16
383.0085959726766 	 9.343598088470412e-07 	 1.0032017052736838e-16
389.0612878979433 	 9.469419839761572e-07 	 1.1831085203796822e-16
395.2096306256396 	 1.2399776194872072e-06 	 1.992283718009797e-16
401.45513572716465 	 1.5300816227505597e-06 	 2.981386644007966e-16
407.79933866130983 	 1.6370084975135582e-06 	 3.3081455174526745e-16
414.2437991517488 	 2.1139279494146678e-06 	 3.946759274311529e-16
420.7901015704979 	 2.205531761539643e-06 	 3.3468255180631736e-16
427.4398553274334 	 2.0566258408021267e-06 	 2.3154453834995777e-16
434.19469526596606 	 1.7575635383444686e-06 	 1.4194179103744162e-16
441.0562820649669 	 1.4422212576326342e-06 	 7.81610803877334e-17
448.02630264704607 	 1.2144932667694431e-06 	 4.189540085563082e-17
455.10647059328284 	 9.927570055719887e-07 	 2.6746426949421464e-17
462.2985265645099 	 8.186386861362073e-07 	 2.0619917237815856e-17
469.60423872925554 	 8.151848370674743e-07 	 1.587941414354528e-17
477.02540319844724 	 7.236929469197155e-07 	 9.528699596244915e-18
484.5638444669882 	 5.107205704517286e-07 	 5.4598636537758655e-18
492.2214158623069 	 6.44982336695785e-07 	 1.2606928488742152e-17
500.0 	 1.077588141482805e-06 	 2.902123109408509e-17
