6.525474e-05 	 1.3505430880825148e-07 	 0.08379473024865855
6.888e-05 	 1.575628384725951e-07 	 0.08816248758050542
7.293177e-05 	 1.8528877402164935e-07 	 0.08877825597268998
7.749e-05 	 2.1992332824366324e-07 	 0.08600527008011692
8.2656e-05 	 2.6373336052567405e-07 	 0.09043177172278316
8.856e-05 	 3.1988204185072714e-07 	 0.08963592668662924
9.537231e-05 	 3.9335128637854545e-07 	 0.08814187145507922
0.00010332 	 4.91059561634703e-07 	 0.08819892700134767
0.0001127127 	 6.239325517683591e-07 	 0.08749187358571119
0.000123984 	 8.096012438995946e-07 	 0.08878597649788397
0.0001305095 	 9.307143793924335e-07 	 0.0879297049575179
0.00013776 	 1.0769175007610574e-06 	 0.08827972986867806
0.0001408909 	 1.1442373376472475e-06 	 0.08756587957602611
0.0001441674 	 1.2169744117666148e-06 	 0.08806999802930614
0.0001476 	 1.2961091872299776e-06 	 0.08798709341894147
0.0001512 	 1.3827351615336567e-06 	 0.08583628041213708
0.00015498 	 1.4759296672932573e-06 	 0.08617860721421064
0.0001569418 	 1.5272534330608942e-06 	 0.08610701799479126
0.0001589538 	 1.5793632788048122e-06 	 0.08587874999503389
0.0001610182 	 1.6346774614829209e-06 	 0.08549856850895579
0.0001631369 	 1.6917582884909457e-06 	 0.08497148749193259
0.000165312 	 1.7516860195348555e-06 	 0.0843033179705668
0.0001675459 	 1.8154735848021283e-06 	 0.08349979321515663
0.0001698411 	 1.881680815332598e-06 	 0.08373797979350882
0.000171723 	 2.1338419674462425e-06 	 0.08247058913169483
0.0001719612 	 2.0955089860110193e-06 	 0.08200399609039621
0.0001722 	 2.0820045792455188e-06 	 0.08154693713467893
0.0001723197 	 2.0758511919144495e-06 	 0.08131921040583082
0.0001724395 	 2.0767609601669536e-06 	 0.08109415179545128
0.0001725595 	 2.125848250204364e-06 	 0.08088374325209191
0.0001726797 	 2.1736904638697324e-06 	 0.08067365971010634
0.0001728 	 2.237894050603093e-06 	 0.08046956832077874
0.0001729205 	 2.2703428037570057e-06 	 0.08025623619497908
0.0001730412 	 2.239462121955388e-06 	 0.07892058711938407
0.000173162 	 2.1617808025293115e-06 	 0.0786772015444634
0.000173283 	 2.037395606496043e-06 	 0.0784217003790645
0.0001734042 	 1.9435869483641585e-06 	 0.07927059101928123
0.0001735256 	 1.948070240356181e-06 	 0.07905057123153066
0.0001736471 	 2.0564795162273783e-06 	 0.07886008069138113
0.0001737688 	 2.127391567523756e-06 	 0.07866038129981738
0.0001738906 	 2.216884907796405e-06 	 0.07846759261551164
0.000173915 	 2.2643562295556433e-06 	 0.07843839216248963
0.0001739394 	 2.3596364317241157e-06 	 0.0773448649384651
0.0001739638 	 2.471209205771957e-06 	 0.07626689678445701
0.0001739882 	 2.596736779626184e-06 	 0.07626825550654961
0.0001740126 	 2.738543788809144e-06 	 0.07521467128566163
0.0001740371 	 2.8500149497752128e-06 	 0.07521554895380202
0.0001740615 	 2.8962158496380357e-06 	 0.07519189231892211
0.0001740859 	 2.7863141928614818e-06 	 0.07405276320241092
0.0001741104 	 2.6135489211627336e-06 	 0.07290089337907292
0.0001741348 	 2.4245304796827598e-06 	 0.0727944002321074
0.0001741593 	 2.234399362077267e-06 	 0.07269239647210497
0.0001741838 	 2.0291871627211395e-06 	 0.07155455803680874
0.0001742082 	 1.8251978346403799e-06 	 0.07146029739869071
0.0001742327 	 1.509533617713142e-06 	 0.07134755195082793
0.0001742572 	 1.193958163526436e-06 	 0.07124863549340127
0.0001742817 	 8.787041423110669e-07 	 0.07116355297449235
0.0001743062 	 7.212923637789026e-07 	 0.07110620465949674
0.0001743307 	 6.583776078466944e-07 	 0.07209342719918047
0.0001743552 	 6.427002526575018e-07 	 0.0720515172277759
0.0001743797 	 6.430751083394694e-07 	 0.07201107457324384
0.0001744043 	 6.432169671148648e-07 	 0.07300933711218495
0.0001744288 	 6.277808882440217e-07 	 0.07401270593064783
0.0001744534 	 5.963077455032223e-07 	 0.07396832447842387
0.0001744779 	 5.808825953886811e-07 	 0.07497752436667524
0.0001745025 	 5.652290194704818e-07 	 0.07493402692624355
0.0001746254 	 5.664569823016761e-07 	 0.07577926330694017
0.00017712 	 5.898491167718631e-07 	 0.08089529234486369
0.0001907446 	 7.290852578677149e-07 	 0.08434818770770341
0.00020664 	 9.157857947123941e-07 	 0.08576155467126659
0.0002254255 	 1.1721293689380655e-06 	 0.08680302288636528
0.000247968 	 1.5341652811890057e-06 	 0.08708000728285681
0.00027552 	 2.0622962037035253e-06 	 0.08826992697032247
0.00030996 	 2.862919969010863e-06 	 0.08905859579733866
0.00035424 	 4.138857225236677e-06 	 0.08989629438124783
0.00041328 	 6.30131757463312e-06 	 0.09007510313984468
0.0004428 	 7.5849046660974475e-06 	 0.09022597953423445
0.0004768615 	 9.253667502190504e-06 	 0.0902827047815584
0.0005166 	 1.1431075551828548e-05 	 0.09009744649866067
0.0005635637 	 1.435765882680802e-05 	 0.08955807665673443
0.00061992 	 1.8365173542414063e-05 	 0.08783183570059475
0.0006525474 	 2.0927721377492095e-05 	 0.08602540087185216
0.0006594894 	 2.149467531862854e-05 	 0.08602276691765762
0.000661248 	 2.2234909002897443e-05 	 0.08628614205517787
0.0006616008 	 2.2253705419032946e-05 	 0.08618639211741182
0.0006619541 	 2.227859294630117e-05 	 0.08616539809459026
0.0006623077 	 2.229732209859775e-05 	 0.08637543511944172
0.0006626617 	 2.2322137743641726e-05 	 0.08650871642169214
0.000663016 	 2.2665023875588214e-05 	 0.08686488887940336
0.0006633708 	 2.3013639920943046e-05 	 0.08714517668257547
0.000663726 	 2.34657533630102e-05 	 0.08737140992920102
0.0006640814 	 2.413113979439573e-05 	 0.08741515051687879
0.0006644373 	 2.5009441573893276e-05 	 0.086972638249604
0.0006647936 	 2.567934763672198e-05 	 0.0861831136642352
0.0006649362 	 2.5795832055958438e-05 	 0.0858332759467478
0.0006651502 	 2.548873700311695e-05 	 0.08526953841407076
0.0006655073 	 2.5030153291661434e-05 	 0.0842986515034391
0.0006658647 	 2.4998438082362538e-05 	 0.08351115881419229
0.0006662225 	 2.5021537769875607e-05 	 0.0831157075798991
0.0006665807 	 2.3864171895249978e-05 	 0.0828980260859804
0.0006669392 	 2.313373925554177e-05 	 0.08286013507244312
0.0006672982 	 2.3370509478973534e-05 	 0.08386006936958937
0.0006676575 	 2.371636033316774e-05 	 0.08466153949636969
0.0006680173 	 2.4814696244983528e-05 	 0.08510901823292659
0.0006683774 	 2.569336935859312e-05 	 0.0847609903727553
0.0006687379 	 2.678941186398789e-05 	 0.083582140079687
0.0006690988 	 2.67082707797239e-05 	 0.0824237032137597
0.00066946 	 2.5336744288300374e-05 	 0.08132843376663763
0.0006698217 	 2.4499549989736595e-05 	 0.0811077633981006
0.0006701838 	 2.463157027678717e-05 	 0.0818450842932847
0.0006703287 	 2.474726676909426e-05 	 0.08246424520527038
0.0006704737 	 2.4971800770287117e-05 	 0.08333244910850965
0.0006706188 	 2.508736978791121e-05 	 0.08425338533590696
0.0006707639 	 2.5208933148103716e-05 	 0.08495568866121637
0.0006709091 	 2.586243476280881e-05 	 0.08533760637210774
0.0006710544 	 2.7156323390996442e-05 	 0.08543472412733505
0.0006711997 	 2.9102260982644096e-05 	 0.08446008553025273
0.000671345 	 3.211667973665718e-05 	 0.08231808892391201
0.0006714905 	 3.449615664957562e-05 	 0.07997156865756103
0.000671636 	 3.684260829277223e-05 	 0.07877782520603681
0.0006717815 	 3.8133281316737946e-05 	 0.0775603297371373
0.0006719272 	 3.601229183887116e-05 	 0.07504803969254151
0.0006720729 	 3.001175580451886e-05 	 0.071250692451269
0.0006722186 	 2.4870610356252984e-05 	 0.06827869520532161
0.0006723644 	 2.2735792110830393e-05 	 0.06629758232149166
0.0006727293 	 1.9491904931757936e-05 	 0.06670705190736734
0.0006730945 	 1.8390698974487087e-05 	 0.07018598315232848
0.0006734601 	 1.820005921807947e-05 	 0.07218772635317174
0.0006738261 	 1.779291609540849e-05 	 0.07348354863114132
0.0006741925 	 1.771106273544709e-05 	 0.07428473529958146
0.0006745593 	 1.7731502199722173e-05 	 0.07489530241609883
0.0006749265 	 1.764974715886702e-05 	 0.07534997457626724
0.0006752941 	 1.71356263362734e-05 	 0.07580626597990296
0.0006753677 	 1.692957169622935e-05 	 0.07581152348920764
0.0006756621 	 1.6946211277567337e-05 	 0.07624527503152197
0.0006888 	 1.7830209538845575e-05 	 0.08208667402064676
0.0007293177 	 2.0704969057100393e-05 	 0.08483153330553267
0.0007749 	 2.4239986514151886e-05 	 0.08548545502321389
0.00082656 	 2.8618844025715183e-05 	 0.08529727783773233
0.0008550621 	 3.1199118680775545e-05 	 0.08488623770241727
0.0008856 	 3.411281845804537e-05 	 0.08415943950838338
0.0008984348 	 3.538634191507027e-05 	 0.08380259623185494
0.0009116471 	 3.6697829513813356e-05 	 0.08348167736997096
0.0009184 	 3.739971894248459e-05 	 0.08361708433231071
0.0009252537 	 3.892455411398378e-05 	 0.08431945597798376
0.0009287191 	 4.059189570973131e-05 	 0.0850752627808074
0.0009301126 	 4.190482042967505e-05 	 0.08557433804241422
0.0009308108 	 4.298461349885662e-05 	 0.08570019498243586
0.0009315102 	 4.441542303357878e-05 	 0.08540541547257718
0.0009322105 	 4.5513321912815045e-05 	 0.08432509329987772
0.000932491 	 4.5717106350786985e-05 	 0.0838160315321724
0.000932912 	 4.5218184772812095e-05 	 0.0830315027477786
0.0009336145 	 4.448899709540615e-05 	 0.08206931333752475
0.0009343181 	 4.449889283394933e-05 	 0.0814587018111943
0.0009350227 	 4.455210093390238e-05 	 0.08071291009279175
0.0009357283 	 4.271522165908747e-05 	 0.0800197292086608
0.0009364351 	 4.157846794018476e-05 	 0.08033029943313894
0.0009371429 	 4.197994077043799e-05 	 0.08146919365317508
0.0009378518 	 4.255374791144174e-05 	 0.08234848604326114
0.0009385617 	 4.434103164081368e-05 	 0.0829593532547018
0.0009392728 	 4.573254529464196e-05 	 0.08275296060414064
0.0009399849 	 4.75102241973512e-05 	 0.08157645299987157
0.000940698 	 4.743102014747612e-05 	 0.07971894168370261
0.0009414123 	 4.524068040239097e-05 	 0.07825002929157794
0.0009421277 	 4.391474265136895e-05 	 0.0783506434995716
0.0009428441 	 4.4182568782397495e-05 	 0.07932608304560831
0.0009435617 	 4.483683775260892e-05 	 0.08063935147827896
0.0009442803 	 4.617739528652845e-05 	 0.0830238253678159
0.0009445681 	 4.8267528787439824e-05 	 0.0837199922913484
0.000944856 	 5.138667232677837e-05 	 0.08420345691928902
0.000945144 	 5.622050199179223e-05 	 0.08389985268548324
0.0009454323 	 6.002155816184318e-05 	 0.08132086309989699
0.0009457208 	 6.382018397207485e-05 	 0.07769425584066889
0.0009460095 	 6.590142350581302e-05 	 0.07442426595733527
0.0009462984 	 6.249491771489552e-05 	 0.07071966422862579
0.0009465872 	 5.287721987121549e-05 	 0.06537807661883059
0.0009468764 	 4.4679073250585885e-05 	 0.061388896319003274
0.0009471658 	 4.127373157255351e-05 	 0.05995030008695361
0.0009478899 	 3.610743093393977e-05 	 0.06350333027773172
0.0009486152 	 3.434820689486294e-05 	 0.06620550667754388
0.0009493415 	 3.408700964429852e-05 	 0.06814678824174661
0.000950069 	 3.34632486625884e-05 	 0.06934829144868768
0.0009507976 	 3.335232276711488e-05 	 0.07030048305182016
0.0009515273 	 3.3412031194040716e-05 	 0.07097710668418715
0.0009522581 	 3.330121616323449e-05 	 0.07128835104627937
0.00095299 	 3.250953421598178e-05 	 0.07173386770264228
0.0009531365 	 3.216409091752455e-05 	 0.07177512740729285
0.0009537231 	 3.222939088022084e-05 	 0.07232628069517673
0.000991872 	 3.559515675567731e-05 	 0.07937075319710955
0.0010332 	 3.945621975769473e-05 	 0.08065098764564867
0.001078122 	 4.387033789627465e-05 	 0.08109085136191728
0.001127127 	 4.898157814972961e-05 	 0.08111822056113666
0.0011808 	 5.489791118834565e-05 	 0.08073039236092559
0.00123984 	 6.174051644566362e-05 	 0.07978149326401827
0.00124607 	 6.247373787701257e-05 	 0.0797276734357664
0.001252364 	 6.322881800172424e-05 	 0.07953438272551763
0.001258721 	 6.400538761015737e-05 	 0.07942830547062327
0.001265143 	 6.477082949792853e-05 	 0.07930078774854715
0.001271631 	 6.558894582724604e-05 	 0.07916290485645044
0.001278186 	 6.639528075397816e-05 	 0.07900400297439443
0.001284808 	 6.722146265154301e-05 	 0.07882997079522387
0.0012915 	 6.803550041846152e-05 	 0.0787301823640515
0.001298262 	 6.889992207252577e-05 	 0.07852465345326166
0.001305095 	 6.965834531142454e-05 	 0.07828311175232558
0.001312 	 7.043592925533231e-05 	 0.07802727774629727
0.001318979 	 7.123214969645725e-05 	 0.07784752402020621
0.001326032 	 7.204657987374636e-05 	 0.07774096656543707
0.001333161 	 7.290909186103964e-05 	 0.07753314820963578
0.001340368 	 7.375815407295326e-05 	 0.07739113356596854
0.001347652 	 7.477449311984567e-05 	 0.07725754472923627
0.001355016 	 7.586524184569591e-05 	 0.07703154177921892
0.001362462 	 7.699912584069806e-05 	 0.07679510041162681
0.001369989 	 7.808646008430582e-05 	 0.07653346596900415
0.001373023 	 7.850489139639503e-05 	 0.07628978531305859
0.0013776 	 7.903927197142891e-05 	 0.07606833315378782
0.001385296 	 7.98010160666095e-05 	 0.07563790757397973
0.001393079 	 8.040371148035987e-05 	 0.07516553805046858
0.001396216 	 8.062992594586103e-05 	 0.07504885601766657
0.001399368 	 8.088326151479215e-05 	 0.07499616088939016
0.001402534 	 8.116357453161576e-05 	 0.07494447045432136
0.001405714 	 8.14995340517223e-05 	 0.07489876097806115
0.001408909 	 8.189069534434073e-05 	 0.07485878155186215
0.001412118 	 8.239418735338823e-05 	 0.07483466371400206
0.001415343 	 8.300911417822385e-05 	 0.07482597844670673
0.001418581 	 8.35632707111648e-05 	 0.07472775931708656
0.001421835 	 8.40854115839349e-05 	 0.07454569743983941
0.001425104 	 8.463275986972191e-05 	 0.07444106129166365
0.001426743 	 8.487679175614309e-05 	 0.07438278483439337
0.001428387 	 8.511995181166861e-05 	 0.07424903672448592
0.001430035 	 8.536234268313493e-05 	 0.07426323953353571
0.001431686 	 8.560396807532178e-05 	 0.07412843200150111
0.001433341 	 8.590141899008883e-05 	 0.07407687180001662
0.001435 	 8.619794391864194e-05 	 0.07402446519905741
0.001436663 	 8.64935580032993e-05 	 0.07404452705083688
0.001438329 	 8.687291002428595e-05 	 0.07400530093362284
0.00144 	 8.742013299736151e-05 	 0.07406777417462082
0.001441674 	 8.802215607988734e-05 	 0.07399389149291298
0.001443353 	 8.867867609642777e-05 	 0.07385724717791646
0.001445035 	 8.938961963946914e-05 	 0.07365925573593654
0.001446721 	 8.998646330704137e-05 	 0.07329887766253411
0.001448411 	 9.035756335843358e-05 	 0.07275816834842834
0.001450105 	 9.022397186671743e-05 	 0.07213084591777193
0.001451803 	 8.983898071393812e-05 	 0.07160347193423959
0.001453505 	 8.94267470090023e-05 	 0.07114427316909397
0.001455211 	 8.898736959977023e-05 	 0.07075225979304593
0.001456921 	 8.852094729096006e-05 	 0.07042656896698224
0.001458635 	 8.805536231990624e-05 	 0.07003333576981648
0.001460353 	 8.720173810788733e-05 	 0.06971267610139512
0.001462076 	 8.63498385787798e-05 	 0.06946262669808613
0.001463802 	 8.54998397991182e-05 	 0.06955644020232328
0.001465532 	 8.517758265017674e-05 	 0.06980646411056307
0.001467266 	 8.518763143186718e-05 	 0.07004172874786582
0.001469005 	 8.539066912689505e-05 	 0.0702386466358931
0.001470747 	 8.562062249929279e-05 	 0.0703702187193592
0.001472494 	 8.584972663264695e-05 	 0.07043179030452573
0.001474245 	 8.602301766019866e-05 	 0.0704828290078844
0.001476 	 8.61681785337303e-05 	 0.07052793329628661
0.001477759 	 8.634021456551214e-05 	 0.07057622104376363
0.001479523 	 8.651154962267432e-05 	 0.07062294565654628
0.001484838 	 8.726765378034908e-05 	 0.07072870245863581
0.001493783 	 8.848355206529937e-05 	 0.07071888633539859
0.001502836 	 8.970550747443262e-05 	 0.07055376726142538
0.001512 	 9.095982955718e-05 	 0.07037218239087137
0.001521276 	 9.224558332831415e-05 	 0.07011115206671015
0.001530667 	 9.356173129778801e-05 	 0.06977366394899616
0.001540174 	 9.488103833040347e-05 	 0.06943239101937905
0.0015498 	 9.622908740095906e-05 	 0.06888613167968367
0.001559547 	 9.703265131738492e-05 	 0.06823898223513186
0.001569418 	 9.784439365020582e-05 	 0.06770031894798073
0.001579414 	 9.866387614154281e-05 	 0.0671501882621302
0.001589539 	 9.954155622788955e-05 	 0.06659705821953049
0.001599794 	 0.00010040000806377808 	 0.06613908337390016
0.001610182 	 0.00010126436664713126 	 0.06566651945263972
0.001620706 	 0.00010218418251646388 	 0.06518780862306264
0.001631368 	 0.00010308341853755782 	 0.06469105165500123
0.001642172 	 0.00010403607835538512 	 0.06408570548204755
0.00165312 	 0.00010496718416878466 	 0.06356763542404499
0.001664215 	 0.00010594986653175886 	 0.06314343639048618
0.00167546 	 0.0001069099362190645 	 0.06260161407246759
0.001686857 	 0.00010789567090580377 	 0.062242460475972504
0.001698411 	 0.00010885830513300973 	 0.06233115129507268
0.001700741 	 0.00010904329150683761 	 0.062418983366973324
0.001703077 	 0.0001092036377977173 	 0.06268944687829879
0.00170542 	 0.00010938696016328162 	 0.06314976120112882
0.001707769 	 0.00010966464539416724 	 0.06419104003995867
0.001710124 	 0.00011198182591484283 	 0.06632550239839867
0.001711304 	 0.00011560349968078144 	 0.06761063964792358
0.001712486 	 0.00012061763449369847 	 0.06847575525327734
0.00171367 	 0.00012444066506253263 	 0.06858459364854386
0.001714855 	 0.00012541931264759072 	 0.0684889104258924
0.001716042 	 0.000126278749606198 	 0.06952213925834173
0.00171723 	 0.00013354011752272603 	 0.07232719269471757
0.00171842 	 0.00014775537727813813 	 0.07430240115189862
0.001719135 	 0.00015913878425608582 	 0.07390731845818518
0.001719612 	 0.00016617119328132476 	 0.07267370750327556
0.001720089 	 0.00017084045903822517 	 0.07038871026281211
0.001720566 	 0.00017232335544345754 	 0.06695315704737266
0.001721044 	 0.00017012786403681367 	 0.06277966581601571
0.001721522 	 0.00016465816963158304 	 0.05833395323536537
0.001722 	 0.00015645909700727172 	 0.0539542738608516
0.001724395 	 0.00011151662758608039 	 0.043959703517638164
0.001726797 	 9.804311326080594e-05 	 0.048107827394651116
0.001729205 	 9.718110988602892e-05 	 0.05240616701969456
0.00173162 	 9.728100740261454e-05 	 0.055118312525383795
0.001734042 	 9.74035391102408e-05 	 0.05762985432009034
0.001736471 	 9.752553631778754e-05 	 0.060731252376949124
0.001738906 	 9.858082254526769e-05 	 0.06590617577509833
0.001740126 	 0.00010175417630128447 	 0.07038858606171583
0.001741348 	 0.00011025902876859154 	 0.07609961343986942
0.001742572 	 0.00012578327497675702 	 0.08126713536247321
0.001743798 	 0.00014328555636051828 	 0.08419398324000808
0.001745025 	 0.00015308947637079982 	 0.08475698727397916
0.001746254 	 0.00015426091252988234 	 0.08722796022462945
0.001747484 	 0.0001657891340907366 	 0.0970885654433953
0.001748717 	 0.00021101469437132114 	 0.11318793665825343
0.00174921 	 0.00023776982355091792 	 0.11942779972589515
0.001749704 	 0.0002655267009043327 	 0.1233021123784823
0.001750198 	 0.0002932634277349526 	 0.12482837967249584
0.001750692 	 0.00031819808068448574 	 0.12358720539023857
0.001751186 	 0.00033500483542597896 	 0.1184172392177047
0.001751681 	 0.0003402191372073751 	 0.10918591532309271
0.001752176 	 0.0003326959168719814 	 0.09582412065751697
0.001752672 	 0.0003129122361349386 	 0.07964125884569481
0.001753663 	 0.0002486436106124784 	 0.04726241756691463
0.001754905 	 0.00016172013953382985 	 0.021352064756833506
0.001756147 	 0.00010474588642582817 	 0.01368858188057042
0.001757392 	 8.020994591815476e-05 	 0.01583646927957898
0.001758638 	 7.295960442929166e-05 	 0.020541079918609633
0.001759887 	 7.145756864955415e-05 	 0.024518031533265466
0.001761136 	 7.129297760667368e-05 	 0.027446196369582596
0.001763642 	 7.140033926647285e-05 	 0.03151154027146554
0.001766154 	 7.155255306332636e-05 	 0.0343253229663852
0.001768673 	 7.172672152893409e-05 	 0.036468110052235526
0.0017712 	 7.192280421160525e-05 	 0.03815284556157086
0.001773734 	 7.21408111963486e-05 	 0.03954352517114271
0.001776275 	 7.233501530329356e-05 	 0.04076989703973357
0.001778824 	 7.255105329660811e-05 	 0.0417195946088103
0.001781379 	 7.276620708703766e-05 	 0.04260132320198041
0.001783942 	 7.295765375441443e-05 	 0.04341069057323792
0.00179687 	 7.3992010439009e-05 	 0.04628648184757114
0.001809985 	 7.527258626476657e-05 	 0.048256122605049974
0.001823294 	 7.659322390407612e-05 	 0.04965297268599077
0.001878546 	 8.214046823922995e-05 	 0.0528094067272866
0.00193725 	 8.819959275645635e-05 	 0.05416932745902395
0.001999742 	 9.486118504256796e-05 	 0.05470293131070063
0.0020664 	 0.00010217254738402966 	 0.05466833562803759
0.002101424 	 0.00010609058529648457 	 0.05451173261264348
0.002137655 	 0.00011019811242049177 	 0.054454944582437666
0.002156243 	 0.00011235451140542475 	 0.054572591372926985
0.002175158 	 0.0001145694506197917 	 0.05553183073310078
0.002194407 	 0.00012218489132959746 	 0.05819493048474028
0.002206121 	 0.00013343958385878774 	 0.060580085538235406
0.002214 	 0.00014453190278251619 	 0.06230399442301521
0.002217961 	 0.00015389849735409364 	 0.06346663335078861
0.002221935 	 0.00016633405160061267 	 0.06343154358734958
0.002225925 	 0.0001757129950432426 	 0.06083971330530208
0.002227524 	 0.00017731546271421703 	 0.059080409921777245
0.002229928 	 0.00017282685234912065 	 0.05590194157031177
0.002233946 	 0.00016613870522730854 	 0.053479669146263065
0.002237978 	 0.00016547601972538483 	 0.05242555958464049
0.002242025 	 0.00016560879208951743 	 0.0496480588486269
0.002246087 	 0.0001489396721385117 	 0.04598550048746224
0.002250163 	 0.0001383754446075676 	 0.047185437580036634
0.002254255 	 0.0001416555903000558 	 0.05027337373276989
0.002258361 	 0.0001464499156460049 	 0.05303526509743744
0.002262482 	 0.0001620044731748958 	 0.055756547808697446
0.002266618 	 0.00017443737436205698 	 0.05608466819843175
0.002270769 	 0.00018996614965284986 	 0.055035280033082064
0.002272851 	 0.00019621468096845987 	 0.05240358163054633
0.002274936 	 0.000188538359826586 	 0.047859148087527496
0.002279118 	 0.00016878337210588556 	 0.043088456492587725
0.002283315 	 0.00015672866932220345 	 0.04314239279398865
0.002287528 	 0.00015850111856104802 	 0.04574742146789738
0.002291756 	 0.0001641610288981907 	 0.048441569090501936
0.002296 	 0.00017576011796700854 	 0.05564118993620877
0.00230026 	 0.00024311412566372382 	 0.06862765651355551
0.002304535 	 0.00033260226905357134 	 0.07084253044601023
0.00230625 	 0.0003506047986094615 	 0.06262182405006578
0.002307967 	 0.00031988689238965536 	 0.045365476707102066
0.002309687 	 0.00023409736670594957 	 0.023525644113198536
0.002311409 	 0.0001605530734263514 	 0.012269650608824284
0.002313134 	 0.00013001484776206668 	 0.010354801811925095
0.002314862 	 0.00010871922010203569 	 0.010251031009511007
0.002316592 	 9.04295219083539e-05 	 0.010492176794721357
0.002318325 	 7.823802614599113e-05 	 0.011576418804594106
0.00232006 	 7.220149117431148e-05 	 0.013158762875279846
0.002321798 	 6.769342376771756e-05 	 0.014655343733805113
0.002326154 	 6.483098426169701e-05 	 0.017491886837241188
0.002330526 	 5.8913844479561065e-05 	 0.0195045968232531
0.002334915 	 5.758820381161013e-05 	 0.02160000161550922
0.002339321 	 5.779292255168606e-05 	 0.023035999319855192
0.002343743 	 5.6472601338565996e-05 	 0.02376274452031463
0.00234596 	 5.503565260194211e-05 	 0.023774583127074495
0.002348182 	 4.9022451242740676e-05 	 0.02409336712744301
0.002349072 	 4.598127886184226e-05 	 0.024370803280183814
0.0023616 	 4.658145466609058e-05 	 0.0286526906765374
0.002384308 	 4.767174207418737e-05 	 0.03261003631983241
0.00247968 	 5.2390358965989113e-05 	 0.04034434577810763
0.002583 	 5.774778873941967e-05 	 0.04429261658684313
0.002695304 	 6.39011437690482e-05 	 0.04691784833882023
0.002817818 	 7.098340063354825e-05 	 0.04889468323199042
0.002952 	 7.920750782862503e-05 	 0.05048372924556266
0.0030996 	 8.87551656280108e-05 	 0.05177047759049873
0.003262737 	 9.998796129172095e-05 	 0.052859714627264895
0.003444 	 0.00011332832608611752 	 0.05377443625418208
0.003646588 	 0.00012912289767413543 	 0.05454267271666694
0.0038745 	 0.00014808900083558525 	 0.055131260905679214
0.0041328 	 0.0001711292306021754 	 0.055621561848613485
0.00427531 	 0.00018446702289704253 	 0.05574290904688986
0.004428 	 0.0001992551340783038 	 0.05594251217727729
0.004592 	 0.0002157303261760132 	 0.055959609364639534
0.004768616 	 0.00023396806442197013 	 0.05600822291818325
0.00495936 	 0.0002543871840959213 	 0.055971504767608087
0.005166 	 0.000277278099556099 	 0.0560138990220929
0.005390609 	 0.0003028708876556546 	 0.0556845031466906
0.005635636 	 0.0003316923045036374 	 0.05529304699569432
0.005904 	 0.00036411591964912804 	 0.05495198276951798
0.0061992 	 0.0004006034091432148 	 0.05437808846429869
0.006358154 	 0.00042053486436110886 	 0.05402501269457815
0.006525474 	 0.00044113577184481045 	 0.05370298264364931
0.006701838 	 0.0004636326534076167 	 0.05337524951250743
0.006888 	 0.0004898169740505864 	 0.05319907620220085
0.006965393 	 0.0005021681330882225 	 0.05321441255418695
0.007044546 	 0.0005173009054513604 	 0.05309780986885001
0.0070848 	 0.0005246865193063491 	 0.05287120246062385
0.007101031 	 0.000527053998749901 	 0.05268661501210103
0.007125517 	 0.0005290299181651452 	 0.052364517885400294
0.007166706 	 0.0005325046815695412 	 0.052142436947153994
0.007208372 	 0.0005375444048344312 	 0.05193051380529683
0.007250526 	 0.0005428244514884003 	 0.05162861195498319
0.007293177 	 0.0005443182125477547 	 0.051245586119070916
0.007336332 	 0.0005472162337687667 	 0.051218619612297574
0.00738 	 0.000553472887880146 	 0.051358970720711085
0.007424192 	 0.0005601106516965183 	 0.0514533664829439
0.007468916 	 0.0005699036881487713 	 0.051537254449681644
0.007514182 	 0.0005784478455278315 	 0.05142969815547482
0.00756 	 0.0005879238705231016 	 0.05127027805442222
0.007583119 	 0.0005925941170935153 	 0.0510039475713369
0.007606381 	 0.0005934686973546807 	 0.050576757303482996
0.007653334 	 0.0005951903255949214 	 0.05015641285285479
0.00770087 	 0.0005979182914178825 	 0.05000125781507126
0.007749 	 0.0006042593231254759 	 0.05005757119714946
0.007797736 	 0.000611523268837694 	 0.05013367472198495
0.007847088 	 0.0006207395386537997 	 0.050421032287758336
0.007867005 	 0.0006274990208250726 	 0.050740295591660704
0.007887024 	 0.0006368013018588182 	 0.05109065563462734
0.007907143 	 0.0006496490368676753 	 0.051337032201592504
0.007927367 	 0.000660340897936706 	 0.051133886886597486
0.007947693 	 0.0006709559210732985 	 0.05072556197751394
0.007968123 	 0.000677373992527153 	 0.04962668952185857
0.007988661 	 0.000671981648122284 	 0.04783804518010939
0.008009302 	 0.0006539114464695179 	 0.04621333622258197
0.008030052 	 0.0006390361541192597 	 0.045681016663060646
0.008050909 	 0.0006343802449169693 	 0.04574347035567488
0.00810353 	 0.0006298404107503208 	 0.0458488741452413
0.008156843 	 0.0006328114665302912 	 0.046166349136994314
0.008210861 	 0.000638658664515873 	 0.046312939562788355
0.008265601 	 0.0006438766869187627 	 0.04634889808900818
0.008321074 	 0.0006509320564102889 	 0.04640501368218393
0.008377298 	 0.0006573471811389428 	 0.04638549254705752
0.008434286 	 0.0006640962898302773 	 0.04626940390087297
0.008492055 	 0.0006692558381795746 	 0.04613615783026921
0.008503703 	 0.0006702743177098174 	 0.04613678417312789
0.008550621 	 0.0006757269578232144 	 0.04615438488512004
0.008856 	 0.0007122627721769237 	 0.04580398954586247
0.009184 	 0.0007504537832880602 	 0.04598278399656702
0.009537231 	 0.000820990927460803 	 0.047541943743372984
0.009611163 	 0.0008416216952616802 	 0.04805583217338513
0.00968625 	 0.0008660746150983403 	 0.048735730852403625
0.00976252 	 0.0008988339635911394 	 0.049515385173105116
0.00984 	 0.0009396111645828518 	 0.04985307694415447
0.00991872 	 0.0009716408325704031 	 0.048946981564335204
0.009950562 	 0.000978704587861211 	 0.048036097634475146
0.00999871 	 0.0009714518697838338 	 0.04650844799254892
0.01016262 	 0.0009693787996001309 	 0.04354615371590086
0.010332 	 0.0009448625840718315 	 0.04093164625204436
0.01041882 	 0.0009289931959681903 	 0.04068340155988751
0.01050712 	 0.0009491910757335366 	 0.042119520097089316
0.01059692 	 0.0009739097328268754 	 0.04340427840710201
0.01068828 	 0.0010267263373719274 	 0.04509328030611079
0.01078122 	 0.0010718588447048846 	 0.04562027168624037
0.01087579 	 0.00112481858106182 	 0.04533677269060494
0.01097204 	 0.0011312018211258785 	 0.04227970231504408
0.01101101 	 0.001112912130517832 	 0.04056341671098568
0.01107 	 0.0010881367464044434 	 0.03907108752344733
0.01116973 	 0.0010659009134277731 	 0.038392547084328196
0.01127127 	 0.0010821159107678746 	 0.03931823423674022
0.01137468 	 0.0011086004639105794 	 0.04024997082974594
0.01148 	 0.0011477396085761778 	 0.04315402031249536
0.01158729 	 0.0013342797263793933 	 0.05026976104556527
0.0116966 	 0.0015716363154109564 	 0.053279782928591396
0.01174091 	 0.0016121992004087791 	 0.049273572709175796
0.011808 	 0.0014229582614303364 	 0.03522809949880826
0.01192154 	 0.001054096317917186 	 0.021268422483154928
0.01203728 	 0.00095457981914266 	 0.020765894625784452
0.01215529 	 0.0009317397116982148 	 0.02169349312089465
0.01227564 	 0.0009357809953204536 	 0.022490593479659704
0.0123984 	 0.0009259322543624938 	 0.022645535503309343
0.01252364 	 0.0009311737016987302 	 0.023270803919356663
0.01265143 	 0.0009437954649857025 	 0.02375781844929167
0.01278186 	 0.0009533113247199096 	 0.023864254439197045
0.012915 	 0.0009485237476697069 	 0.023717314611706196
0.01294196 	 0.000945402613972161 	 0.023802120442655863
0.01305095 	 0.0009733634856783725 	 0.024744962864751655
0.01318979 	 0.0010120367461037845 	 0.02512472064408223
0.01324615 	 0.0010218510382245538 	 0.024766757589332545
0.01333161 	 0.0010071875087028696 	 0.023691599602284293
0.01347652 	 0.0009762663313450879 	 0.022876206267382845
0.01362462 	 0.000977860657658347 	 0.023173955339201895
0.013776 	 0.0009889477751910424 	 0.023463539995259193
0.01393079 	 0.0010036397754259463 	 0.023685793601520927
0.01408909 	 0.0010174572824862066 	 0.02381025869294668
0.01425103 	 0.001033592870986654 	 0.023934245906645658
0.01441674 	 0.0010502311321539527 	 0.02400722604024343
0.01458635 	 0.0010670432783859314 	 0.024012223523603198
0.01476 	 0.0010817909597713893 	 0.02394410446671252
0.01479523 	 0.001084281982468197 	 0.02393056883252308
0.01493783 	 0.0010975875410397624 	 0.023928495734203716
0.01512 	 0.0011143238607523173 	 0.023876978325310595
0.01530667 	 0.0011316898840572393 	 0.02381424520869282
0.015498 	 0.0011490981661360963 	 0.023717991481987204
0.01569418 	 0.001166262834732019 	 0.023594834822916876
0.01589539 	 0.0011831719765624529 	 0.023455676936807942
0.01610182 	 0.001200321903499154 	 0.0233148599124085
0.01631369 	 0.001217419757842352 	 0.02316584803892936
0.0165312 	 0.001235306782282411 	 0.023163802932958423
0.0167546 	 0.0012760538832352745 	 0.02340174750145206
0.01686857 	 0.0012901075223460735 	 0.02313077760042221
0.01698411 	 0.0012915424393676 	 0.0227086695860934
0.01722 	 0.0012969802353036527 	 0.022266419412184157
0.01746253 	 0.0013170120791902366 	 0.022163831761265244
0.017712 	 0.0013433130228360534 	 0.021818901929871574
0.0179687 	 0.0013324274936552959 	 0.02095806026664898
0.01823294 	 0.001333760354853867 	 0.02086128881487227
0.01850508 	 0.0013691396806388906 	 0.02128844524433669
0.01878545 	 0.001409092847727456 	 0.02155917504430908
0.01907446 	 0.0014594456050759448 	 0.02182541872242738
0.01910385 	 0.0014652242796487117 	 0.021830313570537736
0.01940282 	 0.0015106936457897626 	 0.0217554530193757
0.01971129 	 0.0015612124360289792 	 0.02153151628499898
0.01986923 	 0.0015796698712745006 	 0.021052998442412242
0.02002973 	 0.0015671403564120011 	 0.020140681108376034
0.02035862 	 0.0015354308040960334 	 0.018921856706379997
0.0206985 	 0.0015269655463954934 	 0.018493547669896145
0.02104991 	 0.001552405856173307 	 0.018627142090935536
0.02119385 	 0.00156386562877091 	 0.018661696073882385
0.02133976 	 0.0015791087721528834 	 0.018738894617997486
0.0214877 	 0.0015911462241966483 	 0.018776514986192278
0.0216377 	 0.0016045885549147206 	 0.01898159721598836
0.02178981 	 0.0016371948836112298 	 0.019545472467248245
0.02194407 	 0.0016924123916963255 	 0.020372941004795284
0.02210054 	 0.0017702153688604891 	 0.021432185051783487
0.02225925 	 0.0018799022854882178 	 0.022470688727416872
0.02242025 	 0.0019625686430986802 	 0.022687923798188035
0.02258361 	 0.0020385967902609866 	 0.02252800883281371
0.02274936 	 0.0020650624319996508 	 0.02115476092953673
0.02291756 	 0.001974791732361598 	 0.01806218515832529
0.02308827 	 0.0017735597021674482 	 0.01439261748858111
0.02326154 	 0.001620127491487522 	 0.012485774550274695
0.02343743 	 0.0015692509774338573 	 0.01215517068365444
0.023616 	 0.0015364310087024743 	 0.011908617678962705
0.02384308 	 0.0015073280496442289 	 0.011776894266122447
0.02431059 	 0.0015075002530400181 	 0.012060890117169733
0.0247968 	 0.0015406322948428228 	 0.01240509644384954
0.02530286 	 0.0015663737169875735 	 0.0125078800051414
0.02583 	 0.00160344286833744 	 0.012670503996604682
0.02637958 	 0.0016468039588207562 	 0.01277527935150832
0.02695304 	 0.00168598692540058 	 0.012733760991933213
0.027552 	 0.0017159844684629308 	 0.012565575606187792
0.02773691 	 0.0017188442521765845 	 0.012507030011873414
0.02817818 	 0.0017543848353347442 	 0.012600878076684195
0.02952 	 0.0018558204990551841 	 0.01258669973747947
0.030996 	 0.0019635557959307793 	 0.012432706640676881
0.03262737 	 0.002076927789710004 	 0.012175575560672393
0.03444 	 0.0021957908230885357 	 0.011826684491837467
0.03646588 	 0.002319248573260112 	 0.011395314136682736
0.038745 	 0.002447247962880789 	 0.010923194441273385
0.041328 	 0.0025933065564145534 	 0.010647083856853203
0.0427531 	 0.0027512481685995844 	 0.01095017585353457
0.04428 	 0.002882095738952634 	 0.010857981778277922
0.04592 	 0.0029897149035624836 	 0.010571417375163086
0.04768616 	 0.0030784347477464105 	 0.010167365959113953
0.0495936 	 0.0031528218500395614 	 0.009697885238379408
0.05166 	 0.0032203480284281557 	 0.00922915890844803
0.05390609 	 0.0032982485379251607 	 0.008875844919348551
0.05635637 	 0.0034509974930091326 	 0.008955512918631876
0.05904 	 0.0037588361558786084 	 0.009707462609140108
0.061992 	 0.004145073241836733 	 0.0106112557034932
0.06525474 	 0.004449712322501459 	 0.011005675750213176
0.06888 	 0.004612606333886185 	 0.010804365694583826
0.07293177 	 0.004599352956872133 	 0.01003630297698517
0.07749 	 0.004386180165267165 	 0.008783844980818174
0.082656 	 0.003845172273310618 	 0.006748863128820312
0.08856 	 0.003482238356246906 	 0.004922855249869114
0.09116471 	 0.003505246703114935 	 0.00495520796979815
0.09322105 	 0.0034150760194495405 	 0.0047931894488734104
0.09537231 	 0.0032891959495209545 	 0.004530701585546494
0.0976252 	 0.0031467967881053443 	 0.004237768967970939
0.09999516 	 0.0029957422591972505 	 0.003945126109222599
0.1024661 	 0.002824280336707828 	 0.003655992337825454
0.105 	 0.0025937768215606315 	 0.0032777407542607115
0.1078122 	 0.002384893738937011 	 0.0028665223507385144
0.1109973 	 0.0021909472089630478 	 0.0024977920351276
0.1148 	 0.0019951710989690413 	 0.0021440545722858514
0.1180013 	 0.0018521544682735148 	 0.0019016929922780206
0.1215529 	 0.0017116333038929882 	 0.0016770945390574637
0.1249965 	 0.0015897198935701416 	 0.0014962907967457986
0.1278186 	 0.0014987959797894256 	 0.001369100206231491
0.1305095 	 0.001417579053465041 	 0.0012640433603066288
0.1333161 	 0.001338719010801284 	 0.0011682223714019702
0.1362461 	 0.0012604115931647557 	 0.0010821798904723842
0.1389955 	 0.0011901775974413474 	 0.0010138127823708105
0.1408909 	 0.0011423377209408693 	 0.000973868585392472
0.1425104 	 0.0010977133824484231 	 0.0009450126243553453
0.1441674 	 0.0010415781839809787 	 0.0009160969015375373
0.1458635 	 0.0009744985686264998 	 0.0008825671802878763
0.1490013 	 0.0008433324850781944 	 0.0008076489119052631
0.15498 	 0.0006077142288644005 	 0.0006540301850049718
0.16 	 0.00045773270214824984 	 0.0005382114982022713
0.165312 	 0.0003400874940615597 	 0.00043704494059024034
0.1700041 	 0.0002654286407577407 	 0.00036618792238995686
0.18 	 0.00016205918947020769 	 0.0002566626108092945
0.1899847 	 0.0001045831830646146 	 0.00018598448255218223
0.2000065 	 6.967337325797705e-05 	 0.0001386452678411847
0.21 	 5.0274249091170596e-05 	 0.00010565482128173099
0.2137655 	 4.570052169515532e-05 	 9.597369119427346e-05
0.2175158 	 4.2243200572410035e-05 	 8.73874020904072e-05
0.2190143 	 4.1134944065871745e-05 	 8.428828296879637e-05
0.2214 	 3.964431512691685e-05 	 7.959564163601897e-05
0.2254255 	 3.789247871327265e-05 	 7.242303798786902e-05
0.2299833 	 3.6808915220930066e-05 	 6.540298219561211e-05
0.2339321 	 3.6165050328703556e-05 	 6.007182948068478e-05
0.2384308 	 3.572611750172755e-05 	 5.467049309669073e-05
0.24 	 3.562149490300155e-05 	 5.297596501402627e-05
0.2500181 	 3.537620849980175e-05 	 4.359675975414078e-05
0.2583 	 3.454580944002205e-05 	 3.74538371634241e-05
0.2739978 	 3.29934288411304e-05 	 2.8627033507071672e-05
0.2850207 	 3.1926560433059334e-05 	 2.3997604034990487e-05
0.2917271 	 3.1310013214903804e-05 	 2.1639529785640553e-05
0.30996 	 2.9738711837495628e-05 	 1.6592949863297358e-05
0.3262737 	 2.8405289558271847e-05 	 1.3303338154435691e-05
0.3440177 	 2.7100409188552116e-05 	 1.0607655047186537e-05
0.3649809 	 2.5675408452642627e-05 	 8.256724720343895e-06
0.3814892 	 2.4657760566174627e-05 	 6.857523193137895e-06
0.3999484 	 2.3606676008287882e-05 	 5.631417137470549e-06
0.4339657 	 2.1847220546045056e-05 	 4.01409075656002e-06
0.4399716 	 2.156776930603567e-05 	 3.7932504122316752e-06
0.4860212 	 1.9607244807168288e-05 	 2.522115615677254e-06
0.5500621 	 1.742072688272589e-05 	 1.5223387846903224e-06
0.6563473 	 1.4710006984113417e-05 	 7.456966996052259e-07
0.7000791 	 1.3839259307632325e-05 	 5.753367803533901e-07
0.7998968 	 1.221266005658332e-05 	 3.3666889586506074e-07
0.8997388 	 1.0929233276410141e-05 	 2.102646070771626e-07
0.999871 	 9.889034580472354e-06 	 1.379065390400922e-07
1.127127 	 8.840953493724158e-06 	 8.540507791221259e-08
1.23984 	 8.087000011944204e-06 	 5.8302426880302004e-08
1.249965 	 8.02973191498571e-06 	 5.6405596568848255e-08
1.305095 	 7.732399931155634e-06 	 4.746302617432386e-08
1.3776 	 7.381178747506431e-06 	 3.8244128286136586e-08
1.458635 	 7.027113509278354e-06 	 3.039563682079416e-08
1.5498 	 6.673892995504664e-06 	 2.3851361021103004e-08
1.65004 	 6.324028206818514e-06 	 1.8537939171464774e-08
1.7712 	 5.957935463606543e-06 	 1.3940501559917634e-08
1.907446 	 5.620173801410381e-06 	 1.0336710843467085e-08
2.0664 	 5.286081592595837e-06 	 7.484840744726355e-09
2.121924 	 5.180450148207262e-06 	 6.722614544648365e-09
2.199858 	 5.045217634608605e-06 	 5.805310381148613e-09
2.254255 	 4.955534288529383e-06 	 5.2593078586584236e-09
2.42393 	 4.701728114502377e-06 	 3.915182167781638e-09
2.47968 	 4.625962394599615e-06 	 3.5660326288448082e-09
2.7552 	 4.3052671762139966e-06 	 2.3168932643691824e-09
3.0996 	 3.990861080685568e-06 	 1.4227728921381532e-09
3.262737 	 3.882442836850951e-06 	 1.1489891765979059e-09
3.401482 	 3.7866596047816802e-06 	 9.64865010375105e-10
3.646588 	 3.61884461444292e-06 	 7.188433268104363e-10
3.8745 	 3.4773148263745685e-06 	 5.545171415471079e-10
4.1328 	 3.3346228176913274e-06 	 4.188516671930162e-10
4.428 	 3.1730368486079903e-06 	 3.0849803219321783e-10
4.768616 	 3.0262141837037377e-06 	 2.1998339416100655e-10
4.999355 	 2.953351242328623e-06 	 1.7600122288894214e-10
5.166 	 2.9130864685965134e-06 	 1.5027489830291402e-10
5.5104 	 2.87099054751224e-06 	 1.0887286238094792e-10
5.635636 	 2.8676083314142124e-06 	 9.690970711209449e-11
5.904 	 2.8807681325686467e-06 	 7.547860370331397e-11
6.1992 	 2.912169939964185e-06 	 5.730086654055791e-11
6.358154 	 2.915679364872232e-06 	 4.9206408504473666e-11
6.525474 	 2.9055373766150273e-06 	 4.173376477833517e-11
6.701838 	 2.8845708899089935e-06 	 3.4771025677074205e-11
6.911037 	 2.851423219339684e-06 	 2.7485388785823977e-11
7.0848 	 2.852702042734152e-06 	 2.202466296416206e-11
7.293177 	 2.9909654753468346e-06 	 1.616036876946422e-11
7.514182 	 3.5613968095826978e-06 	 1.069805847301684e-11
7.749001 	 5.199686553525623e-06 	 6.579555152013825e-12
7.998968 	 8.409939161299633e-06 	 4.889923563259982e-12
8.2656 	 1.3390098888807071e-05 	 6.926815801144783e-12
8.377297 	 1.5294481189758157e-05 	 8.370369351790194e-12
8.492055 	 1.6937891787614028e-05 	 9.73426348243025e-12
8.610001 	 1.8523435472467645e-05 	 1.1080216953006905e-11
8.731268 	 2.0361497254174445e-05 	 1.2793272886936656e-11
8.856 	 2.261128072167425e-05 	 1.5247248454809424e-11
8.984348 	 2.5191885136949484e-05 	 1.8566704574924683e-11
9.11647 	 2.784614072488263e-05 	 2.2588271223343906e-11
9.252538 	 3.0196989753183105e-05 	 2.6813883315702077e-11
9.392728 	 3.1922234546503256e-05 	 3.0591038310127246e-11
9.537231 	 3.2876326364491837e-05 	 3.338800138573957e-11
9.663602 	 3.311476913491116e-05 	 3.478543890089798e-11
9.68625 	 3.311232990071238e-05 	 3.49360074830816e-11
9.84 	 3.293657328242543e-05 	 3.551576864028025e-11
9.99871 	 3.2713155833862826e-05 	 3.576639709259585e-11
10.16262 	 3.262423360227065e-05 	 3.627416640774257e-11
10.332 	 3.255396973678316e-05 	 3.7254124692320766e-11
10.50712 	 3.193140863925305e-05 	 3.775384901108154e-11
10.68828 	 3.058422328246424e-05 	 3.6809063216673643e-11
10.87579 	 2.9060214559695985e-05 	 3.496231060626478e-11
11.07 	 2.7717474682214172e-05 	 3.328331569161803e-11
11.27127 	 2.6238506400410092e-05 	 3.145933712237804e-11
11.48 	 2.4731184381356565e-05 	 2.9386215161818274e-11
11.6966 	 2.335752831407432e-05 	 2.7556782280008373e-11
11.92154 	 2.1769242536720912e-05 	 2.5708785326331367e-11
12.15529 	 1.997943963800618e-05 	 2.342005609208531e-11
12.27564 	 1.914308979625981e-05 	 2.223762475959888e-11
12.3984 	 1.8346085698070927e-05 	 2.112609855046082e-11
12.65143 	 1.6689265350490294e-05 	 1.895658985090564e-11
12.915 	 1.4962444656427605e-05 	 1.6640653648324754e-11
13.18979 	 1.3434905462455608e-05 	 1.4386890552429436e-11
13.47652 	 1.198645012599087e-05 	 1.227934640044194e-11
13.776 	 1.0685088331668513e-05 	 1.0152555353384712e-11
14.08909 	 9.873933536869354e-06 	 8.227687495511303e-12
14.41674 	 9.65556520510765e-06 	 6.715907939592198e-12
14.76 	 9.888957550646883e-06 	 5.6485646645689615e-12
14.99928 	 1.0151827957571677e-05 	 5.1248154302092605e-12
15.12 	 1.0294962251492193e-05 	 4.900629860670632e-12
15.498 	 1.0838468174856373e-05 	 4.3423300576426195e-12
15.89538 	 1.151375658211199e-05 	 3.9692465834286335e-12
16.31368 	 1.227865018815231e-05 	 3.719400270393284e-12
16.75459 	 1.3134842519225655e-05 	 3.6150432089248395e-12
17.22 	 1.3942356455071433e-05 	 3.5735391756760898e-12
17.712 	 1.4753606215815476e-05 	 3.6275696595618576e-12
18.23294 	 1.5359424721026415e-05 	 3.683922738869419e-12
18.78546 	 1.5805927603797073e-05 	 3.771304026082581e-12
19.3725 	 1.5865023723908747e-05 	 3.765942013907415e-12
20.00065 	 1.560753125309029e-05 	 3.699128191358725e-12
20.32525 	 1.5292602239163292e-05 	 3.583290749440346e-12
20.664 	 1.50422079866164e-05 	 3.464019156248864e-12
21.01424 	 1.4783528340687083e-05 	 3.347985975457169e-12
21.37655 	 1.4487586628633786e-05 	 3.2199979869165687e-12
21.75158 	 1.4208868921779434e-05 	 3.0848926015626707e-12
22.14 	 1.3953839363426713e-05 	 2.9673694769545763e-12
22.54255 	 1.361482958344222e-05 	 2.8392279432032942e-12
22.96 	 1.3252078933512343e-05 	 2.6856686089416356e-12
23.39321 	 1.2963630204490328e-05 	 2.551116842490222e-12
23.84308 	 1.2652374835858806e-05 	 2.42389538860521e-12
24.31059 	 1.2327967788441985e-05 	 2.2862647331285717e-12
24.7968 	 1.2047365984009708e-05 	 2.1680102927618117e-12
24.99677 	 1.1917263667181485e-05 	 2.1206536093777392e-12
27.552 	 1.0338482070574096e-05 	 1.5631841420619362e-12
29.99855 	 9.138525389061163e-06 	 1.1941965957721993e-12
33.50919 	 7.700231438712352e-06 	 8.227409566858199e-13
37.57091 	 6.471262881527488e-06 	 5.510084943111402e-13
41.328 	 5.571806934496255e-06 	 3.978400085839819e-13
45.08509 	 4.81027242853146e-06 	 2.92557637646616e-13
49.99355 	 4.0071185316895565e-06 	 2.0147869052492065e-13
51.66 	 3.7754128754749717e-06 	 1.7866939491515792e-13
53.90609 	 3.490058526358297e-06 	 1.526507895273004e-13
56.35637 	 3.2097013573031244e-06 	 1.2939825926055336e-13
59.04 	 2.9366658683555845e-06 	 1.0869003261715256e-13
61.992 	 2.6715219824875247e-06 	 9.032686755218558e-14
63.58154 	 2.5420678257950355e-06 	 8.204254442757881e-14
65.25474 	 2.4154813395038213e-06 	 7.427092377079446e-14
67.01838 	 2.2912148275240736e-06 	 6.705262801625668e-14
68.88 	 2.169348604038493e-06 	 6.03625506627466e-14
70.0079 	 2.1003672348828758e-06 	 5.66680819796407e-14
70.848 	 2.0504400459839035e-06 	 5.413612629118561e-14
72.93176 	 1.9347633470446533e-06 	 4.836290494711232e-14
75.14182 	 1.8218687772666854e-06 	 4.306050664236177e-14
77.49 	 1.7118133959145894e-06 	 3.820303394576546e-14
79.98968 	 1.6052775224107382e-06 	 3.374118256983123e-14
82.65601 	 1.5018707455941231e-06 	 2.9680855613146465e-14
85.50621 	 1.4017127797265304e-06 	 2.597721665402223e-14
88.56 	 1.3049469399945104e-06 	 2.263171703500786e-14
91.84 	 1.2118608080763741e-06 	 1.9605517503167245e-14
95.37231 	 1.1219307469754092e-06 	 1.689351478114593e-14
99.9871 	 1.0188283471241542e-06 	 1.4014127408519212e-14
103.32 	 9.528961796549185e-07 	 1.2304643483570677e-14
112.7127 	 7.980647546397835e-07 	 8.709299948602787e-15
118.08 	 7.257445421444813e-07 	 7.241359100611008e-15
123.984 	 6.570875974529884e-07 	 5.963085521811054e-15
135.0 	 5.525491918065994e-07 	 4.251199291568629e-15
149.9927 	 4.461378598726542e-07 	 2.793271333873926e-15
174.9951 	 3.2645982754168724e-07 	 1.5096568805042666e-15
200.0065 	 2.491098952867077e-07 	 8.858674312204877e-16
225.0163 	 1.962670467975536e-07 	 5.539608079704441e-16
240.0 	 1.7240646958778112e-07 	 4.284954665614001e-16
247.968 	 1.6103800069109782e-07 	 3.766470918143267e-16
250.0182 	 1.5812071527885218e-07 	 3.6438434219239086e-16
259.979 	 1.4424146789267683e-07 	 3.1189012163076803e-16
274.9701 	 1.2633236004613972e-07 	 2.4917006443874815e-16
299.9855 	 1.03312785189666e-07 	 1.7553198953949338e-16
348.8576 	 7.389169349729644e-08 	 9.561176840235745e-17
398.6624 	 5.5773261320924346e-08 	 5.588685300427293e-17
448.5673 	 4.4023194179315636e-08 	 3.476902757782658e-17
499.9355 	 3.5759439502383474e-08 	 2.249188910775477e-17
548.1167 	 3.018516231753967e-08 	 1.5550873391387636e-17
598.0898 	 2.5856382312931405e-08 	 1.0959016994132e-17
619.92 	 2.429921330064468e-08 	 9.494389342580841e-18
637.7778 	 2.3147421852796865e-08 	 8.47445629079399e-18
657.7401 	 2.1975601588543052e-08 	 7.491207874503748e-18
677.8787 	 2.0893994045680073e-08 	 6.639608122125723e-18
700.0791 	 1.9810534059814312e-08 	 5.8363771600940426e-18
750.0544 	 1.7715574733026784e-08 	 4.429199053738541e-18
797.3248 	 1.6061915927381184e-08 	 3.468381734102542e-18
899.7388 	 1.3232522516788309e-08 	 2.1403461278946516e-18
999.871 	 1.1166647982391552e-08 	 1.4053968503481934e-18
1200.232 	 8.32567864484869e-09 	 6.778307285071096e-19
1239.84 	 7.901247738626074e-09 	 5.957198137628901e-19
1499.927 	 5.817133710109978e-09 	 2.787229057384379e-19
2000.065 	 3.662957080027996e-09 	 8.841960891927198e-20
2479.68 	 2.593773482420245e-09 	 3.7477898113553255e-20
2999.855 	 1.910266089576138e-09 	 1.7535863011055354e-20
3999.484 	 1.2038475453909535e-09 	 5.562615534530225e-21
4999.355 	 8.413653101067365e-10 	 2.281838621493468e-21
6199.2 	 5.958891267726473e-10 	 9.666001847688747e-22
7000.791 	 4.902454495638582e-10 	 5.947377197103791e-22
8997.388 	 3.2770000070388186e-10 	 2.183223114077002e-22
9998.71 	 2.7569257145644997e-10 	 1.4325633031205323e-22
11001.24 	 2.284814190773418e-10 	 9.775079451095283e-23
12398.4 	 1.7988186628248017e-10 	 6.063863043367499e-23
14999.27 	 1.2282768678277593e-10 	 2.83306091849666e-23
20000.64 	 6.907011143066793e-11 	 8.96102148460029e-24
24796.8 	 4.4928233792801695e-11 	 3.792704829329814e-24
29998.55 	 3.0693354142100456e-11 	 1.771974672902282e-24
49993.55 	 1.1048112590458792e-11 	 2.29721395630365e-25
61992.0 	 7.188818935021696e-12 	 9.716604461143985e-26
70007.91 	 5.6350223727042815e-12 	 5.974046100730296e-26
99987.1 	 2.763023729207314e-12 	 1.4357570361169454e-26
123984.0 	 1.796402160341588e-12 	 6.0728731416265216e-27
